file,x,y,elevation,slope,relative_depth,flow_proxy,label
KHAPRETA_510206,312152.860,2624065.200,127.3400,0.4300,5.0800,0.3246,-1
KHAPRETA_510206,312150.860,2624066.200,127.6000,0.0000,4.8200,0.3080,-1
KHAPRETA_510206,312152.860,2624066.200,127.7700,1.2181,4.6500,0.2971,-1
KHAPRETA_510206,312156.860,2624067.200,127.9500,0.0000,4.4700,0.2856,-1
KHAPRETA_510206,312152.860,2624068.200,128.3100,0.9331,4.1100,0.2626,-1
KHAPRETA_510206,312153.860,2624068.200,127.9100,0.7331,4.5100,0.2882,-1
KHAPRETA_510206,312159.860,2624068.200,128.1800,0.6881,4.2400,0.2709,-1
KHAPRETA_510206,312421.860,2624068.200,129.6900,0.1019,2.7300,0.1744,-1
KHAPRETA_510206,312159.860,2624069.200,128.4000,0.7981,4.0200,0.2569,-1
KHAPRETA_510206,312418.860,2624069.200,130.0400,0.0000,2.3800,0.1521,-1
KHAPRETA_510206,312421.860,2624069.200,129.9800,0.0431,2.4400,0.1559,-1
KHAPRETA_510206,312423.860,2624069.200,129.8700,0.0219,2.5500,0.1629,-1
KHAPRETA_510206,312427.860,2624069.200,129.8100,0.0000,2.6100,0.1668,-1
KHAPRETA_510206,312153.860,2624070.200,128.5500,0.0000,3.8700,0.2473,-1
KHAPRETA_510206,312417.860,2624070.200,130.0300,0.1369,2.3900,0.1527,-1
KHAPRETA_510206,312419.860,2624070.200,130.0000,0.1019,2.4200,0.1546,-1
KHAPRETA_510206,312420.860,2624070.200,129.9800,0.1449,2.4400,0.1559,-1
KHAPRETA_510206,312423.860,2624070.200,129.8200,0.0469,2.6000,0.1661,-1
KHAPRETA_510206,312158.860,2624071.200,128.1500,0.0000,4.2700,0.2728,-1
KHAPRETA_510206,312410.860,2624071.200,130.4200,0.0000,2.0000,0.1278,-1
KHAPRETA_510206,312417.860,2624071.200,130.0500,0.1269,2.3700,0.1514,-1
KHAPRETA_510206,312420.860,2624071.200,129.9600,0.1019,2.4600,0.1572,-1
KHAPRETA_510206,312426.860,2624071.200,130.0100,0.2519,2.4100,0.1540,-1
KHAPRETA_510206,312427.860,2624071.200,130.2800,0.3886,2.1400,0.1367,-1
KHAPRETA_510206,312428.860,2624071.200,130.3600,0.4914,2.0600,0.1316,-1
KHAPRETA_510206,312143.860,2624072.200,127.9000,0.0000,4.5200,0.2888,-1
KHAPRETA_510206,312156.860,2624072.200,128.7700,0.0000,3.6500,0.2332,-1
KHAPRETA_510206,312403.860,2624072.200,130.3600,0.1869,2.0600,0.1316,-1
KHAPRETA_510206,312404.860,2624072.200,130.1500,0.3578,2.2700,0.1450,-1
KHAPRETA_510206,312406.860,2624072.200,130.3800,0.0000,2.0400,0.1304,-1
KHAPRETA_510206,312408.860,2624072.200,130.1600,0.0000,2.2600,0.1444,-1
KHAPRETA_510206,312419.860,2624072.200,130.2000,0.0000,2.2200,0.1419,-1
KHAPRETA_510206,312423.860,2624072.200,130.1200,0.1819,2.3000,0.1470,-1
KHAPRETA_510206,312424.860,2624072.200,130.1400,0.1300,2.2800,0.1457,-1
KHAPRETA_510206,312425.860,2624072.200,130.3800,0.1819,2.0400,0.1304,-1
KHAPRETA_510206,312427.860,2624072.200,130.4700,0.4914,1.9500,0.1246,-1
KHAPRETA_510206,312428.860,2624072.200,130.6200,0.4534,1.8000,0.1150,-1
KHAPRETA_510206,312157.860,2624073.200,128.4200,0.6381,4.0000,0.2556,-1
KHAPRETA_510206,312158.860,2624073.200,128.5000,0.6179,3.9200,0.2505,-1
KHAPRETA_510206,312159.860,2624073.200,128.2000,0.8745,4.2200,0.2696,-1
KHAPRETA_510206,312356.860,2624073.200,129.7100,0.0331,2.7100,0.1732,-1
KHAPRETA_510206,312358.860,2624073.200,129.7200,0.1031,2.7000,0.1725,-1
KHAPRETA_510206,312398.860,2624073.200,130.2600,0.2519,2.1600,0.1380,-1
KHAPRETA_510206,312399.860,2624073.200,130.2800,0.0550,2.1400,0.1367,-1
KHAPRETA_510206,312400.860,2624073.200,130.3700,0.2581,2.0500,0.1310,-1
KHAPRETA_510206,312401.860,2624073.200,130.3300,0.2969,2.0900,0.1335,-1
KHAPRETA_510206,312404.860,2624073.200,130.1900,0.3137,2.2300,0.1425,-1
KHAPRETA_510206,312405.860,2624073.200,130.2800,0.2069,2.1400,0.1367,-1
KHAPRETA_510206,312410.860,2624073.200,130.2400,0.0000,2.1800,0.1393,-1
KHAPRETA_510206,312416.860,2624073.200,130.0200,0.0000,2.4000,0.1534,-1
KHAPRETA_510206,312426.860,2624073.200,130.4900,0.0000,1.9300,0.1233,-1
KHAPRETA_510206,312158.860,2624074.200,128.5600,0.8745,3.8600,0.2466,-1
KHAPRETA_510206,312159.860,2624074.200,128.5800,0.9954,3.8400,0.2454,-1
KHAPRETA_510206,312161.860,2624074.200,128.5000,0.0000,3.9200,0.2505,-1
KHAPRETA_510206,312164.860,2624074.200,128.2500,0.0000,4.1700,0.2665,-1
KHAPRETA_510206,312356.860,2624074.200,129.7100,0.0600,2.7100,0.1732,-1
KHAPRETA_510206,312358.860,2624074.200,129.5700,0.0514,2.8500,0.1821,-1
KHAPRETA_510206,312359.860,2624074.200,129.6900,0.1031,2.7300,0.1744,-1
KHAPRETA_510206,312362.860,2624074.200,129.6500,0.0000,2.7700,0.1770,-1
KHAPRETA_510206,312395.860,2624074.200,130.1700,0.0000,2.2500,0.1438,-1
KHAPRETA_510206,312397.860,2624074.200,130.0800,0.0000,2.3400,0.1495,-1
KHAPRETA_510206,312400.860,2624074.200,130.2900,0.2969,2.1300,0.1361,-1
KHAPRETA_510206,312408.860,2624074.200,130.0100,0.1319,2.4100,0.1540,-1
KHAPRETA_510206,312411.860,2624074.200,130.2200,0.1419,2.2000,0.1406,-1
KHAPRETA_510206,312413.860,2624074.200,130.1500,0.1669,2.2700,0.1450,-1
KHAPRETA_510206,312418.860,2624074.200,130.0700,0.0000,2.3500,0.1502,-1
KHAPRETA_510206,312421.860,2624074.200,130.3800,0.0000,2.0400,0.1304,-1
KHAPRETA_510206,312424.860,2624074.200,130.4300,0.4069,1.9900,0.1272,-1
KHAPRETA_510206,312425.860,2624074.200,130.5900,0.3269,1.8300,0.1169,-1
KHAPRETA_510206,312160.860,2624075.200,128.6600,0.0000,3.7600,0.2403,-1
KHAPRETA_510206,312163.860,2624075.200,128.4100,0.4831,4.0100,0.2562,-1
KHAPRETA_510206,312356.860,2624075.200,129.5900,0.0331,2.8300,0.1808,-1
KHAPRETA_510206,312385.860,2624075.200,130.3800,0.0000,2.0400,0.1304,-1
KHAPRETA_510206,312392.860,2624075.200,130.1800,0.3542,2.2400,0.1431,-1
KHAPRETA_510206,312393.860,2624075.200,130.3200,0.2019,2.1000,0.1342,-1
KHAPRETA_510206,312396.860,2624075.200,130.1300,0.0000,2.2900,0.1463,-1
KHAPRETA_510206,312398.860,2624075.200,130.2100,0.2319,2.2100,0.1412,-1
KHAPRETA_510206,312401.860,2624075.200,130.3700,0.0000,2.0500,0.1310,-1
KHAPRETA_510206,312408.860,2624075.200,130.0400,0.2079,2.3800,0.1521,-1
KHAPRETA_510206,312409.860,2624075.200,130.1200,0.1698,2.3000,0.1470,-1
KHAPRETA_510206,312411.860,2624075.200,130.0600,0.1404,2.3600,0.1508,-1
KHAPRETA_510206,312412.860,2624075.200,130.0300,0.0250,2.3900,0.1527,-1
KHAPRETA_510206,312413.860,2624075.200,130.1100,0.2260,2.3100,0.1476,-1
KHAPRETA_510206,312416.860,2624075.200,130.2100,0.2469,2.2100,0.1412,-1
KHAPRETA_510206,312419.860,2624075.200,130.4300,0.2869,1.9900,0.1272,-1
KHAPRETA_510206,312426.860,2624075.200,130.4800,0.0000,1.9400,0.1240,-1
KHAPRETA_510206,312428.860,2624075.200,130.4900,0.3319,1.9300,0.1233,-1
KHAPRETA_510206,312159.860,2624076.200,128.6700,0.0000,3.7500,0.2396,-1
KHAPRETA_510206,312162.860,2624076.200,128.7000,0.4831,3.7200,0.2377,-1
KHAPRETA_510206,312163.860,2624076.200,128.8100,0.8695,3.6100,0.2307,-1
KHAPRETA_510206,312354.860,2624076.200,129.7600,0.0000,2.6600,0.1700,-1
KHAPRETA_510206,312363.860,2624076.200,129.7700,0.0000,2.6500,0.1693,-1
KHAPRETA_510206,312376.860,2624076.200,130.2600,0.2369,2.1600,0.1380,-1
KHAPRETA_510206,312377.860,2624076.200,130.2500,0.2419,2.1700,0.1387,-1
KHAPRETA_510206,312381.860,2624076.200,129.9400,0.0000,2.4800,0.1585,-1
KHAPRETA_510206,312392.860,2624076.200,130.2300,0.0400,2.1900,0.1399,-1
KHAPRETA_510206,312395.860,2624076.200,130.2100,0.2219,2.2100,0.1412,-1
KHAPRETA_510206,312398.860,2624076.200,130.2400,0.1000,2.1800,0.1393,-1
KHAPRETA_510206,312403.860,2624076.200,130.2900,0.1669,2.1300,0.1361,-1
KHAPRETA_510206,312407.860,2624076.200,130.2900,0.2219,2.1300,0.1361,-1
KHAPRETA_510206,312409.860,2624076.200,129.9900,0.2729,2.4300,0.1553,-1
KHAPRETA_510206,312410.860,2624076.200,130.2000,0.0550,2.2200,0.1419,-1
KHAPRETA_510206,312411.860,2624076.200,130.1000,0.2551,2.3200,0.1482,-1
KHAPRETA_510206,312415.860,2624076.200,130.2100,0.2469,2.2100,0.1412,-1
KHAPRETA_510206,312416.860,2624076.200,130.2700,0.2368,2.1500,0.1374,-1
KHAPRETA_510206,312417.860,2624076.200,130.4000,0.0950,2.0200,0.1291,-1
KHAPRETA_510206,312418.860,2624076.200,130.4600,0.0250,1.9600,0.1252,-1
KHAPRETA_510206,312419.860,2624076.200,130.3500,0.3391,2.0700,0.1323,-1
KHAPRETA_510206,312420.860,2624076.200,130.6400,0.2869,1.7800,0.1137,-1
KHAPRETA_510206,312428.860,2624076.200,130.4400,0.3569,1.9800,0.1265,-1
KHAPRETA_510206,312438.860,2624076.200,130.5100,0.0000,1.9100,0.1220,-1
KHAPRETA_510206,312161.860,2624077.200,128.7100,0.5131,3.7100,0.2371,-1
KHAPRETA_510206,312352.860,2624077.200,129.6200,0.0000,2.8000,0.1789,-1
KHAPRETA_510206,312356.860,2624077.200,129.7400,0.1031,2.6800,0.1712,-1
KHAPRETA_510206,312357.860,2624077.200,129.5700,0.0181,2.8500,0.1821,-1
KHAPRETA_510206,312361.860,2624077.200,129.6000,0.0381,2.8200,0.1802,-1
KHAPRETA_510206,312364.860,2624077.200,129.7800,0.0431,2.6400,0.1687,-1
KHAPRETA_510206,312370.860,2624077.200,129.9700,0.0000,2.4500,0.1565,-1
KHAPRETA_510206,312383.860,2624077.200,130.0400,0.0000,2.3800,0.1521,-1
KHAPRETA_510206,312385.860,2624077.200,129.8900,0.0919,2.5300,0.1617,-1
KHAPRETA_510206,312387.860,2624077.200,130.1400,0.0000,2.2800,0.1457,-1
KHAPRETA_510206,312392.860,2624077.200,130.2600,0.2269,2.1600,0.1380,-1
KHAPRETA_510206,312395.860,2624077.200,130.2200,0.2169,2.2000,0.1406,-1
KHAPRETA_510206,312398.860,2624077.200,130.4100,0.2319,2.0100,0.1284,-1
KHAPRETA_510206,312403.860,2624077.200,130.1100,0.1050,2.3100,0.1476,-1
KHAPRETA_510206,312407.860,2624077.200,130.2200,0.2569,2.2000,0.1406,-1
KHAPRETA_510206,312412.860,2624077.200,130.3300,0.3319,2.0900,0.1335,-1
KHAPRETA_510206,312413.860,2624077.200,130.4400,0.4881,1.9800,0.1265,-1
KHAPRETA_510206,312134.860,2624078.200,127.5700,0.0000,4.8500,0.3099,-1
KHAPRETA_510206,312136.860,2624078.200,127.1100,0.0000,5.3100,0.3393,-1
KHAPRETA_510206,312160.860,2624078.200,128.9900,0.5131,3.4300,0.2192,-1
KHAPRETA_510206,312161.860,2624078.200,128.7500,0.6623,3.6700,0.2345,-1
KHAPRETA_510206,312164.860,2624078.200,128.7300,0.0000,3.6900,0.2358,-1
KHAPRETA_510206,312349.860,2624078.200,129.7500,0.0731,2.6700,0.1706,-1
KHAPRETA_510206,312351.860,2624078.200,129.8000,0.0000,2.6200,0.1674,-1
KHAPRETA_510206,312353.860,2624078.200,129.6800,0.0000,2.7400,0.1751,-1
KHAPRETA_510206,312361.860,2624078.200,129.7000,0.0300,2.7200,0.1738,-1
KHAPRETA_510206,312364.860,2624078.200,129.6900,0.0400,2.7300,0.1744,-1
KHAPRETA_510206,312373.860,2624078.200,130.0900,0.0000,2.3300,0.1489,-1
KHAPRETA_510206,312376.860,2624078.200,130.2000,0.0000,2.2200,0.1419,-1
KHAPRETA_510206,312382.860,2624078.200,130.1200,0.0619,2.3000,0.1470,-1
KHAPRETA_510206,312385.860,2624078.200,129.9600,0.0569,2.4600,0.1572,-1
KHAPRETA_510206,312388.860,2624078.200,130.0500,0.2469,2.3700,0.1514,-1
KHAPRETA_510206,312389.860,2624078.200,130.2700,0.1369,2.1500,0.1374,-1
KHAPRETA_510206,312397.860,2624078.200,130.1800,0.0000,2.2400,0.1431,-1
KHAPRETA_510206,312400.860,2624078.200,130.3100,0.3133,2.1100,0.1348,-1
KHAPRETA_510206,312401.860,2624078.200,130.3000,0.2669,2.1200,0.1355,-1
KHAPRETA_510206,312403.860,2624078.200,130.0800,0.2469,2.3400,0.1495,-1
KHAPRETA_510206,312404.860,2624078.200,130.1400,0.1519,2.2800,0.1457,-1
KHAPRETA_510206,312409.860,2624078.200,130.1700,0.0000,2.2500,0.1438,-1
KHAPRETA_510206,312413.860,2624078.200,130.5800,0.4802,1.8400,0.1176,-1
KHAPRETA_510206,312414.860,2624078.200,130.4700,0.4019,1.9500,0.1246,-1
KHAPRETA_510206,312422.860,2624078.200,130.4800,0.0000,1.9400,0.1240,-1
KHAPRETA_510206,312425.860,2624078.200,130.5100,0.0000,1.9100,0.1220,-1
KHAPRETA_510206,312428.860,2624078.200,130.4100,0.0000,2.0100,0.1284,-1
KHAPRETA_510206,312133.860,2624079.200,128.1600,0.0000,4.2600,0.2722,-1
KHAPRETA_510206,312312.860,2624079.200,129.6500,0.0000,2.7700,0.1770,-1
KHAPRETA_510206,312346.860,2624079.200,129.6800,0.0000,2.7400,0.1751,-1
KHAPRETA_510206,312349.860,2624079.200,129.6300,0.0300,2.7900,0.1783,-1
KHAPRETA_510206,312357.860,2624079.200,129.9300,0.1019,2.4900,0.1591,-1
KHAPRETA_510206,312358.860,2624079.200,129.9800,0.0150,2.4400,0.1559,-1
KHAPRETA_510206,312359.860,2624079.200,129.9000,0.1043,2.5200,0.1610,-1
KHAPRETA_510206,312360.860,2624079.200,129.7900,0.1200,2.6300,0.1681,-1
KHAPRETA_510206,312361.860,2624079.200,129.6600,0.0387,2.7600,0.1764,-1
KHAPRETA_510206,312364.860,2624079.200,129.8600,0.0447,2.5600,0.1636,-1
KHAPRETA_510206,312365.860,2624079.200,129.8000,0.0498,2.6200,0.1674,-1
KHAPRETA_510206,312369.860,2624079.200,130.0400,0.1519,2.3800,0.1521,-1
KHAPRETA_510206,312377.860,2624079.200,130.1500,0.2669,2.2700,0.1450,-1
KHAPRETA_510206,312378.860,2624079.200,130.3100,0.0400,2.1100,0.1348,-1
KHAPRETA_510206,312379.860,2624079.200,130.0700,0.2669,2.3500,0.1502,-1
KHAPRETA_510206,312382.860,2624079.200,129.9000,0.2262,2.5200,0.1610,-1
KHAPRETA_510206,312383.860,2624079.200,130.0700,0.3563,2.3500,0.1502,-1
KHAPRETA_510206,312384.860,2624079.200,130.4800,0.1760,1.9400,0.1240,-1
KHAPRETA_510206,312386.860,2624079.200,130.0700,0.0000,2.3500,0.1502,-1
KHAPRETA_510206,312393.860,2624079.200,130.2500,0.0000,2.1700,0.1387,-1
KHAPRETA_510206,312398.860,2624079.200,130.1400,0.0000,2.2800,0.1457,-1
KHAPRETA_510206,312400.860,2624079.200,130.1200,0.1500,2.3000,0.1470,-1
KHAPRETA_510206,312410.860,2624079.200,130.3300,0.0000,2.0900,0.1335,-1
KHAPRETA_510206,312418.860,2624079.200,130.5000,0.0000,1.9200,0.1227,-1
KHAPRETA_510206,312431.860,2624079.200,130.5700,0.3869,1.8500,0.1182,-1
KHAPRETA_510206,312435.860,2624079.200,130.6200,0.4419,1.8000,0.1150,-1
KHAPRETA_510206,312437.860,2624079.200,130.6600,0.0000,1.7600,0.1125,-1
KHAPRETA_510206,312305.860,2624080.200,129.5500,0.0000,2.8700,0.1834,-1
KHAPRETA_510206,312345.860,2624080.200,129.4500,0.0000,2.9700,0.1898,-1
KHAPRETA_510206,312349.860,2624080.200,129.6900,0.0731,2.7300,0.1744,-1
KHAPRETA_510206,312359.860,2624080.200,129.6900,0.0619,2.7300,0.1744,-1
KHAPRETA_510206,312365.860,2624080.200,129.8300,0.0119,2.5900,0.1655,-1
KHAPRETA_510206,312368.860,2624080.200,130.2200,0.1519,2.2000,0.1406,-1
KHAPRETA_510206,312369.860,2624080.200,130.0800,0.1411,2.3400,0.1495,-1
KHAPRETA_510206,312370.860,2624080.200,130.3200,0.1332,2.1000,0.1342,-1
KHAPRETA_510206,312371.860,2624080.200,130.2800,0.2744,2.1400,0.1367,-1
KHAPRETA_510206,312373.860,2624080.200,130.0300,0.0000,2.3900,0.1527,-1
KHAPRETA_510206,312375.860,2624080.200,130.2400,0.0000,2.1800,0.1393,-1
KHAPRETA_510206,312383.860,2624080.200,130.1900,0.1760,2.2300,0.1425,-1
KHAPRETA_510206,312384.860,2624080.200,129.9700,0.3563,2.4500,0.1565,-1
KHAPRETA_510206,312399.860,2624080.200,130.2100,0.1169,2.2100,0.1412,-1
KHAPRETA_510206,312400.860,2624080.200,130.0100,0.1300,2.4100,0.1540,-1
KHAPRETA_510206,312401.860,2624080.200,129.9700,0.1169,2.4500,0.1565,-1
KHAPRETA_510206,312403.860,2624080.200,130.2000,0.0000,2.2200,0.1419,-1
KHAPRETA_510206,312406.860,2624080.200,130.2400,0.0000,2.1800,0.1393,-1
KHAPRETA_510206,312411.860,2624080.200,130.5000,0.5119,1.9200,0.1227,-1
KHAPRETA_510206,312412.860,2624080.200,130.4100,0.3619,2.0100,0.1284,-1
KHAPRETA_510206,312416.860,2624080.200,130.3700,0.2819,2.0500,0.1310,-1
KHAPRETA_510206,312429.860,2624080.200,130.4700,0.0000,1.9500,0.1246,-1
KHAPRETA_510206,312431.860,2624080.200,130.5500,0.3969,1.8700,0.1195,-1
KHAPRETA_510206,312435.860,2624080.200,130.6600,0.4219,1.7600,0.1125,-1
KHAPRETA_510206,312439.860,2624080.200,130.7100,0.0000,1.7100,0.1093,-1
KHAPRETA_510206,312161.860,2624081.200,128.6600,0.0000,3.7600,0.2403,-1
KHAPRETA_510206,312163.860,2624081.200,128.8700,0.0000,3.5500,0.2268,-1
KHAPRETA_510206,312299.860,2624081.200,129.5600,0.0731,2.8600,0.1827,-1
KHAPRETA_510206,312300.860,2624081.200,129.6300,0.3203,2.7900,0.1783,-1
KHAPRETA_510206,312301.860,2624081.200,129.8400,0.0731,2.5800,0.1649,-1
KHAPRETA_510206,312311.860,2624081.200,129.4100,0.0000,3.0100,0.1923,-1
KHAPRETA_510206,312313.860,2624081.200,129.3700,0.0000,3.0500,0.1949,-1
KHAPRETA_510206,312316.860,2624081.200,129.4500,0.0000,2.9700,0.1898,-1
KHAPRETA_510206,312351.860,2624081.200,129.7700,0.0000,2.6500,0.1693,-1
KHAPRETA_510206,312355.860,2624081.200,130.3200,0.0969,2.1000,0.1342,-1
KHAPRETA_510206,312356.860,2624081.200,129.9700,0.2719,2.4500,0.1565,-1
KHAPRETA_510206,312360.860,2624081.200,129.7200,0.0019,2.7000,0.1725,-1
KHAPRETA_510206,312361.860,2624081.200,129.7800,0.0600,2.6400,0.1687,-1
KHAPRETA_510206,312362.860,2624081.200,129.8400,0.0019,2.5800,0.1649,-1
KHAPRETA_510206,312367.860,2624081.200,130.4300,0.0000,1.9900,0.1272,-1
KHAPRETA_510206,312370.860,2624081.200,129.6000,0.1545,2.8200,0.1802,-1
KHAPRETA_510206,312371.860,2624081.200,129.8500,0.2669,2.5700,0.1642,-1
KHAPRETA_510206,312377.860,2624081.200,130.0000,0.0000,2.4200,0.1546,-1
KHAPRETA_510206,312380.860,2624081.200,130.1400,0.2669,2.2800,0.1457,-1
KHAPRETA_510206,312381.860,2624081.200,130.3100,0.0650,2.1100,0.1348,-1
KHAPRETA_510206,312382.860,2624081.200,130.2700,0.2669,2.1500,0.1374,-1
KHAPRETA_510206,312384.860,2624081.200,129.9000,0.3076,2.5200,0.1610,-1
KHAPRETA_510206,312385.860,2624081.200,130.3600,0.0650,2.0600,0.1316,-1
KHAPRETA_510206,312386.860,2624081.200,130.0300,0.2919,2.3900,0.1527,-1
KHAPRETA_510206,312388.860,2624081.200,130.0100,0.2972,2.4100,0.1540,-1
KHAPRETA_510206,312389.860,2624081.200,130.2300,0.1169,2.1900,0.1399,-1
KHAPRETA_510206,312391.860,2624081.200,130.3700,0.2746,2.0500,0.1310,-1
KHAPRETA_510206,312392.860,2624081.200,130.2400,0.2969,2.1800,0.1393,-1
KHAPRETA_510206,312398.860,2624081.200,130.0000,0.0000,2.4200,0.1546,-1
KHAPRETA_510206,312400.860,2624081.200,130.0200,0.1169,2.4000,0.1534,-1
KHAPRETA_510206,312402.860,2624081.200,130.1100,0.0000,2.3100,0.1476,-1
KHAPRETA_510206,312410.860,2624081.200,130.5800,0.5476,1.8400,0.1176,-1
KHAPRETA_510206,312411.860,2624081.200,130.5800,0.5409,1.8400,0.1176,-1
KHAPRETA_510206,312416.860,2624081.200,130.3400,0.2969,2.0800,0.1329,-1
KHAPRETA_510206,312420.860,2624081.200,130.4800,0.5401,1.9400,0.1240,-1
KHAPRETA_510206,312421.860,2624081.200,130.5400,0.3519,1.8800,0.1201,-1
KHAPRETA_510206,312426.860,2624081.200,130.5400,0.3869,1.8800,0.1201,-1
KHAPRETA_510206,312433.860,2624081.200,130.6600,0.0000,1.7600,0.1125,-1
KHAPRETA_510206,312438.860,2624081.200,130.5700,0.4619,1.8500,0.1182,-1
KHAPRETA_510206,312135.860,2624082.200,127.8700,0.0000,4.5500,0.2907,-1
KHAPRETA_510206,312289.860,2624082.200,129.4200,0.0000,3.0000,0.1917,-1
KHAPRETA_510206,312294.860,2624082.200,129.5800,0.1481,2.8400,0.1815,-1
KHAPRETA_510206,312296.860,2624082.200,129.4400,0.0000,2.9800,0.1904,-1
KHAPRETA_510206,312300.860,2624082.200,129.2000,0.0900,3.2200,0.2058,-1
KHAPRETA_510206,312302.860,2624082.200,129.4600,0.0000,2.9600,0.1891,-1
KHAPRETA_510206,312307.860,2624082.200,129.9900,0.0000,2.4300,0.1553,-1
KHAPRETA_510206,312317.860,2624082.200,129.3500,0.0000,3.0700,0.1962,-1
KHAPRETA_510206,312319.860,2624082.200,129.8400,0.2247,2.5800,0.1649,-1
KHAPRETA_510206,312320.860,2624082.200,129.8300,0.0319,2.5900,0.1655,-1
KHAPRETA_510206,312323.860,2624082.200,129.4500,0.0981,2.9700,0.1898,-1
KHAPRETA_510206,312324.860,2624082.200,129.5800,0.0750,2.8400,0.1815,-1
KHAPRETA_510206,312325.860,2624082.200,129.6000,0.2482,2.8200,0.1802,-1
KHAPRETA_510206,312336.860,2624082.200,129.6600,0.0481,2.7600,0.1764,-1
KHAPRETA_510206,312337.860,2624082.200,129.6800,0.0581,2.7400,0.1751,-1
KHAPRETA_510206,312342.860,2624082.200,129.7200,0.1781,2.7000,0.1725,-1
KHAPRETA_510206,312347.860,2624082.200,129.8800,0.0531,2.5400,0.1623,-1
KHAPRETA_510206,312348.860,2624082.200,129.6700,0.0950,2.7500,0.1757,-1
KHAPRETA_510206,312349.860,2624082.200,129.6900,0.0531,2.7300,0.1744,-1
KHAPRETA_510206,312352.860,2624082.200,129.5600,0.0531,2.8600,0.1827,-1
KHAPRETA_510206,312353.860,2624082.200,129.6700,0.1084,2.7500,0.1757,-1
KHAPRETA_510206,312357.860,2624082.200,129.7100,0.0081,2.7100,0.1732,-1
KHAPRETA_510206,312359.860,2624082.200,129.7700,0.0000,2.6500,0.1693,-1
KHAPRETA_510206,312361.860,2624082.200,129.7800,0.0019,2.6400,0.1687,-1
KHAPRETA_510206,312366.860,2624082.200,129.8700,0.0019,2.5500,0.1629,-1
KHAPRETA_510206,312370.860,2624082.200,130.0200,0.0881,2.4000,0.1534,-1
KHAPRETA_510206,312373.860,2624082.200,130.1900,0.0969,2.2300,0.1425,-1
KHAPRETA_510206,312375.860,2624082.200,129.8300,0.0000,2.5900,0.1655,-1
KHAPRETA_510206,312388.860,2624082.200,130.1600,0.1050,2.2600,0.1444,-1
KHAPRETA_510206,312391.860,2624082.200,130.0700,0.2969,2.3500,0.1502,-1
KHAPRETA_510206,312396.860,2624082.200,129.9700,0.0000,2.4500,0.1565,-1
KHAPRETA_510206,312401.860,2624082.200,130.0900,0.2619,2.3300,0.1489,-1
KHAPRETA_510206,312406.860,2624082.200,130.5000,0.3869,1.9200,0.1227,-1
KHAPRETA_510206,312407.860,2624082.200,130.5500,0.3619,1.8700,0.1195,-1
KHAPRETA_510206,312410.860,2624082.200,130.5200,0.4019,1.9000,0.1214,-1
KHAPRETA_510206,312420.860,2624082.200,130.5400,0.0300,1.8800,0.1201,-1
KHAPRETA_510206,312425.860,2624082.200,130.5900,0.3869,1.8300,0.1169,-1
KHAPRETA_510206,312426.860,2624082.200,130.5500,0.5581,1.8700,0.1195,-1
KHAPRETA_510206,312429.860,2624082.200,130.6200,0.0000,1.8000,0.1150,-1
KHAPRETA_510206,312431.860,2624082.200,130.6100,0.0000,1.8100,0.1157,-1
KHAPRETA_510206,312436.860,2624082.200,130.6500,0.0000,1.7700,0.1131,-1
KHAPRETA_510206,312438.860,2624082.200,130.7000,0.3969,1.7200,0.1099,-1
KHAPRETA_510206,312133.860,2624083.200,127.5400,1.1381,4.8800,0.3118,-1
KHAPRETA_510206,312134.860,2624083.200,127.5000,1.1181,4.9200,0.3144,-1
KHAPRETA_510206,312142.860,2624083.200,128.2500,0.0000,4.1700,0.2665,-1
KHAPRETA_510206,312164.860,2624083.200,129.6600,0.0000,2.7600,0.1764,-1
KHAPRETA_510206,312167.860,2624083.200,129.7200,0.1169,2.7000,0.1725,-1
KHAPRETA_510206,312281.860,2624083.200,129.3900,0.1177,3.0300,0.1936,-1
KHAPRETA_510206,312282.860,2624083.200,129.6000,0.2766,2.8200,0.1802,-1
KHAPRETA_510206,312290.860,2624083.200,129.3700,0.0000,3.0500,0.1949,-1
KHAPRETA_510206,312292.860,2624083.200,129.5600,0.0000,2.8600,0.1827,-1
KHAPRETA_510206,312294.860,2624083.200,129.4800,0.0981,2.9400,0.1879,-1
KHAPRETA_510206,312297.860,2624083.200,129.4800,0.0881,2.9400,0.1879,-1
KHAPRETA_510206,312298.860,2624083.200,129.6000,0.1481,2.8200,0.1802,-1
KHAPRETA_510206,312300.860,2624083.200,129.4500,0.1800,2.9700,0.1898,-1
KHAPRETA_510206,312305.860,2624083.200,129.4600,0.0269,2.9600,0.1891,-1
KHAPRETA_510206,312306.860,2624083.200,129.8300,0.1581,2.5900,0.1655,-1
KHAPRETA_510206,312310.860,2624083.200,130.1000,0.0000,2.3200,0.1482,-1
KHAPRETA_510206,312314.860,2624083.200,129.6100,0.1731,2.8100,0.1796,-1
KHAPRETA_510206,312315.860,2624083.200,129.4300,0.1175,2.9900,0.1911,-1
KHAPRETA_510206,312318.860,2624083.200,129.7900,0.2231,2.6300,0.1681,-1
KHAPRETA_510206,312319.860,2624083.200,129.3300,0.0327,3.0900,0.1974,-1
KHAPRETA_510206,312322.860,2624083.200,129.5000,0.0000,2.9200,0.1866,-1
KHAPRETA_510206,312325.860,2624083.200,129.3200,0.2538,3.1000,0.1981,-1
KHAPRETA_510206,312326.860,2624083.200,129.3000,0.1300,3.1200,0.1994,-1
KHAPRETA_510206,312327.860,2624083.200,129.5800,0.2381,2.8400,0.1815,-1
KHAPRETA_510206,312333.860,2624083.200,129.3100,0.0000,3.1100,0.1987,-1
KHAPRETA_510206,312340.860,2624083.200,130.4300,0.0000,1.9900,0.1272,-1
KHAPRETA_510206,312342.860,2624083.200,129.4200,0.2099,3.0000,0.1917,-1
KHAPRETA_510206,312343.860,2624083.200,129.3600,0.1781,3.0600,0.1955,-1
KHAPRETA_510206,312345.860,2624083.200,129.6700,0.0931,2.7500,0.1757,-1
KHAPRETA_510206,312346.860,2624083.200,129.5900,0.0531,2.8300,0.1808,-1
KHAPRETA_510206,312353.860,2624083.200,129.7600,0.0550,2.6600,0.1700,-1
KHAPRETA_510206,312356.860,2624083.200,129.7900,0.0081,2.6300,0.1681,-1
KHAPRETA_510206,312357.860,2624083.200,129.7600,0.0338,2.6600,0.1700,-1
KHAPRETA_510206,312366.860,2624083.200,129.7800,0.1686,2.6400,0.1687,-1
KHAPRETA_510206,312367.860,2624083.200,130.1000,0.0019,2.3200,0.1482,-1
KHAPRETA_510206,312369.860,2624083.200,130.0700,0.0000,2.3500,0.1502,-1
KHAPRETA_510206,312373.860,2624083.200,129.9700,0.2069,2.4500,0.1565,-1
KHAPRETA_510206,312377.860,2624083.200,130.1400,0.0000,2.2800,0.1457,-1
KHAPRETA_510206,312380.860,2624083.200,129.8600,0.2269,2.5600,0.1636,-1
KHAPRETA_510206,312381.860,2624083.200,130.2300,0.2050,2.1900,0.1399,-1
KHAPRETA_510206,312382.860,2624083.200,130.2700,0.3777,2.1500,0.1374,-1
KHAPRETA_510206,312384.860,2624083.200,130.2300,0.0000,2.1900,0.1399,-1
KHAPRETA_510206,312387.860,2624083.200,130.1300,0.0119,2.2900,0.1463,-1
KHAPRETA_510206,312388.860,2624083.200,129.8000,0.2611,2.6200,0.1674,-1
KHAPRETA_510206,312395.860,2624083.200,129.8300,0.0000,2.5900,0.1655,-1
KHAPRETA_510206,312401.860,2624083.200,130.3000,0.1600,2.1200,0.1355,-1
KHAPRETA_510206,312409.860,2624083.200,130.5400,0.4419,1.8800,0.1201,-1
KHAPRETA_510206,312412.860,2624083.200,130.5300,0.0000,1.8900,0.1208,-1
KHAPRETA_510206,312414.860,2624083.200,130.4800,0.3819,1.9400,0.1240,-1
KHAPRETA_510206,312416.860,2624083.200,130.4400,0.0000,1.9800,0.1265,-1
KHAPRETA_510206,312420.860,2624083.200,130.5400,0.3819,1.8800,0.1201,-1
KHAPRETA_510206,312430.860,2624083.200,130.6500,0.0000,1.7700,0.1131,-1
KHAPRETA_510206,312131.860,2624084.200,127.9700,0.8231,4.4500,0.2843,-1
KHAPRETA_510206,312137.860,2624084.200,127.7300,1.1081,4.6900,0.2997,-1
KHAPRETA_510206,312138.860,2624084.200,127.5600,1.0231,4.8600,0.3105,-1
KHAPRETA_510206,312143.860,2624084.200,127.9200,0.0000,4.5000,0.2875,-1
KHAPRETA_510206,312162.860,2624084.200,129.2400,0.0000,3.1800,0.2032,-1
KHAPRETA_510206,312167.860,2624084.200,130.0100,0.3600,2.4100,0.1540,-1
KHAPRETA_510206,312169.860,2624084.200,130.5500,0.0000,1.8700,0.1195,-1
KHAPRETA_510206,312248.860,2624084.200,129.4900,0.1181,2.9300,0.1872,-1
KHAPRETA_510206,312281.860,2624084.200,129.6200,0.2766,2.8000,0.1789,-1
KHAPRETA_510206,312282.860,2624084.200,129.3800,0.1177,3.0400,0.1942,-1
KHAPRETA_510206,312287.860,2624084.200,129.4300,0.0000,2.9900,0.1911,-1
KHAPRETA_510206,312295.860,2624084.200,129.2500,0.0000,3.1700,0.2026,-1
KHAPRETA_510206,312299.860,2624084.200,129.5400,0.1081,2.8800,0.1840,-1
KHAPRETA_510206,312300.860,2624084.200,129.5600,0.1580,2.8600,0.1827,-1
KHAPRETA_510206,312312.860,2624084.200,129.2000,0.0000,3.2200,0.2058,-1
KHAPRETA_510206,312315.860,2624084.200,129.6100,0.3842,2.8100,0.1796,-1
KHAPRETA_510206,312316.860,2624084.200,129.0900,0.0831,3.3300,0.2128,-1
KHAPRETA_510206,312328.860,2624084.200,129.4600,0.0000,2.9600,0.1891,-1
KHAPRETA_510206,312331.860,2624084.200,129.2700,0.2031,3.1500,0.2013,-1
KHAPRETA_510206,312336.860,2624084.200,129.3400,0.0000,3.0800,0.1968,-1
KHAPRETA_510206,312338.860,2624084.200,129.9100,0.2431,2.5100,0.1604,-1
KHAPRETA_510206,312339.860,2624084.200,129.2900,0.0669,3.1300,0.2000,-1
KHAPRETA_510206,312344.860,2624084.200,129.5000,0.0000,2.9200,0.1866,-1
KHAPRETA_510206,312347.860,2624084.200,129.6900,0.0000,2.7300,0.1744,-1
KHAPRETA_510206,312350.860,2624084.200,129.7300,0.0438,2.6900,0.1719,-1
KHAPRETA_510206,312351.860,2624084.200,129.7600,0.0231,2.6600,0.1700,-1
KHAPRETA_510206,312353.860,2624084.200,129.5600,0.0081,2.8600,0.1827,-1
KHAPRETA_510206,312358.860,2624084.200,129.7200,0.0000,2.7000,0.1725,-1
KHAPRETA_510206,312372.860,2624084.200,129.9800,0.0000,2.4400,0.1559,-1
KHAPRETA_510206,312374.860,2624084.200,130.2400,0.0000,2.1800,0.1393,-1
KHAPRETA_510206,312376.860,2624084.200,130.2400,0.0000,2.1800,0.1393,-1
KHAPRETA_510206,312378.860,2624084.200,129.8800,0.0669,2.5400,0.1623,-1
KHAPRETA_510206,312382.860,2624084.200,130.3800,0.2469,2.0400,0.1304,-1
KHAPRETA_510206,312390.860,2624084.200,130.0500,0.1719,2.3700,0.1514,-1
KHAPRETA_510206,312391.860,2624084.200,130.1200,0.1369,2.3000,0.1470,-1
KHAPRETA_510206,312394.860,2624084.200,130.6800,0.0000,1.7400,0.1112,-1
KHAPRETA_510206,312396.860,2624084.200,130.0400,0.0000,2.3800,0.1521,-1
KHAPRETA_510206,312399.860,2624084.200,130.4200,0.4319,2.0000,0.1278,-1
KHAPRETA_510206,312400.860,2624084.200,130.6400,0.0050,1.7800,0.1137,-1
KHAPRETA_510206,312401.860,2624084.200,130.4100,0.4556,2.0100,0.1284,-1
KHAPRETA_510206,312403.860,2624084.200,130.5300,0.0000,1.8900,0.1208,-1
KHAPRETA_510206,312406.860,2624084.200,130.4800,0.4119,1.9400,0.1240,-1
KHAPRETA_510206,312407.860,2624084.200,130.6000,0.3519,1.8200,0.1163,-1
KHAPRETA_510206,312409.860,2624084.200,130.6600,0.5581,1.7600,0.1125,-1
KHAPRETA_510206,312410.860,2624084.200,130.5900,0.4419,1.8300,0.1169,-1
KHAPRETA_510206,312414.860,2624084.200,130.5400,0.3519,1.8800,0.1201,-1
KHAPRETA_510206,312427.860,2624084.200,130.6300,0.0000,1.7900,0.1144,-1
KHAPRETA_510206,312431.860,2624084.200,130.7100,0.4269,1.7100,0.1093,-1
KHAPRETA_510206,312432.860,2624084.200,130.6300,0.4669,1.7900,0.1144,-1
KHAPRETA_510206,312435.860,2624084.200,130.7300,0.0000,1.6900,0.1080,-1
KHAPRETA_510206,312131.860,2624085.200,128.1300,0.9031,4.2900,0.2741,-1
KHAPRETA_510206,312133.860,2624085.200,127.6000,0.0000,4.8200,0.3080,-1
KHAPRETA_510206,312135.860,2624085.200,127.2000,1.0481,5.2200,0.3335,-1
KHAPRETA_510206,312136.860,2624085.200,127.6800,1.6958,4.7400,0.3029,-1
KHAPRETA_510206,312144.860,2624085.200,128.0900,0.7931,4.3300,0.2767,-1
KHAPRETA_510206,312167.860,2624085.200,130.4400,0.2823,1.9800,0.1265,-1
KHAPRETA_510206,312168.860,2624085.200,130.2900,0.4421,2.1300,0.1361,-1
KHAPRETA_510206,312241.860,2624085.200,129.1500,0.3081,3.2700,0.2089,-1
KHAPRETA_510206,312242.860,2624085.200,129.1600,0.3131,3.2600,0.2083,-1
KHAPRETA_510206,312245.860,2624085.200,129.4300,0.0000,2.9900,0.1911,-1
KHAPRETA_510206,312247.860,2624085.200,129.4400,0.1181,2.9800,0.1904,-1
KHAPRETA_510206,312248.860,2624085.200,129.5400,0.2207,2.8800,0.1840,-1
KHAPRETA_510206,312252.860,2624085.200,128.8200,0.0000,3.6000,0.2300,-1
KHAPRETA_510206,312272.860,2624085.200,129.5000,0.0000,2.9200,0.1866,-1
KHAPRETA_510206,312274.860,2624085.200,129.2100,0.2031,3.2100,0.2051,-1
KHAPRETA_510206,312283.860,2624085.200,129.4500,0.0000,2.9700,0.1898,-1
KHAPRETA_510206,312296.860,2624085.200,129.4700,0.1293,2.9500,0.1885,-1
KHAPRETA_510206,312297.860,2624085.200,129.5200,0.1590,2.9000,0.1853,-1
KHAPRETA_510206,312300.860,2624085.200,129.6600,0.0300,2.7600,0.1764,-1
KHAPRETA_510206,312304.860,2624085.200,129.5300,0.2221,2.8900,0.1847,-1
KHAPRETA_510206,312305.860,2624085.200,129.4000,0.1231,3.0200,0.1930,-1
KHAPRETA_510206,312322.860,2624085.200,129.1800,0.2781,3.2400,0.2070,-1
KHAPRETA_510206,312323.860,2624085.200,129.2200,0.2981,3.2000,0.2045,-1
KHAPRETA_510206,312326.860,2624085.200,129.4500,0.3594,2.9700,0.1898,-1
KHAPRETA_510206,312327.860,2624085.200,129.3600,0.1631,3.0600,0.1955,-1
KHAPRETA_510206,312331.860,2624085.200,129.3700,0.2531,3.0500,0.1949,-1
KHAPRETA_510206,312333.860,2624085.200,129.2900,0.1281,3.1300,0.2000,-1
KHAPRETA_510206,312342.860,2624085.200,129.4200,0.1199,3.0000,0.1917,-1
KHAPRETA_510206,312343.860,2624085.200,129.5600,0.1781,2.8600,0.1827,-1
KHAPRETA_510206,312345.860,2624085.200,129.4300,0.0931,2.9900,0.1911,-1
KHAPRETA_510206,312346.860,2624085.200,129.5900,0.1731,2.8300,0.1808,-1
KHAPRETA_510206,312350.860,2624085.200,129.6900,0.0231,2.7300,0.1744,-1
KHAPRETA_510206,312359.860,2624085.200,129.7200,0.0661,2.7000,0.1725,-1
KHAPRETA_510206,312360.860,2624085.200,129.7300,0.0281,2.6900,0.1719,-1
KHAPRETA_510206,312365.860,2624085.200,129.7700,0.0000,2.6500,0.1693,-1
KHAPRETA_510206,312367.860,2624085.200,129.8600,0.0369,2.5600,0.1636,-1
KHAPRETA_510206,312373.860,2624085.200,130.0700,0.0000,2.3500,0.1502,-1
KHAPRETA_510206,312378.860,2624085.200,129.9100,0.0519,2.5100,0.1604,-1
KHAPRETA_510206,312401.860,2624085.200,130.5900,0.3169,1.8300,0.1169,-1
KHAPRETA_510206,312404.860,2624085.200,130.6400,0.0000,1.7800,0.1137,-1
KHAPRETA_510206,312411.860,2624085.200,130.3700,0.4469,2.0500,0.1310,-1
KHAPRETA_510206,312415.860,2624085.200,130.5800,0.0000,1.8400,0.1176,-1
KHAPRETA_510206,312417.860,2624085.200,130.5800,0.0000,1.8400,0.1176,-1
KHAPRETA_510206,312419.860,2624085.200,130.5300,0.3619,1.8900,0.1208,-1
KHAPRETA_510206,312422.860,2624085.200,130.4700,0.4369,1.9500,0.1246,-1
KHAPRETA_510206,312423.860,2624085.200,130.6500,0.4276,1.7700,0.1131,-1
KHAPRETA_510206,312424.860,2624085.200,130.6600,0.4369,1.7600,0.1125,-1
KHAPRETA_510206,312426.860,2624085.200,130.5000,0.0000,1.9200,0.1227,-1
KHAPRETA_510206,312136.860,2624086.200,127.5700,1.0481,4.8500,0.3099,-1
KHAPRETA_510206,312139.860,2624086.200,127.6000,1.0131,4.8200,0.3080,-1
KHAPRETA_510206,312144.860,2624086.200,128.1900,0.8431,4.2300,0.2703,-1
KHAPRETA_510206,312162.860,2624086.200,129.8300,0.0000,2.5900,0.1655,-1
KHAPRETA_510206,312165.860,2624086.200,130.3200,0.0000,2.1000,0.1342,-1
KHAPRETA_510206,312168.860,2624086.200,130.3600,0.4198,2.0600,0.1316,-1
KHAPRETA_510206,312169.860,2624086.200,130.4400,0.3956,1.9800,0.1265,-1
KHAPRETA_510206,312239.860,2624086.200,129.3000,0.0000,3.1200,0.1994,-1
KHAPRETA_510206,312243.860,2624086.200,129.3400,0.0831,3.0800,0.1968,-1
KHAPRETA_510206,312266.860,2624086.200,129.5400,0.1481,2.8800,0.1840,-1
KHAPRETA_510206,312270.860,2624086.200,129.4800,0.0000,2.9400,0.1879,-1
KHAPRETA_510206,312274.860,2624086.200,129.3700,0.2831,3.0500,0.1949,-1
KHAPRETA_510206,312276.860,2624086.200,129.4400,0.0000,2.9800,0.1904,-1
KHAPRETA_510206,312282.860,2624086.200,129.7200,0.2081,2.7000,0.1725,-1
KHAPRETA_510206,312284.860,2624086.200,129.5200,0.0000,2.9000,0.1853,-1
KHAPRETA_510206,312287.860,2624086.200,129.3800,0.0000,3.0400,0.1942,-1
KHAPRETA_510206,312289.860,2624086.200,129.4200,0.0000,3.0000,0.1917,-1
KHAPRETA_510206,312294.860,2624086.200,129.3900,0.1894,3.0300,0.1936,-1
KHAPRETA_510206,312295.860,2624086.200,129.4800,0.1750,2.9400,0.1879,-1
KHAPRETA_510206,312296.860,2624086.200,129.7400,0.1856,2.6800,0.1712,-1
KHAPRETA_510206,312297.860,2624086.200,129.6900,0.0918,2.7300,0.1744,-1
KHAPRETA_510206,312300.860,2624086.200,129.5000,0.1452,2.9200,0.1866,-1
KHAPRETA_510206,312301.860,2624086.200,129.5100,0.1381,2.9100,0.1859,-1
KHAPRETA_510206,312304.860,2624086.200,129.5400,0.1231,2.8800,0.1840,-1
KHAPRETA_510206,312310.860,2624086.200,129.3100,0.1331,3.1100,0.1987,-1
KHAPRETA_510206,312311.860,2624086.200,129.5100,0.2331,2.9100,0.1859,-1
KHAPRETA_510206,312313.860,2624086.200,128.9900,0.4545,3.4300,0.2192,-1
KHAPRETA_510206,312314.860,2624086.200,129.1800,0.3150,3.2400,0.2070,-1
KHAPRETA_510206,312315.860,2624086.200,129.6200,0.3000,2.8000,0.1789,-1
KHAPRETA_510206,312316.860,2624086.200,129.7800,0.0781,2.6400,0.1687,-1
KHAPRETA_510206,312321.860,2624086.200,129.2600,0.0000,3.1600,0.2019,-1
KHAPRETA_510206,312326.860,2624086.200,129.1900,0.1631,3.2300,0.2064,-1
KHAPRETA_510206,312328.860,2624086.200,129.2400,0.0000,3.1800,0.2032,-1
KHAPRETA_510206,312330.860,2624086.200,129.7700,0.0000,2.6500,0.1693,-1
KHAPRETA_510206,312333.860,2624086.200,129.5200,0.2200,2.9000,0.1853,-1
KHAPRETA_510206,312335.860,2624086.200,129.5800,0.2381,2.8400,0.1815,-1
KHAPRETA_510206,312336.860,2624086.200,129.3000,0.0981,3.1200,0.1994,-1
KHAPRETA_510206,312342.860,2624086.200,129.8800,0.2650,2.5400,0.1623,-1
KHAPRETA_510206,312347.860,2624086.200,129.5300,0.0000,2.8900,0.1847,-1
KHAPRETA_510206,312354.860,2624086.200,129.7300,0.0000,2.6900,0.1719,-1
KHAPRETA_510206,312358.860,2624086.200,129.7200,0.0619,2.7000,0.1725,-1
KHAPRETA_510206,312359.860,2624086.200,129.9000,0.0489,2.5200,0.1610,-1
KHAPRETA_510206,312362.860,2624086.200,129.7900,0.0000,2.6300,0.1681,-1
KHAPRETA_510206,312364.860,2624086.200,129.8900,0.0000,2.5300,0.1617,-1
KHAPRETA_510206,312367.860,2624086.200,129.8500,0.0707,2.5700,0.1642,-1
KHAPRETA_510206,312368.860,2624086.200,129.8900,0.0650,2.5300,0.1617,-1
KHAPRETA_510206,312369.860,2624086.200,129.9800,0.1301,2.4400,0.1559,-1
KHAPRETA_510206,312374.860,2624086.200,130.0100,0.0000,2.4100,0.1540,-1
KHAPRETA_510206,312376.860,2624086.200,130.0100,0.1069,2.4100,0.1540,-1
KHAPRETA_510206,312377.860,2624086.200,129.9900,0.1169,2.4300,0.1553,-1
KHAPRETA_510206,312379.860,2624086.200,130.1600,0.0000,2.2600,0.1444,-1
KHAPRETA_510206,312383.860,2624086.200,129.9900,0.0000,2.4300,0.1553,-1
KHAPRETA_510206,312385.860,2624086.200,129.9000,0.0519,2.5200,0.1610,-1
KHAPRETA_510206,312386.860,2624086.200,129.8800,0.1067,2.5400,0.1623,-1
KHAPRETA_510206,312390.860,2624086.200,129.9000,0.1119,2.5200,0.1610,-1
KHAPRETA_510206,312391.860,2624086.200,130.0000,0.0619,2.4200,0.1546,-1
KHAPRETA_510206,312395.860,2624086.200,130.3600,0.0000,2.0600,0.1316,-1
KHAPRETA_510206,312398.860,2624086.200,130.3300,0.0000,2.0900,0.1335,-1
KHAPRETA_510206,312400.860,2624086.200,130.5000,0.0000,1.9200,0.1227,-1
KHAPRETA_510206,312406.860,2624086.200,130.6600,0.3519,1.7600,0.1125,-1
KHAPRETA_510206,312408.860,2624086.200,130.5400,0.0000,1.8800,0.1201,-1
KHAPRETA_510206,312411.860,2624086.200,130.6700,0.4917,1.7500,0.1118,-1
KHAPRETA_510206,312412.860,2624086.200,130.5600,0.0900,1.8600,0.1188,-1
KHAPRETA_510206,312413.860,2624086.200,130.4900,0.4472,1.9300,0.1233,-1
KHAPRETA_510206,312414.860,2624086.200,130.5300,0.5413,1.8900,0.1208,-1
KHAPRETA_510206,312419.860,2624086.200,130.5000,0.3769,1.9200,0.1227,-1
KHAPRETA_510206,312423.860,2624086.200,130.6100,0.4369,1.8100,0.1157,-1
KHAPRETA_510206,312427.860,2624086.200,130.6400,0.5796,1.7800,0.1137,-1
KHAPRETA_510206,312428.860,2624086.200,130.6300,0.4319,1.7900,0.1144,-1
KHAPRETA_510206,312433.860,2624086.200,130.6000,0.4719,1.8200,0.1163,-1
KHAPRETA_510206,312434.860,2624086.200,130.7200,0.4437,1.7000,0.1086,-1
KHAPRETA_510206,312435.860,2624086.200,130.6800,0.4719,1.7400,0.1112,-1
KHAPRETA_510206,312134.860,2624087.200,127.9100,0.0000,4.5100,0.2882,-1
KHAPRETA_510206,312139.860,2624087.200,127.7500,0.1100,4.6700,0.2984,-1
KHAPRETA_510206,312142.860,2624087.200,127.6500,0.0000,4.7700,0.3048,-1
KHAPRETA_510206,312169.860,2624087.200,130.3100,0.0100,2.1100,0.1348,-1
KHAPRETA_510206,312237.860,2624087.200,129.3900,0.0000,3.0300,0.1936,-1
KHAPRETA_510206,312240.860,2624087.200,129.2000,0.2681,3.2200,0.2058,-1
KHAPRETA_510206,312243.860,2624087.200,129.6100,0.2181,2.8100,0.1796,-1
KHAPRETA_510206,312253.860,2624087.200,128.9100,0.3931,3.5100,0.2243,-1
KHAPRETA_510206,312256.860,2624087.200,129.2800,0.0000,3.1400,0.2006,-1
KHAPRETA_510206,312258.860,2624087.200,129.6300,0.0000,2.7900,0.1783,-1
KHAPRETA_510206,312266.860,2624087.200,129.4800,0.1181,2.9400,0.1879,-1
KHAPRETA_510206,312272.860,2624087.200,129.3100,0.2331,3.1100,0.1987,-1
KHAPRETA_510206,312273.860,2624087.200,129.3100,0.3984,3.1100,0.1987,-1
KHAPRETA_510206,312279.860,2624087.200,129.5600,0.0000,2.8600,0.1827,-1
KHAPRETA_510206,312282.860,2624087.200,129.3600,0.0281,3.0600,0.1955,-1
KHAPRETA_510206,312291.860,2624087.200,129.5500,0.0000,2.8700,0.1834,-1
KHAPRETA_510206,312293.860,2624087.200,129.5000,0.1855,2.9200,0.1866,-1
KHAPRETA_510206,312294.860,2624087.200,129.5400,0.2373,2.8800,0.1840,-1
KHAPRETA_510206,312297.860,2624087.200,129.7000,0.0431,2.7200,0.1738,-1
KHAPRETA_510206,312298.860,2624087.200,129.7800,0.0381,2.6400,0.1687,-1
KHAPRETA_510206,312303.860,2624087.200,129.6500,0.1181,2.7700,0.1770,-1
KHAPRETA_510206,312307.860,2624087.200,129.4800,0.0000,2.9400,0.1879,-1
KHAPRETA_510206,312313.860,2624087.200,129.0900,0.3931,3.3300,0.2128,-1
KHAPRETA_510206,312319.860,2624087.200,129.0900,0.0000,3.3300,0.2128,-1
KHAPRETA_510206,312327.860,2624087.200,129.2300,0.2881,3.1900,0.2038,-1
KHAPRETA_510206,312332.860,2624087.200,129.8500,0.0231,2.5700,0.1642,-1
KHAPRETA_510206,312333.860,2624087.200,129.7300,0.1935,2.6900,0.1719,-1
KHAPRETA_510206,312334.860,2624087.200,129.5600,0.0231,2.8600,0.1827,-1
KHAPRETA_510206,312339.860,2624087.200,129.6900,0.1339,2.7300,0.1744,-1
KHAPRETA_510206,312340.860,2624087.200,129.5400,0.2070,2.8800,0.1840,-1
KHAPRETA_510206,312341.860,2624087.200,129.6100,0.2050,2.8100,0.1796,-1
KHAPRETA_510206,312342.860,2624087.200,129.9500,0.2155,2.4700,0.1578,-1
KHAPRETA_510206,312343.860,2624087.200,129.5800,0.2550,2.8400,0.1815,-1
KHAPRETA_510206,312344.860,2624087.200,129.4400,0.3433,2.9800,0.1904,-1
KHAPRETA_510206,312345.860,2624087.200,129.6400,0.1892,2.7800,0.1776,-1
KHAPRETA_510206,312350.860,2624087.200,129.6500,0.0000,2.7700,0.1770,-1
KHAPRETA_510206,312356.860,2624087.200,129.7900,0.0000,2.6300,0.1681,-1
KHAPRETA_510206,312359.860,2624087.200,129.8000,0.0619,2.6200,0.1674,-1
KHAPRETA_510206,312369.860,2624087.200,130.0100,0.1019,2.4100,0.1540,-1
KHAPRETA_510206,312373.860,2624087.200,129.8400,0.0869,2.5800,0.1649,-1
KHAPRETA_510206,312378.860,2624087.200,130.0700,0.0000,2.3500,0.1502,-1
KHAPRETA_510206,312386.860,2624087.200,129.9500,0.0519,2.4700,0.1578,-1
KHAPRETA_510206,312396.860,2624087.200,130.4600,0.3219,1.9600,0.1252,-1
KHAPRETA_510206,312406.860,2624087.200,130.4800,0.4419,1.9400,0.1240,-1
KHAPRETA_510206,312410.860,2624087.200,130.6200,0.0000,1.8000,0.1150,-1
KHAPRETA_510206,312413.860,2624087.200,130.6700,0.4071,1.7500,0.1118,-1
KHAPRETA_510206,312414.860,2624087.200,130.5900,0.0361,1.8300,0.1169,-1
KHAPRETA_510206,312415.860,2624087.200,130.6100,0.5581,1.8100,0.1157,-1
KHAPRETA_510206,312417.860,2624087.200,130.6100,0.0000,1.8100,0.1157,-1
KHAPRETA_510206,312420.860,2624087.200,130.6800,0.0000,1.7400,0.1112,-1
KHAPRETA_510206,312422.860,2624087.200,130.5100,0.0000,1.9100,0.1220,-1
KHAPRETA_510206,312424.860,2624087.200,130.6200,0.0000,1.8000,0.1150,-1
KHAPRETA_510206,312427.860,2624087.200,130.5600,0.4319,1.8600,0.1188,-1
KHAPRETA_510206,312432.860,2624087.200,130.6800,0.0000,1.7400,0.1112,-1
KHAPRETA_510206,312434.860,2624087.200,130.6600,0.4719,1.7600,0.1125,-1
KHAPRETA_510206,312139.860,2624088.200,127.8200,1.0131,4.6000,0.2939,-1
KHAPRETA_510206,312144.860,2624088.200,127.9200,0.0000,4.5000,0.2875,-1
KHAPRETA_510206,312164.860,2624088.200,130.2500,0.3319,2.1700,0.1387,-1
KHAPRETA_510206,312168.860,2624088.200,130.3700,0.3560,2.0500,0.1310,-1
KHAPRETA_510206,312169.860,2624088.200,130.4200,0.3993,2.0000,0.1278,-1
KHAPRETA_510206,312171.860,2624088.200,130.5900,0.0000,1.8300,0.1169,-1
KHAPRETA_510206,312240.860,2624088.200,129.2400,0.2881,3.1800,0.2032,-1
KHAPRETA_510206,312244.860,2624088.200,129.4900,0.0000,2.9300,0.1872,-1
KHAPRETA_510206,312250.860,2624088.200,129.6300,0.0000,2.7900,0.1783,-1
KHAPRETA_510206,312252.860,2624088.200,129.1900,0.3931,3.2300,0.2064,-1
KHAPRETA_510206,312253.860,2624088.200,128.9900,0.5229,3.4300,0.2192,-1
KHAPRETA_510206,312260.860,2624088.200,129.5500,0.0000,2.8700,0.1834,-1
KHAPRETA_510206,312262.860,2624088.200,129.7800,0.1498,2.6400,0.1687,-1
KHAPRETA_510206,312263.860,2624088.200,129.6600,0.0019,2.7600,0.1764,-1
KHAPRETA_510206,312270.860,2624088.200,129.4400,0.0000,2.9800,0.1904,-1
KHAPRETA_510206,312273.860,2624088.200,129.1300,0.0750,3.2900,0.2102,-1
KHAPRETA_510206,312277.860,2624088.200,129.4100,0.1131,3.0100,0.1923,-1
KHAPRETA_510206,312280.860,2624088.200,129.4700,0.0000,2.9500,0.1885,-1
KHAPRETA_510206,312284.860,2624088.200,129.3300,0.0000,3.0900,0.1974,-1
KHAPRETA_510206,312286.860,2624088.200,129.5400,0.1631,2.8800,0.1840,-1
KHAPRETA_510206,312287.860,2624088.200,129.4500,0.0200,2.9700,0.1898,-1
KHAPRETA_510206,312288.860,2624088.200,129.5000,0.1631,2.9200,0.1866,-1
KHAPRETA_510206,312293.860,2624088.200,129.4900,0.1381,2.9300,0.1872,-1
KHAPRETA_510206,312299.860,2624088.200,129.5100,0.1281,2.9100,0.1859,-1
KHAPRETA_510206,312300.860,2624088.200,129.5200,0.1331,2.9000,0.1853,-1
KHAPRETA_510206,312303.860,2624088.200,129.5400,0.0631,2.8800,0.1840,-1
KHAPRETA_510206,312305.860,2624088.200,129.4300,0.0000,2.9900,0.1911,-1
KHAPRETA_510206,312308.860,2624088.200,129.5100,0.2031,2.9100,0.1859,-1
KHAPRETA_510206,312310.860,2624088.200,129.7400,0.0000,2.6800,0.1712,-1
KHAPRETA_510206,312312.860,2624088.200,129.6400,0.1381,2.7800,0.1776,-1
KHAPRETA_510206,312316.860,2624088.200,129.3700,0.0000,3.0500,0.1949,-1
KHAPRETA_510206,312320.860,2624088.200,129.2500,0.0481,3.1700,0.2026,-1
KHAPRETA_510206,312321.860,2624088.200,129.6800,0.2631,2.7400,0.1751,-1
KHAPRETA_510206,312323.860,2624088.200,129.1900,0.0000,3.2300,0.2064,-1
KHAPRETA_510206,312325.860,2624088.200,129.1600,0.1981,3.2600,0.2083,-1
KHAPRETA_510206,312326.860,2624088.200,129.3800,0.0200,3.0400,0.1942,-1
KHAPRETA_510206,312327.860,2624088.200,129.2000,0.2031,3.2200,0.2058,-1
KHAPRETA_510206,312330.860,2624088.200,129.5900,0.1081,2.8300,0.1808,-1
KHAPRETA_510206,312339.860,2624088.200,129.6500,0.2076,2.7700,0.1770,-1
KHAPRETA_510206,312340.860,2624088.200,129.3700,0.1339,3.0500,0.1949,-1
KHAPRETA_510206,312342.860,2624088.200,129.4500,0.0869,2.9700,0.1898,-1
KHAPRETA_510206,312344.860,2624088.200,130.4600,0.1892,1.9600,0.1252,-1
KHAPRETA_510206,312345.860,2624088.200,129.9500,0.4848,2.4700,0.1578,-1
KHAPRETA_510206,312346.860,2624088.200,129.5000,0.0869,2.9200,0.1866,-1
KHAPRETA_510206,312352.860,2624088.200,129.7900,0.0000,2.6300,0.1681,-1
KHAPRETA_510206,312361.860,2624088.200,129.9000,0.0000,2.5200,0.1610,-1
KHAPRETA_510206,312363.860,2624088.200,129.8500,0.0000,2.5700,0.1642,-1
KHAPRETA_510206,312365.860,2624088.200,129.9400,0.1069,2.4800,0.1585,-1
KHAPRETA_510206,312366.860,2624088.200,129.9900,0.0819,2.4300,0.1553,-1
KHAPRETA_510206,312372.860,2624088.200,129.8900,0.0869,2.5300,0.1617,-1
KHAPRETA_510206,312373.860,2624088.200,129.9500,0.0653,2.4700,0.1578,-1
KHAPRETA_510206,312382.860,2624088.200,129.8900,0.1019,2.5300,0.1617,-1
KHAPRETA_510206,312384.860,2624088.200,129.8900,0.0619,2.5300,0.1617,-1
KHAPRETA_510206,312385.860,2624088.200,129.9000,0.0569,2.5200,0.1610,-1
KHAPRETA_510206,312391.860,2624088.200,130.2200,0.0000,2.2000,0.1406,-1
KHAPRETA_510206,312394.860,2624088.200,130.4500,0.0000,1.9700,0.1259,-1
KHAPRETA_510206,312396.860,2624088.200,130.4200,0.5909,2.0000,0.1278,-1
KHAPRETA_510206,312397.860,2624088.200,130.7400,0.3219,1.6800,0.1073,-1
KHAPRETA_510206,312399.860,2624088.200,130.4700,0.3419,1.9500,0.1246,-1
KHAPRETA_510206,312413.860,2624088.200,130.5100,0.5978,1.9100,0.1220,-1
KHAPRETA_510206,312414.860,2624088.200,130.5700,0.0212,1.8500,0.1182,-1
KHAPRETA_510206,312415.860,2624088.200,130.5400,0.4177,1.8800,0.1201,-1
KHAPRETA_510206,312416.860,2624088.200,130.6200,0.3819,1.8000,0.1150,-1
KHAPRETA_510206,312428.860,2624088.200,130.6300,0.0000,1.7900,0.1144,-1
KHAPRETA_510206,312438.860,2624088.200,130.6300,0.4869,1.7900,0.1144,-1
KHAPRETA_510206,312439.860,2624088.200,130.7500,0.4269,1.6700,0.1067,-1
KHAPRETA_510206,312134.860,2624089.200,127.6300,0.0000,4.7900,0.3061,-1
KHAPRETA_510206,312136.860,2624089.200,127.6200,1.0231,4.8000,0.3067,-1
KHAPRETA_510206,312148.860,2624089.200,127.5700,0.0000,4.8500,0.3099,-1
KHAPRETA_510206,312164.860,2624089.200,130.4400,0.2369,1.9800,0.1265,-1
KHAPRETA_510206,312166.860,2624089.200,129.9700,0.0000,2.4500,0.1565,-1
KHAPRETA_510206,312168.860,2624089.200,130.0800,0.2969,2.3400,0.1495,-1
KHAPRETA_510206,312170.860,2624089.200,130.1600,0.0000,2.2600,0.1444,-1
KHAPRETA_510206,312235.860,2624089.200,129.3200,0.3081,3.1000,0.1981,-1
KHAPRETA_510206,312236.860,2624089.200,129.1600,0.2281,3.2600,0.2083,-1
KHAPRETA_510206,312238.860,2624089.200,129.5000,0.2331,2.9200,0.1866,-1
KHAPRETA_510206,312239.860,2624089.200,129.3100,0.1381,3.1100,0.1987,-1
KHAPRETA_510206,312243.860,2624089.200,129.6100,0.0000,2.8100,0.1796,-1
KHAPRETA_510206,312245.860,2624089.200,129.4700,0.0000,2.9500,0.1885,-1
KHAPRETA_510206,312248.860,2624089.200,129.5900,0.0000,2.8300,0.1808,-1
KHAPRETA_510206,312254.860,2624089.200,129.3400,0.0000,3.0800,0.1968,-1
KHAPRETA_510206,312256.860,2624089.200,129.6100,0.0000,2.8100,0.1796,-1
KHAPRETA_510206,312262.860,2624089.200,129.5000,0.1350,2.9200,0.1866,-1
KHAPRETA_510206,312264.860,2624089.200,129.6200,0.0000,2.8000,0.1789,-1
KHAPRETA_510206,312267.860,2624089.200,129.3500,0.0000,3.0700,0.1962,-1
KHAPRETA_510206,312273.860,2624089.200,129.4600,0.3231,2.9600,0.1891,-1
KHAPRETA_510206,312277.860,2624089.200,129.5500,0.2234,2.8700,0.1834,-1
KHAPRETA_510206,312278.860,2624089.200,129.5200,0.1635,2.9000,0.1853,-1
KHAPRETA_510206,312285.860,2624089.200,129.6800,0.0000,2.7400,0.1751,-1
KHAPRETA_510206,312290.860,2624089.200,129.4900,0.0000,2.9300,0.1872,-1
KHAPRETA_510206,312294.860,2624089.200,129.5600,0.0000,2.8600,0.1827,-1
KHAPRETA_510206,312306.860,2624089.200,129.5600,0.1782,2.8600,0.1827,-1
KHAPRETA_510206,312307.860,2624089.200,129.7900,0.0950,2.6300,0.1681,-1
KHAPRETA_510206,312308.860,2624089.200,129.3700,0.2401,3.0500,0.1949,-1
KHAPRETA_510206,312311.860,2624089.200,130.0400,0.1632,2.3800,0.1521,-1
KHAPRETA_510206,312312.860,2624089.200,129.5000,0.3811,2.9200,0.1866,-1
KHAPRETA_510206,312313.860,2624089.200,129.2900,0.1381,3.1300,0.2000,-1
KHAPRETA_510206,312327.860,2624089.200,129.3200,0.3015,3.1000,0.1981,-1
KHAPRETA_510206,312328.860,2624089.200,129.3000,0.2281,3.1200,0.1994,-1
KHAPRETA_510206,312330.860,2624089.200,129.5600,0.0931,2.8600,0.1827,-1
KHAPRETA_510206,312335.860,2624089.200,129.3900,0.1331,3.0300,0.1936,-1
KHAPRETA_510206,312338.860,2624089.200,129.4000,0.0000,3.0200,0.1930,-1
KHAPRETA_510206,312341.860,2624089.200,129.4100,0.1481,3.0100,0.1923,-1
KHAPRETA_510206,312353.860,2624089.200,129.7800,0.0000,2.6400,0.1687,-1
KHAPRETA_510206,312360.860,2624089.200,129.8500,0.0000,2.5700,0.1642,-1
KHAPRETA_510206,312370.860,2624089.200,129.8900,0.1719,2.5300,0.1617,-1
KHAPRETA_510206,312371.860,2624089.200,130.1200,0.0569,2.3000,0.1470,-1
KHAPRETA_510206,312375.860,2624089.200,130.1400,0.1269,2.2800,0.1457,-1
KHAPRETA_510206,312376.860,2624089.200,130.0300,0.1819,2.3900,0.1527,-1
KHAPRETA_510206,312379.860,2624089.200,130.0300,0.0000,2.3900,0.1527,-1
KHAPRETA_510206,312382.860,2624089.200,129.9800,0.0714,2.4400,0.1559,-1
KHAPRETA_510206,312383.860,2624089.200,129.6900,0.1340,2.7300,0.1744,-1
KHAPRETA_510206,312388.860,2624089.200,129.8900,0.1747,2.5300,0.1617,-1
KHAPRETA_510206,312389.860,2624089.200,129.9800,0.0569,2.4400,0.1559,-1
KHAPRETA_510206,312398.860,2624089.200,130.5800,0.3419,1.8400,0.1176,-1
KHAPRETA_510206,312399.860,2624089.200,130.4600,0.4022,1.9600,0.1252,-1
KHAPRETA_510206,312404.860,2624089.200,130.5000,0.3369,1.9200,0.1227,-1
KHAPRETA_510206,312407.860,2624089.200,130.4600,0.3919,1.9600,0.1252,-1
KHAPRETA_510206,312408.860,2624089.200,130.5600,0.3419,1.8600,0.1188,-1
KHAPRETA_510206,312412.860,2624089.200,130.5300,0.0000,1.8900,0.1208,-1
KHAPRETA_510206,312414.860,2624089.200,130.5600,0.3969,1.8600,0.1188,-1
KHAPRETA_510206,312418.860,2624089.200,130.6100,0.0000,1.8100,0.1157,-1
KHAPRETA_510206,312422.860,2624089.200,130.5900,0.4019,1.8300,0.1169,-1
KHAPRETA_510206,312425.860,2624089.200,130.6400,0.4119,1.7800,0.1137,-1
KHAPRETA_510206,312426.860,2624089.200,130.6000,0.4319,1.8200,0.1163,-1
KHAPRETA_510206,312429.860,2624089.200,130.6700,0.0000,1.7500,0.1118,-1
KHAPRETA_510206,312434.860,2624089.200,130.7800,0.4769,1.6400,0.1048,-1
KHAPRETA_510206,312435.860,2624089.200,130.7300,0.5019,1.6900,0.1080,-1
KHAPRETA_510206,312135.860,2624090.200,127.4800,1.4293,4.9400,0.3157,-1
KHAPRETA_510206,312136.860,2624090.200,127.7300,0.2012,4.6900,0.2997,-1
KHAPRETA_510206,312137.860,2624090.200,127.8400,0.0050,4.5800,0.2927,-1
KHAPRETA_510206,312138.860,2624090.200,127.7400,1.1994,4.6800,0.2990,-1
KHAPRETA_510206,312146.860,2624090.200,127.8900,0.9331,4.5300,0.2895,-1
KHAPRETA_510206,312150.860,2624090.200,127.7600,0.0000,4.6600,0.2978,-1
KHAPRETA_510206,312153.860,2624090.200,131.4000,0.9031,1.0200,0.0652,-1
KHAPRETA_510206,312163.860,2624090.200,129.6000,0.0000,2.8200,0.1802,-1
KHAPRETA_510206,312165.860,2624090.200,130.1600,0.0000,2.2600,0.1444,-1
KHAPRETA_510206,312169.860,2624090.200,130.2500,0.2769,2.1700,0.1387,-1
KHAPRETA_510206,312233.860,2624090.200,129.0900,0.0000,3.3300,0.2128,-1
KHAPRETA_510206,312237.860,2624090.200,129.4300,0.0000,2.9900,0.1911,-1
KHAPRETA_510206,312240.860,2624090.200,129.6900,0.1415,2.7300,0.1744,-1
KHAPRETA_510206,312241.860,2624090.200,129.6200,0.0723,2.8000,0.1789,-1
KHAPRETA_510206,312246.860,2624090.200,129.7800,0.0819,2.6400,0.1687,-1
KHAPRETA_510206,312247.860,2624090.200,129.9400,0.0531,2.4800,0.1585,-1
KHAPRETA_510206,312249.860,2624090.200,129.6700,0.0781,2.7500,0.1757,-1
KHAPRETA_510206,312257.860,2624090.200,129.3300,0.3440,3.0900,0.1974,-1
KHAPRETA_510206,312258.860,2624090.200,129.2700,0.2231,3.1500,0.2013,-1
KHAPRETA_510206,312261.860,2624090.200,129.4100,0.1714,3.0100,0.1923,-1
KHAPRETA_510206,312262.860,2624090.200,129.5100,0.2293,2.9100,0.1859,-1
KHAPRETA_510206,312265.860,2624090.200,129.5000,0.0000,2.9200,0.1866,-1
KHAPRETA_510206,312271.860,2624090.200,129.4200,0.0000,3.0000,0.1917,-1
KHAPRETA_510206,312274.860,2624090.200,129.5300,0.1781,2.8900,0.1847,-1
KHAPRETA_510206,312275.860,2624090.200,129.4200,0.1231,3.0000,0.1917,-1
KHAPRETA_510206,312278.860,2624090.200,129.5400,0.1281,2.8800,0.1840,-1
KHAPRETA_510206,312281.860,2624090.200,129.4900,0.0581,2.9300,0.1872,-1
KHAPRETA_510206,312282.860,2624090.200,129.6600,0.2169,2.7600,0.1764,-1
KHAPRETA_510206,312284.860,2624090.200,129.4700,0.0000,2.9500,0.1885,-1
KHAPRETA_510206,312286.860,2624090.200,129.6800,0.0000,2.7400,0.1751,-1
KHAPRETA_510206,312291.860,2624090.200,129.5200,0.0000,2.9000,0.1853,-1
KHAPRETA_510206,312293.860,2624090.200,129.5600,0.0000,2.8600,0.1827,-1
KHAPRETA_510206,312296.860,2624090.200,129.7600,0.0000,2.6600,0.1700,-1
KHAPRETA_510206,312298.860,2624090.200,129.4500,0.0000,2.9700,0.1898,-1
KHAPRETA_510206,312300.860,2624090.200,129.5300,0.0000,2.8900,0.1847,-1
KHAPRETA_510206,312304.860,2624090.200,129.7000,0.0581,2.7200,0.1738,-1
KHAPRETA_510206,312305.860,2624090.200,129.6600,0.1400,2.7600,0.1764,-1
KHAPRETA_510206,312306.860,2624090.200,129.4200,0.1227,3.0000,0.1917,-1
KHAPRETA_510206,312308.860,2624090.200,129.0300,0.3206,3.3900,0.2166,-1
KHAPRETA_510206,312309.860,2624090.200,129.2800,0.3731,3.1400,0.2006,-1
KHAPRETA_510206,312311.860,2624090.200,129.9500,0.3100,2.4700,0.1578,-1
KHAPRETA_510206,312314.860,2624090.200,129.2200,0.0081,3.2000,0.2045,-1
KHAPRETA_510206,312318.860,2624090.200,129.6900,0.0000,2.7300,0.1744,-1
KHAPRETA_510206,312321.860,2624090.200,129.4300,0.0869,2.9900,0.1911,-1
KHAPRETA_510206,312323.860,2624090.200,129.3700,0.0000,3.0500,0.1949,-1
KHAPRETA_510206,312327.860,2624090.200,129.5700,0.2281,2.8500,0.1821,-1
KHAPRETA_510206,312331.860,2624090.200,129.6900,0.1781,2.7300,0.1744,-1
KHAPRETA_510206,312333.860,2624090.200,129.3400,0.1331,3.0800,0.1968,-1
KHAPRETA_510206,312334.860,2624090.200,129.5100,0.0850,2.9100,0.1859,-1
KHAPRETA_510206,312335.860,2624090.200,129.5100,0.1339,2.9100,0.1859,-1
KHAPRETA_510206,312337.860,2624090.200,129.8500,0.0000,2.5700,0.1642,-1
KHAPRETA_510206,312341.860,2624090.200,129.4800,0.0600,2.9400,0.1879,-1
KHAPRETA_510206,312343.860,2624090.200,129.4900,0.1881,2.9300,0.1872,-1
KHAPRETA_510206,312348.860,2624090.200,129.5500,0.0000,2.8700,0.1834,-1
KHAPRETA_510206,312358.860,2624090.200,129.7800,0.0369,2.6400,0.1687,-1
KHAPRETA_510206,312359.860,2624090.200,129.8500,0.0670,2.5700,0.1642,-1
KHAPRETA_510206,312368.860,2624090.200,129.8900,0.0919,2.5300,0.1617,-1
KHAPRETA_510206,312369.860,2624090.200,129.9600,0.0569,2.4600,0.1572,-1
KHAPRETA_510206,312374.860,2624090.200,130.0900,0.0000,2.3300,0.1489,-1
KHAPRETA_510206,312377.860,2624090.200,129.9700,0.0319,2.4500,0.1565,-1
KHAPRETA_510206,312381.860,2624090.200,129.9300,0.0000,2.4900,0.1591,-1
KHAPRETA_510206,312383.860,2624090.200,129.9500,0.0488,2.4700,0.1578,-1
KHAPRETA_510206,312384.860,2624090.200,129.7300,0.0869,2.6900,0.1719,-1
KHAPRETA_510206,312388.860,2624090.200,130.0600,0.0569,2.3600,0.1508,-1
KHAPRETA_510206,312390.860,2624090.200,130.3100,0.3919,2.1100,0.1348,-1
KHAPRETA_510206,312394.860,2624090.200,130.5100,0.3519,1.9100,0.1220,-1
KHAPRETA_510206,312395.860,2624090.200,130.4800,0.3040,1.9400,0.1240,-1
KHAPRETA_510206,312396.860,2624090.200,130.5800,0.3519,1.8400,0.1176,-1
KHAPRETA_510206,312399.860,2624090.200,130.4400,0.0050,1.9800,0.1265,-1
KHAPRETA_510206,312404.860,2624090.200,130.4500,0.3619,1.9700,0.1259,-1
KHAPRETA_510206,312413.860,2624090.200,130.6300,0.4419,1.7900,0.1144,-1
KHAPRETA_510206,312416.860,2624090.200,130.6200,0.4269,1.8000,0.1150,-1
KHAPRETA_510206,312417.860,2624090.200,130.6300,0.4219,1.7900,0.1144,-1
KHAPRETA_510206,312422.860,2624090.200,130.5800,0.6044,1.8400,0.1176,-1
KHAPRETA_510206,312423.860,2624090.200,130.6700,0.0200,1.7500,0.1118,-1
KHAPRETA_510206,312424.860,2624090.200,130.5400,0.4469,1.8800,0.1201,-1
KHAPRETA_510206,312432.860,2624090.200,130.6700,0.4219,1.7500,0.1118,-1
KHAPRETA_510206,312436.860,2624090.200,130.8300,0.4519,1.5900,0.1016,-1
KHAPRETA_510206,312437.860,2624090.200,130.6800,0.5269,1.7400,0.1112,-1
KHAPRETA_510206,312439.860,2624090.200,130.6500,0.4219,1.7700,0.1131,-1
KHAPRETA_510206,312135.860,2624091.200,127.7800,1.1691,4.6400,0.2965,-1
KHAPRETA_510206,312136.860,2624091.200,127.4400,1.0085,4.9800,0.3182,-1
KHAPRETA_510206,312138.860,2624091.200,128.3600,1.0181,4.0600,0.2594,-1
KHAPRETA_510206,312140.860,2624091.200,128.7400,0.7331,3.6800,0.2351,-1
KHAPRETA_510206,312141.860,2624091.200,128.3100,0.8854,4.1100,0.2626,-1
KHAPRETA_510206,312144.860,2624091.200,127.9600,1.4568,4.4600,0.2850,-1
KHAPRETA_510206,312145.860,2624091.200,127.8500,0.9184,4.5700,0.2920,-1
KHAPRETA_510206,312146.860,2624091.200,127.9100,1.3479,4.5100,0.2882,-1
KHAPRETA_510206,312153.860,2624091.200,127.9700,0.8119,4.4500,0.2843,-1
KHAPRETA_510206,312156.860,2624091.200,132.2500,0.7281,0.1700,0.0109,-1
KHAPRETA_510206,312164.860,2624091.200,129.5100,0.0000,2.9100,0.1859,-1
KHAPRETA_510206,312169.860,2624091.200,130.3300,0.2369,2.0900,0.1335,-1
KHAPRETA_510206,312193.860,2624091.200,129.7700,0.0000,2.6500,0.1693,-1
KHAPRETA_510206,312200.860,2624091.200,129.6900,0.1137,2.7300,0.1744,-1
KHAPRETA_510206,312201.860,2624091.200,129.8000,0.1590,2.6200,0.1674,-1
KHAPRETA_510206,312203.860,2624091.200,129.5100,0.0000,2.9100,0.1859,-1
KHAPRETA_510206,312230.860,2624091.200,128.8100,0.0000,3.6100,0.2307,-1
KHAPRETA_510206,312236.860,2624091.200,129.9500,0.0581,2.4700,0.1578,-1
KHAPRETA_510206,312238.860,2624091.200,129.6000,0.0269,2.8200,0.1802,-1
KHAPRETA_510206,312240.860,2624091.200,129.5400,0.0723,2.8800,0.1840,-1
KHAPRETA_510206,312241.860,2624091.200,129.6600,0.1415,2.7600,0.1764,-1
KHAPRETA_510206,312244.860,2624091.200,129.6300,0.2261,2.7900,0.1783,-1
KHAPRETA_510206,312245.860,2624091.200,129.3300,0.1741,3.0900,0.1974,-1
KHAPRETA_510206,312247.860,2624091.200,129.6700,0.0899,2.7500,0.1757,-1
KHAPRETA_510206,312248.860,2624091.200,129.8500,0.0250,2.5700,0.1642,-1
KHAPRETA_510206,312249.860,2624091.200,129.6200,0.0750,2.8000,0.1789,-1
KHAPRETA_510206,312250.860,2624091.200,129.7300,0.0781,2.6900,0.1719,-1
KHAPRETA_510206,312252.860,2624091.200,129.7300,0.3893,2.6900,0.1719,-1
KHAPRETA_510206,312253.860,2624091.200,129.0200,0.4509,3.4000,0.2173,-1
KHAPRETA_510206,312254.860,2624091.200,128.9300,0.4477,3.4900,0.2230,-1
KHAPRETA_510206,312255.860,2624091.200,129.4300,0.4231,2.9900,0.1911,-1
KHAPRETA_510206,312257.860,2624091.200,129.3100,0.0100,3.1100,0.1987,-1
KHAPRETA_510206,312259.860,2624091.200,129.4700,0.1531,2.9500,0.1885,-1
KHAPRETA_510206,312261.860,2624091.200,129.5600,0.1831,2.8600,0.1827,-1
KHAPRETA_510206,312276.860,2624091.200,129.2600,0.0000,3.1600,0.2019,-1
KHAPRETA_510206,312282.860,2624091.200,129.4500,0.0581,2.9700,0.1898,-1
KHAPRETA_510206,312295.860,2624091.200,129.4800,0.0000,2.9400,0.1879,-1
KHAPRETA_510206,312299.860,2624091.200,129.4900,0.0000,2.9300,0.1872,-1
KHAPRETA_510206,312301.860,2624091.200,129.5100,0.0231,2.9100,0.1859,-1
KHAPRETA_510206,312307.860,2624091.200,129.5600,0.0000,2.8600,0.1827,-1
KHAPRETA_510206,312310.860,2624091.200,129.1500,0.1781,3.2700,0.2089,-1
KHAPRETA_510206,312311.860,2624091.200,129.4200,0.3268,3.0000,0.1917,-1
KHAPRETA_510206,312312.860,2624091.200,129.7800,0.1781,2.6400,0.1687,-1
KHAPRETA_510206,312314.860,2624091.200,129.7600,0.2781,2.6600,0.1700,-1
KHAPRETA_510206,312321.860,2624091.200,129.9500,0.2519,2.4700,0.1578,-1
KHAPRETA_510206,312322.860,2624091.200,129.4100,0.0869,3.0100,0.1923,-1
KHAPRETA_510206,312325.860,2624091.200,129.6900,0.0000,2.7300,0.1744,-1
KHAPRETA_510206,312331.860,2624091.200,129.4200,0.0431,3.0000,0.1917,-1
KHAPRETA_510206,312335.860,2624091.200,129.4200,0.1331,3.0000,0.1917,-1
KHAPRETA_510206,312340.860,2624091.200,129.4800,0.2431,2.9400,0.1879,-1
KHAPRETA_510206,312341.860,2624091.200,129.2900,0.3939,3.1300,0.2000,-1
KHAPRETA_510206,312342.860,2624091.200,130.2100,0.1864,2.2100,0.1412,-1
KHAPRETA_510206,312343.860,2624091.200,129.4000,0.2238,3.0200,0.1930,-1
KHAPRETA_510206,312350.860,2624091.200,129.6700,0.0831,2.7500,0.1757,-1
KHAPRETA_510206,312354.860,2624091.200,129.6100,0.0381,2.8100,0.1796,-1
KHAPRETA_510206,312359.860,2624091.200,129.9100,0.0721,2.5100,0.1604,-1
KHAPRETA_510206,312360.860,2624091.200,129.9000,0.0669,2.5200,0.1610,-1
KHAPRETA_510206,312362.860,2624091.200,129.9200,0.0000,2.5000,0.1597,-1
KHAPRETA_510206,312364.860,2624091.200,129.8500,0.0000,2.5700,0.1642,-1
KHAPRETA_510206,312366.860,2624091.200,129.8300,0.0000,2.5900,0.1655,-1
KHAPRETA_510206,312372.860,2624091.200,130.1600,0.0869,2.2600,0.1444,-1
KHAPRETA_510206,312376.860,2624091.200,130.0100,0.0697,2.4100,0.1540,-1
KHAPRETA_510206,312377.860,2624091.200,129.8400,0.1082,2.5800,0.1649,-1
KHAPRETA_510206,312378.860,2624091.200,129.8300,0.0319,2.5900,0.1655,-1
KHAPRETA_510206,312389.860,2624091.200,130.3300,0.3919,2.0900,0.1335,-1
KHAPRETA_510206,312390.860,2624091.200,130.5600,0.2801,1.8600,0.1188,-1
KHAPRETA_510206,312391.860,2624091.200,130.5000,0.3919,1.9200,0.1227,-1
KHAPRETA_510206,312393.860,2624091.200,130.4400,0.0000,1.9800,0.1265,-1
KHAPRETA_510206,312395.860,2624091.200,130.3800,0.3519,2.0400,0.1304,-1
KHAPRETA_510206,312398.860,2624091.200,130.3000,0.3469,2.1200,0.1355,-1
KHAPRETA_510206,312399.860,2624091.200,130.4700,0.4228,1.9500,0.1246,-1
KHAPRETA_510206,312402.860,2624091.200,130.5000,0.0000,1.9200,0.1227,-1
KHAPRETA_510206,312406.860,2624091.200,130.5400,0.3819,1.8800,0.1201,-1
KHAPRETA_510206,312407.860,2624091.200,130.5400,0.5473,1.8800,0.1201,-1
KHAPRETA_510206,312413.860,2624091.200,130.6600,0.0550,1.7600,0.1125,-1
KHAPRETA_510206,312420.860,2624091.200,130.5600,0.0000,1.8600,0.1188,-1
KHAPRETA_510206,312432.860,2624091.200,130.6200,0.4469,1.8000,0.1150,-1
KHAPRETA_510206,312435.860,2624091.200,130.7200,0.0000,1.7000,0.1086,-1
KHAPRETA_510206,312439.860,2624091.200,130.6200,0.4369,1.8000,0.1150,-1
KHAPRETA_510206,312116.860,2624092.200,127.3200,1.4231,5.1000,0.3259,-1
KHAPRETA_510206,312117.860,2624092.200,126.9300,1.2281,5.4900,0.3508,-1
KHAPRETA_510206,312133.860,2624092.200,127.5300,1.1281,4.8900,0.3125,-1
KHAPRETA_510206,312135.860,2624092.200,127.5800,1.5364,4.8400,0.3093,-1
KHAPRETA_510206,312136.860,2624092.200,127.4400,1.6032,4.9800,0.3182,-1
KHAPRETA_510206,312139.860,2624092.200,129.1100,0.0000,3.3100,0.2115,-1
KHAPRETA_510206,312141.860,2624092.200,128.3400,0.0850,4.0800,0.2607,-1
KHAPRETA_510206,312143.860,2624092.200,127.8500,1.3446,4.5700,0.2920,-1
KHAPRETA_510206,312144.860,2624092.200,127.5900,0.9092,4.8300,0.3086,-1
KHAPRETA_510206,312145.860,2624092.200,127.9400,1.4568,4.4800,0.2863,-1
KHAPRETA_510206,312152.860,2624092.200,127.9100,0.0000,4.5100,0.2882,-1
KHAPRETA_510206,312156.860,2624092.200,128.3200,2.0650,4.1000,0.2620,-1
KHAPRETA_510206,312161.860,2624092.200,129.4500,0.0000,2.9700,0.1898,-1
KHAPRETA_510206,312163.860,2624092.200,129.1600,0.0000,3.2600,0.2083,-1
KHAPRETA_510206,312167.860,2624092.200,130.1500,0.0000,2.2700,0.1450,-1
KHAPRETA_510206,312171.860,2624092.200,130.4900,0.3369,1.9300,0.1233,-1
KHAPRETA_510206,312172.860,2624092.200,130.4500,0.4874,1.9700,0.1259,-1
KHAPRETA_510206,312198.860,2624092.200,129.5800,0.0000,2.8400,0.1815,-1
KHAPRETA_510206,312200.860,2624092.200,129.5500,0.1590,2.8700,0.1834,-1
KHAPRETA_510206,312201.860,2624092.200,129.4700,0.1137,2.9500,0.1885,-1
KHAPRETA_510206,312207.860,2624092.200,129.5500,0.0000,2.8700,0.1834,-1
KHAPRETA_510206,312209.860,2624092.200,129.7300,0.0000,2.6900,0.1719,-1
KHAPRETA_510206,312215.860,2624092.200,129.6200,0.0000,2.8000,0.1789,-1
KHAPRETA_510206,312226.860,2624092.200,128.8500,0.0000,3.5700,0.2281,-1
KHAPRETA_510206,312236.860,2624092.200,129.6600,0.0869,2.7600,0.1764,-1
KHAPRETA_510206,312238.860,2624092.200,129.8300,0.1500,2.5900,0.1655,-1
KHAPRETA_510206,312243.860,2624092.200,129.4600,0.0369,2.9600,0.1891,-1
KHAPRETA_510206,312244.860,2624092.200,129.8500,0.0731,2.5700,0.1642,-1
KHAPRETA_510206,312245.860,2624092.200,129.4600,0.1806,2.9600,0.1891,-1
KHAPRETA_510206,312246.860,2624092.200,129.5800,0.1652,2.8400,0.1815,-1
KHAPRETA_510206,312249.860,2624092.200,129.5800,0.0300,2.8400,0.1815,-1
KHAPRETA_510206,312251.860,2624092.200,129.7900,0.1124,2.6300,0.1681,-1
KHAPRETA_510206,312252.860,2624092.200,129.5900,0.2162,2.8300,0.1808,-1
KHAPRETA_510206,312253.860,2624092.200,129.3600,0.4858,3.0600,0.1955,-1
KHAPRETA_510206,312254.860,2624092.200,128.9800,0.2248,3.4400,0.2198,-1
KHAPRETA_510206,312257.860,2624092.200,129.3500,0.2331,3.0700,0.1962,-1
KHAPRETA_510206,312259.860,2624092.200,129.4700,0.1531,2.9500,0.1885,-1
KHAPRETA_510206,312265.860,2624092.200,129.3800,0.1181,3.0400,0.1942,-1
KHAPRETA_510206,312266.860,2624092.200,129.5400,0.2630,2.8800,0.1840,-1
KHAPRETA_510206,312268.860,2624092.200,129.4500,0.0000,2.9700,0.1898,-1
KHAPRETA_510206,312272.860,2624092.200,129.4400,0.0000,2.9800,0.1904,-1
KHAPRETA_510206,312274.860,2624092.200,129.3100,0.1931,3.1100,0.1987,-1
KHAPRETA_510206,312275.860,2624092.200,129.3900,0.2816,3.0300,0.1936,-1
KHAPRETA_510206,312285.860,2624092.200,129.5400,0.0000,2.8800,0.1840,-1
KHAPRETA_510206,312293.860,2624092.200,129.6800,0.0531,2.7400,0.1751,-1
KHAPRETA_510206,312294.860,2624092.200,129.6700,0.0481,2.7500,0.1757,-1
KHAPRETA_510206,312298.860,2624092.200,129.5600,0.0000,2.8600,0.1827,-1
KHAPRETA_510206,312300.860,2624092.200,129.4400,0.0231,2.9800,0.1904,-1
KHAPRETA_510206,312301.860,2624092.200,129.7300,0.1421,2.6900,0.1719,-1
KHAPRETA_510206,312302.860,2624092.200,129.5400,0.1203,2.8800,0.1840,-1
KHAPRETA_510206,312304.860,2624092.200,129.5200,0.0000,2.9000,0.1853,-1
KHAPRETA_510206,312313.860,2624092.200,129.5500,0.0000,2.8700,0.1834,-1
KHAPRETA_510206,312315.860,2624092.200,130.3300,0.0000,2.0900,0.1335,-1
KHAPRETA_510206,312317.860,2624092.200,129.1600,0.2052,3.2600,0.2083,-1
KHAPRETA_510206,312318.860,2624092.200,129.9800,0.3081,2.4400,0.1559,-1
KHAPRETA_510206,312326.860,2624092.200,129.8500,0.0000,2.5700,0.1642,-1
KHAPRETA_510206,312334.860,2624092.200,129.3800,0.0119,3.0400,0.1942,-1
KHAPRETA_510206,312342.860,2624092.200,129.4200,0.2643,3.0000,0.1917,-1
KHAPRETA_510206,312343.860,2624092.200,129.3800,0.2590,3.0400,0.1942,-1
KHAPRETA_510206,312350.860,2624092.200,129.6100,0.0531,2.8100,0.1796,-1
KHAPRETA_510206,312354.860,2624092.200,129.7000,0.0831,2.7200,0.1738,-1
KHAPRETA_510206,312367.860,2624092.200,130.0400,0.0619,2.3800,0.1521,-1
KHAPRETA_510206,312370.860,2624092.200,129.9900,0.0869,2.4300,0.1553,-1
KHAPRETA_510206,312372.860,2624092.200,129.9500,0.1919,2.4700,0.1578,-1
KHAPRETA_510206,312376.860,2624092.200,129.9000,0.1226,2.5200,0.1610,-1
KHAPRETA_510206,312377.860,2624092.200,129.8500,0.0697,2.5700,0.1642,-1
KHAPRETA_510206,312381.860,2624092.200,129.8100,0.0000,2.6100,0.1668,-1
KHAPRETA_510206,312385.860,2624092.200,130.1500,0.0000,2.2700,0.1450,-1
KHAPRETA_510206,312397.860,2624092.200,130.5300,0.2469,1.8900,0.1208,-1
KHAPRETA_510206,312401.860,2624092.200,130.5400,0.3869,1.8800,0.1201,-1
KHAPRETA_510206,312404.860,2624092.200,130.5400,0.0000,1.8800,0.1201,-1
KHAPRETA_510206,312407.860,2624092.200,130.5600,0.3819,1.8600,0.1188,-1
KHAPRETA_510206,312413.860,2624092.200,130.5200,0.6321,1.9000,0.1214,-1
KHAPRETA_510206,312414.860,2624092.200,130.6800,0.3719,1.7400,0.1112,-1
KHAPRETA_510206,312422.860,2624092.200,130.5800,0.0000,1.8400,0.1176,-1
KHAPRETA_510206,312425.860,2624092.200,130.6800,0.0000,1.7400,0.1112,-1
KHAPRETA_510206,312427.860,2624092.200,130.7200,0.6427,1.7000,0.1086,-1
KHAPRETA_510206,312428.860,2624092.200,130.6900,0.4719,1.7300,0.1105,-1
KHAPRETA_510206,312430.860,2624092.200,130.6000,0.0000,1.8200,0.1163,-1
KHAPRETA_510206,312127.860,2624093.200,127.4000,1.0931,5.0200,0.3208,-1
KHAPRETA_510206,312129.860,2624093.200,127.7900,0.0000,4.6300,0.2958,-1
KHAPRETA_510206,312133.860,2624093.200,127.5200,1.1231,4.9000,0.3131,-1
KHAPRETA_510206,312137.860,2624093.200,127.9100,0.0000,4.5100,0.2882,-1
KHAPRETA_510206,312141.860,2624093.200,128.1400,0.0050,4.2800,0.2735,-1
KHAPRETA_510206,312143.860,2624093.200,128.2100,0.9631,4.2100,0.2690,-1
KHAPRETA_510206,312146.860,2624093.200,128.1300,0.0000,4.2900,0.2741,-1
KHAPRETA_510206,312148.860,2624093.200,127.8000,1.2781,4.6200,0.2952,-1
KHAPRETA_510206,312149.860,2624093.200,128.0400,1.3624,4.3800,0.2799,-1
KHAPRETA_510206,312153.860,2624093.200,128.0300,0.7831,4.3900,0.2805,-1
KHAPRETA_510206,312156.860,2624093.200,128.1200,1.0951,4.3000,0.2748,-1
KHAPRETA_510206,312157.860,2624093.200,128.1400,0.8281,4.2800,0.2735,-1
KHAPRETA_510206,312160.860,2624093.200,128.8000,0.0000,3.6200,0.2313,-1
KHAPRETA_510206,312164.860,2624093.200,129.7500,0.0319,2.6700,0.1706,-1
KHAPRETA_510206,312166.860,2624093.200,130.4700,0.2669,1.9500,0.1246,-1
KHAPRETA_510206,312172.860,2624093.200,130.4400,0.3369,1.9800,0.1265,-1
KHAPRETA_510206,312174.860,2624093.200,130.4900,0.2769,1.9300,0.1233,-1
KHAPRETA_510206,312175.860,2624093.200,130.3300,0.3569,2.0900,0.1335,-1
KHAPRETA_510206,312190.860,2624093.200,129.6100,0.1781,2.8100,0.1796,-1
KHAPRETA_510206,312191.860,2624093.200,129.4200,0.0650,3.0000,0.1917,-1
KHAPRETA_510206,312192.860,2624093.200,129.4800,0.1781,2.9400,0.1879,-1
KHAPRETA_510206,312196.860,2624093.200,129.4400,0.1881,2.9800,0.1904,-1
KHAPRETA_510206,312197.860,2624093.200,129.4000,0.1813,3.0200,0.1930,-1
KHAPRETA_510206,312211.860,2624093.200,129.4400,0.0631,2.9800,0.1904,-1
KHAPRETA_510206,312217.860,2624093.200,129.5900,0.0781,2.8300,0.1808,-1
KHAPRETA_510206,312219.860,2624093.200,129.8300,0.0000,2.5900,0.1655,-1
KHAPRETA_510206,312224.860,2624093.200,128.8900,0.4581,3.5300,0.2256,-1
KHAPRETA_510206,312225.860,2624093.200,128.8600,0.4431,3.5600,0.2275,-1
KHAPRETA_510206,312228.860,2624093.200,128.9600,0.2846,3.4600,0.2211,-1
KHAPRETA_510206,312229.860,2624093.200,129.2900,0.4137,3.1300,0.2000,-1
KHAPRETA_510206,312235.860,2624093.200,129.5500,0.0000,2.8700,0.1834,-1
KHAPRETA_510206,312238.860,2624093.200,129.9000,0.1200,2.5200,0.1610,-1
KHAPRETA_510206,312241.860,2624093.200,129.5100,0.1473,2.9100,0.1859,-1
KHAPRETA_510206,312242.860,2624093.200,129.6000,0.1596,2.8200,0.1802,-1
KHAPRETA_510206,312245.860,2624093.200,129.5700,0.1020,2.8500,0.1821,-1
KHAPRETA_510206,312246.860,2624093.200,129.6800,0.0541,2.7400,0.1751,-1
KHAPRETA_510206,312247.860,2624093.200,129.4800,0.0481,2.9400,0.1879,-1
KHAPRETA_510206,312249.860,2624093.200,129.5600,0.0981,2.8600,0.1827,-1
KHAPRETA_510206,312251.860,2624093.200,129.6500,0.0069,2.7700,0.1770,-1
KHAPRETA_510206,312254.860,2624093.200,129.1000,0.3981,3.3200,0.2121,-1
KHAPRETA_510206,312263.860,2624093.200,129.4200,0.1781,3.0000,0.1917,-1
KHAPRETA_510206,312264.860,2624093.200,129.4200,0.1781,3.0000,0.1917,-1
KHAPRETA_510206,312266.860,2624093.200,129.4300,0.1181,2.9900,0.1911,-1
KHAPRETA_510206,312270.860,2624093.200,129.4200,0.0000,3.0000,0.1917,-1
KHAPRETA_510206,312275.860,2624093.200,129.4600,0.1305,2.9600,0.1891,-1
KHAPRETA_510206,312276.860,2624093.200,129.5200,0.1581,2.9000,0.1853,-1
KHAPRETA_510206,312278.860,2624093.200,129.5000,0.1281,2.9200,0.1866,-1
KHAPRETA_510206,312281.860,2624093.200,129.2800,0.0000,3.1400,0.2006,-1
KHAPRETA_510206,312284.860,2624093.200,129.5200,0.1831,2.9000,0.1853,-1
KHAPRETA_510206,312299.860,2624093.200,129.6100,0.0000,2.8100,0.1796,-1
KHAPRETA_510206,312302.860,2624093.200,129.5400,0.2054,2.8800,0.1840,-1
KHAPRETA_510206,312303.860,2624093.200,129.4400,0.1181,2.9800,0.1904,-1
KHAPRETA_510206,312305.860,2624093.200,129.6500,0.1231,2.7700,0.1770,-1
KHAPRETA_510206,312306.860,2624093.200,129.5300,0.0631,2.8900,0.1847,-1
KHAPRETA_510206,312317.860,2624093.200,129.4200,0.3081,3.0000,0.1917,-1
KHAPRETA_510206,312321.860,2624093.200,129.3100,0.0881,3.1100,0.1987,-1
KHAPRETA_510206,312324.860,2624093.200,129.6200,0.0000,2.8000,0.1789,-1
KHAPRETA_510206,312327.860,2624093.200,129.9400,0.1481,2.4800,0.1585,-1
KHAPRETA_510206,312329.860,2624093.200,129.7000,0.2771,2.7200,0.1738,-1
KHAPRETA_510206,312330.860,2624093.200,129.2500,0.0381,3.1700,0.2026,-1
KHAPRETA_510206,312332.860,2624093.200,129.6500,0.0000,2.7700,0.1770,-1
KHAPRETA_510206,312334.860,2624093.200,129.8000,0.1981,2.6200,0.1674,-1
KHAPRETA_510206,312342.860,2624093.200,129.8600,0.2450,2.5600,0.1636,-1
KHAPRETA_510206,312346.860,2624093.200,129.7500,0.0000,2.6700,0.1706,-1
KHAPRETA_510206,312355.860,2624093.200,129.7600,0.0000,2.6600,0.1700,-1
KHAPRETA_510206,312357.860,2624093.200,129.6600,0.0481,2.7600,0.1764,-1
KHAPRETA_510206,312361.860,2624093.200,129.7900,0.0295,2.6300,0.1681,-1
KHAPRETA_510206,312362.860,2624093.200,129.8000,0.0723,2.6200,0.1674,-1
KHAPRETA_510206,312367.860,2624093.200,129.9000,0.1319,2.5200,0.1610,-1
KHAPRETA_510206,312370.860,2624093.200,129.9500,0.1069,2.4700,0.1578,-1
KHAPRETA_510206,312375.860,2624093.200,129.9700,0.0919,2.4500,0.1565,-1
KHAPRETA_510206,312386.860,2624093.200,130.1200,0.3269,2.3000,0.1470,-1
KHAPRETA_510206,312387.860,2624093.200,130.4300,0.1719,1.9900,0.1272,-1
KHAPRETA_510206,312397.860,2624093.200,130.2700,0.0400,2.1500,0.1374,-1
KHAPRETA_510206,312399.860,2624093.200,130.6000,0.2919,1.8200,0.1163,-1
KHAPRETA_510206,312401.860,2624093.200,130.5500,0.3819,1.8700,0.1195,-1
KHAPRETA_510206,312409.860,2624093.200,130.5500,0.0000,1.8700,0.1195,-1
KHAPRETA_510206,312412.860,2624093.200,130.5800,0.4069,1.8400,0.1176,-1
KHAPRETA_510206,312424.860,2624093.200,130.6100,0.4569,1.8100,0.1157,-1
KHAPRETA_510206,312427.860,2624093.200,130.6800,0.4719,1.7400,0.1112,-1
KHAPRETA_510206,312431.860,2624093.200,130.7100,0.0000,1.7100,0.1093,-1
KHAPRETA_510206,312434.860,2624093.200,130.8000,0.0000,1.6200,0.1035,-1
KHAPRETA_510206,312437.860,2624093.200,130.6800,0.6650,1.7400,0.1112,-1
KHAPRETA_510206,312438.860,2624093.200,130.6600,0.4519,1.7600,0.1125,-1
KHAPRETA_510206,312114.860,2624094.200,127.0900,0.0000,5.3300,0.3406,-1
KHAPRETA_510206,312119.860,2624094.200,130.4800,0.2919,1.9400,0.1240,-1
KHAPRETA_510206,312121.860,2624094.200,131.4000,1.1111,1.0200,0.0652,-1
KHAPRETA_510206,312122.860,2624094.200,128.2700,2.0900,4.1500,0.2652,-1
KHAPRETA_510206,312123.860,2624094.200,127.2200,1.3201,5.2000,0.3323,-1
KHAPRETA_510206,312124.860,2624094.200,127.4100,1.2781,5.0100,0.3201,-1
KHAPRETA_510206,312127.860,2624094.200,127.5900,1.1881,4.8300,0.3086,-1
KHAPRETA_510206,312130.860,2624094.200,128.2000,0.8431,4.2200,0.2696,-1
KHAPRETA_510206,312131.860,2624094.200,128.0900,0.3700,4.3300,0.2767,-1
KHAPRETA_510206,312132.860,2624094.200,127.4600,0.8431,4.9600,0.3169,-1
KHAPRETA_510206,312140.860,2624094.200,128.3000,1.1704,4.1200,0.2633,-1
KHAPRETA_510206,312141.860,2624094.200,128.3500,0.8434,4.0700,0.2601,-1
KHAPRETA_510206,312142.860,2624094.200,127.8900,1.1350,4.5300,0.2895,-1
KHAPRETA_510206,312144.860,2624094.200,127.8000,0.8381,4.6200,0.2952,-1
KHAPRETA_510206,312145.860,2624094.200,128.1000,1.4044,4.3200,0.2760,-1
KHAPRETA_510206,312148.860,2624094.200,127.9000,0.9464,4.5200,0.2888,-1
KHAPRETA_510206,312149.860,2624094.200,127.9000,1.2781,4.5200,0.2888,-1
KHAPRETA_510206,312153.860,2624094.200,128.2100,0.1050,4.2100,0.2690,-1
KHAPRETA_510206,312155.860,2624094.200,128.1800,0.7531,4.2400,0.2709,-1
KHAPRETA_510206,312164.860,2624094.200,129.8400,0.1140,2.5800,0.1649,-1
KHAPRETA_510206,312165.860,2624094.200,129.9700,0.2350,2.4500,0.1565,-1
KHAPRETA_510206,312166.860,2624094.200,130.3100,0.3640,2.1100,0.1348,-1
KHAPRETA_510206,312167.860,2624094.200,130.1900,0.3408,2.2300,0.1425,-1
KHAPRETA_510206,312185.860,2624094.200,129.9600,0.1231,2.4600,0.1572,-1
KHAPRETA_510206,312197.860,2624094.200,129.6400,0.1881,2.7800,0.1776,-1
KHAPRETA_510206,312203.860,2624094.200,129.6600,0.0000,2.7600,0.1764,-1
KHAPRETA_510206,312208.860,2624094.200,129.6000,0.0831,2.8200,0.1802,-1
KHAPRETA_510206,312209.860,2624094.200,129.6100,0.1318,2.8100,0.1796,-1
KHAPRETA_510206,312211.860,2624094.200,129.6500,0.1813,2.7700,0.1770,-1
KHAPRETA_510206,312212.860,2624094.200,129.6400,0.0631,2.7800,0.1776,-1
KHAPRETA_510206,312217.860,2624094.200,129.6200,0.1215,2.8000,0.1789,-1
KHAPRETA_510206,312218.860,2624094.200,129.6200,0.2176,2.8000,0.1789,-1
KHAPRETA_510206,312228.860,2624094.200,129.4800,0.4137,2.9400,0.1879,-1
KHAPRETA_510206,312229.860,2624094.200,129.6400,0.2592,2.7800,0.1776,-1
KHAPRETA_510206,312230.860,2624094.200,129.6600,0.1375,2.7600,0.1764,-1
KHAPRETA_510206,312231.860,2624094.200,129.8100,0.0581,2.6100,0.1668,-1
KHAPRETA_510206,312238.860,2624094.200,129.5900,0.0619,2.8300,0.1808,-1
KHAPRETA_510206,312241.860,2624094.200,129.5400,0.1596,2.8800,0.1840,-1
KHAPRETA_510206,312242.860,2624094.200,129.6000,0.0967,2.8200,0.1802,-1
KHAPRETA_510206,312243.860,2624094.200,129.6200,0.0881,2.8000,0.1789,-1
KHAPRETA_510206,312245.860,2624094.200,129.6400,0.0725,2.7800,0.1776,-1
KHAPRETA_510206,312246.860,2624094.200,129.6400,0.0833,2.7800,0.1776,-1
KHAPRETA_510206,312253.860,2624094.200,129.5900,0.0381,2.8300,0.1808,-1
KHAPRETA_510206,312257.860,2624094.200,129.1200,0.2731,3.3000,0.2109,-1
KHAPRETA_510206,312259.860,2624094.200,129.7300,0.2031,2.6900,0.1719,-1
KHAPRETA_510206,312262.860,2624094.200,129.5600,0.0000,2.8600,0.1827,-1
KHAPRETA_510206,312269.860,2624094.200,129.4400,0.0000,2.9800,0.1904,-1
KHAPRETA_510206,312271.860,2624094.200,129.2900,0.0000,3.1300,0.2000,-1
KHAPRETA_510206,312273.860,2624094.200,129.4700,0.2081,2.9500,0.1885,-1
KHAPRETA_510206,312274.860,2624094.200,129.3600,0.1617,3.0600,0.1955,-1
KHAPRETA_510206,312275.860,2624094.200,129.3400,0.2119,3.0800,0.1968,-1
KHAPRETA_510206,312277.860,2624094.200,129.4400,0.1281,2.9800,0.1904,-1
KHAPRETA_510206,312278.860,2624094.200,129.5200,0.1382,2.9000,0.1853,-1
KHAPRETA_510206,312279.860,2624094.200,129.4300,0.1281,2.9900,0.1911,-1
KHAPRETA_510206,312283.860,2624094.200,129.2100,0.1831,3.2100,0.2051,-1
KHAPRETA_510206,312284.860,2624094.200,129.4100,0.3107,3.0100,0.1923,-1
KHAPRETA_510206,312292.860,2624094.200,129.4900,0.0000,2.9300,0.1872,-1
KHAPRETA_510206,312294.860,2624094.200,129.4400,0.1231,2.9800,0.1904,-1
KHAPRETA_510206,312301.860,2624094.200,129.5000,0.0000,2.9200,0.1866,-1
KHAPRETA_510206,312304.860,2624094.200,129.5500,0.0681,2.8700,0.1834,-1
KHAPRETA_510206,312312.860,2624094.200,129.1100,0.0000,3.3100,0.2115,-1
KHAPRETA_510206,312315.860,2624094.200,129.7400,0.0000,2.6800,0.1712,-1
KHAPRETA_510206,312319.860,2624094.200,129.7300,0.0000,2.6900,0.1719,-1
KHAPRETA_510206,312321.860,2624094.200,129.6000,0.2412,2.8200,0.1802,-1
KHAPRETA_510206,312322.860,2624094.200,129.9000,0.0881,2.5200,0.1610,-1
KHAPRETA_510206,312326.860,2624094.200,129.9200,0.1481,2.5000,0.1597,-1
KHAPRETA_510206,312327.860,2624094.200,129.4800,0.1090,2.9400,0.1879,-1
KHAPRETA_510206,312329.860,2624094.200,129.9500,0.0381,2.4700,0.1578,-1
KHAPRETA_510206,312331.860,2624094.200,129.9300,0.1981,2.4900,0.1591,-1
KHAPRETA_510206,312333.860,2624094.200,129.6500,0.1531,2.7700,0.1770,-1
KHAPRETA_510206,312339.860,2624094.200,129.5100,0.1831,2.9100,0.1859,-1
KHAPRETA_510206,312340.860,2624094.200,129.4100,0.1331,3.0100,0.1923,-1
KHAPRETA_510206,312342.860,2624094.200,129.9100,0.0876,2.5100,0.1604,-1
KHAPRETA_510206,312343.860,2624094.200,129.9300,0.0669,2.4900,0.1591,-1
KHAPRETA_510206,312349.860,2624094.200,129.5400,0.0000,2.8800,0.1840,-1
KHAPRETA_510206,312351.860,2624094.200,129.6700,0.0000,2.7500,0.1757,-1
KHAPRETA_510206,312356.860,2624094.200,129.6800,0.0481,2.7400,0.1751,-1
KHAPRETA_510206,312357.860,2624094.200,129.6800,0.0625,2.7400,0.1751,-1
KHAPRETA_510206,312360.860,2624094.200,129.7300,0.0269,2.6900,0.1719,-1
KHAPRETA_510206,312361.860,2624094.200,129.8300,0.1012,2.5900,0.1655,-1
KHAPRETA_510206,312362.860,2624094.200,129.9200,0.0295,2.5000,0.1597,-1
KHAPRETA_510206,312369.860,2624094.200,129.9700,0.0000,2.4500,0.1565,-1
KHAPRETA_510206,312375.860,2624094.200,129.9600,0.0969,2.4600,0.1572,-1
KHAPRETA_510206,312377.860,2624094.200,129.7500,0.0000,2.6700,0.1706,-1
KHAPRETA_510206,312380.860,2624094.200,130.0000,0.0000,2.4200,0.1546,-1
KHAPRETA_510206,312383.860,2624094.200,130.0800,0.0000,2.3400,0.1495,-1
KHAPRETA_510206,312385.860,2624094.200,130.2800,0.0000,2.1400,0.1367,-1
KHAPRETA_510206,312390.860,2624094.200,130.4300,0.0000,1.9900,0.1272,-1
KHAPRETA_510206,312397.860,2624094.200,130.4500,0.3564,1.9700,0.1259,-1
KHAPRETA_510206,312398.860,2624094.200,130.2900,0.0450,2.1300,0.1361,-1
KHAPRETA_510206,312399.860,2624094.200,130.3600,0.4855,2.0600,0.1316,-1
KHAPRETA_510206,312402.860,2624094.200,130.4200,0.3769,2.0000,0.1278,-1
KHAPRETA_510206,312403.860,2624094.200,130.5300,0.3219,1.8900,0.1208,-1
KHAPRETA_510206,312410.860,2624094.200,130.5600,0.4269,1.8600,0.1188,-1
KHAPRETA_510206,312412.860,2624094.200,130.5900,0.5974,1.8300,0.1169,-1
KHAPRETA_510206,312413.860,2624094.200,130.6600,0.4069,1.7600,0.1125,-1
KHAPRETA_510206,312415.860,2624094.200,130.7100,0.4319,1.7100,0.1093,-1
KHAPRETA_510206,312418.860,2624094.200,130.5600,0.4369,1.8600,0.1188,-1
KHAPRETA_510206,312421.860,2624094.200,130.6100,0.4469,1.8100,0.1157,-1
KHAPRETA_510206,312423.860,2624094.200,130.5700,0.6605,1.8500,0.1182,-1
KHAPRETA_510206,312424.860,2624094.200,130.6900,0.3970,1.7300,0.1105,-1
KHAPRETA_510206,312435.860,2624094.200,130.6900,0.0000,1.7300,0.1105,-1
KHAPRETA_510206,312437.860,2624094.200,130.7700,0.4519,1.6500,0.1054,-1
KHAPRETA_510206,312117.860,2624095.200,127.7900,0.0000,4.6300,0.2958,-1
KHAPRETA_510206,312119.860,2624095.200,130.3600,0.3519,2.0600,0.1316,-1
KHAPRETA_510206,312121.860,2624095.200,131.4100,0.8119,1.0100,0.0645,-1
KHAPRETA_510206,312123.860,2624095.200,127.2800,1.2781,5.1400,0.3284,-1
KHAPRETA_510206,312133.860,2624095.200,127.2600,0.0000,5.1600,0.3297,-1
KHAPRETA_510206,312137.860,2624095.200,127.1600,0.0000,5.2600,0.3361,-1
KHAPRETA_510206,312139.860,2624095.200,128.0700,1.2742,4.3500,0.2780,-1
KHAPRETA_510206,312140.860,2624095.200,127.9200,1.1280,4.5000,0.2875,-1
KHAPRETA_510206,312142.860,2624095.200,128.0100,0.9431,4.4100,0.2818,-1
KHAPRETA_510206,312145.860,2624095.200,127.7800,0.1100,4.6400,0.2965,-1
KHAPRETA_510206,312147.860,2624095.200,128.0000,0.8631,4.4200,0.2824,-1
KHAPRETA_510206,312148.860,2624095.200,128.0500,1.2917,4.3700,0.2792,-1
KHAPRETA_510206,312150.860,2624095.200,128.0100,0.0000,4.4100,0.2818,-1
KHAPRETA_510206,312152.860,2624095.200,128.3200,0.7681,4.1000,0.2620,-1
KHAPRETA_510206,312153.860,2624095.200,128.2400,1.0692,4.1800,0.2671,-1
KHAPRETA_510206,312155.860,2624095.200,128.2700,0.1000,4.1500,0.2652,-1
KHAPRETA_510206,312159.860,2624095.200,128.0500,0.0000,4.3700,0.2792,-1
KHAPRETA_510206,312163.860,2624095.200,129.8800,0.0731,2.5400,0.1623,-1
KHAPRETA_510206,312164.860,2624095.200,129.6300,0.0610,2.7900,0.1783,-1
KHAPRETA_510206,312167.860,2624095.200,130.2000,0.5062,2.2200,0.1419,-1
KHAPRETA_510206,312168.860,2624095.200,130.7000,0.3450,1.7200,0.1099,-1
KHAPRETA_510206,312169.860,2624095.200,130.8900,0.6748,1.5300,0.0978,-1
KHAPRETA_510206,312174.860,2624095.200,130.8200,0.2819,1.6000,0.1022,-1
KHAPRETA_510206,312175.860,2624095.200,130.3400,0.5219,2.0800,0.1329,-1
KHAPRETA_510206,312184.860,2624095.200,129.7300,0.1849,2.6900,0.1719,-1
KHAPRETA_510206,312185.860,2624095.200,129.5300,0.2610,2.8900,0.1847,-1
KHAPRETA_510206,312190.860,2624095.200,129.5600,0.0000,2.8600,0.1827,-1
KHAPRETA_510206,312198.860,2624095.200,129.3200,0.0000,3.1000,0.1981,-1
KHAPRETA_510206,312209.860,2624095.200,129.5800,0.1175,2.8400,0.1815,-1
KHAPRETA_510206,312210.860,2624095.200,129.6100,0.0981,2.8100,0.1796,-1
KHAPRETA_510206,312216.860,2624095.200,129.6100,0.1081,2.8100,0.1796,-1
KHAPRETA_510206,312218.860,2624095.200,129.3700,0.0781,3.0500,0.1949,-1
KHAPRETA_510206,312227.860,2624095.200,129.5800,0.0981,2.8400,0.1815,-1
KHAPRETA_510206,312230.860,2624095.200,129.5600,0.0581,2.8600,0.1827,-1
KHAPRETA_510206,312234.860,2624095.200,129.5300,0.0831,2.8900,0.1847,-1
KHAPRETA_510206,312245.860,2624095.200,129.5200,0.0681,2.9000,0.1853,-1
KHAPRETA_510206,312247.860,2624095.200,129.6300,0.1581,2.7900,0.1783,-1
KHAPRETA_510206,312249.860,2624095.200,129.8800,0.0931,2.5400,0.1623,-1
KHAPRETA_510206,312250.860,2624095.200,129.5900,0.1244,2.8300,0.1808,-1
KHAPRETA_510206,312253.860,2624095.200,129.7000,0.1543,2.7200,0.1738,-1
KHAPRETA_510206,312254.860,2624095.200,129.5300,0.3550,2.8900,0.1847,-1
KHAPRETA_510206,312255.860,2624095.200,128.9900,0.4647,3.4300,0.2192,-1
KHAPRETA_510206,312256.860,2624095.200,128.9500,0.1200,3.4700,0.2217,-1
KHAPRETA_510206,312257.860,2624095.200,129.2300,0.5275,3.1900,0.2038,-1
KHAPRETA_510206,312259.860,2624095.200,129.3700,0.1200,3.0500,0.1949,-1
KHAPRETA_510206,312263.860,2624095.200,129.5100,0.1081,2.9100,0.1859,-1
KHAPRETA_510206,312265.860,2624095.200,129.6400,0.1631,2.7800,0.1776,-1
KHAPRETA_510206,312266.860,2624095.200,129.4500,0.0681,2.9700,0.1898,-1
KHAPRETA_510206,312274.860,2624095.200,129.4800,0.2392,2.9400,0.1879,-1
KHAPRETA_510206,312275.860,2624095.200,129.5400,0.2636,2.8800,0.1840,-1
KHAPRETA_510206,312280.860,2624095.200,129.3900,0.1581,3.0300,0.1936,-1
KHAPRETA_510206,312282.860,2624095.200,129.3300,0.0000,3.0900,0.1974,-1
KHAPRETA_510206,312291.860,2624095.200,129.5900,0.0000,2.8300,0.1808,-1
KHAPRETA_510206,312294.860,2624095.200,129.5300,0.1681,2.8900,0.1847,-1
KHAPRETA_510206,312296.860,2624095.200,129.5500,0.1381,2.8700,0.1834,-1
KHAPRETA_510206,312304.860,2624095.200,129.6400,0.1131,2.7800,0.1776,-1
KHAPRETA_510206,312310.860,2624095.200,129.5600,0.2081,2.8600,0.1827,-1
KHAPRETA_510206,312317.860,2624095.200,129.1500,0.0000,3.2700,0.2089,-1
KHAPRETA_510206,312322.860,2624095.200,129.7700,0.0619,2.6500,0.1693,-1
KHAPRETA_510206,312328.860,2624095.200,129.4300,0.0000,2.9900,0.1911,-1
KHAPRETA_510206,312331.860,2624095.200,129.3800,0.0150,3.0400,0.1942,-1
KHAPRETA_510206,312333.860,2624095.200,129.4700,0.0800,2.9500,0.1885,-1
KHAPRETA_510206,312335.860,2624095.200,129.4200,0.0681,3.0000,0.1917,-1
KHAPRETA_510206,312337.860,2624095.200,129.3000,0.0931,3.1200,0.1994,-1
KHAPRETA_510206,312338.860,2624095.200,129.5900,0.2381,2.8300,0.1808,-1
KHAPRETA_510206,312352.860,2624095.200,129.7600,0.0069,2.6600,0.1700,-1
KHAPRETA_510206,312353.860,2624095.200,129.7900,0.0081,2.6300,0.1681,-1
KHAPRETA_510206,312357.860,2624095.200,129.7400,0.0803,2.6800,0.1712,-1
KHAPRETA_510206,312358.860,2624095.200,129.7900,0.0181,2.6300,0.1681,-1
KHAPRETA_510206,312361.860,2624095.200,129.8600,0.0269,2.5600,0.1636,-1
KHAPRETA_510206,312376.860,2624095.200,129.9100,0.0000,2.5100,0.1604,-1
KHAPRETA_510206,312379.860,2624095.200,130.0200,0.0000,2.4000,0.1534,-1
KHAPRETA_510206,312388.860,2624095.200,130.5800,0.0000,1.8400,0.1176,-1
KHAPRETA_510206,312391.860,2624095.200,130.4100,0.0000,2.0100,0.1284,-1
KHAPRETA_510206,312401.860,2624095.200,130.4600,0.0000,1.9600,0.1252,-1
KHAPRETA_510206,312405.860,2624095.200,130.5900,0.0000,1.8300,0.1169,-1
KHAPRETA_510206,312409.860,2624095.200,130.5700,0.4269,1.8500,0.1182,-1
KHAPRETA_510206,312410.860,2624095.200,130.6300,0.3922,1.7900,0.1144,-1
KHAPRETA_510206,312411.860,2624095.200,130.6000,0.4269,1.8200,0.1163,-1
KHAPRETA_510206,312415.860,2624095.200,130.6400,0.0250,1.7800,0.1137,-1
KHAPRETA_510206,312417.860,2624095.200,130.6600,0.6395,1.7600,0.1125,-1
KHAPRETA_510206,312418.860,2624095.200,130.6500,0.5907,1.7700,0.1131,-1
KHAPRETA_510206,312421.860,2624095.200,130.6700,0.6149,1.7500,0.1118,-1
KHAPRETA_510206,312422.860,2624095.200,130.6800,0.0300,1.7400,0.1112,-1
KHAPRETA_510206,312423.860,2624095.200,130.7300,0.3981,1.6900,0.1080,-1
KHAPRETA_510206,312424.860,2624095.200,130.6200,0.4770,1.8000,0.1150,-1
KHAPRETA_510206,312426.860,2624095.200,130.7600,0.0000,1.6600,0.1061,-1
KHAPRETA_510206,312430.860,2624095.200,130.6700,0.7245,1.7500,0.1118,-1
KHAPRETA_510206,312431.860,2624095.200,130.8400,0.6321,1.5800,0.1010,-1
KHAPRETA_510206,312433.860,2624095.200,130.6100,0.5069,1.8100,0.1157,-1
KHAPRETA_510206,312438.860,2624095.200,130.6200,0.5119,1.8000,0.1150,-1
KHAPRETA_510206,312113.860,2624096.200,127.5900,1.7001,4.8300,0.3086,-1
KHAPRETA_510206,312114.860,2624096.200,127.2500,0.1600,5.1700,0.3304,-1
KHAPRETA_510206,312115.860,2624096.200,127.2700,1.8767,5.1500,0.3291,-1
KHAPRETA_510206,312127.860,2624096.200,127.4600,0.0000,4.9600,0.3169,-1
KHAPRETA_510206,312136.860,2624096.200,127.4400,0.0000,4.9800,0.3182,-1
KHAPRETA_510206,312139.860,2624096.200,128.0300,0.2350,4.3900,0.2805,-1
KHAPRETA_510206,312143.860,2624096.200,127.5700,0.9431,4.8500,0.3099,-1
KHAPRETA_510206,312145.860,2624096.200,127.8800,1.3939,4.5400,0.2901,-1
KHAPRETA_510206,312146.860,2624096.200,127.8300,0.9481,4.5900,0.2933,-1
KHAPRETA_510206,312151.860,2624096.200,128.0500,0.8781,4.3700,0.2792,-1
KHAPRETA_510206,312154.860,2624096.200,128.1200,1.0830,4.3000,0.2748,-1
KHAPRETA_510206,312155.860,2624096.200,128.3800,1.1193,4.0400,0.2581,-1
KHAPRETA_510206,312169.860,2624096.200,130.7600,0.5569,1.6600,0.1061,-1
KHAPRETA_510206,312176.860,2624096.200,130.5800,0.0000,1.8400,0.1176,-1
KHAPRETA_510206,312183.860,2624096.200,129.4600,0.2795,2.9600,0.1891,-1
KHAPRETA_510206,312184.860,2624096.200,129.5000,0.1903,2.9200,0.1866,-1
KHAPRETA_510206,312185.860,2624096.200,129.4400,0.1849,2.9800,0.1904,-1
KHAPRETA_510206,312194.860,2624096.200,129.4800,0.0000,2.9400,0.1879,-1
KHAPRETA_510206,312196.860,2624096.200,129.5500,0.2931,2.8700,0.1834,-1
KHAPRETA_510206,312202.860,2624096.200,129.4800,0.0000,2.9400,0.1879,-1
KHAPRETA_510206,312204.860,2624096.200,129.5700,0.0000,2.8500,0.1821,-1
KHAPRETA_510206,312208.860,2624096.200,129.6100,0.0000,2.8100,0.1796,-1
KHAPRETA_510206,312216.860,2624096.200,129.5600,0.0831,2.8600,0.1827,-1
KHAPRETA_510206,312219.860,2624096.200,128.9200,0.4431,3.5000,0.2236,-1
KHAPRETA_510206,312221.860,2624096.200,128.7800,0.0000,3.6400,0.2326,-1
KHAPRETA_510206,312223.860,2624096.200,129.1900,0.1731,3.2300,0.2064,-1
KHAPRETA_510206,312227.860,2624096.200,129.5800,0.0981,2.8400,0.1815,-1
KHAPRETA_510206,312232.860,2624096.200,129.5400,0.0000,2.8800,0.1840,-1
KHAPRETA_510206,312234.860,2624096.200,129.6100,0.0300,2.8100,0.1796,-1
KHAPRETA_510206,312238.860,2624096.200,129.5400,0.0000,2.8800,0.1840,-1
KHAPRETA_510206,312240.860,2624096.200,129.5500,0.0881,2.8700,0.1834,-1
KHAPRETA_510206,312243.860,2624096.200,129.5600,0.0000,2.8600,0.1827,-1
KHAPRETA_510206,312246.860,2624096.200,129.4900,0.1581,2.9300,0.1872,-1
KHAPRETA_510206,312247.860,2624096.200,129.4600,0.0695,2.9600,0.1891,-1
KHAPRETA_510206,312248.860,2624096.200,129.6100,0.2003,2.8100,0.1796,-1
KHAPRETA_510206,312250.860,2624096.200,129.5500,0.0931,2.8700,0.1834,-1
KHAPRETA_510206,312255.860,2624096.200,129.0500,0.0650,3.3700,0.2153,-1
KHAPRETA_510206,312259.860,2624096.200,129.4900,0.2031,2.9300,0.1872,-1
KHAPRETA_510206,312262.860,2624096.200,129.5500,0.1081,2.8700,0.1834,-1
KHAPRETA_510206,312263.860,2624096.200,129.5600,0.1354,2.8600,0.1827,-1
KHAPRETA_510206,312264.860,2624096.200,129.6000,0.1676,2.8200,0.1802,-1
KHAPRETA_510206,312267.860,2624096.200,129.4100,0.0000,3.0100,0.1923,-1
KHAPRETA_510206,312270.860,2624096.200,129.4000,0.0000,3.0200,0.1930,-1
KHAPRETA_510206,312276.860,2624096.200,129.4000,0.0000,3.0200,0.1930,-1
KHAPRETA_510206,312280.860,2624096.200,129.4600,0.1931,2.9600,0.1891,-1
KHAPRETA_510206,312286.860,2624096.200,129.4200,0.0000,3.0000,0.1917,-1
KHAPRETA_510206,312288.860,2624096.200,129.5000,0.0000,2.9200,0.1866,-1
KHAPRETA_510206,312296.860,2624096.200,129.5000,0.0000,2.9200,0.1866,-1
KHAPRETA_510206,312310.860,2624096.200,129.3600,0.0300,3.0600,0.1955,-1
KHAPRETA_510206,312315.860,2624096.200,129.1900,0.0000,3.2300,0.2064,-1
KHAPRETA_510206,312325.860,2624096.200,129.3200,0.1219,3.1000,0.1981,-1
KHAPRETA_510206,312326.860,2624096.200,130.0200,0.2524,2.4000,0.1534,-1
KHAPRETA_510206,312331.860,2624096.200,129.9600,0.1981,2.4600,0.1572,-1
KHAPRETA_510206,312333.860,2624096.200,129.4900,0.1531,2.9300,0.1872,-1
KHAPRETA_510206,312335.860,2624096.200,129.6400,0.2193,2.7800,0.1776,-1
KHAPRETA_510206,312336.860,2624096.200,129.5200,0.1074,2.9000,0.1853,-1
KHAPRETA_510206,312342.860,2624096.200,129.9700,0.0673,2.4500,0.1565,-1
KHAPRETA_510206,312343.860,2624096.200,129.7900,0.0969,2.6300,0.1681,-1
KHAPRETA_510206,312346.860,2624096.200,129.9500,0.0000,2.4700,0.1578,-1
KHAPRETA_510206,312348.860,2624096.200,129.8400,0.1019,2.5800,0.1649,-1
KHAPRETA_510206,312349.860,2624096.200,129.6700,0.0319,2.7500,0.1757,-1
KHAPRETA_510206,312354.860,2624096.200,129.7900,0.0000,2.6300,0.1681,-1
KHAPRETA_510206,312357.860,2624096.200,129.8400,0.0181,2.5800,0.1649,-1
KHAPRETA_510206,312360.860,2624096.200,129.9400,0.0219,2.4800,0.1585,-1
KHAPRETA_510206,312366.860,2624096.200,129.9100,0.0181,2.5100,0.1604,-1
KHAPRETA_510206,312368.860,2624096.200,129.8400,0.0181,2.5800,0.1649,-1
KHAPRETA_510206,312370.860,2624096.200,129.8400,0.0000,2.5800,0.1649,-1
KHAPRETA_510206,312373.860,2624096.200,129.4200,0.0000,3.0000,0.1917,-1
KHAPRETA_510206,312383.860,2624096.200,130.3300,0.0000,2.0900,0.1335,-1
KHAPRETA_510206,312385.860,2624096.200,130.4900,0.4386,1.9300,0.1233,-1
KHAPRETA_510206,312386.860,2624096.200,130.5600,0.3126,1.8600,0.1188,-1
KHAPRETA_510206,312387.860,2624096.200,130.4500,0.3919,1.9700,0.1259,-1
KHAPRETA_510206,312389.860,2624096.200,130.3800,0.0000,2.0400,0.1304,-1
KHAPRETA_510206,312395.860,2624096.200,130.4400,0.5301,1.9800,0.1265,-1
KHAPRETA_510206,312396.860,2624096.200,130.4900,0.3319,1.9300,0.1233,-1
KHAPRETA_510206,312400.860,2624096.200,130.3500,0.0000,2.0700,0.1323,-1
KHAPRETA_510206,312402.860,2624096.200,130.4100,0.0000,2.0100,0.1284,-1
KHAPRETA_510206,312408.860,2624096.200,130.5900,0.4369,1.8300,0.1169,-1
KHAPRETA_510206,312414.860,2624096.200,130.5700,0.4419,1.8500,0.1182,-1
KHAPRETA_510206,312415.860,2624096.200,130.6600,0.3995,1.7600,0.1125,-1
KHAPRETA_510206,312417.860,2624096.200,130.7100,0.0500,1.7100,0.1093,-1
KHAPRETA_510206,312424.860,2624096.200,130.6800,0.0200,1.7400,0.1112,-1
KHAPRETA_510206,312428.860,2624096.200,130.7000,0.4869,1.7200,0.1099,-1
KHAPRETA_510206,312429.860,2624096.200,130.7500,0.0300,1.6700,0.1067,-1
KHAPRETA_510206,312430.860,2624096.200,130.7600,0.4487,1.6600,0.1061,-1
KHAPRETA_510206,312431.860,2624096.200,130.6700,0.7245,1.7500,0.1118,-1
KHAPRETA_510206,312433.860,2624096.200,130.7900,0.4169,1.6300,0.1042,-1
KHAPRETA_510206,312436.860,2624096.200,130.7800,0.0000,1.6400,0.1048,-1
KHAPRETA_510206,312438.860,2624096.200,130.8000,0.4219,1.6200,0.1035,-1
KHAPRETA_510206,312440.860,2624096.200,130.8000,0.0000,1.6200,0.1035,-1
KHAPRETA_510206,312111.860,2624097.200,127.7900,1.7693,4.6300,0.2958,-1
KHAPRETA_510206,312112.860,2624097.200,127.5200,0.1450,4.9000,0.3131,-1
KHAPRETA_510206,312113.860,2624097.200,127.5000,1.5708,4.9200,0.3144,-1
KHAPRETA_510206,312115.860,2624097.200,127.0000,1.2531,5.4200,0.3463,-1
KHAPRETA_510206,312120.860,2624097.200,128.0400,0.0000,4.3800,0.2799,-1
KHAPRETA_510206,312137.860,2624097.200,127.5300,1.3581,4.8900,0.3125,-1
KHAPRETA_510206,312139.860,2624097.200,127.6000,0.8731,4.8200,0.3080,-1
KHAPRETA_510206,312142.860,2624097.200,127.8500,0.9431,4.5700,0.2920,-1
KHAPRETA_510206,312143.860,2624097.200,127.8900,1.1056,4.5300,0.2895,-1
KHAPRETA_510206,312144.860,2624097.200,127.7000,0.9431,4.7200,0.3016,-1
KHAPRETA_510206,312150.860,2624097.200,128.0700,0.8781,4.3500,0.2780,-1
KHAPRETA_510206,312151.860,2624097.200,128.0200,1.2135,4.4000,0.2811,-1
KHAPRETA_510206,312153.860,2624097.200,128.1300,0.8281,4.2900,0.2741,-1
KHAPRETA_510206,312154.860,2624097.200,128.1200,1.1675,4.3000,0.2748,-1
KHAPRETA_510206,312156.860,2624097.200,128.3400,0.0000,4.0800,0.2607,-1
KHAPRETA_510206,312163.860,2624097.200,128.2900,0.3981,4.1300,0.2639,-1
KHAPRETA_510206,312164.860,2624097.200,128.9800,0.7431,3.4400,0.2198,-1
KHAPRETA_510206,312166.860,2624097.200,130.0500,0.1269,2.3700,0.1514,-1
KHAPRETA_510206,312167.860,2624097.200,130.0300,0.0750,2.3900,0.1527,-1
KHAPRETA_510206,312168.860,2624097.200,130.2000,0.1269,2.2200,0.1419,-1
KHAPRETA_510206,312171.860,2624097.200,130.8500,0.0000,1.5700,0.1003,-1
KHAPRETA_510206,312173.860,2624097.200,130.3700,0.0000,2.0500,0.1310,-1
KHAPRETA_510206,312177.860,2624097.200,129.9400,0.1481,2.4800,0.1585,-1
KHAPRETA_510206,312178.860,2624097.200,129.4800,0.0819,2.9400,0.1879,-1
KHAPRETA_510206,312182.860,2624097.200,129.4700,0.2431,2.9500,0.1885,-1
KHAPRETA_510206,312183.860,2624097.200,129.2900,0.1691,3.1300,0.2000,-1
KHAPRETA_510206,312184.860,2624097.200,129.3500,0.2439,3.0700,0.1962,-1
KHAPRETA_510206,312186.860,2624097.200,129.5600,0.1433,2.8600,0.1827,-1
KHAPRETA_510206,312187.860,2624097.200,129.6000,0.1081,2.8200,0.1802,-1
KHAPRETA_510206,312190.860,2624097.200,129.6500,0.0000,2.7700,0.1770,-1
KHAPRETA_510206,312193.860,2624097.200,129.5700,0.0000,2.8500,0.1821,-1
KHAPRETA_510206,312195.860,2624097.200,129.4600,0.2931,2.9600,0.1891,-1
KHAPRETA_510206,312196.860,2624097.200,129.1900,0.1141,3.2300,0.2064,-1
KHAPRETA_510206,312197.860,2624097.200,129.4900,0.2931,2.9300,0.1872,-1
KHAPRETA_510206,312200.860,2624097.200,129.5100,0.0881,2.9100,0.1859,-1
KHAPRETA_510206,312201.860,2624097.200,129.6000,0.1917,2.8200,0.1802,-1
KHAPRETA_510206,312205.860,2624097.200,129.7200,0.0389,2.7000,0.1725,-1
KHAPRETA_510206,312206.860,2624097.200,129.7200,0.0972,2.7000,0.1725,-1
KHAPRETA_510206,312212.860,2624097.200,129.4700,0.0000,2.9500,0.1885,-1
KHAPRETA_510206,312214.860,2624097.200,129.5600,0.1981,2.8600,0.1827,-1
KHAPRETA_510206,312215.860,2624097.200,129.3800,0.2660,3.0400,0.1942,-1
KHAPRETA_510206,312219.860,2624097.200,128.8900,0.4281,3.5300,0.2256,-1
KHAPRETA_510206,312222.860,2624097.200,129.4300,0.1920,2.9900,0.1911,-1
KHAPRETA_510206,312223.860,2624097.200,129.4300,0.2461,2.9900,0.1911,-1
KHAPRETA_510206,312226.860,2624097.200,129.6200,0.0000,2.8000,0.1789,-1
KHAPRETA_510206,312228.860,2624097.200,129.4700,0.0000,2.9500,0.1885,-1
KHAPRETA_510206,312233.860,2624097.200,129.7200,0.0931,2.7000,0.1725,-1
KHAPRETA_510206,312234.860,2624097.200,129.5900,0.0877,2.8300,0.1808,-1
KHAPRETA_510206,312237.860,2624097.200,129.5800,0.1331,2.8400,0.1815,-1
KHAPRETA_510206,312239.860,2624097.200,129.6000,0.0881,2.8200,0.1802,-1
KHAPRETA_510206,312240.860,2624097.200,129.6000,0.1433,2.8200,0.1802,-1
KHAPRETA_510206,312242.860,2624097.200,129.5900,0.0000,2.8300,0.1808,-1
KHAPRETA_510206,312247.860,2624097.200,129.5600,0.2003,2.8600,0.1827,-1
KHAPRETA_510206,312248.860,2624097.200,129.5300,0.1363,2.8900,0.1847,-1
KHAPRETA_510206,312255.860,2624097.200,129.1200,0.3631,3.3000,0.2109,-1
KHAPRETA_510206,312258.860,2624097.200,129.0600,0.3281,3.3600,0.2147,-1
KHAPRETA_510206,312260.860,2624097.200,129.3200,0.0000,3.1000,0.1981,-1
KHAPRETA_510206,312264.860,2624097.200,129.5200,0.0881,2.9000,0.1853,-1
KHAPRETA_510206,312268.860,2624097.200,129.4900,0.0000,2.9300,0.1872,-1
KHAPRETA_510206,312274.860,2624097.200,129.4100,0.2031,3.0100,0.1923,-1
KHAPRETA_510206,312275.860,2624097.200,129.3700,0.1831,3.0500,0.1949,-1
KHAPRETA_510206,312278.860,2624097.200,129.4300,0.0000,2.9900,0.1911,-1
KHAPRETA_510206,312285.860,2624097.200,129.3800,0.0000,3.0400,0.1942,-1
KHAPRETA_510206,312292.860,2624097.200,129.4900,0.1081,2.9300,0.1872,-1
KHAPRETA_510206,312296.860,2624097.200,129.5500,0.1381,2.8700,0.1834,-1
KHAPRETA_510206,312298.860,2624097.200,129.4900,0.0731,2.9300,0.1872,-1
KHAPRETA_510206,312300.860,2624097.200,129.5300,0.0000,2.8900,0.1847,-1
KHAPRETA_510206,312302.860,2624097.200,129.6200,0.0000,2.8000,0.1789,-1
KHAPRETA_510206,312305.860,2624097.200,129.5700,0.1543,2.8500,0.1821,-1
KHAPRETA_510206,312306.860,2624097.200,129.5900,0.1356,2.8300,0.1808,-1
KHAPRETA_510206,312309.860,2624097.200,129.5700,0.1381,2.8500,0.1821,-1
KHAPRETA_510206,312310.860,2624097.200,129.5000,0.3488,2.9200,0.1866,-1
KHAPRETA_510206,312311.860,2624097.200,129.0100,0.1381,3.4100,0.2179,-1
KHAPRETA_510206,312318.860,2624097.200,129.4600,0.1469,2.9600,0.1891,-1
KHAPRETA_510206,312322.860,2624097.200,129.4600,0.0931,2.9600,0.1891,-1
KHAPRETA_510206,312326.860,2624097.200,129.5600,0.1219,2.8600,0.1827,-1
KHAPRETA_510206,312328.860,2624097.200,129.8800,0.0381,2.5400,0.1623,-1
KHAPRETA_510206,312329.860,2624097.200,129.7000,0.0519,2.7200,0.1738,-1
KHAPRETA_510206,312336.860,2624097.200,129.6100,0.1281,2.8100,0.1796,-1
KHAPRETA_510206,312338.860,2624097.200,129.9800,0.0000,2.4400,0.1559,-1
KHAPRETA_510206,312342.860,2624097.200,129.9100,0.0200,2.5100,0.1604,-1
KHAPRETA_510206,312345.860,2624097.200,129.9100,0.0000,2.5100,0.1604,-1
KHAPRETA_510206,312348.860,2624097.200,129.9500,0.0250,2.4700,0.1578,-1
KHAPRETA_510206,312352.860,2624097.200,129.6600,0.0000,2.7600,0.1764,-1
KHAPRETA_510206,312359.860,2624097.200,129.8900,0.0800,2.5300,0.1617,-1
KHAPRETA_510206,312360.860,2624097.200,129.8200,0.0998,2.6000,0.1661,-1
KHAPRETA_510206,312364.860,2624097.200,129.9700,0.0519,2.4500,0.1565,-1
KHAPRETA_510206,312365.860,2624097.200,129.8800,0.1150,2.5400,0.1623,-1
KHAPRETA_510206,312366.860,2624097.200,129.7400,0.1043,2.6800,0.1712,-1
KHAPRETA_510206,312367.860,2624097.200,129.7200,0.0000,2.7000,0.1725,-1
KHAPRETA_510206,312368.860,2624097.200,129.7400,0.0728,2.6800,0.1712,-1
KHAPRETA_510206,312369.860,2624097.200,129.6800,0.0284,2.7400,0.1751,-1
KHAPRETA_510206,312372.860,2624097.200,129.8100,0.1869,2.6100,0.1668,-1
KHAPRETA_510206,312379.860,2624097.200,130.2200,0.0000,2.2000,0.1406,-1
KHAPRETA_510206,312385.860,2624097.200,130.1700,0.4740,2.2500,0.1438,-1
KHAPRETA_510206,312386.860,2624097.200,130.4000,0.4386,2.0200,0.1291,-1
KHAPRETA_510206,312388.860,2624097.200,130.3800,0.2319,2.0400,0.1304,-1
KHAPRETA_510206,312391.860,2624097.200,130.3500,0.0000,2.0700,0.1323,-1
KHAPRETA_510206,312393.860,2624097.200,130.3700,0.3119,2.0500,0.1310,-1
KHAPRETA_510206,312394.860,2624097.200,130.4000,0.0950,2.0200,0.1291,-1
KHAPRETA_510206,312395.860,2624097.200,130.5600,0.4555,1.8600,0.1188,-1
KHAPRETA_510206,312403.860,2624097.200,130.4500,0.0000,1.9700,0.1259,-1
KHAPRETA_510206,312405.860,2624097.200,130.5400,0.0000,1.8800,0.1201,-1
KHAPRETA_510206,312407.860,2624097.200,130.5100,0.6005,1.9100,0.1220,-1
KHAPRETA_510206,312408.860,2624097.200,130.6500,0.5479,1.7700,0.1131,-1
KHAPRETA_510206,312410.860,2624097.200,130.6800,0.4019,1.7400,0.1112,-1
KHAPRETA_510206,312412.860,2624097.200,130.6100,0.3969,1.8100,0.1157,-1
KHAPRETA_510206,312415.860,2624097.200,130.7300,0.6285,1.6900,0.1080,-1
KHAPRETA_510206,312416.860,2624097.200,130.6700,0.4599,1.7500,0.1118,-1
KHAPRETA_510206,312417.860,2624097.200,130.5600,0.6464,1.8600,0.1188,-1
KHAPRETA_510206,312419.860,2624097.200,130.5500,0.3869,1.8700,0.1195,-1
KHAPRETA_510206,312420.860,2624097.200,130.5500,0.3869,1.8700,0.1195,-1
KHAPRETA_510206,312424.860,2624097.200,130.5800,0.4519,1.8400,0.1176,-1
KHAPRETA_510206,312435.860,2624097.200,130.7300,0.0000,1.6900,0.1080,-1
KHAPRETA_510206,312437.860,2624097.200,130.8500,0.0000,1.5700,0.1003,-1
KHAPRETA_510206,312111.860,2624098.200,127.0500,0.9931,5.3700,0.3431,-1
KHAPRETA_510206,312114.860,2624098.200,127.6200,0.0000,4.8000,0.3067,-1
KHAPRETA_510206,312119.860,2624098.200,126.7200,1.4031,5.7000,0.3642,-1
KHAPRETA_510206,312137.860,2624098.200,127.0600,1.1231,5.3600,0.3425,-1
KHAPRETA_510206,312141.860,2624098.200,128.1000,0.9231,4.3200,0.2760,-1
KHAPRETA_510206,312155.860,2624098.200,128.4200,0.0000,4.0000,0.2556,-1
KHAPRETA_510206,312162.860,2624098.200,128.2400,0.0000,4.1800,0.2671,-1
KHAPRETA_510206,312174.860,2624098.200,130.4000,0.2519,2.0200,0.1291,-1
KHAPRETA_510206,312175.860,2624098.200,130.2800,0.3119,2.1400,0.1367,-1
KHAPRETA_510206,312184.860,2624098.200,129.4600,0.2131,2.9600,0.1891,-1
KHAPRETA_510206,312186.860,2624098.200,129.5500,0.1081,2.8700,0.1834,-1
KHAPRETA_510206,312189.860,2624098.200,129.8000,0.0000,2.6200,0.1674,-1
KHAPRETA_510206,312201.860,2624098.200,129.5000,0.1119,2.9200,0.1866,-1
KHAPRETA_510206,312202.860,2624098.200,129.6100,0.0450,2.8100,0.1796,-1
KHAPRETA_510206,312203.860,2624098.200,129.5900,0.0831,2.8300,0.1808,-1
KHAPRETA_510206,312205.860,2624098.200,129.8300,0.0978,2.5900,0.1655,-1
KHAPRETA_510206,312206.860,2624098.200,129.5900,0.0389,2.8300,0.1808,-1
KHAPRETA_510206,312209.860,2624098.200,129.5400,0.1381,2.8800,0.1840,-1
KHAPRETA_510206,312210.860,2624098.200,129.5000,0.1181,2.9200,0.1866,-1
KHAPRETA_510206,312215.860,2624098.200,129.2900,0.1981,3.1300,0.2000,-1
KHAPRETA_510206,312222.860,2624098.200,129.6100,0.2095,2.8100,0.1796,-1
KHAPRETA_510206,312223.860,2624098.200,129.5400,0.0503,2.8800,0.1840,-1
KHAPRETA_510206,312224.860,2624098.200,129.6200,0.1181,2.8000,0.1789,-1
KHAPRETA_510206,312229.860,2624098.200,129.5600,0.1415,2.8600,0.1827,-1
KHAPRETA_510206,312230.860,2624098.200,129.6200,0.0300,2.8000,0.1789,-1
KHAPRETA_510206,312231.860,2624098.200,129.6200,0.0781,2.8000,0.1789,-1
KHAPRETA_510206,312236.860,2624098.200,129.6600,0.1331,2.7600,0.1764,-1
KHAPRETA_510206,312237.860,2624098.200,129.5100,0.0673,2.9100,0.1859,-1
KHAPRETA_510206,312238.860,2624098.200,129.5700,0.1331,2.8500,0.1821,-1
KHAPRETA_510206,312241.860,2624098.200,129.5800,0.1031,2.8400,0.1815,-1
KHAPRETA_510206,312251.860,2624098.200,129.6500,0.0000,2.7700,0.1770,-1
KHAPRETA_510206,312254.860,2624098.200,129.3800,0.2231,3.0400,0.1942,-1
KHAPRETA_510206,312258.860,2624098.200,129.1200,0.3581,3.3000,0.2109,-1
KHAPRETA_510206,312265.860,2624098.200,129.5900,0.0000,2.8300,0.1808,-1
KHAPRETA_510206,312272.860,2624098.200,129.3000,0.2081,3.1200,0.1994,-1
KHAPRETA_510206,312273.860,2624098.200,129.3600,0.2381,3.0600,0.1955,-1
KHAPRETA_510206,312279.860,2624098.200,129.5000,0.1331,2.9200,0.1866,-1
KHAPRETA_510206,312280.860,2624098.200,129.5100,0.0250,2.9100,0.1859,-1
KHAPRETA_510206,312281.860,2624098.200,129.4500,0.0200,2.9700,0.1898,-1
KHAPRETA_510206,312282.860,2624098.200,129.4700,0.2342,2.9500,0.1885,-1
KHAPRETA_510206,312286.860,2624098.200,129.4600,0.1481,2.9600,0.1891,-1
KHAPRETA_510206,312289.860,2624098.200,129.4800,0.1131,2.9400,0.1879,-1
KHAPRETA_510206,312292.860,2624098.200,129.5600,0.2059,2.8600,0.1827,-1
KHAPRETA_510206,312293.860,2624098.200,129.4800,0.1081,2.9400,0.1879,-1
KHAPRETA_510206,312298.860,2624098.200,129.6300,0.1431,2.7900,0.1783,-1
KHAPRETA_510206,312305.860,2624098.200,129.5300,0.1356,2.8900,0.1847,-1
KHAPRETA_510206,312306.860,2624098.200,129.6000,0.1543,2.8200,0.1802,-1
KHAPRETA_510206,312308.860,2624098.200,129.4500,0.1131,2.9700,0.1898,-1
KHAPRETA_510206,312312.860,2624098.200,129.2500,0.3131,3.1700,0.2026,-1
KHAPRETA_510206,312317.860,2624098.200,129.4400,0.2547,2.9800,0.1904,-1
KHAPRETA_510206,312318.860,2624098.200,130.0700,0.1692,2.3500,0.1502,-1
KHAPRETA_510206,312320.860,2624098.200,129.6000,0.0693,2.8200,0.1802,-1
KHAPRETA_510206,312321.860,2624098.200,129.6400,0.0373,2.7800,0.1776,-1
KHAPRETA_510206,312322.860,2624098.200,129.5900,0.1721,2.8300,0.1808,-1
KHAPRETA_510206,312324.860,2624098.200,129.8200,0.1169,2.6000,0.1661,-1
KHAPRETA_510206,312325.860,2624098.200,130.0100,0.0219,2.4100,0.1540,-1
KHAPRETA_510206,312332.860,2624098.200,129.4500,0.0000,2.9700,0.1898,-1
KHAPRETA_510206,312334.860,2624098.200,129.7300,0.0000,2.6900,0.1719,-1
KHAPRETA_510206,312342.860,2624098.200,130.0100,0.0669,2.4100,0.1540,-1
KHAPRETA_510206,312348.860,2624098.200,129.8900,0.0869,2.5300,0.1617,-1
KHAPRETA_510206,312351.860,2624098.200,129.5300,0.0369,2.8900,0.1847,-1
KHAPRETA_510206,312353.860,2624098.200,129.8900,0.0000,2.5300,0.1617,-1
KHAPRETA_510206,312358.860,2624098.200,129.8400,0.0769,2.5800,0.1649,-1
KHAPRETA_510206,312359.860,2624098.200,129.9300,0.0653,2.4900,0.1591,-1
KHAPRETA_510206,312363.860,2624098.200,129.8600,0.0000,2.5600,0.1636,-1
KHAPRETA_510206,312368.860,2624098.200,129.7000,0.0284,2.7200,0.1738,-1
KHAPRETA_510206,312369.860,2624098.200,129.8200,0.0613,2.6000,0.1661,-1
KHAPRETA_510206,312372.860,2624098.200,130.1500,0.0800,2.2700,0.1450,-1
KHAPRETA_510206,312375.860,2624098.200,130.1800,0.0000,2.2400,0.1431,-1
KHAPRETA_510206,312377.860,2624098.200,130.3600,0.0000,2.0600,0.1316,-1
KHAPRETA_510206,312380.860,2624098.200,130.5200,0.3119,1.9000,0.1214,-1
KHAPRETA_510206,312381.860,2624098.200,130.4000,0.3719,2.0200,0.1291,-1
KHAPRETA_510206,312388.860,2624098.200,130.2400,0.3019,2.1800,0.1393,-1
KHAPRETA_510206,312396.860,2624098.200,130.4500,0.0000,1.9700,0.1259,-1
KHAPRETA_510206,312399.860,2624098.200,130.5100,0.0000,1.9100,0.1220,-1
KHAPRETA_510206,312402.860,2624098.200,130.5300,0.0000,1.8900,0.1208,-1
KHAPRETA_510206,312407.860,2624098.200,130.6000,0.0750,1.8200,0.1163,-1
KHAPRETA_510206,312410.860,2624098.200,130.5800,0.6217,1.8400,0.1176,-1
KHAPRETA_510206,312411.860,2624098.200,130.6300,0.0050,1.7900,0.1144,-1
KHAPRETA_510206,312412.860,2624098.200,130.5700,0.5968,1.8500,0.1182,-1
KHAPRETA_510206,312416.860,2624098.200,130.6800,0.4469,1.7400,0.1112,-1
KHAPRETA_510206,312426.860,2624098.200,130.7800,0.0000,1.6400,0.1048,-1
KHAPRETA_510206,312432.860,2624098.200,130.7100,0.0000,1.7100,0.1093,-1
KHAPRETA_510206,312113.860,2624099.200,127.0700,0.0000,5.3500,0.3419,-1
KHAPRETA_510206,312116.860,2624099.200,127.2400,1.2081,5.1800,0.3310,-1
KHAPRETA_510206,312119.860,2624099.200,126.9700,1.5281,5.4500,0.3482,-1
KHAPRETA_510206,312121.860,2624099.200,126.9900,0.0000,5.4300,0.3470,-1
KHAPRETA_510206,312123.860,2624099.200,127.2100,0.0000,5.2100,0.3329,-1
KHAPRETA_510206,312138.860,2624099.200,127.5500,1.1731,4.8700,0.3112,-1
KHAPRETA_510206,312139.860,2624099.200,127.4300,1.1131,4.9900,0.3188,-1
KHAPRETA_510206,312141.860,2624099.200,127.9300,0.1750,4.4900,0.2869,-1
KHAPRETA_510206,312144.860,2624099.200,127.9300,1.3527,4.4900,0.2869,-1
KHAPRETA_510206,312145.860,2624099.200,127.7800,0.9231,4.6400,0.2965,-1
KHAPRETA_510206,312148.860,2624099.200,128.1400,0.8081,4.2800,0.2735,-1
KHAPRETA_510206,312149.860,2624099.200,128.1600,0.8181,4.2600,0.2722,-1
KHAPRETA_510206,312164.860,2624099.200,128.3800,0.7681,4.0400,0.2581,-1
KHAPRETA_510206,312166.860,2624099.200,129.7100,0.4740,2.7100,0.1732,-1
KHAPRETA_510206,312167.860,2624099.200,130.0200,0.1555,2.4000,0.1534,-1
KHAPRETA_510206,312182.860,2624099.200,129.5700,0.2181,2.8500,0.1821,-1
KHAPRETA_510206,312190.860,2624099.200,129.5000,0.0000,2.9200,0.1866,-1
KHAPRETA_510206,312195.860,2624099.200,129.4700,0.0931,2.9500,0.1885,-1
KHAPRETA_510206,312200.860,2624099.200,129.5700,0.1631,2.8500,0.1821,-1
KHAPRETA_510206,312201.860,2624099.200,129.4500,0.1723,2.9700,0.1898,-1
KHAPRETA_510206,312205.860,2624099.200,129.6600,0.0269,2.7600,0.1764,-1
KHAPRETA_510206,312207.860,2624099.200,129.5400,0.2014,2.8800,0.1840,-1
KHAPRETA_510206,312208.860,2624099.200,129.5700,0.2013,2.8500,0.1821,-1
KHAPRETA_510206,312212.860,2624099.200,129.4400,0.0000,2.9800,0.1904,-1
KHAPRETA_510206,312217.860,2624099.200,129.0300,0.0000,3.3900,0.2166,-1
KHAPRETA_510206,312220.860,2624099.200,129.5600,0.0631,2.8600,0.1827,-1
KHAPRETA_510206,312223.860,2624099.200,129.5300,0.0300,2.8900,0.1847,-1
KHAPRETA_510206,312229.860,2624099.200,129.5400,0.0250,2.8800,0.1840,-1
KHAPRETA_510206,312237.860,2624099.200,129.4800,0.1331,2.9400,0.1879,-1
KHAPRETA_510206,312241.860,2624099.200,129.5700,0.0981,2.8500,0.1821,-1
KHAPRETA_510206,312245.860,2624099.200,129.4600,0.0981,2.9600,0.1891,-1
KHAPRETA_510206,312246.860,2624099.200,129.5800,0.1581,2.8400,0.1815,-1
KHAPRETA_510206,312249.860,2624099.200,129.6800,0.0581,2.7400,0.1751,-1
KHAPRETA_510206,312250.860,2624099.200,129.6600,0.0481,2.7600,0.1764,-1
KHAPRETA_510206,312254.860,2624099.200,129.3300,0.1751,3.0900,0.1974,-1
KHAPRETA_510206,312255.860,2624099.200,129.4700,0.2231,2.9500,0.1885,-1
KHAPRETA_510206,312261.860,2624099.200,129.3600,0.0000,3.0600,0.1955,-1
KHAPRETA_510206,312263.860,2624099.200,129.6000,0.1781,2.8200,0.1802,-1
KHAPRETA_510206,312266.860,2624099.200,129.5000,0.1714,2.9200,0.1866,-1
KHAPRETA_510206,312267.860,2624099.200,129.5600,0.1381,2.8600,0.1827,-1
KHAPRETA_510206,312271.860,2624099.200,129.1800,0.1831,3.2400,0.2070,-1
KHAPRETA_510206,312282.860,2624099.200,129.4400,0.0350,2.9800,0.1904,-1
KHAPRETA_510206,312286.860,2624099.200,129.4800,0.1581,2.9400,0.1879,-1
KHAPRETA_510206,312289.860,2624099.200,129.5500,0.1481,2.8700,0.1834,-1
KHAPRETA_510206,312295.860,2624099.200,129.5300,0.0000,2.8900,0.1847,-1
KHAPRETA_510206,312303.860,2624099.200,129.5600,0.0000,2.8600,0.1827,-1
KHAPRETA_510206,312308.860,2624099.200,129.5500,0.1631,2.8700,0.1834,-1
KHAPRETA_510206,312312.860,2624099.200,129.1500,0.1650,3.2700,0.2089,-1
KHAPRETA_510206,312315.860,2624099.200,129.1900,0.0000,3.2300,0.2064,-1
KHAPRETA_510206,312317.860,2624099.200,129.3600,0.1413,3.0600,0.1955,-1
KHAPRETA_510206,312318.860,2624099.200,129.5000,0.2547,2.9200,0.1866,-1
KHAPRETA_510206,312320.860,2624099.200,129.7500,0.0955,2.6700,0.1706,-1
KHAPRETA_510206,312321.860,2624099.200,129.8500,0.2204,2.5700,0.1642,-1
KHAPRETA_510206,312326.860,2624099.200,129.8600,0.0000,2.5600,0.1636,-1
KHAPRETA_510206,312329.860,2624099.200,129.8200,0.1881,2.6000,0.1661,-1
KHAPRETA_510206,312331.860,2624099.200,129.2700,0.0000,3.1500,0.2013,-1
KHAPRETA_510206,312336.860,2624099.200,130.0100,0.0919,2.4100,0.1540,-1
KHAPRETA_510206,312337.860,2624099.200,129.9600,0.0050,2.4600,0.1572,-1
KHAPRETA_510206,312338.860,2624099.200,130.0000,0.1776,2.4200,0.1546,-1
KHAPRETA_510206,312340.860,2624099.200,130.0000,0.0000,2.4200,0.1546,-1
KHAPRETA_510206,312344.860,2624099.200,130.1300,0.0000,2.2900,0.1463,-1
KHAPRETA_510206,312346.860,2624099.200,129.8400,0.0000,2.5800,0.1649,-1
KHAPRETA_510206,312349.860,2624099.200,129.8700,0.0869,2.5500,0.1629,-1
KHAPRETA_510206,312351.860,2624099.200,129.8500,0.1400,2.5700,0.1642,-1
KHAPRETA_510206,312357.860,2624099.200,129.8500,0.0000,2.5700,0.1642,-1
KHAPRETA_510206,312360.860,2624099.200,129.8900,0.0000,2.5300,0.1617,-1
KHAPRETA_510206,312364.860,2624099.200,129.7200,0.0000,2.7000,0.1725,-1
KHAPRETA_510206,312371.860,2624099.200,129.9500,0.1006,2.4700,0.1578,-1
KHAPRETA_510206,312372.860,2624099.200,129.9700,0.0875,2.4500,0.1565,-1
KHAPRETA_510206,312378.860,2624099.200,129.9400,0.1119,2.4800,0.1585,-1
KHAPRETA_510206,312379.860,2624099.200,130.0000,0.0819,2.4200,0.1546,-1
KHAPRETA_510206,312382.860,2624099.200,130.3500,0.2419,2.0700,0.1323,-1
KHAPRETA_510206,312385.860,2624099.200,130.3000,0.3957,2.1200,0.1355,-1
KHAPRETA_510206,312386.860,2624099.200,130.2500,0.2619,2.1700,0.1387,-1
KHAPRETA_510206,312404.860,2624099.200,130.4600,0.0000,1.9600,0.1252,-1
KHAPRETA_510206,312407.860,2624099.200,130.6600,0.4119,1.7600,0.1125,-1
KHAPRETA_510206,312417.860,2624099.200,130.6100,0.4069,1.8100,0.1157,-1
KHAPRETA_510206,312418.860,2624099.200,130.5900,0.4169,1.8300,0.1169,-1
KHAPRETA_510206,312428.860,2624099.200,130.7900,0.0000,1.6300,0.1042,-1
KHAPRETA_510206,312433.860,2624099.200,130.7400,0.0000,1.6800,0.1073,-1
KHAPRETA_510206,312437.860,2624099.200,130.8400,0.0000,1.5800,0.1010,-1
KHAPRETA_510206,312441.860,2624099.200,130.8800,0.0000,1.5400,0.0984,-1
KHAPRETA_510206,312111.860,2624100.200,127.1800,1.3731,5.2400,0.3348,-1
KHAPRETA_510206,312112.860,2624100.200,127.0300,1.2981,5.3900,0.3444,-1
KHAPRETA_510206,312116.860,2624100.200,127.3600,1.2681,5.0600,0.3233,-1
KHAPRETA_510206,312124.860,2624100.200,127.4500,0.0000,4.9700,0.3176,-1
KHAPRETA_510206,312128.860,2624100.200,127.2900,0.0000,5.1300,0.3278,-1
KHAPRETA_510206,312141.860,2624100.200,127.7500,0.9231,4.6700,0.2984,-1
KHAPRETA_510206,312144.860,2624100.200,127.9500,0.9231,4.4700,0.2856,-1
KHAPRETA_510206,312151.860,2624100.200,127.8600,0.0000,4.5600,0.2914,-1
KHAPRETA_510206,312153.860,2624100.200,128.1700,0.0000,4.2500,0.2716,-1
KHAPRETA_510206,312155.860,2624100.200,128.3000,0.0000,4.1200,0.2633,-1
KHAPRETA_510206,312164.860,2624100.200,128.2400,0.0900,4.1800,0.2671,-1
KHAPRETA_510206,312166.860,2624100.200,128.8600,0.1555,3.5600,0.2275,-1
KHAPRETA_510206,312167.860,2624100.200,130.0800,0.4740,2.3400,0.1495,-1
KHAPRETA_510206,312174.860,2624100.200,129.7600,0.1181,2.6600,0.1700,-1
KHAPRETA_510206,312175.860,2624100.200,129.5400,0.0081,2.8800,0.1840,-1
KHAPRETA_510206,312178.860,2624100.200,129.5300,0.0731,2.8900,0.1847,-1
KHAPRETA_510206,312179.860,2624100.200,129.6300,0.0100,2.7900,0.1783,-1
KHAPRETA_510206,312180.860,2624100.200,129.5100,0.0731,2.9100,0.1859,-1
KHAPRETA_510206,312182.860,2624100.200,129.3400,0.1031,3.0800,0.1968,-1
KHAPRETA_510206,312184.860,2624100.200,129.4300,0.0000,2.9900,0.1911,-1
KHAPRETA_510206,312189.860,2624100.200,129.4900,0.0000,2.9300,0.1872,-1
KHAPRETA_510206,312194.860,2624100.200,129.5900,0.0931,2.8300,0.1808,-1
KHAPRETA_510206,312195.860,2624100.200,129.5900,0.1034,2.8300,0.1808,-1
KHAPRETA_510206,312199.860,2624100.200,129.7100,0.0000,2.7100,0.1732,-1
KHAPRETA_510206,312202.860,2624100.200,129.2400,0.0000,3.1800,0.2032,-1
KHAPRETA_510206,312207.860,2624100.200,129.4300,0.1679,2.9900,0.1911,-1
KHAPRETA_510206,312208.860,2624100.200,129.4500,0.2014,2.9700,0.1898,-1
KHAPRETA_510206,312210.860,2624100.200,129.5200,0.0000,2.9000,0.1853,-1
KHAPRETA_510206,312215.860,2624100.200,129.2000,0.0000,3.2200,0.2058,-1
KHAPRETA_510206,312218.860,2624100.200,129.5600,0.0000,2.8600,0.1827,-1
KHAPRETA_510206,312220.860,2624100.200,129.6500,0.0150,2.7700,0.1770,-1
KHAPRETA_510206,312223.860,2624100.200,129.6000,0.0922,2.8200,0.1802,-1
KHAPRETA_510206,312224.860,2624100.200,129.6100,0.1692,2.8100,0.1796,-1
KHAPRETA_510206,312225.860,2624100.200,129.5100,0.1211,2.9100,0.1859,-1
KHAPRETA_510206,312227.860,2624100.200,129.5500,0.0281,2.8700,0.1834,-1
KHAPRETA_510206,312229.860,2624100.200,129.5100,0.1181,2.9100,0.1859,-1
KHAPRETA_510206,312236.860,2624100.200,129.6100,0.0000,2.8100,0.1796,-1
KHAPRETA_510206,312239.860,2624100.200,129.5800,0.0931,2.8400,0.1815,-1
KHAPRETA_510206,312242.860,2624100.200,129.5900,0.0000,2.8300,0.1808,-1
KHAPRETA_510206,312254.860,2624100.200,129.5500,0.0850,2.8700,0.1834,-1
KHAPRETA_510206,312259.860,2624100.200,128.8900,0.3281,3.5300,0.2256,-1
KHAPRETA_510206,312260.860,2624100.200,129.1200,0.5258,3.3000,0.2109,-1
KHAPRETA_510206,312263.860,2624100.200,129.4200,0.1356,3.0000,0.1917,-1
KHAPRETA_510206,312264.860,2624100.200,129.5700,0.0350,2.8500,0.1821,-1
KHAPRETA_510206,312265.860,2624100.200,129.4900,0.1806,2.9300,0.1872,-1
KHAPRETA_510206,312266.860,2624100.200,129.5100,0.1988,2.9100,0.1859,-1
KHAPRETA_510206,312269.860,2624100.200,129.6100,0.1231,2.8100,0.1796,-1
KHAPRETA_510206,312270.860,2624100.200,129.5300,0.1000,2.8900,0.1847,-1
KHAPRETA_510206,312271.860,2624100.200,129.4100,0.3225,3.0100,0.1923,-1
KHAPRETA_510206,312276.860,2624100.200,129.5300,0.0000,2.8900,0.1847,-1
KHAPRETA_510206,312279.860,2624100.200,129.5100,0.0000,2.9100,0.1859,-1
KHAPRETA_510206,312282.860,2624100.200,129.5400,0.1681,2.8800,0.1840,-1
KHAPRETA_510206,312287.860,2624100.200,129.3700,0.1381,3.0500,0.1949,-1
KHAPRETA_510206,312288.860,2624100.200,129.5000,0.2031,2.9200,0.1866,-1
KHAPRETA_510206,312297.860,2624100.200,129.5500,0.1473,2.8700,0.1834,-1
KHAPRETA_510206,312298.860,2624100.200,129.6000,0.1564,2.8200,0.1802,-1
KHAPRETA_510206,312304.860,2624100.200,129.5400,0.1181,2.8800,0.1840,-1
KHAPRETA_510206,312305.860,2624100.200,129.5400,0.1181,2.8800,0.1840,-1
KHAPRETA_510206,312307.860,2624100.200,129.6200,0.0981,2.8000,0.1789,-1
KHAPRETA_510206,312309.860,2624100.200,129.6100,0.0000,2.8100,0.1796,-1
KHAPRETA_510206,312312.860,2624100.200,129.5800,0.3131,2.8400,0.1815,-1
KHAPRETA_510206,312317.860,2624100.200,129.3800,0.1400,3.0400,0.1942,-1
KHAPRETA_510206,312319.860,2624100.200,129.2600,0.0000,3.1600,0.2019,-1
KHAPRETA_510206,312321.860,2624100.200,129.2000,0.2100,3.2200,0.2058,-1
KHAPRETA_510206,312325.860,2624100.200,129.6300,0.0000,2.7900,0.1783,-1
KHAPRETA_510206,312329.860,2624100.200,129.4000,0.0700,3.0200,0.1930,-1
KHAPRETA_510206,312335.860,2624100.200,130.0000,0.0619,2.4200,0.1546,-1
KHAPRETA_510206,312338.860,2624100.200,130.0800,0.1119,2.3400,0.1495,-1
KHAPRETA_510206,312342.860,2624100.200,129.9100,0.0000,2.5100,0.1604,-1
KHAPRETA_510206,312345.860,2624100.200,130.1100,0.0000,2.3100,0.1476,-1
KHAPRETA_510206,312349.860,2624100.200,129.9500,0.0431,2.4700,0.1578,-1
KHAPRETA_510206,312350.860,2624100.200,129.8600,0.0700,2.5600,0.1636,-1
KHAPRETA_510206,312351.860,2624100.200,129.8100,0.1691,2.6100,0.1668,-1
KHAPRETA_510206,312352.860,2624100.200,129.5300,0.0169,2.8900,0.1847,-1
KHAPRETA_510206,312358.860,2624100.200,129.7200,0.0231,2.7000,0.1725,-1
KHAPRETA_510206,312362.860,2624100.200,129.7100,0.0000,2.7100,0.1732,-1
KHAPRETA_510206,312366.860,2624100.200,130.0100,0.0000,2.4100,0.1540,-1
KHAPRETA_510206,312370.860,2624100.200,129.8800,0.0269,2.5400,0.1623,-1
KHAPRETA_510206,312371.860,2624100.200,129.8300,0.1458,2.5900,0.1655,-1
KHAPRETA_510206,312372.860,2624100.200,130.1300,0.1377,2.2900,0.1463,-1
KHAPRETA_510206,312380.860,2624100.200,130.3100,0.0000,2.1100,0.1348,-1
KHAPRETA_510206,312382.860,2624100.200,130.2600,0.2869,2.1600,0.1380,-1
KHAPRETA_510206,312385.860,2624100.200,130.4100,0.2619,2.0100,0.1284,-1
KHAPRETA_510206,312388.860,2624100.200,130.3100,0.3219,2.1100,0.1348,-1
KHAPRETA_510206,312393.860,2624100.200,130.4400,0.0000,1.9800,0.1265,-1
KHAPRETA_510206,312395.860,2624100.200,130.4200,0.0000,2.0000,0.1278,-1
KHAPRETA_510206,312405.860,2624100.200,130.5400,0.3619,1.8800,0.1201,-1
KHAPRETA_510206,312414.860,2624100.200,130.7100,0.0000,1.7100,0.1093,-1
KHAPRETA_510206,312419.860,2624100.200,130.5600,0.3919,1.8600,0.1188,-1
KHAPRETA_510206,312420.860,2624100.200,130.5600,0.3919,1.8600,0.1188,-1
KHAPRETA_510206,312434.860,2624100.200,130.8000,0.5069,1.6200,0.1035,-1
KHAPRETA_510206,312114.860,2624101.200,127.2100,0.0000,5.2100,0.3329,-1
KHAPRETA_510206,312117.860,2624101.200,126.7100,1.3881,5.7100,0.3649,-1
KHAPRETA_510206,312121.860,2624101.200,127.0300,0.0000,5.3900,0.3444,-1
KHAPRETA_510206,312125.860,2624101.200,127.2400,1.2281,5.1800,0.3310,-1
KHAPRETA_510206,312126.860,2624101.200,127.3200,1.2681,5.1000,0.3259,-1
KHAPRETA_510206,312129.860,2624101.200,127.4200,0.0000,5.0000,0.3195,-1
KHAPRETA_510206,312138.860,2624101.200,126.8300,0.0000,5.5900,0.3572,-1
KHAPRETA_510206,312143.860,2624101.200,127.8000,0.9831,4.6200,0.2952,-1
KHAPRETA_510206,312145.860,2624101.200,127.8500,0.0000,4.5700,0.2920,-1
KHAPRETA_510206,312148.860,2624101.200,128.0400,0.0000,4.3800,0.2799,-1
KHAPRETA_510206,312154.860,2624101.200,128.2100,0.7531,4.2100,0.2690,-1
KHAPRETA_510206,312159.860,2624101.200,128.3700,0.0000,4.0500,0.2588,-1
KHAPRETA_510206,312161.860,2624101.200,128.2100,0.8181,4.2100,0.2690,-1
KHAPRETA_510206,312162.860,2624101.200,128.1400,1.0557,4.2800,0.2735,-1
KHAPRETA_510206,312164.860,2624101.200,128.5600,0.0950,3.8600,0.2466,-1
KHAPRETA_510206,312173.860,2624101.200,130.2000,0.0000,2.2200,0.1419,-1
KHAPRETA_510206,312185.860,2624101.200,129.3800,0.4081,3.0400,0.1942,-1
KHAPRETA_510206,312187.860,2624101.200,129.5600,0.2705,2.8600,0.1827,-1
KHAPRETA_510206,312188.860,2624101.200,129.3300,0.1081,3.0900,0.1974,-1
KHAPRETA_510206,312195.860,2624101.200,129.5600,0.2188,2.8600,0.1827,-1
KHAPRETA_510206,312196.860,2624101.200,129.3800,0.0550,3.0400,0.1942,-1
KHAPRETA_510206,312197.860,2624101.200,129.4500,0.2168,2.9700,0.1898,-1
KHAPRETA_510206,312200.860,2624101.200,129.6000,0.0000,2.8200,0.1802,-1
KHAPRETA_510206,312203.860,2624101.200,129.5000,0.0631,2.9200,0.1866,-1
KHAPRETA_510206,312205.860,2624101.200,129.5000,0.0000,2.9200,0.1866,-1
KHAPRETA_510206,312207.860,2624101.200,129.6200,0.1731,2.8000,0.1789,-1
KHAPRETA_510206,312216.860,2624101.200,129.4700,0.4513,2.9500,0.1885,-1
KHAPRETA_510206,312217.860,2624101.200,129.3700,0.1531,3.0500,0.1949,-1
KHAPRETA_510206,312220.860,2624101.200,129.5900,0.1004,2.8300,0.1808,-1
KHAPRETA_510206,312221.860,2624101.200,129.6200,0.1543,2.8000,0.1789,-1
KHAPRETA_510206,312223.860,2624101.200,129.6100,0.1853,2.8100,0.1796,-1
KHAPRETA_510206,312224.860,2624101.200,129.4500,0.0304,2.9700,0.1898,-1
KHAPRETA_510206,312225.860,2624101.200,129.6000,0.2105,2.8200,0.1802,-1
KHAPRETA_510206,312227.860,2624101.200,129.7200,0.1131,2.7000,0.1725,-1
KHAPRETA_510206,312233.860,2624101.200,129.5300,0.0000,2.8900,0.1847,-1
KHAPRETA_510206,312239.860,2624101.200,129.5900,0.0150,2.8300,0.1808,-1
KHAPRETA_510206,312241.860,2624101.200,129.5700,0.0000,2.8500,0.1821,-1
KHAPRETA_510206,312243.860,2624101.200,129.7300,0.0881,2.6900,0.1719,-1
KHAPRETA_510206,312244.860,2624101.200,129.6000,0.0719,2.8200,0.1802,-1
KHAPRETA_510206,312247.860,2624101.200,129.6800,0.0000,2.7400,0.1751,-1
KHAPRETA_510206,312251.860,2624101.200,129.7700,0.0000,2.6500,0.1693,-1
KHAPRETA_510206,312253.860,2624101.200,129.5500,0.1381,2.8700,0.1834,-1
KHAPRETA_510206,312254.860,2624101.200,129.5000,0.1170,2.9200,0.1866,-1
KHAPRETA_510206,312260.860,2624101.200,129.2100,0.3281,3.2100,0.2051,-1
KHAPRETA_510206,312262.860,2624101.200,129.1300,0.0000,3.2900,0.2102,-1
KHAPRETA_510206,312265.860,2624101.200,129.4200,0.1431,3.0000,0.1917,-1
KHAPRETA_510206,312277.860,2624101.200,129.5600,0.1081,2.8600,0.1827,-1
KHAPRETA_510206,312289.860,2624101.200,129.5800,0.0000,2.8400,0.1815,-1
KHAPRETA_510206,312294.860,2624101.200,129.5900,0.0000,2.8300,0.1808,-1
KHAPRETA_510206,312297.860,2624101.200,129.5400,0.1564,2.8800,0.1840,-1
KHAPRETA_510206,312298.860,2624101.200,129.5600,0.1473,2.8600,0.1827,-1
KHAPRETA_510206,312307.860,2624101.200,129.5800,0.0781,2.8400,0.1815,-1
KHAPRETA_510206,312313.860,2624101.200,128.9900,0.1081,3.4300,0.2192,-1
KHAPRETA_510206,312316.860,2624101.200,129.3100,0.0681,3.1100,0.1987,-1
KHAPRETA_510206,312317.860,2624101.200,129.6400,0.1518,2.7800,0.1776,-1
KHAPRETA_510206,312318.860,2624101.200,129.6000,0.0681,2.8200,0.1802,-1
KHAPRETA_510206,312321.860,2624101.200,129.4300,0.2881,2.9900,0.1911,-1
KHAPRETA_510206,312324.860,2624101.200,129.5500,0.1081,2.8700,0.1834,-1
KHAPRETA_510206,312329.860,2624101.200,129.6800,0.1600,2.7400,0.1751,-1
KHAPRETA_510206,312335.860,2624101.200,129.9000,0.0500,2.5200,0.1610,-1
KHAPRETA_510206,312343.860,2624101.200,129.9400,0.0000,2.4800,0.1585,-1
KHAPRETA_510206,312349.860,2624101.200,129.8500,0.0869,2.5700,0.1642,-1
KHAPRETA_510206,312353.860,2624101.200,129.7700,0.0000,2.6500,0.1693,-1
KHAPRETA_510206,312357.860,2624101.200,129.7800,0.0231,2.6400,0.1687,-1
KHAPRETA_510206,312358.860,2624101.200,129.7300,0.0281,2.6900,0.1719,-1
KHAPRETA_510206,312365.860,2624101.200,129.8900,0.0569,2.5300,0.1617,-1
KHAPRETA_510206,312371.860,2624101.200,130.1000,0.2335,2.3200,0.1482,-1
KHAPRETA_510206,312372.860,2624101.200,130.2400,0.1647,2.1800,0.1393,-1
KHAPRETA_510206,312374.860,2624101.200,130.3900,0.0000,2.0300,0.1297,-1
KHAPRETA_510206,312376.860,2624101.200,130.3300,0.0000,2.0900,0.1335,-1
KHAPRETA_510206,312379.860,2624101.200,130.3600,0.0000,2.0600,0.1316,-1
KHAPRETA_510206,312381.860,2624101.200,130.3500,0.0000,2.0700,0.1323,-1
KHAPRETA_510206,312383.860,2624101.200,130.3200,0.4991,2.1000,0.1342,-1
KHAPRETA_510206,312384.860,2624101.200,130.6600,0.3607,1.7600,0.1125,-1
KHAPRETA_510206,312386.860,2624101.200,130.3000,0.3169,2.1200,0.1355,-1
KHAPRETA_510206,312387.860,2624101.200,130.4100,0.2931,2.0100,0.1284,-1
KHAPRETA_510206,312388.860,2624101.200,130.4200,0.4144,2.0000,0.1278,-1
KHAPRETA_510206,312397.860,2624101.200,130.4900,0.0000,1.9300,0.1233,-1
KHAPRETA_510206,312401.860,2624101.200,130.4700,0.0000,1.9500,0.1246,-1
KHAPRETA_510206,312405.860,2624101.200,130.5000,0.3333,1.9200,0.1227,-1
KHAPRETA_510206,312406.860,2624101.200,130.4400,0.3619,1.9800,0.1265,-1
KHAPRETA_510206,312426.860,2624101.200,130.7600,0.0000,1.6600,0.1061,-1
KHAPRETA_510206,312429.860,2624101.200,130.8100,0.0000,1.6100,0.1029,-1
KHAPRETA_510206,312431.860,2624101.200,130.7800,0.0000,1.6400,0.1048,-1
KHAPRETA_510206,312434.860,2624101.200,130.7900,0.5119,1.6300,0.1042,-1
KHAPRETA_510206,312436.860,2624101.200,130.7600,0.0000,1.6600,0.1061,-1
KHAPRETA_510206,312438.860,2624101.200,130.6600,0.0000,1.7600,0.1125,-1
KHAPRETA_510206,312440.860,2624101.200,130.7100,0.5169,1.7100,0.1093,-1
KHAPRETA_510206,312442.860,2624101.200,130.9000,0.0000,1.5200,0.0971,-1
KHAPRETA_510206,312115.860,2624102.200,127.2400,1.4181,5.1800,0.3310,-1
KHAPRETA_510206,312116.860,2624102.200,126.9400,1.3235,5.4800,0.3502,-1
KHAPRETA_510206,312117.860,2624102.200,127.0000,2.0883,5.4200,0.3463,-1
KHAPRETA_510206,312122.860,2624102.200,127.0200,1.3731,5.4000,0.3450,-1
KHAPRETA_510206,312140.860,2624102.200,127.7100,1.1181,4.7100,0.3010,-1
KHAPRETA_510206,312143.860,2624102.200,127.8100,1.3318,4.6100,0.2946,-1
KHAPRETA_510206,312144.860,2624102.200,127.9900,0.9831,4.4300,0.2831,-1
KHAPRETA_510206,312147.860,2624102.200,128.1000,0.9531,4.3200,0.2760,-1
KHAPRETA_510206,312150.860,2624102.200,128.0200,0.7881,4.4000,0.2811,-1
KHAPRETA_510206,312151.860,2624102.200,128.2000,0.1050,4.2200,0.2696,-1
KHAPRETA_510206,312152.860,2624102.200,128.2300,0.8915,4.1900,0.2677,-1
KHAPRETA_510206,312153.860,2624102.200,127.6200,0.7933,4.8000,0.3067,-1
KHAPRETA_510206,312154.860,2624102.200,128.2700,1.0781,4.1500,0.2652,-1
KHAPRETA_510206,312162.860,2624102.200,128.3600,0.1150,4.0600,0.2594,-1
KHAPRETA_510206,312164.860,2624102.200,128.4300,0.6081,3.9900,0.2550,-1
KHAPRETA_510206,312166.860,2624102.200,129.2200,0.0000,3.2000,0.2045,-1
KHAPRETA_510206,312172.860,2624102.200,129.0300,0.0000,3.3900,0.2166,-1
KHAPRETA_510206,312174.860,2624102.200,129.4300,0.1681,2.9900,0.1911,-1
KHAPRETA_510206,312175.860,2624102.200,129.4400,0.2214,2.9800,0.1904,-1
KHAPRETA_510206,312182.860,2624102.200,129.3200,0.0000,3.1000,0.1981,-1
KHAPRETA_510206,312185.860,2624102.200,128.9600,0.4312,3.4600,0.2211,-1
KHAPRETA_510206,312186.860,2624102.200,129.0100,0.2550,3.4100,0.2179,-1
KHAPRETA_510206,312187.860,2624102.200,129.4700,0.3980,2.9500,0.1885,-1
KHAPRETA_510206,312191.860,2624102.200,129.6400,0.2026,2.7800,0.1776,-1
KHAPRETA_510206,312192.860,2624102.200,129.4400,0.0681,2.9800,0.1904,-1
KHAPRETA_510206,312197.860,2624102.200,129.6000,0.1631,2.8200,0.1802,-1
KHAPRETA_510206,312199.860,2624102.200,129.3100,0.0000,3.1100,0.1987,-1
KHAPRETA_510206,312203.860,2624102.200,129.6500,0.0300,2.7700,0.1770,-1
KHAPRETA_510206,312208.860,2624102.200,129.3800,0.0000,3.0400,0.1942,-1
KHAPRETA_510206,312211.860,2624102.200,129.2700,0.1431,3.1500,0.2013,-1
KHAPRETA_510206,312214.860,2624102.200,129.6300,0.2781,2.7900,0.1783,-1
KHAPRETA_510206,312215.860,2624102.200,129.2200,0.3300,3.2000,0.2045,-1
KHAPRETA_510206,312216.860,2624102.200,128.9700,0.3174,3.4500,0.2204,-1
KHAPRETA_510206,312221.860,2624102.200,129.5300,0.0973,2.8900,0.1847,-1
KHAPRETA_510206,312222.860,2624102.200,129.6600,0.1231,2.7600,0.1764,-1
KHAPRETA_510206,312224.860,2624102.200,129.5500,0.1631,2.8700,0.1834,-1
KHAPRETA_510206,312228.860,2624102.200,129.6100,0.0000,2.8100,0.1796,-1
KHAPRETA_510206,312231.860,2624102.200,129.5700,0.0931,2.8500,0.1821,-1
KHAPRETA_510206,312234.860,2624102.200,129.4900,0.0000,2.9300,0.1872,-1
KHAPRETA_510206,312239.860,2624102.200,129.6100,0.0931,2.8100,0.1796,-1
KHAPRETA_510206,312242.860,2624102.200,129.6100,0.0000,2.8100,0.1796,-1
KHAPRETA_510206,312244.860,2624102.200,129.6400,0.1245,2.7800,0.1776,-1
KHAPRETA_510206,312245.860,2624102.200,129.6000,0.0999,2.8200,0.1802,-1
KHAPRETA_510206,312252.860,2624102.200,129.6000,0.0000,2.8200,0.1802,-1
KHAPRETA_510206,312254.860,2624102.200,129.6100,0.1784,2.8100,0.1796,-1
KHAPRETA_510206,312255.860,2624102.200,129.5500,0.1100,2.8700,0.1834,-1
KHAPRETA_510206,312256.860,2624102.200,129.3900,0.1131,3.0300,0.1936,-1
KHAPRETA_510206,312258.860,2624102.200,129.2000,0.1181,3.2200,0.2058,-1
KHAPRETA_510206,312270.860,2624102.200,129.5000,0.1531,2.9200,0.1866,-1
KHAPRETA_510206,312273.860,2624102.200,129.3500,0.0000,3.0700,0.1962,-1
KHAPRETA_510206,312277.860,2624102.200,129.5600,0.1081,2.8600,0.1827,-1
KHAPRETA_510206,312288.860,2624102.200,129.6100,0.0000,2.8100,0.1796,-1
KHAPRETA_510206,312292.860,2624102.200,129.6100,0.0781,2.8100,0.1796,-1
KHAPRETA_510206,312293.860,2624102.200,129.6200,0.0831,2.8000,0.1789,-1
KHAPRETA_510206,312300.860,2624102.200,129.5700,0.0831,2.8500,0.1821,-1
KHAPRETA_510206,312301.860,2624102.200,129.6100,0.1031,2.8100,0.1796,-1
KHAPRETA_510206,312303.860,2624102.200,129.6100,0.0581,2.8100,0.1796,-1
KHAPRETA_510206,312313.860,2624102.200,129.5600,0.3931,2.8600,0.1827,-1
KHAPRETA_510206,312315.860,2624102.200,129.1400,0.3181,3.2800,0.2096,-1
KHAPRETA_510206,312317.860,2624102.200,129.2900,0.1600,3.1300,0.2000,-1
KHAPRETA_510206,312319.860,2624102.200,129.2100,0.1281,3.2100,0.2051,-1
KHAPRETA_510206,312322.860,2624102.200,129.2000,0.0000,3.2200,0.2058,-1
KHAPRETA_510206,312324.860,2624102.200,129.5600,0.1200,2.8600,0.1827,-1
KHAPRETA_510206,312329.860,2624102.200,129.7200,0.0583,2.7000,0.1725,-1
KHAPRETA_510206,312330.860,2624102.200,129.7100,0.1250,2.7100,0.1732,-1
KHAPRETA_510206,312331.860,2624102.200,129.9700,0.0977,2.4500,0.1565,-1
KHAPRETA_510206,312333.860,2624102.200,129.9500,0.0000,2.4700,0.1578,-1
KHAPRETA_510206,312335.860,2624102.200,129.9000,0.0550,2.5200,0.1610,-1
KHAPRETA_510206,312341.860,2624102.200,129.8900,0.0000,2.5300,0.1617,-1
KHAPRETA_510206,312351.860,2624102.200,129.8100,0.0948,2.6100,0.1668,-1
KHAPRETA_510206,312352.860,2624102.200,129.7300,0.0169,2.6900,0.1719,-1
KHAPRETA_510206,312354.860,2624102.200,129.6900,0.0000,2.7300,0.1744,-1
KHAPRETA_510206,312359.860,2624102.200,129.6200,0.0531,2.8000,0.1789,-1
KHAPRETA_510206,312360.860,2624102.200,129.6700,0.0781,2.7500,0.1757,-1
KHAPRETA_510206,312365.860,2624102.200,129.8900,0.0569,2.5300,0.1617,-1
KHAPRETA_510206,312372.860,2624102.200,130.1900,0.3768,2.2300,0.1425,-1
KHAPRETA_510206,312373.860,2624102.200,130.3700,0.3702,2.0500,0.1310,-1
KHAPRETA_510206,312382.860,2624102.200,130.3800,0.2319,2.0400,0.1304,-1
KHAPRETA_510206,312383.860,2624102.200,130.2400,0.2796,2.1800,0.1393,-1
KHAPRETA_510206,312384.860,2624102.200,130.2500,0.2611,2.1700,0.1387,-1
KHAPRETA_510206,312387.860,2624102.200,130.3500,0.0100,2.0700,0.1323,-1
KHAPRETA_510206,312391.860,2624102.200,130.4600,0.0000,1.9600,0.1252,-1
KHAPRETA_510206,312396.860,2624102.200,130.5100,0.3469,1.9100,0.1220,-1
KHAPRETA_510206,312398.860,2624102.200,130.5100,0.0000,1.9100,0.1220,-1
KHAPRETA_510206,312402.860,2624102.200,130.3000,0.0000,2.1200,0.1355,-1
KHAPRETA_510206,312405.860,2624102.200,130.4800,0.3619,1.9400,0.1240,-1
KHAPRETA_510206,312408.860,2624102.200,130.6500,0.0000,1.7700,0.1131,-1
KHAPRETA_510206,312410.860,2624102.200,130.6900,0.0000,1.7300,0.1105,-1
KHAPRETA_510206,312413.860,2624102.200,130.6900,0.4469,1.7300,0.1105,-1
KHAPRETA_510206,312419.860,2624102.200,130.7600,0.0000,1.6600,0.1061,-1
KHAPRETA_510206,312427.860,2624102.200,130.8600,0.5319,1.5600,0.0997,-1
KHAPRETA_510206,312428.860,2624102.200,130.8400,0.5419,1.5800,0.1010,-1
KHAPRETA_510206,312430.860,2624102.200,130.8200,0.5569,1.6000,0.1022,-1
KHAPRETA_510206,312433.860,2624102.200,130.7600,0.0000,1.6600,0.1061,-1
KHAPRETA_510206,312437.860,2624102.200,130.7400,0.0000,1.6800,0.1073,-1
KHAPRETA_510206,312440.860,2624102.200,130.8100,0.0500,1.6100,0.1029,-1
KHAPRETA_510206,312102.860,2624103.200,126.6300,1.5031,5.7900,0.3700,-1
KHAPRETA_510206,312103.860,2624103.200,126.7700,2.1688,5.6500,0.3610,-1
KHAPRETA_510206,312116.860,2624103.200,127.1400,1.4181,5.2800,0.3374,-1
KHAPRETA_510206,312119.860,2624103.200,127.0300,0.0000,5.3900,0.3444,-1
KHAPRETA_510206,312121.860,2624103.200,126.8500,1.3731,5.5700,0.3559,-1
KHAPRETA_510206,312122.860,2624103.200,127.0300,2.0099,5.3900,0.3444,-1
KHAPRETA_510206,312124.860,2624103.200,127.4500,0.0000,4.9700,0.3176,-1
KHAPRETA_510206,312129.860,2624103.200,127.4500,1.2681,4.9700,0.3176,-1
KHAPRETA_510206,312131.860,2624103.200,127.4200,0.0000,5.0000,0.3195,-1
KHAPRETA_510206,312137.860,2624103.200,127.5900,1.3931,4.8300,0.3086,-1
KHAPRETA_510206,312138.860,2624103.200,126.9900,0.0450,5.4300,0.3470,-1
KHAPRETA_510206,312139.860,2624103.200,127.5000,0.2750,4.9200,0.3144,-1
KHAPRETA_510206,312140.860,2624103.200,127.5400,1.5370,4.8800,0.3118,-1
KHAPRETA_510206,312147.860,2624103.200,127.8700,0.8381,4.5500,0.2907,-1
KHAPRETA_510206,312152.860,2624103.200,128.0900,1.1075,4.3300,0.2767,-1
KHAPRETA_510206,312153.860,2624103.200,128.1900,1.0800,4.2300,0.2703,-1
KHAPRETA_510206,312154.860,2624103.200,128.2200,0.7533,4.2000,0.2684,-1
KHAPRETA_510206,312155.860,2624103.200,128.2300,0.0450,4.1900,0.2677,-1
KHAPRETA_510206,312156.860,2624103.200,128.1300,0.8181,4.2900,0.2741,-1
KHAPRETA_510206,312157.860,2624103.200,128.2200,1.1569,4.2000,0.2684,-1
KHAPRETA_510206,312160.860,2624103.200,128.3300,0.6831,4.0900,0.2613,-1
KHAPRETA_510206,312161.860,2624103.200,128.4100,0.0200,4.0100,0.2562,-1
KHAPRETA_510206,312162.860,2624103.200,128.3700,0.9838,4.0500,0.2588,-1
KHAPRETA_510206,312175.860,2624103.200,129.5000,0.1681,2.9200,0.1866,-1
KHAPRETA_510206,312184.860,2624103.200,129.5000,0.0000,2.9200,0.1866,-1
KHAPRETA_510206,312191.860,2624103.200,129.5500,0.0681,2.8700,0.1834,-1
KHAPRETA_510206,312194.860,2624103.200,129.5300,0.0000,2.8900,0.1847,-1
KHAPRETA_510206,312196.860,2624103.200,129.5700,0.1481,2.8500,0.1821,-1
KHAPRETA_510206,312198.860,2624103.200,129.7200,0.0000,2.7000,0.1725,-1
KHAPRETA_510206,312200.860,2624103.200,129.1600,0.0881,3.2600,0.2083,-1
KHAPRETA_510206,312201.860,2624103.200,129.6000,0.3155,2.8200,0.1802,-1
KHAPRETA_510206,312203.860,2624103.200,129.4400,0.1004,2.9800,0.1904,-1
KHAPRETA_510206,312204.860,2624103.200,129.6200,0.1681,2.8000,0.1789,-1
KHAPRETA_510206,312209.860,2624103.200,129.2600,0.1586,3.1600,0.2019,-1
KHAPRETA_510206,312210.860,2624103.200,129.5000,0.1150,2.9200,0.1866,-1
KHAPRETA_510206,312211.860,2624103.200,129.4900,0.2883,2.9300,0.1872,-1
KHAPRETA_510206,312213.860,2624103.200,129.6500,0.0000,2.7700,0.1770,-1
KHAPRETA_510206,312217.860,2624103.200,129.5100,0.0000,2.9100,0.1859,-1
KHAPRETA_510206,312219.860,2624103.200,129.7300,0.0000,2.6900,0.1719,-1
KHAPRETA_510206,312229.860,2624103.200,129.5400,0.0000,2.8800,0.1840,-1
KHAPRETA_510206,312231.860,2624103.200,129.5900,0.1031,2.8300,0.1808,-1
KHAPRETA_510206,312235.860,2624103.200,129.6500,0.0231,2.7700,0.1770,-1
KHAPRETA_510206,312236.860,2624103.200,129.7300,0.0631,2.6900,0.1719,-1
KHAPRETA_510206,312241.860,2624103.200,129.6300,0.0831,2.7900,0.1783,-1
KHAPRETA_510206,312245.860,2624103.200,129.6300,0.1055,2.7900,0.1783,-1
KHAPRETA_510206,312246.860,2624103.200,129.6600,0.0050,2.7600,0.1764,-1
KHAPRETA_510206,312247.860,2624103.200,129.6400,0.0581,2.7800,0.1776,-1
KHAPRETA_510206,312249.860,2624103.200,129.6500,0.0000,2.7700,0.1770,-1
KHAPRETA_510206,312251.860,2624103.200,129.6200,0.0000,2.8000,0.1789,-1
KHAPRETA_510206,312258.860,2624103.200,129.5400,0.2881,2.8800,0.1840,-1
KHAPRETA_510206,312261.860,2624103.200,129.6100,0.0681,2.8100,0.1796,-1
KHAPRETA_510206,312263.860,2624103.200,129.0700,0.3831,3.3500,0.2141,-1
KHAPRETA_510206,312264.860,2624103.200,129.0100,0.4230,3.4100,0.2179,-1
KHAPRETA_510206,312270.860,2624103.200,129.4700,0.1381,2.9500,0.1885,-1
KHAPRETA_510206,312275.860,2624103.200,129.4800,0.1481,2.9400,0.1879,-1
KHAPRETA_510206,312276.860,2624103.200,129.4800,0.1481,2.9400,0.1879,-1
KHAPRETA_510206,312280.860,2624103.200,129.6000,0.0931,2.8200,0.1802,-1
KHAPRETA_510206,312282.860,2624103.200,129.3900,0.1823,3.0300,0.1936,-1
KHAPRETA_510206,312283.860,2624103.200,129.4900,0.1931,2.9300,0.1872,-1
KHAPRETA_510206,312286.860,2624103.200,129.6600,0.0000,2.7600,0.1764,-1
KHAPRETA_510206,312289.860,2624103.200,129.6500,0.0000,2.7700,0.1770,-1
KHAPRETA_510206,312291.860,2624103.200,129.5800,0.0000,2.8400,0.1815,-1
KHAPRETA_510206,312297.860,2624103.200,129.6700,0.0000,2.7500,0.1757,-1
KHAPRETA_510206,312302.860,2624103.200,129.6200,0.0581,2.8000,0.1789,-1
KHAPRETA_510206,312303.860,2624103.200,129.6600,0.0158,2.7600,0.1764,-1
KHAPRETA_510206,312304.860,2624103.200,129.6500,0.0787,2.7700,0.1770,-1
KHAPRETA_510206,312315.860,2624103.200,129.1400,0.0800,3.2800,0.2096,-1
KHAPRETA_510206,312317.860,2624103.200,129.3200,0.0250,3.1000,0.1981,-1
KHAPRETA_510206,312319.860,2624103.200,129.5200,0.2681,2.9000,0.1853,-1
KHAPRETA_510206,312320.860,2624103.200,129.2400,0.1281,3.1800,0.2032,-1
KHAPRETA_510206,312324.860,2624103.200,129.3100,0.0450,3.1100,0.1987,-1
KHAPRETA_510206,312326.860,2624103.200,129.7500,0.0531,2.6700,0.1706,-1
KHAPRETA_510206,312331.860,2624103.200,129.9600,0.0100,2.4600,0.1572,-1
KHAPRETA_510206,312335.860,2624103.200,130.0100,0.0619,2.4100,0.1540,-1
KHAPRETA_510206,312339.860,2624103.200,130.1400,0.0319,2.2800,0.1457,-1
KHAPRETA_510206,312340.860,2624103.200,129.8400,0.1819,2.5800,0.1649,-1
KHAPRETA_510206,312342.860,2624103.200,130.0600,0.1569,2.3600,0.1508,-1
KHAPRETA_510206,312347.860,2624103.200,129.9700,0.0000,2.4500,0.1565,-1
KHAPRETA_510206,312351.860,2624103.200,129.9600,0.0450,2.4600,0.1572,-1
KHAPRETA_510206,312353.860,2624103.200,129.9000,0.0000,2.5200,0.1610,-1
KHAPRETA_510206,312364.860,2624103.200,129.9500,0.0000,2.4700,0.1578,-1
KHAPRETA_510206,312369.860,2624103.200,130.2600,0.0000,2.1600,0.1380,-1
KHAPRETA_510206,312373.860,2624103.200,130.3900,0.2969,2.0300,0.1297,-1
KHAPRETA_510206,312384.860,2624103.200,130.4200,0.0350,2.0000,0.1278,-1
KHAPRETA_510206,312387.860,2624103.200,130.3900,0.3919,2.0300,0.1297,-1
KHAPRETA_510206,312388.860,2624103.200,130.3100,0.4412,2.1100,0.1348,-1
KHAPRETA_510206,312390.860,2624103.200,130.4000,0.0000,2.0200,0.1291,-1
KHAPRETA_510206,312396.860,2624103.200,130.4700,0.3669,1.9500,0.1246,-1
KHAPRETA_510206,312399.860,2624103.200,130.6100,0.0000,1.8100,0.1157,-1
KHAPRETA_510206,312407.860,2624103.200,130.6800,0.0000,1.7400,0.1112,-1
KHAPRETA_510206,312413.860,2624103.200,130.6700,0.4569,1.7500,0.1118,-1
KHAPRETA_510206,312416.860,2624103.200,130.7000,0.4969,1.7200,0.1099,-1
KHAPRETA_510206,312417.860,2624103.200,130.7700,0.4970,1.6500,0.1054,-1
KHAPRETA_510206,312418.860,2624103.200,130.6800,0.6888,1.7400,0.1112,-1
KHAPRETA_510206,312421.860,2624103.200,130.7500,0.0000,1.6700,0.1067,-1
KHAPRETA_510206,312423.860,2624103.200,130.7900,0.7102,1.6300,0.1042,-1
KHAPRETA_510206,312424.860,2624103.200,130.7500,0.7064,1.6700,0.1067,-1
KHAPRETA_510206,312430.860,2624103.200,130.8900,0.5219,1.5300,0.0978,-1
KHAPRETA_510206,312432.860,2624103.200,130.7800,0.0000,1.6400,0.1048,-1
KHAPRETA_510206,312440.860,2624103.200,130.8100,0.0400,1.6100,0.1029,-1
KHAPRETA_510206,312442.860,2624103.200,130.8500,0.0000,1.5700,0.1003,-1
KHAPRETA_510206,312103.860,2624104.200,126.7900,1.9827,5.6300,0.3597,-1
KHAPRETA_510206,312104.860,2624104.200,127.1900,1.4931,5.2300,0.3342,-1
KHAPRETA_510206,312115.860,2624104.200,127.0800,1.3181,5.3400,0.3412,-1
KHAPRETA_510206,312117.860,2624104.200,126.8900,1.8764,5.5300,0.3534,-1
KHAPRETA_510206,312118.860,2624104.200,127.0100,1.4431,5.4100,0.3457,-1
KHAPRETA_510206,312120.860,2624104.200,127.2100,0.0000,5.2100,0.3329,-1
KHAPRETA_510206,312126.860,2624104.200,127.1000,0.0000,5.3200,0.3399,-1
KHAPRETA_510206,312129.860,2624104.200,127.2400,0.0850,5.1800,0.3310,-1
KHAPRETA_510206,312149.860,2624104.200,128.0700,0.8581,4.3500,0.2780,-1
KHAPRETA_510206,312150.860,2624104.200,128.0600,1.1854,4.3600,0.2786,-1
KHAPRETA_510206,312156.860,2624104.200,128.1400,1.1569,4.2800,0.2735,-1
KHAPRETA_510206,312157.860,2624104.200,128.1500,0.1811,4.2700,0.2728,-1
KHAPRETA_510206,312158.860,2624104.200,128.5000,0.0150,3.9200,0.2505,-1
KHAPRETA_510206,312159.860,2624104.200,128.1200,0.9985,4.3000,0.2748,-1
KHAPRETA_510206,312178.860,2624104.200,129.3300,0.0569,3.0900,0.1974,-1
KHAPRETA_510206,312183.860,2624104.200,129.1800,0.3181,3.2400,0.2070,-1
KHAPRETA_510206,312186.860,2624104.200,129.4000,0.0000,3.0200,0.1930,-1
KHAPRETA_510206,312196.860,2624104.200,129.4800,0.1324,2.9400,0.1879,-1
KHAPRETA_510206,312197.860,2624104.200,129.6100,0.1698,2.8100,0.1796,-1
KHAPRETA_510206,312201.860,2624104.200,129.6400,0.0881,2.7800,0.1776,-1
KHAPRETA_510206,312206.860,2624104.200,129.3000,0.0000,3.1200,0.1994,-1
KHAPRETA_510206,312209.860,2624104.200,129.6200,0.2350,2.8000,0.1789,-1
KHAPRETA_510206,312218.860,2624104.200,129.6100,0.0000,2.8100,0.1796,-1
KHAPRETA_510206,312240.860,2624104.200,129.6800,0.0850,2.7400,0.1751,-1
KHAPRETA_510206,312241.860,2624104.200,129.6100,0.0810,2.8100,0.1796,-1
KHAPRETA_510206,312242.860,2624104.200,129.6100,0.1106,2.8100,0.1796,-1
KHAPRETA_510206,312247.860,2624104.200,129.7700,0.0780,2.6500,0.1693,-1
KHAPRETA_510206,312248.860,2624104.200,129.7000,0.1031,2.7200,0.1738,-1
KHAPRETA_510206,312255.860,2624104.200,129.2700,0.0000,3.1500,0.2013,-1
KHAPRETA_510206,312261.860,2624104.200,129.6400,0.1526,2.7800,0.1776,-1
KHAPRETA_510206,312262.860,2624104.200,129.5200,0.1036,2.9000,0.1853,-1
KHAPRETA_510206,312264.860,2624104.200,129.3100,0.5176,3.1100,0.1987,-1
KHAPRETA_510206,312265.860,2624104.200,129.0800,0.0200,3.3400,0.2134,-1
KHAPRETA_510206,312266.860,2624104.200,129.3500,0.3933,3.0700,0.1962,-1
KHAPRETA_510206,312268.860,2624104.200,129.5900,0.0631,2.8300,0.1808,-1
KHAPRETA_510206,312272.860,2624104.200,129.6200,0.0531,2.8000,0.1789,-1
KHAPRETA_510206,312273.860,2624104.200,129.6700,0.0781,2.7500,0.1757,-1
KHAPRETA_510206,312277.860,2624104.200,129.6600,0.0000,2.7600,0.1764,-1
KHAPRETA_510206,312280.860,2624104.200,129.5900,0.0881,2.8300,0.1808,-1
KHAPRETA_510206,312282.860,2624104.200,129.5500,0.1931,2.8700,0.1834,-1
KHAPRETA_510206,312284.860,2624104.200,129.5600,0.1081,2.8600,0.1827,-1
KHAPRETA_510206,312293.860,2624104.200,129.6300,0.0000,2.7900,0.1783,-1
KHAPRETA_510206,312295.860,2624104.200,129.6200,0.0000,2.8000,0.1789,-1
KHAPRETA_510206,312303.860,2624104.200,129.6200,0.0587,2.8000,0.1789,-1
KHAPRETA_510206,312304.860,2624104.200,129.6700,0.0430,2.7500,0.1757,-1
KHAPRETA_510206,312305.860,2624104.200,129.6900,0.0986,2.7300,0.1744,-1
KHAPRETA_510206,312310.860,2624104.200,129.6100,0.0231,2.8100,0.1796,-1
KHAPRETA_510206,312311.860,2624104.200,129.7300,0.0831,2.6900,0.1719,-1
KHAPRETA_510206,312313.860,2624104.200,129.6600,0.0000,2.7600,0.1764,-1
KHAPRETA_510206,312315.860,2624104.200,129.3000,0.3828,3.1200,0.1994,-1
KHAPRETA_510206,312316.860,2624104.200,129.3500,0.1941,3.0700,0.1962,-1
KHAPRETA_510206,312317.860,2624104.200,129.3400,0.2577,3.0800,0.1968,-1
KHAPRETA_510206,312319.860,2624104.200,129.2000,0.1281,3.2200,0.2058,-1
KHAPRETA_510206,312324.860,2624104.200,129.4700,0.2331,2.9500,0.1885,-1
KHAPRETA_510206,312326.860,2624104.200,129.6700,0.0546,2.7500,0.1757,-1
KHAPRETA_510206,312327.860,2624104.200,129.6700,0.0743,2.7500,0.1757,-1
KHAPRETA_510206,312331.860,2624104.200,129.9500,0.0000,2.4700,0.1578,-1
KHAPRETA_510206,312333.860,2624104.200,129.9400,0.0000,2.4800,0.1585,-1
KHAPRETA_510206,312336.860,2624104.200,129.9700,0.0000,2.4500,0.1565,-1
KHAPRETA_510206,312338.860,2624104.200,130.0000,0.0000,2.4200,0.1546,-1
KHAPRETA_510206,312341.860,2624104.200,130.0200,0.1569,2.4000,0.1534,-1
KHAPRETA_510206,312342.860,2624104.200,130.0900,0.1871,2.3300,0.1489,-1
KHAPRETA_510206,312346.860,2624104.200,129.9400,0.0000,2.4800,0.1585,-1
KHAPRETA_510206,312350.860,2624104.200,130.0800,0.0619,2.3400,0.1495,-1
KHAPRETA_510206,312351.860,2624104.200,129.9000,0.1776,2.5200,0.1610,-1
KHAPRETA_510206,312354.860,2624104.200,129.8400,0.0000,2.5800,0.1649,-1
KHAPRETA_510206,312356.860,2624104.200,129.6500,0.0000,2.7700,0.1770,-1
KHAPRETA_510206,312359.860,2624104.200,129.8400,0.0000,2.5800,0.1649,-1
KHAPRETA_510206,312366.860,2624104.200,130.1400,0.2169,2.2800,0.1457,-1
KHAPRETA_510206,312368.860,2624104.200,130.2800,0.0000,2.1400,0.1367,-1
KHAPRETA_510206,312377.860,2624104.200,130.2400,0.2969,2.1800,0.1393,-1
KHAPRETA_510206,312378.860,2624104.200,130.3700,0.2319,2.0500,0.1310,-1
KHAPRETA_510206,312381.860,2624104.200,130.1900,0.2019,2.2300,0.1425,-1
KHAPRETA_510206,312382.860,2624104.200,130.1800,0.2069,2.2400,0.1431,-1
KHAPRETA_510206,312384.860,2624104.200,130.3200,0.3219,2.1000,0.1342,-1
KHAPRETA_510206,312388.860,2624104.200,130.4100,0.0850,2.0100,0.1284,-1
KHAPRETA_510206,312400.860,2624104.200,130.5400,0.0000,1.8800,0.1201,-1
KHAPRETA_510206,312402.860,2624104.200,130.3100,0.0000,2.1100,0.1348,-1
KHAPRETA_510206,312404.860,2624104.200,130.6500,0.5310,1.7700,0.1131,-1
KHAPRETA_510206,312405.860,2624104.200,130.5800,0.4369,1.8400,0.1176,-1
KHAPRETA_510206,312417.860,2624104.200,130.7700,0.4770,1.6500,0.1054,-1
KHAPRETA_510206,312418.860,2624104.200,130.7300,0.4520,1.6900,0.1080,-1
KHAPRETA_510206,312419.860,2624104.200,130.7800,0.0200,1.6400,0.1048,-1
KHAPRETA_510206,312420.860,2624104.200,130.7700,0.6993,1.6500,0.1054,-1
KHAPRETA_510206,312423.860,2624104.200,130.8100,0.7064,1.6100,0.1029,-1
KHAPRETA_510206,312424.860,2624104.200,130.7600,0.5181,1.6600,0.1061,-1
KHAPRETA_510206,312437.860,2624104.200,130.7700,0.0000,1.6500,0.1054,-1
KHAPRETA_510206,312440.860,2624104.200,130.8900,0.5169,1.5300,0.0978,-1
KHAPRETA_510206,312101.860,2624105.200,126.8400,1.5031,5.5800,0.3565,-1
KHAPRETA_510206,312102.860,2624105.200,126.7700,1.4681,5.6500,0.3610,-1
KHAPRETA_510206,312106.860,2624105.200,126.7900,1.4981,5.6300,0.3597,-1
KHAPRETA_510206,312115.860,2624105.200,127.1400,1.3481,5.2800,0.3374,-1
KHAPRETA_510206,312117.860,2624105.200,127.2400,0.2600,5.1800,0.3310,-1
KHAPRETA_510206,312123.860,2624105.200,126.8800,0.0000,5.5400,0.3540,-1
KHAPRETA_510206,312125.860,2624105.200,127.0500,0.0000,5.3700,0.3431,-1
KHAPRETA_510206,312129.860,2624105.200,127.6200,1.6644,4.8000,0.3067,-1
KHAPRETA_510206,312130.860,2624105.200,127.6200,1.0781,4.8000,0.3067,-1
KHAPRETA_510206,312140.860,2624105.200,127.7600,0.0000,4.6600,0.2978,-1
KHAPRETA_510206,312142.860,2624105.200,127.7600,1.1131,4.6600,0.2978,-1
KHAPRETA_510206,312150.860,2624105.200,128.1300,0.8632,4.2900,0.2741,-1
KHAPRETA_510206,312151.860,2624105.200,128.0500,0.8231,4.3700,0.2792,-1
KHAPRETA_510206,312154.860,2624105.200,128.2100,0.7181,4.2100,0.2690,-1
KHAPRETA_510206,312155.860,2624105.200,128.3400,0.7831,4.0800,0.2607,-1
KHAPRETA_510206,312157.860,2624105.200,128.2600,0.0050,4.1600,0.2658,-1
KHAPRETA_510206,312159.860,2624105.200,128.2400,0.7173,4.1800,0.2671,-1
KHAPRETA_510206,312160.860,2624105.200,128.3600,0.7681,4.0600,0.2594,-1
KHAPRETA_510206,312162.860,2624105.200,128.3000,0.9909,4.1200,0.2633,-1
KHAPRETA_510206,312163.860,2624105.200,128.3500,1.0297,4.0700,0.2601,-1
KHAPRETA_510206,312178.860,2624105.200,129.8900,0.2231,2.5300,0.1617,-1
KHAPRETA_510206,312182.860,2624105.200,129.4900,0.3181,2.9300,0.1872,-1
KHAPRETA_510206,312183.860,2624105.200,129.1400,0.1533,3.2800,0.2096,-1
KHAPRETA_510206,312191.860,2624105.200,129.6000,0.4981,2.8200,0.1802,-1
KHAPRETA_510206,312193.860,2624105.200,129.4100,0.2531,3.0100,0.1923,-1
KHAPRETA_510206,312194.860,2624105.200,129.2700,0.1350,3.1500,0.2013,-1
KHAPRETA_510206,312195.860,2624105.200,129.6800,0.2696,2.7400,0.1751,-1
KHAPRETA_510206,312197.860,2624105.200,129.6100,0.0831,2.8100,0.1796,-1
KHAPRETA_510206,312200.860,2624105.200,129.4900,0.0000,2.9300,0.1872,-1
KHAPRETA_510206,312204.860,2624105.200,129.3100,0.0000,3.1100,0.1987,-1
KHAPRETA_510206,312207.860,2624105.200,129.5500,0.0000,2.8700,0.1834,-1
KHAPRETA_510206,312209.860,2624105.200,129.7300,0.0781,2.6900,0.1719,-1
KHAPRETA_510206,312214.860,2624105.200,129.4900,0.0000,2.9300,0.1872,-1
KHAPRETA_510206,312234.860,2624105.200,129.6500,0.0781,2.7700,0.1770,-1
KHAPRETA_510206,312235.860,2624105.200,129.6200,0.0881,2.8000,0.1789,-1
KHAPRETA_510206,312236.860,2624105.200,129.6500,0.0050,2.7700,0.1770,-1
KHAPRETA_510206,312237.860,2624105.200,129.6100,0.0631,2.8100,0.1796,-1
KHAPRETA_510206,312239.860,2624105.200,129.6100,0.0181,2.8100,0.1796,-1
KHAPRETA_510206,312240.860,2624105.200,129.7400,0.0960,2.6800,0.1712,-1
KHAPRETA_510206,312242.860,2624105.200,129.6300,0.0831,2.7900,0.1783,-1
KHAPRETA_510206,312244.860,2624105.200,129.6600,0.0781,2.7600,0.1764,-1
KHAPRETA_510206,312245.860,2624105.200,129.6200,0.0100,2.8000,0.1789,-1
KHAPRETA_510206,312246.860,2624105.200,129.6400,0.1944,2.7800,0.1776,-1
KHAPRETA_510206,312248.860,2624105.200,129.5700,0.0200,2.8500,0.1821,-1
KHAPRETA_510206,312251.860,2624105.200,129.5300,0.0931,2.8900,0.1847,-1
KHAPRETA_510206,312252.860,2624105.200,129.5900,0.1231,2.8300,0.1808,-1
KHAPRETA_510206,312254.860,2624105.200,129.7000,0.0000,2.7200,0.1738,-1
KHAPRETA_510206,312257.860,2624105.200,129.3700,0.0000,3.0500,0.1949,-1
KHAPRETA_510206,312262.860,2624105.200,129.6200,0.1281,2.8000,0.1789,-1
KHAPRETA_510206,312266.860,2624105.200,129.4100,0.2131,3.0100,0.1923,-1
KHAPRETA_510206,312268.860,2624105.200,129.6500,0.0931,2.7700,0.1770,-1
KHAPRETA_510206,312271.860,2624105.200,129.6000,0.0000,2.8200,0.1802,-1
KHAPRETA_510206,312281.860,2624105.200,129.6000,0.0000,2.8200,0.1802,-1
KHAPRETA_510206,312284.860,2624105.200,129.5600,0.1091,2.8600,0.1827,-1
KHAPRETA_510206,312285.860,2624105.200,129.5600,0.1081,2.8600,0.1827,-1
KHAPRETA_510206,312287.860,2624105.200,129.6100,0.0000,2.8100,0.1796,-1
KHAPRETA_510206,312298.860,2624105.200,129.6400,0.0928,2.7800,0.1776,-1
KHAPRETA_510206,312299.860,2624105.200,129.6400,0.0928,2.7800,0.1776,-1
KHAPRETA_510206,312302.860,2624105.200,129.6700,0.0831,2.7500,0.1757,-1
KHAPRETA_510206,312303.860,2624105.200,129.6100,0.0855,2.8100,0.1796,-1
KHAPRETA_510206,312304.860,2624105.200,129.6000,0.0000,2.8200,0.1802,-1
KHAPRETA_510206,312305.860,2624105.200,129.6100,0.0980,2.8100,0.1796,-1
KHAPRETA_510206,312307.860,2624105.200,129.6500,0.0831,2.7700,0.1770,-1
KHAPRETA_510206,312316.860,2624105.200,129.3900,0.2287,3.0300,0.1936,-1
KHAPRETA_510206,312317.860,2624105.200,129.6100,0.2249,2.8100,0.1796,-1
KHAPRETA_510206,312318.860,2624105.200,129.2800,0.0831,3.1400,0.2006,-1
KHAPRETA_510206,312321.860,2624105.200,129.4600,0.0000,2.9600,0.1891,-1
KHAPRETA_510206,312325.860,2624105.200,129.7800,0.0000,2.6400,0.1687,-1
KHAPRETA_510206,312327.860,2624105.200,129.8800,0.0531,2.5400,0.1623,-1
KHAPRETA_510206,312330.860,2624105.200,129.7000,0.0919,2.7200,0.1738,-1
KHAPRETA_510206,312331.860,2624105.200,129.9600,0.0949,2.4600,0.1572,-1
KHAPRETA_510206,312349.860,2624105.200,129.9200,0.0000,2.5000,0.1597,-1
KHAPRETA_510206,312361.860,2624105.200,129.9100,0.1119,2.5100,0.1604,-1
KHAPRETA_510206,312366.860,2624105.200,130.2100,0.1819,2.2100,0.1412,-1
KHAPRETA_510206,312369.860,2624105.200,130.3000,0.0000,2.1200,0.1355,-1
KHAPRETA_510206,312372.860,2624105.200,130.2500,0.0000,2.1700,0.1387,-1
KHAPRETA_510206,312376.860,2624105.200,130.3600,0.0000,2.0600,0.1316,-1
KHAPRETA_510206,312380.860,2624105.200,130.2400,0.2669,2.1800,0.1393,-1
KHAPRETA_510206,312385.860,2624105.200,130.3000,0.0000,2.1200,0.1355,-1
KHAPRETA_510206,312388.860,2624105.200,130.1400,0.3169,2.2800,0.1457,-1
KHAPRETA_510206,312390.860,2624105.200,130.4500,0.0000,1.9700,0.1259,-1
KHAPRETA_510206,312395.860,2624105.200,130.4700,0.3669,1.9500,0.1246,-1
KHAPRETA_510206,312396.860,2624105.200,130.5100,0.3469,1.9100,0.1220,-1
KHAPRETA_510206,312398.860,2624105.200,130.5200,0.3769,1.9000,0.1214,-1
KHAPRETA_510206,312403.860,2624105.200,130.5900,0.5123,1.8300,0.1169,-1
KHAPRETA_510206,312404.860,2624105.200,130.4700,0.5971,1.9500,0.1246,-1
KHAPRETA_510206,312409.860,2624105.200,130.6300,0.0000,1.7900,0.1144,-1
KHAPRETA_510206,312414.860,2624105.200,130.5600,0.6748,1.8600,0.1188,-1
KHAPRETA_510206,312415.860,2624105.200,130.7000,0.6329,1.7200,0.1099,-1
KHAPRETA_510206,312417.860,2624105.200,130.7500,0.4969,1.6700,0.1067,-1
KHAPRETA_510206,312420.860,2624105.200,130.7500,0.4969,1.6700,0.1067,-1
KHAPRETA_510206,312424.860,2624105.200,130.8200,0.7209,1.6000,0.1022,-1
KHAPRETA_510206,312425.860,2624105.200,130.8300,0.5219,1.5900,0.1016,-1
KHAPRETA_510206,312430.860,2624105.200,130.8300,0.0000,1.5900,0.1016,-1
KHAPRETA_510206,312436.860,2624105.200,130.8400,0.0000,1.5800,0.1010,-1
KHAPRETA_510206,312442.860,2624105.200,130.8900,0.0000,1.5300,0.0978,-1
KHAPRETA_510206,312444.860,2624105.200,130.9400,0.0000,1.4800,0.0946,-1
KHAPRETA_510206,312100.860,2624106.200,126.8500,0.0000,5.5700,0.3559,-1
KHAPRETA_510206,312106.860,2624106.200,126.7800,0.1400,5.6400,0.3604,-1
KHAPRETA_510206,312109.860,2624106.200,126.9200,1.8902,5.5000,0.3514,-1
KHAPRETA_510206,312110.860,2624106.200,127.2100,1.4281,5.2100,0.3329,-1
KHAPRETA_510206,312116.860,2624106.200,127.3300,1.1831,5.0900,0.3252,-1
KHAPRETA_510206,312117.860,2624106.200,127.4100,1.2695,5.0100,0.3201,-1
KHAPRETA_510206,312118.860,2624106.200,127.2100,1.1831,5.2100,0.3329,-1
KHAPRETA_510206,312121.860,2624106.200,127.1900,0.0000,5.2300,0.3342,-1
KHAPRETA_510206,312124.860,2624106.200,127.4200,0.0000,5.0000,0.3195,-1
KHAPRETA_510206,312126.860,2624106.200,127.4800,1.1531,4.9400,0.3157,-1
KHAPRETA_510206,312128.860,2624106.200,127.3600,0.0000,5.0600,0.3233,-1
KHAPRETA_510206,312134.860,2624106.200,127.6200,0.0000,4.8000,0.3067,-1
KHAPRETA_510206,312136.860,2624106.200,127.6800,1.0131,4.7400,0.3029,-1
KHAPRETA_510206,312139.860,2624106.200,127.7400,0.0000,4.6800,0.2990,-1
KHAPRETA_510206,312142.860,2624106.200,127.5500,1.4256,4.8700,0.3112,-1
KHAPRETA_510206,312143.860,2624106.200,127.7600,1.5461,4.6600,0.2978,-1
KHAPRETA_510206,312145.860,2624106.200,128.0600,0.0000,4.3600,0.2786,-1
KHAPRETA_510206,312150.860,2624106.200,128.0900,0.8231,4.3300,0.2767,-1
KHAPRETA_510206,312153.860,2624106.200,128.1400,0.0000,4.2800,0.2735,-1
KHAPRETA_510206,312157.860,2624106.200,128.1600,1.0863,4.2600,0.2722,-1
KHAPRETA_510206,312158.860,2624106.200,128.2200,0.0950,4.2000,0.2684,-1
KHAPRETA_510206,312159.860,2624106.200,128.3500,1.0933,4.0700,0.2601,-1
KHAPRETA_510206,312161.860,2624106.200,128.3300,0.9731,4.0900,0.2613,-1
KHAPRETA_510206,312162.860,2624106.200,128.4000,0.0453,4.0200,0.2569,-1
KHAPRETA_510206,312163.860,2624106.200,128.3400,0.9909,4.0800,0.2607,-1
KHAPRETA_510206,312177.860,2624106.200,129.4900,0.0000,2.9300,0.1872,-1
KHAPRETA_510206,312183.860,2624106.200,129.2900,0.3181,3.1300,0.2000,-1
KHAPRETA_510206,312186.860,2624106.200,129.3400,0.2231,3.0800,0.1968,-1
KHAPRETA_510206,312188.860,2624106.200,129.7500,0.0000,2.6700,0.1706,-1
KHAPRETA_510206,312190.860,2624106.200,129.0500,0.5680,3.3700,0.2153,-1
KHAPRETA_510206,312191.860,2624106.200,128.7800,0.4873,3.6400,0.2326,-1
KHAPRETA_510206,312195.860,2624106.200,129.5900,0.0481,2.8300,0.1808,-1
KHAPRETA_510206,312198.860,2624106.200,129.7100,0.0000,2.7100,0.1732,-1
KHAPRETA_510206,312203.860,2624106.200,129.3000,0.0000,3.1200,0.1994,-1
KHAPRETA_510206,312212.860,2624106.200,129.6200,0.0381,2.8000,0.1789,-1
KHAPRETA_510206,312216.860,2624106.200,129.6300,0.0000,2.7900,0.1783,-1
KHAPRETA_510206,312219.860,2624106.200,129.5600,0.0000,2.8600,0.1827,-1
KHAPRETA_510206,312222.860,2624106.200,129.5400,0.0000,2.8800,0.1840,-1
KHAPRETA_510206,312224.860,2624106.200,129.6100,0.1081,2.8100,0.1796,-1
KHAPRETA_510206,312225.860,2624106.200,129.5600,0.1140,2.8600,0.1827,-1
KHAPRETA_510206,312227.860,2624106.200,129.6200,0.0000,2.8000,0.1789,-1
KHAPRETA_510206,312233.860,2624106.200,129.6900,0.0881,2.7300,0.1744,-1
KHAPRETA_510206,312235.860,2624106.200,129.6000,0.0781,2.8200,0.1802,-1
KHAPRETA_510206,312243.860,2624106.200,129.6500,0.0000,2.7700,0.1770,-1
KHAPRETA_510206,312246.860,2624106.200,129.4200,0.0681,3.0000,0.1917,-1
KHAPRETA_510206,312248.860,2624106.200,129.6600,0.0950,2.7600,0.1764,-1
KHAPRETA_510206,312253.860,2624106.200,129.7000,0.0000,2.7200,0.1738,-1
KHAPRETA_510206,312256.860,2624106.200,129.3000,0.1331,3.1200,0.1994,-1
KHAPRETA_510206,312258.860,2624106.200,129.4800,0.0000,2.9400,0.1879,-1
KHAPRETA_510206,312260.860,2624106.200,129.5900,0.0000,2.8300,0.1808,-1
KHAPRETA_510206,312265.860,2624106.200,129.4700,0.0000,2.9500,0.1885,-1
KHAPRETA_510206,312269.860,2624106.200,129.3700,0.0000,3.0500,0.1949,-1
KHAPRETA_510206,312273.860,2624106.200,129.6600,0.0931,2.7600,0.1764,-1
KHAPRETA_510206,312278.860,2624106.200,129.5700,0.0000,2.8500,0.1821,-1
KHAPRETA_510206,312283.860,2624106.200,129.5700,0.0931,2.8500,0.1821,-1
KHAPRETA_510206,312284.860,2624106.200,129.5900,0.1493,2.8300,0.1808,-1
KHAPRETA_510206,312288.860,2624106.200,129.6000,0.0000,2.8200,0.1802,-1
KHAPRETA_510206,312296.860,2624106.200,129.7200,0.0000,2.7000,0.1725,-1
KHAPRETA_510206,312298.860,2624106.200,129.6500,0.0928,2.7700,0.1770,-1
KHAPRETA_510206,312299.860,2624106.200,129.6500,0.0928,2.7700,0.1770,-1
KHAPRETA_510206,312304.860,2624106.200,129.6700,0.0881,2.7500,0.1757,-1
KHAPRETA_510206,312307.860,2624106.200,129.6100,0.0631,2.8100,0.1796,-1
KHAPRETA_510206,312309.860,2624106.200,129.6200,0.0581,2.8000,0.1789,-1
KHAPRETA_510206,312310.860,2624106.200,129.6600,0.0781,2.7600,0.1764,-1
KHAPRETA_510206,312312.860,2624106.200,129.6300,0.0331,2.7900,0.1783,-1
KHAPRETA_510206,312333.860,2624106.200,129.8900,0.0419,2.5300,0.1617,-1
KHAPRETA_510206,312338.860,2624106.200,129.8900,0.0919,2.5300,0.1617,-1
KHAPRETA_510206,312339.860,2624106.200,129.9600,0.0450,2.4600,0.1572,-1
KHAPRETA_510206,312340.860,2624106.200,129.9800,0.1567,2.4400,0.1559,-1
KHAPRETA_510206,312343.860,2624106.200,130.0600,0.0000,2.3600,0.1508,-1
KHAPRETA_510206,312345.860,2624106.200,129.9700,0.0569,2.4500,0.1565,-1
KHAPRETA_510206,312353.860,2624106.200,129.9100,0.0000,2.5100,0.1604,-1
KHAPRETA_510206,312360.860,2624106.200,129.9000,0.1119,2.5200,0.1610,-1
KHAPRETA_510206,312361.860,2624106.200,130.0000,0.0912,2.4200,0.1546,-1
KHAPRETA_510206,312375.860,2624106.200,130.3600,0.0000,2.0600,0.1316,-1
KHAPRETA_510206,312380.860,2624106.200,130.3100,0.3280,2.1100,0.1348,-1
KHAPRETA_510206,312381.860,2624106.200,130.2400,0.2669,2.1800,0.1393,-1
KHAPRETA_510206,312383.860,2624106.200,130.3800,0.3019,2.0400,0.1304,-1
KHAPRETA_510206,312384.860,2624106.200,130.3800,0.3019,2.0400,0.1304,-1
KHAPRETA_510206,312389.860,2624106.200,130.4700,0.0000,1.9500,0.1246,-1
KHAPRETA_510206,312394.860,2624106.200,130.4100,0.0000,2.0100,0.1284,-1
KHAPRETA_510206,312398.860,2624106.200,130.5300,0.0150,1.8900,0.1208,-1
KHAPRETA_510206,312402.860,2624106.200,130.5400,0.3769,1.8800,0.1201,-1
KHAPRETA_510206,312403.860,2624106.200,130.5300,0.5581,1.8900,0.1208,-1
KHAPRETA_510206,312407.860,2624106.200,130.6300,0.0000,1.7900,0.1144,-1
KHAPRETA_510206,312413.860,2624106.200,130.7100,0.4919,1.7100,0.1093,-1
KHAPRETA_510206,312414.860,2624106.200,130.7600,0.0626,1.6600,0.1061,-1
KHAPRETA_510206,312415.860,2624106.200,130.7700,0.0224,1.6500,0.1054,-1
KHAPRETA_510206,312416.860,2624106.200,130.7200,0.7135,1.7000,0.1086,-1
KHAPRETA_510206,312419.860,2624106.200,130.7400,0.0000,1.6800,0.1073,-1
KHAPRETA_510206,312422.860,2624106.200,130.8200,0.5369,1.6000,0.1022,-1
KHAPRETA_510206,312427.860,2624106.200,130.8700,0.0000,1.5500,0.0990,-1
KHAPRETA_510206,312432.860,2624106.200,130.8100,0.0000,1.6100,0.1029,-1
KHAPRETA_510206,312438.860,2624106.200,130.8300,0.0000,1.5900,0.1016,-1
KHAPRETA_510206,312440.860,2624106.200,130.9000,0.0000,1.5200,0.0971,-1
KHAPRETA_510206,312106.860,2624107.200,126.5100,2.1506,5.9100,0.3776,-1
KHAPRETA_510206,312107.860,2624107.200,126.6900,1.6331,5.7300,0.3661,-1
KHAPRETA_510206,312109.860,2624107.200,127.0000,1.4281,5.4200,0.3463,-1
KHAPRETA_510206,312126.860,2624107.200,127.4700,0.0500,4.9500,0.3163,-1
KHAPRETA_510206,312135.860,2624107.200,127.6500,1.0131,4.7700,0.3048,-1
KHAPRETA_510206,312136.860,2624107.200,127.7500,1.4928,4.6700,0.2984,-1
KHAPRETA_510206,312143.860,2624107.200,127.6300,1.0081,4.7900,0.3061,-1
KHAPRETA_510206,312149.860,2624107.200,128.3000,0.0000,4.1200,0.2633,-1
KHAPRETA_510206,312151.860,2624107.200,128.0400,0.0000,4.3800,0.2799,-1
KHAPRETA_510206,312154.860,2624107.200,128.2000,0.7581,4.2200,0.2696,-1
KHAPRETA_510206,312156.860,2624107.200,128.1700,0.0000,4.2500,0.2716,-1
KHAPRETA_510206,312160.860,2624107.200,128.3600,0.6881,4.0600,0.2594,-1
KHAPRETA_510206,312161.860,2624107.200,128.4000,0.7232,4.0200,0.2569,-1
KHAPRETA_510206,312162.860,2624107.200,128.3900,0.9731,4.0300,0.2575,-1
KHAPRETA_510206,312184.860,2624107.200,129.1400,0.2131,3.2800,0.2096,-1
KHAPRETA_510206,312185.860,2624107.200,129.3500,0.3463,3.0700,0.1962,-1
KHAPRETA_510206,312186.860,2624107.200,129.3300,0.3049,3.0900,0.1974,-1
KHAPRETA_510206,312190.860,2624107.200,129.2300,0.4361,3.1900,0.2038,-1
KHAPRETA_510206,312191.860,2624107.200,128.9500,0.2963,3.4700,0.2217,-1
KHAPRETA_510206,312193.860,2624107.200,129.0300,0.5381,3.3900,0.2166,-1
KHAPRETA_510206,312199.860,2624107.200,129.6500,0.2831,2.7700,0.1770,-1
KHAPRETA_510206,312201.860,2624107.200,129.3900,0.0000,3.0300,0.1936,-1
KHAPRETA_510206,312205.860,2624107.200,129.5500,0.0645,2.8700,0.1834,-1
KHAPRETA_510206,312206.860,2624107.200,129.7200,0.1131,2.7000,0.1725,-1
KHAPRETA_510206,312208.860,2624107.200,129.6600,0.0731,2.7600,0.1764,-1
KHAPRETA_510206,312209.860,2624107.200,129.6300,0.0581,2.7900,0.1783,-1
KHAPRETA_510206,312212.860,2624107.200,129.7000,0.0250,2.7200,0.1738,-1
KHAPRETA_510206,312215.860,2624107.200,129.7000,0.0000,2.7200,0.1738,-1
KHAPRETA_510206,312217.860,2624107.200,129.4400,0.0000,2.9800,0.1904,-1
KHAPRETA_510206,312221.860,2624107.200,129.6500,0.0000,2.7700,0.1770,-1
KHAPRETA_510206,312225.860,2624107.200,129.6200,0.1081,2.8000,0.1789,-1
KHAPRETA_510206,312230.860,2624107.200,129.6200,0.0000,2.8000,0.1789,-1
KHAPRETA_510206,312233.860,2624107.200,129.6000,0.0431,2.8200,0.1802,-1
KHAPRETA_510206,312239.860,2624107.200,129.6600,0.0681,2.7600,0.1764,-1
KHAPRETA_510206,312240.860,2624107.200,129.6400,0.0581,2.7800,0.1776,-1
KHAPRETA_510206,312244.860,2624107.200,129.5800,0.0000,2.8400,0.1815,-1
KHAPRETA_510206,312248.860,2624107.200,129.3800,0.0581,3.0400,0.1942,-1
KHAPRETA_510206,312251.860,2624107.200,129.7300,0.0000,2.6900,0.1719,-1
KHAPRETA_510206,312256.860,2624107.200,129.5100,0.2381,2.9100,0.1859,-1
KHAPRETA_510206,312263.860,2624107.200,129.6100,0.0000,2.8100,0.1796,-1
KHAPRETA_510206,312266.860,2624107.200,129.6100,0.2978,2.8100,0.1796,-1
KHAPRETA_510206,312267.860,2624107.200,129.1900,0.0831,3.2300,0.2064,-1
KHAPRETA_510206,312271.860,2624107.200,129.5400,0.0000,2.8800,0.1840,-1
KHAPRETA_510206,312273.860,2624107.200,129.5900,0.1305,2.8300,0.1808,-1
KHAPRETA_510206,312274.860,2624107.200,129.5700,0.0931,2.8500,0.1821,-1
KHAPRETA_510206,312277.860,2624107.200,129.5700,0.0000,2.8500,0.1821,-1
KHAPRETA_510206,312282.860,2624107.200,129.5900,0.0931,2.8300,0.1808,-1
KHAPRETA_510206,312289.860,2624107.200,129.5500,0.0881,2.8700,0.1834,-1
KHAPRETA_510206,312290.860,2624107.200,129.6000,0.1131,2.8200,0.1802,-1
KHAPRETA_510206,312292.860,2624107.200,129.6700,0.0000,2.7500,0.1757,-1
KHAPRETA_510206,312308.860,2624107.200,129.6800,0.0000,2.7400,0.1751,-1
KHAPRETA_510206,312311.860,2624107.200,129.5600,0.0331,2.8600,0.1827,-1
KHAPRETA_510206,312312.860,2624107.200,129.7100,0.1304,2.7100,0.1732,-1
KHAPRETA_510206,312317.860,2624107.200,129.3300,0.0481,3.0900,0.1974,-1
KHAPRETA_510206,312318.860,2624107.200,129.6800,0.2231,2.7400,0.1751,-1
KHAPRETA_510206,312321.860,2624107.200,129.7100,0.0000,2.7100,0.1732,-1
KHAPRETA_510206,312331.860,2624107.200,129.9600,0.1567,2.4600,0.1572,-1
KHAPRETA_510206,312332.860,2624107.200,130.0300,0.0500,2.3900,0.1527,-1
KHAPRETA_510206,312333.860,2624107.200,129.8600,0.0472,2.5600,0.1636,-1
KHAPRETA_510206,312334.860,2624107.200,129.9500,0.0419,2.4700,0.1578,-1
KHAPRETA_510206,312336.860,2624107.200,129.8400,0.0000,2.5800,0.1649,-1
KHAPRETA_510206,312340.860,2624107.200,130.0300,0.0472,2.3900,0.1527,-1
KHAPRETA_510206,312341.860,2624107.200,129.8700,0.1269,2.5500,0.1629,-1
KHAPRETA_510206,312345.860,2624107.200,129.8900,0.0969,2.5300,0.1617,-1
KHAPRETA_510206,312348.860,2624107.200,129.9200,0.0669,2.5000,0.1597,-1
KHAPRETA_510206,312349.860,2624107.200,129.9100,0.0719,2.5100,0.1604,-1
KHAPRETA_510206,312354.860,2624107.200,129.9200,0.0000,2.5000,0.1597,-1
KHAPRETA_510206,312367.860,2624107.200,130.1100,0.2569,2.3100,0.1476,-1
KHAPRETA_510206,312369.860,2624107.200,130.2800,0.0000,2.1400,0.1367,-1
KHAPRETA_510206,312377.860,2624107.200,130.3000,0.0000,2.1200,0.1355,-1
KHAPRETA_510206,312379.860,2624107.200,130.3100,0.2719,2.1100,0.1348,-1
KHAPRETA_510206,312388.860,2624107.200,130.2600,0.0000,2.1600,0.1380,-1
KHAPRETA_510206,312391.860,2624107.200,130.5300,0.3069,1.8900,0.1208,-1
KHAPRETA_510206,312393.860,2624107.200,130.4200,0.3569,2.0000,0.1278,-1
KHAPRETA_510206,312396.860,2624107.200,130.5100,0.0000,1.9100,0.1220,-1
KHAPRETA_510206,312398.860,2624107.200,130.4900,0.0000,1.9300,0.1233,-1
KHAPRETA_510206,312400.860,2624107.200,130.6100,0.0000,1.8100,0.1157,-1
KHAPRETA_510206,312408.860,2624107.200,130.6500,0.0000,1.7700,0.1131,-1
KHAPRETA_510206,312410.860,2624107.200,130.6500,0.0000,1.7700,0.1131,-1
KHAPRETA_510206,312414.860,2624107.200,130.6700,0.6680,1.7500,0.1118,-1
KHAPRETA_510206,312415.860,2624107.200,130.6800,0.5012,1.7400,0.1112,-1
KHAPRETA_510206,312416.860,2624107.200,130.8000,0.4741,1.6200,0.1035,-1
KHAPRETA_510206,312417.860,2624107.200,130.7700,0.6963,1.6500,0.1054,-1
KHAPRETA_510206,312420.860,2624107.200,130.7700,0.0000,1.6500,0.1054,-1
KHAPRETA_510206,312422.860,2624107.200,130.8500,0.5219,1.5700,0.1003,-1
KHAPRETA_510206,312424.860,2624107.200,130.7700,0.0000,1.6500,0.1054,-1
KHAPRETA_510206,312434.860,2624107.200,130.8400,0.5319,1.5800,0.1010,-1
KHAPRETA_510206,312435.860,2624107.200,130.8400,0.0300,1.5800,0.1010,-1
KHAPRETA_510206,312436.860,2624107.200,130.7800,0.5319,1.6400,0.1048,-1
KHAPRETA_510206,312441.860,2624107.200,130.8200,0.5519,1.6000,0.1022,-1
KHAPRETA_510206,312442.860,2624107.200,130.8800,0.5219,1.5400,0.0984,-1
KHAPRETA_510206,312097.860,2624108.200,126.5700,1.4431,5.8500,0.3738,-1
KHAPRETA_510206,312102.860,2624108.200,126.7000,1.5731,5.7200,0.3655,-1
KHAPRETA_510206,312103.860,2624108.200,126.6300,0.2450,5.7900,0.3700,-1
KHAPRETA_510206,312104.860,2624108.200,126.2100,1.5731,6.2100,0.3968,-1
KHAPRETA_510206,312111.860,2624108.200,127.2300,1.5181,5.1900,0.3316,-1
KHAPRETA_510206,312114.860,2624108.200,127.1400,0.0000,5.2800,0.3374,-1
KHAPRETA_510206,312125.860,2624108.200,127.2300,1.0981,5.1900,0.3316,-1
KHAPRETA_510206,312126.860,2624108.200,127.5800,1.7176,4.8400,0.3093,-1
KHAPRETA_510206,312129.860,2624108.200,127.4800,1.4991,4.9400,0.3157,-1
KHAPRETA_510206,312130.860,2624108.200,127.7900,1.1481,4.6300,0.2958,-1
KHAPRETA_510206,312133.860,2624108.200,127.2500,0.0000,5.1700,0.3304,-1
KHAPRETA_510206,312138.860,2624108.200,127.4500,0.0000,4.9700,0.3176,-1
KHAPRETA_510206,312145.860,2624108.200,127.8700,0.0000,4.5500,0.2907,-1
KHAPRETA_510206,312147.860,2624108.200,127.8000,1.1535,4.6200,0.2952,-1
KHAPRETA_510206,312148.860,2624108.200,128.1200,0.9881,4.3000,0.2748,-1
KHAPRETA_510206,312150.860,2624108.200,128.1000,0.7981,4.3200,0.2760,-1
KHAPRETA_510206,312154.860,2624108.200,128.2600,0.7881,4.1600,0.2658,-1
KHAPRETA_510206,312183.860,2624108.200,129.2800,0.0000,3.1400,0.2006,-1
KHAPRETA_510206,312185.860,2624108.200,129.1100,0.2131,3.3100,0.2115,-1
KHAPRETA_510206,312189.860,2624108.200,129.1100,0.5031,3.3100,0.2115,-1
KHAPRETA_510206,312190.860,2624108.200,128.7700,0.2776,3.6500,0.2332,-1
KHAPRETA_510206,312191.860,2624108.200,129.0100,0.6509,3.4100,0.2179,-1
KHAPRETA_510206,312193.860,2624108.200,128.7000,0.5678,3.7200,0.2377,-1
KHAPRETA_510206,312194.860,2624108.200,128.9200,0.3900,3.5000,0.2236,-1
KHAPRETA_510206,312195.860,2624108.200,129.4800,0.4281,2.9400,0.1879,-1
KHAPRETA_510206,312199.860,2624108.200,129.2100,0.2414,3.2100,0.2051,-1
KHAPRETA_510206,312200.860,2624108.200,129.3100,0.3128,3.1100,0.1987,-1
KHAPRETA_510206,312205.860,2624108.200,129.6600,0.1131,2.7600,0.1764,-1
KHAPRETA_510206,312207.860,2624108.200,129.7900,0.0000,2.6300,0.1681,-1
KHAPRETA_510206,312209.860,2624108.200,129.7800,0.0731,2.6400,0.1687,-1
KHAPRETA_510206,312212.860,2624108.200,129.6700,0.0300,2.7500,0.1757,-1
KHAPRETA_510206,312214.860,2624108.200,129.7900,0.0000,2.6300,0.1681,-1
KHAPRETA_510206,312219.860,2624108.200,129.6100,0.0000,2.8100,0.1796,-1
KHAPRETA_510206,312232.860,2624108.200,129.6300,0.0000,2.7900,0.1783,-1
KHAPRETA_510206,312247.860,2624108.200,129.5900,0.0000,2.8300,0.1808,-1
KHAPRETA_510206,312253.860,2624108.200,129.7100,0.0181,2.7100,0.1732,-1
KHAPRETA_510206,312255.860,2624108.200,129.7700,0.0000,2.6500,0.1693,-1
KHAPRETA_510206,312261.860,2624108.200,129.6200,0.2431,2.8000,0.1789,-1
KHAPRETA_510206,312266.860,2624108.200,129.6700,0.0831,2.7500,0.1757,-1
KHAPRETA_510206,312273.860,2624108.200,129.5000,0.0931,2.9200,0.1866,-1
KHAPRETA_510206,312281.860,2624108.200,129.6000,0.1215,2.8200,0.1802,-1
KHAPRETA_510206,312282.860,2624108.200,129.5900,0.1281,2.8300,0.1808,-1
KHAPRETA_510206,312294.860,2624108.200,129.6600,0.0000,2.7600,0.1764,-1
KHAPRETA_510206,312296.860,2624108.200,129.7000,0.0481,2.7200,0.1738,-1
KHAPRETA_510206,312297.860,2624108.200,129.6800,0.0381,2.7400,0.1751,-1
KHAPRETA_510206,312301.860,2624108.200,129.7100,0.0281,2.7100,0.1732,-1
KHAPRETA_510206,312302.860,2624108.200,129.7200,0.0331,2.7000,0.1725,-1
KHAPRETA_510206,312304.860,2624108.200,129.7000,0.0000,2.7200,0.1738,-1
KHAPRETA_510206,312307.860,2624108.200,129.7100,0.0531,2.7100,0.1732,-1
KHAPRETA_510206,312309.860,2624108.200,129.6600,0.0000,2.7600,0.1764,-1
KHAPRETA_510206,312319.860,2624108.200,129.8000,0.0425,2.6200,0.1674,-1
KHAPRETA_510206,312320.860,2624108.200,129.7900,0.0878,2.6300,0.1681,-1
KHAPRETA_510206,312323.860,2624108.200,129.8500,0.0619,2.5700,0.1642,-1
KHAPRETA_510206,312329.860,2624108.200,129.9600,0.0000,2.4600,0.1572,-1
KHAPRETA_510206,312331.860,2624108.200,129.9600,0.0919,2.4600,0.1572,-1
KHAPRETA_510206,312333.860,2624108.200,129.9400,0.0419,2.4800,0.1585,-1
KHAPRETA_510206,312338.860,2624108.200,129.8600,0.1212,2.5600,0.1636,-1
KHAPRETA_510206,312339.860,2624108.200,129.8400,0.0650,2.5800,0.1649,-1
KHAPRETA_510206,312340.860,2624108.200,129.9900,0.1309,2.4300,0.1553,-1
KHAPRETA_510206,312342.860,2624108.200,130.0100,0.0000,2.4100,0.1540,-1
KHAPRETA_510206,312347.860,2624108.200,130.0100,0.0000,2.4100,0.1540,-1
KHAPRETA_510206,312356.860,2624108.200,129.8900,0.0000,2.5300,0.1617,-1
KHAPRETA_510206,312360.860,2624108.200,129.9100,0.0000,2.5100,0.1604,-1
KHAPRETA_510206,312362.860,2624108.200,130.1900,0.0000,2.2300,0.1425,-1
KHAPRETA_510206,312367.860,2624108.200,130.2900,0.1669,2.1300,0.1361,-1
KHAPRETA_510206,312376.860,2624108.200,130.2600,0.0000,2.1600,0.1380,-1
KHAPRETA_510206,312379.860,2624108.200,130.3200,0.2669,2.1000,0.1342,-1
KHAPRETA_510206,312385.860,2624108.200,130.4100,0.0000,2.0100,0.1284,-1
KHAPRETA_510206,312391.860,2624108.200,130.3900,0.3769,2.0300,0.1297,-1
KHAPRETA_510206,312393.860,2624108.200,130.4900,0.0350,1.9300,0.1233,-1
KHAPRETA_510206,312398.860,2624108.200,130.5300,0.0150,1.8900,0.1208,-1
KHAPRETA_510206,312401.860,2624108.200,130.6200,0.0000,1.8000,0.1150,-1
KHAPRETA_510206,312406.860,2624108.200,130.6500,0.3319,1.7700,0.1131,-1
KHAPRETA_510206,312413.860,2624108.200,130.6800,0.0000,1.7400,0.1112,-1
KHAPRETA_510206,312417.860,2624108.200,130.7200,0.0050,1.7000,0.1086,-1
KHAPRETA_510206,312423.860,2624108.200,130.8500,0.4769,1.5700,0.1003,-1
KHAPRETA_510206,312430.860,2624108.200,130.7700,0.5519,1.6500,0.1054,-1
KHAPRETA_510206,312437.860,2624108.200,130.8200,0.5319,1.6000,0.1022,-1
KHAPRETA_510206,312438.860,2624108.200,130.8400,0.5219,1.5800,0.1010,-1
KHAPRETA_510206,312097.860,2624109.200,126.8900,2.2112,5.5300,0.3534,-1
KHAPRETA_510206,312098.860,2624109.200,126.7300,1.4431,5.6900,0.3636,-1
KHAPRETA_510206,312100.860,2624109.200,127.2800,1.4031,5.1400,0.3284,-1
KHAPRETA_510206,312106.860,2624109.200,126.8100,0.0000,5.6100,0.3585,-1
KHAPRETA_510206,312108.860,2624109.200,127.2900,1.3381,5.1300,0.3278,-1
KHAPRETA_510206,312109.860,2624109.200,127.1000,1.9659,5.3200,0.3399,-1
KHAPRETA_510206,312111.860,2624109.200,126.7400,1.8325,5.6800,0.3629,-1
KHAPRETA_510206,312112.860,2624109.200,127.1400,1.5181,5.2800,0.3374,-1
KHAPRETA_510206,312120.860,2624109.200,127.3800,1.6804,5.0400,0.3220,-1
KHAPRETA_510206,312121.860,2624109.200,127.4400,1.1981,4.9800,0.3182,-1
KHAPRETA_510206,312129.860,2624109.200,127.5300,1.1481,4.8900,0.3125,-1
KHAPRETA_510206,312136.860,2624109.200,127.6400,1.0881,4.7800,0.3054,-1
KHAPRETA_510206,312137.860,2624109.200,127.6000,1.0681,4.8200,0.3080,-1
KHAPRETA_510206,312140.860,2624109.200,127.7200,0.0000,4.7000,0.3003,-1
KHAPRETA_510206,312147.860,2624109.200,128.1700,0.1900,4.2500,0.2716,-1
KHAPRETA_510206,312150.860,2624109.200,128.1800,1.1642,4.2400,0.2709,-1
KHAPRETA_510206,312151.860,2624109.200,128.1600,0.0750,4.2600,0.2722,-1
KHAPRETA_510206,312152.860,2624109.200,128.3300,0.8081,4.0900,0.2613,-1
KHAPRETA_510206,312155.860,2624109.200,128.3600,0.6981,4.0600,0.2594,-1
KHAPRETA_510206,312156.860,2624109.200,128.3800,0.7081,4.0400,0.2581,-1
KHAPRETA_510206,312158.860,2624109.200,128.1500,1.0615,4.2700,0.2728,-1
KHAPRETA_510206,312159.860,2624109.200,128.2800,0.7717,4.1400,0.2645,-1
KHAPRETA_510206,312160.860,2624109.200,128.3000,0.7481,4.1200,0.2633,-1
KHAPRETA_510206,312176.860,2624109.200,129.3600,0.0000,3.0600,0.1955,-1
KHAPRETA_510206,312192.860,2624109.200,128.8400,0.0000,3.5800,0.2288,-1
KHAPRETA_510206,312196.860,2624109.200,129.5400,0.0000,2.8800,0.1840,-1
KHAPRETA_510206,312200.860,2624109.200,129.5100,0.2360,2.9100,0.1859,-1
KHAPRETA_510206,312201.860,2624109.200,129.6700,0.1331,2.7500,0.1757,-1
KHAPRETA_510206,312204.860,2624109.200,129.6100,0.0000,2.8100,0.1796,-1
KHAPRETA_510206,312206.860,2624109.200,129.7200,0.0000,2.7000,0.1725,-1
KHAPRETA_510206,312210.860,2624109.200,129.7200,0.0328,2.7000,0.1725,-1
KHAPRETA_510206,312211.860,2624109.200,129.7200,0.0400,2.7000,0.1725,-1
KHAPRETA_510206,312212.860,2624109.200,129.6400,0.0600,2.7800,0.1776,-1
KHAPRETA_510206,312216.860,2624109.200,129.6200,0.0531,2.8000,0.1789,-1
KHAPRETA_510206,312218.860,2624109.200,129.3300,0.0000,3.0900,0.1974,-1
KHAPRETA_510206,312220.860,2624109.200,129.1700,0.3654,3.2500,0.2077,-1
KHAPRETA_510206,312221.860,2624109.200,129.6300,0.3156,2.7900,0.1783,-1
KHAPRETA_510206,312225.860,2624109.200,129.6100,0.0000,2.8100,0.1796,-1
KHAPRETA_510206,312228.860,2624109.200,129.5700,0.0581,2.8500,0.1821,-1
KHAPRETA_510206,312229.860,2624109.200,129.6600,0.1324,2.7600,0.1764,-1
KHAPRETA_510206,312233.860,2624109.200,129.6700,0.0000,2.7500,0.1757,-1
KHAPRETA_510206,312235.860,2624109.200,129.7200,0.0000,2.7000,0.1725,-1
KHAPRETA_510206,312248.860,2624109.200,129.7100,0.0269,2.7100,0.1732,-1
KHAPRETA_510206,312249.860,2624109.200,129.8300,0.0331,2.5900,0.1655,-1
KHAPRETA_510206,312253.860,2624109.200,129.7400,0.0331,2.6800,0.1712,-1
KHAPRETA_510206,312256.860,2624109.200,129.8100,0.0531,2.6100,0.1668,-1
KHAPRETA_510206,312257.860,2624109.200,129.6700,0.2600,2.7500,0.1757,-1
KHAPRETA_510206,312258.860,2624109.200,129.2900,0.1400,3.1300,0.2000,-1
KHAPRETA_510206,312259.860,2624109.200,129.3900,0.2431,3.0300,0.1936,-1
KHAPRETA_510206,312261.860,2624109.200,129.2900,0.0781,3.1300,0.2000,-1
KHAPRETA_510206,312263.860,2624109.200,129.5300,0.1981,2.8900,0.1847,-1
KHAPRETA_510206,312265.860,2624109.200,129.5600,0.0000,2.8600,0.1827,-1
KHAPRETA_510206,312267.860,2624109.200,129.5600,0.0000,2.8600,0.1827,-1
KHAPRETA_510206,312271.860,2624109.200,129.5600,0.0000,2.8600,0.1827,-1
KHAPRETA_510206,312275.860,2624109.200,129.5900,0.0000,2.8300,0.1808,-1
KHAPRETA_510206,312278.860,2624109.200,129.5900,0.0531,2.8300,0.1808,-1
KHAPRETA_510206,312279.860,2624109.200,129.6700,0.0931,2.7500,0.1757,-1
KHAPRETA_510206,312281.860,2624109.200,129.6200,0.0050,2.8000,0.1789,-1
KHAPRETA_510206,312288.860,2624109.200,129.6100,0.0931,2.8100,0.1796,-1
KHAPRETA_510206,312292.860,2624109.200,129.5600,0.0000,2.8600,0.1827,-1
KHAPRETA_510206,312298.860,2624109.200,129.6800,0.0000,2.7400,0.1751,-1
KHAPRETA_510206,312307.860,2624109.200,129.6700,0.0331,2.7500,0.1757,-1
KHAPRETA_510206,312313.860,2624109.200,129.7200,0.0219,2.7000,0.1725,-1
KHAPRETA_510206,312316.860,2624109.200,129.6700,0.0748,2.7500,0.1757,-1
KHAPRETA_510206,312317.860,2624109.200,129.9000,0.0531,2.5200,0.1610,-1
KHAPRETA_510206,312319.860,2624109.200,129.8600,0.0882,2.5600,0.1636,-1
KHAPRETA_510206,312320.860,2624109.200,129.9500,0.0488,2.4700,0.1578,-1
KHAPRETA_510206,312323.860,2624109.200,129.9000,0.1037,2.5200,0.1610,-1
KHAPRETA_510206,312324.860,2624109.200,129.9700,0.0619,2.4500,0.1565,-1
KHAPRETA_510206,312327.860,2624109.200,129.9400,0.1069,2.4800,0.1585,-1
KHAPRETA_510206,312334.860,2624109.200,130.1200,0.0000,2.3000,0.1470,-1
KHAPRETA_510206,312337.860,2624109.200,129.8900,0.1169,2.5300,0.1617,-1
KHAPRETA_510206,312338.860,2624109.200,130.0100,0.0707,2.4100,0.1540,-1
KHAPRETA_510206,312341.860,2624109.200,130.0000,0.0919,2.4200,0.1546,-1
KHAPRETA_510206,312345.860,2624109.200,130.1200,0.1169,2.3000,0.1470,-1
KHAPRETA_510206,312346.860,2624109.200,130.0100,0.2108,2.4100,0.1540,-1
KHAPRETA_510206,312350.860,2624109.200,130.0000,0.0000,2.4200,0.1546,-1
KHAPRETA_510206,312359.860,2624109.200,130.0100,0.0000,2.4100,0.1540,-1
KHAPRETA_510206,312361.860,2624109.200,130.1900,0.2419,2.2300,0.1425,-1
KHAPRETA_510206,312371.860,2624109.200,130.3700,0.0000,2.0500,0.1310,-1
KHAPRETA_510206,312373.860,2624109.200,130.3300,0.0000,2.0900,0.1335,-1
KHAPRETA_510206,312378.860,2624109.200,130.3000,0.2869,2.1200,0.1355,-1
KHAPRETA_510206,312386.860,2624109.200,130.3700,0.0000,2.0500,0.1310,-1
KHAPRETA_510206,312389.860,2624109.200,130.4300,0.4380,1.9900,0.1272,-1
KHAPRETA_510206,312390.860,2624109.200,130.3700,0.3269,2.0500,0.1310,-1
KHAPRETA_510206,312393.860,2624109.200,130.4900,0.4978,1.9300,0.1233,-1
KHAPRETA_510206,312394.860,2624109.200,130.4700,0.3569,1.9500,0.1246,-1
KHAPRETA_510206,312398.860,2624109.200,130.5200,0.3769,1.9000,0.1214,-1
KHAPRETA_510206,312406.860,2624109.200,130.4400,0.6074,1.9800,0.1265,-1
KHAPRETA_510206,312407.860,2624109.200,130.6200,0.3319,1.8000,0.1150,-1
KHAPRETA_510206,312415.860,2624109.200,130.7900,0.0000,1.6300,0.1042,-1
KHAPRETA_510206,312417.860,2624109.200,130.7800,0.4719,1.6400,0.1048,-1
KHAPRETA_510206,312420.860,2624109.200,130.7300,0.0000,1.6900,0.1080,-1
KHAPRETA_510206,312423.860,2624109.200,130.7300,0.4990,1.6900,0.1080,-1
KHAPRETA_510206,312424.860,2624109.200,130.7700,0.4782,1.6500,0.1054,-1
KHAPRETA_510206,312425.860,2624109.200,130.8000,0.0350,1.6200,0.1035,-1
KHAPRETA_510206,312426.860,2624109.200,130.8400,0.0050,1.5800,0.1010,-1
KHAPRETA_510206,312427.860,2624109.200,130.7900,0.5319,1.6300,0.1042,-1
KHAPRETA_510206,312430.860,2624109.200,130.8800,0.7353,1.5400,0.0984,-1
KHAPRETA_510206,312431.860,2624109.200,130.8600,0.7562,1.5600,0.0997,-1
KHAPRETA_510206,312436.860,2624109.200,130.8300,0.5219,1.5900,0.1016,-1
KHAPRETA_510206,312446.860,2624109.200,130.9400,0.5719,1.4800,0.0946,-1
KHAPRETA_510206,312094.860,2624110.200,126.6100,0.0000,5.8100,0.3712,-1
KHAPRETA_510206,312096.860,2624110.200,126.9500,0.0000,5.4700,0.3495,-1
KHAPRETA_510206,312099.860,2624110.200,127.1100,1.4031,5.3100,0.3393,-1
KHAPRETA_510206,312100.860,2624110.200,126.9700,1.2603,5.4500,0.3482,-1
KHAPRETA_510206,312101.860,2624110.200,127.4600,1.4031,4.9600,0.3169,-1
KHAPRETA_510206,312104.860,2624110.200,126.7400,0.0000,5.6800,0.3629,-1
KHAPRETA_510206,312109.860,2624110.200,126.7300,1.9827,5.6900,0.3636,-1
KHAPRETA_510206,312110.860,2624110.200,126.8500,1.5231,5.5700,0.3559,-1
KHAPRETA_510206,312113.860,2624110.200,127.4600,0.0000,4.9600,0.3169,-1
KHAPRETA_510206,312117.860,2624110.200,127.2800,1.2231,5.1400,0.3284,-1
KHAPRETA_510206,312118.860,2624110.200,127.3300,0.1200,5.0900,0.3252,-1
KHAPRETA_510206,312119.860,2624110.200,127.0400,0.0150,5.3800,0.3438,-1
KHAPRETA_510206,312120.860,2624110.200,127.3600,1.3681,5.0600,0.3233,-1
KHAPRETA_510206,312123.860,2624110.200,127.2000,1.2981,5.2200,0.3335,-1
KHAPRETA_510206,312130.860,2624110.200,127.6100,0.0000,4.8100,0.3073,-1
KHAPRETA_510206,312133.860,2624110.200,127.5300,0.0000,4.8900,0.3125,-1
KHAPRETA_510206,312143.860,2624110.200,127.7400,0.9931,4.6800,0.2990,-1
KHAPRETA_510206,312147.860,2624110.200,128.1800,0.8031,4.2400,0.2709,-1
KHAPRETA_510206,312153.860,2624110.200,128.3900,0.0000,4.0300,0.2575,-1
KHAPRETA_510206,312158.860,2624110.200,128.2700,1.1185,4.1500,0.2652,-1
KHAPRETA_510206,312159.860,2624110.200,128.2400,0.7531,4.1800,0.2671,-1
KHAPRETA_510206,312162.860,2624110.200,128.2800,0.7231,4.1400,0.2645,-1
KHAPRETA_510206,312188.860,2624110.200,129.1400,0.0000,3.2800,0.2096,-1
KHAPRETA_510206,312193.860,2624110.200,128.9500,0.0000,3.4700,0.2217,-1
KHAPRETA_510206,312200.860,2624110.200,129.7700,0.1331,2.6500,0.1693,-1
KHAPRETA_510206,312202.860,2624110.200,129.6800,0.0000,2.7400,0.1751,-1
KHAPRETA_510206,312207.860,2624110.200,129.7200,0.0031,2.7000,0.1725,-1
KHAPRETA_510206,312209.860,2624110.200,129.7000,0.0371,2.7200,0.1738,-1
KHAPRETA_510206,312210.860,2624110.200,129.8100,0.0473,2.6100,0.1668,-1
KHAPRETA_510206,312216.860,2624110.200,129.6700,0.0781,2.7500,0.1757,-1
KHAPRETA_510206,312219.860,2624110.200,129.1900,0.3581,3.2300,0.2064,-1
KHAPRETA_510206,312220.860,2624110.200,129.0600,0.2065,3.3600,0.2147,-1
KHAPRETA_510206,312221.860,2624110.200,129.6000,0.3039,2.8200,0.1802,-1
KHAPRETA_510206,312222.860,2624110.200,129.6500,0.1083,2.7700,0.1770,-1
KHAPRETA_510206,312227.860,2624110.200,129.6400,0.0000,2.7800,0.1776,-1
KHAPRETA_510206,312229.860,2624110.200,129.6100,0.0581,2.8100,0.1796,-1
KHAPRETA_510206,312234.860,2624110.200,129.5700,0.0000,2.8500,0.1821,-1
KHAPRETA_510206,312243.860,2624110.200,129.6700,0.0000,2.7500,0.1757,-1
KHAPRETA_510206,312247.860,2624110.200,129.8200,0.0000,2.6000,0.1661,-1
KHAPRETA_510206,312252.860,2624110.200,129.7900,0.0000,2.6300,0.1681,-1
KHAPRETA_510206,312254.860,2624110.200,129.7300,0.0000,2.6900,0.1719,-1
KHAPRETA_510206,312262.860,2624110.200,129.3700,0.1981,3.0500,0.1949,-1
KHAPRETA_510206,312263.860,2624110.200,129.3800,0.2374,3.0400,0.1942,-1
KHAPRETA_510206,312266.860,2624110.200,129.6300,0.1531,2.7900,0.1783,-1
KHAPRETA_510206,312272.860,2624110.200,129.5000,0.1631,2.9200,0.1866,-1
KHAPRETA_510206,312281.860,2624110.200,129.6100,0.0781,2.8100,0.1796,-1
KHAPRETA_510206,312285.860,2624110.200,129.6500,0.0000,2.7700,0.1770,-1
KHAPRETA_510206,312288.860,2624110.200,129.5900,0.0654,2.8300,0.1808,-1
KHAPRETA_510206,312289.860,2624110.200,129.6600,0.0931,2.7600,0.1764,-1
KHAPRETA_510206,312302.860,2624110.200,129.6700,0.0281,2.7500,0.1757,-1
KHAPRETA_510206,312306.860,2624110.200,129.6100,0.0000,2.8100,0.1796,-1
KHAPRETA_510206,312313.860,2624110.200,129.8200,0.0281,2.6000,0.1661,-1
KHAPRETA_510206,312316.860,2624110.200,129.8600,0.0531,2.5600,0.1636,-1
KHAPRETA_510206,312319.860,2624110.200,129.8300,0.0406,2.5900,0.1655,-1
KHAPRETA_510206,312320.860,2624110.200,129.8400,0.0274,2.5800,0.1649,-1
KHAPRETA_510206,312326.860,2624110.200,129.9700,0.1069,2.4500,0.1565,-1
KHAPRETA_510206,312327.860,2624110.200,129.9900,0.1269,2.4300,0.1553,-1
KHAPRETA_510206,312341.860,2624110.200,129.9600,0.0300,2.4600,0.1572,-1
KHAPRETA_510206,312344.860,2624110.200,129.8900,0.0000,2.5300,0.1617,-1
KHAPRETA_510206,312346.860,2624110.200,130.0200,0.1169,2.4000,0.1534,-1
KHAPRETA_510206,312353.860,2624110.200,130.1200,0.0000,2.3000,0.1470,-1
KHAPRETA_510206,312357.860,2624110.200,129.9800,0.0000,2.4400,0.1559,-1
KHAPRETA_510206,312361.860,2624110.200,130.2600,0.2069,2.1600,0.1380,-1
KHAPRETA_510206,312365.860,2624110.200,130.2100,0.0000,2.2100,0.1412,-1
KHAPRETA_510206,312370.860,2624110.200,130.2900,0.2469,2.1300,0.1361,-1
KHAPRETA_510206,312372.860,2624110.200,130.3200,0.0000,2.1000,0.1342,-1
KHAPRETA_510206,312374.860,2624110.200,130.2400,0.3574,2.1800,0.1393,-1
KHAPRETA_510206,312375.860,2624110.200,130.2400,0.3768,2.1800,0.1393,-1
KHAPRETA_510206,312378.860,2624110.200,130.3500,0.2619,2.0700,0.1323,-1
KHAPRETA_510206,312388.860,2624110.200,130.3700,0.4588,2.0500,0.1310,-1
KHAPRETA_510206,312389.860,2624110.200,130.4200,0.2976,2.0000,0.1278,-1
KHAPRETA_510206,312392.860,2624110.200,130.3500,0.0000,2.0700,0.1323,-1
KHAPRETA_510206,312401.860,2624110.200,130.5600,0.0000,1.8600,0.1188,-1
KHAPRETA_510206,312411.860,2624110.200,130.7400,0.0000,1.6800,0.1073,-1
KHAPRETA_510206,312416.860,2624110.200,130.8000,0.5019,1.6200,0.1035,-1
KHAPRETA_510206,312421.860,2624110.200,130.8500,0.0000,1.5700,0.1003,-1
KHAPRETA_510206,312423.860,2624110.200,130.7600,0.6745,1.6600,0.1061,-1
KHAPRETA_510206,312424.860,2624110.200,130.7300,0.6993,1.6900,0.1080,-1
KHAPRETA_510206,312431.860,2624110.200,130.8100,0.0100,1.6100,0.1029,-1
KHAPRETA_510206,312434.860,2624110.200,130.9000,0.0000,1.5200,0.0971,-1
KHAPRETA_510206,312436.860,2624110.200,130.8200,0.5269,1.6000,0.1022,-1
KHAPRETA_510206,312438.860,2624110.200,130.7900,0.3019,1.6300,0.1042,-1
KHAPRETA_510206,312446.860,2624110.200,130.9200,0.5819,1.5000,0.0958,-1
KHAPRETA_510206,312097.860,2624111.200,127.3100,1.2181,5.1100,0.3265,-1
KHAPRETA_510206,312102.860,2624111.200,127.7100,0.0000,4.7100,0.3010,-1
KHAPRETA_510206,312105.860,2624111.200,126.9000,1.6553,5.5200,0.3527,-1
KHAPRETA_510206,312106.860,2624111.200,127.1200,1.4381,5.3000,0.3387,-1
KHAPRETA_510206,312116.860,2624111.200,126.9100,0.0000,5.5100,0.3521,-1
KHAPRETA_510206,312120.860,2624111.200,127.3600,1.2081,5.0600,0.3233,-1
KHAPRETA_510206,312122.860,2624111.200,127.4000,1.2981,5.0200,0.3208,-1
KHAPRETA_510206,312123.860,2624111.200,127.1800,1.2887,5.2400,0.3348,-1
KHAPRETA_510206,312124.860,2624111.200,127.3200,1.2981,5.1000,0.3259,-1
KHAPRETA_510206,312131.860,2624111.200,127.5200,0.0000,4.9000,0.3131,-1
KHAPRETA_510206,312138.860,2624111.200,127.7000,0.0000,4.7200,0.3016,-1
KHAPRETA_510206,312141.860,2624111.200,127.8100,1.1931,4.6100,0.2946,-1
KHAPRETA_510206,312143.860,2624111.200,127.7900,1.0181,4.6300,0.2958,-1
KHAPRETA_510206,312148.860,2624111.200,128.3700,0.0000,4.0500,0.2588,-1
KHAPRETA_510206,312150.860,2624111.200,128.2000,0.0000,4.2200,0.2696,-1
KHAPRETA_510206,312152.860,2624111.200,128.3000,0.0000,4.1200,0.2633,-1
KHAPRETA_510206,312154.860,2624111.200,128.2500,0.7181,4.1700,0.2665,-1
KHAPRETA_510206,312155.860,2624111.200,128.3400,0.0900,4.0800,0.2607,-1
KHAPRETA_510206,312156.860,2624111.200,128.4300,0.7181,3.9900,0.2550,-1
KHAPRETA_510206,312159.860,2624111.200,128.2600,0.6772,4.1600,0.2658,-1
KHAPRETA_510206,312160.860,2624111.200,128.4300,0.7581,3.9900,0.2550,-1
KHAPRETA_510206,312162.860,2624111.200,128.3300,0.7481,4.0900,0.2613,-1
KHAPRETA_510206,312189.860,2624111.200,129.1600,0.0000,3.2600,0.2083,-1
KHAPRETA_510206,312192.860,2624111.200,129.0200,0.0000,3.4000,0.2173,-1
KHAPRETA_510206,312203.860,2624111.200,129.6200,0.0000,2.8000,0.1789,-1
KHAPRETA_510206,312207.860,2624111.200,129.7700,0.0281,2.6500,0.1693,-1
KHAPRETA_510206,312209.860,2624111.200,129.7100,0.0381,2.7100,0.1732,-1
KHAPRETA_510206,312211.860,2624111.200,129.6800,0.0000,2.7400,0.1751,-1
KHAPRETA_510206,312220.860,2624111.200,129.2200,0.3581,3.2000,0.2045,-1
KHAPRETA_510206,312222.860,2624111.200,129.6500,0.0150,2.7700,0.1770,-1
KHAPRETA_510206,312226.860,2624111.200,129.5900,0.0331,2.8300,0.1808,-1
KHAPRETA_510206,312237.860,2624111.200,129.6900,0.0000,2.7300,0.1744,-1
KHAPRETA_510206,312241.860,2624111.200,129.6800,0.0000,2.7400,0.1751,-1
KHAPRETA_510206,312245.860,2624111.200,129.7800,0.0000,2.6400,0.1687,-1
KHAPRETA_510206,312255.860,2624111.200,129.6100,0.0000,2.8100,0.1796,-1
KHAPRETA_510206,312259.860,2624111.200,129.4200,0.1731,3.0000,0.1917,-1
KHAPRETA_510206,312260.860,2624111.200,129.4300,0.1781,2.9900,0.1911,-1
KHAPRETA_510206,312264.860,2624111.200,129.6700,0.0000,2.7500,0.1757,-1
KHAPRETA_510206,312266.860,2624111.200,129.4700,0.0819,2.9500,0.1885,-1
KHAPRETA_510206,312267.860,2624111.200,129.8500,0.1531,2.5700,0.1642,-1
KHAPRETA_510206,312270.860,2624111.200,129.4900,0.0481,2.9300,0.1872,-1
KHAPRETA_510206,312272.860,2624111.200,129.4500,0.0050,2.9700,0.1898,-1
KHAPRETA_510206,312278.860,2624111.200,129.6600,0.0881,2.7600,0.1764,-1
KHAPRETA_510206,312279.860,2624111.200,129.6000,0.0050,2.8200,0.1802,-1
KHAPRETA_510206,312280.860,2624111.200,129.6500,0.0881,2.7700,0.1770,-1
KHAPRETA_510206,312286.860,2624111.200,129.6400,0.1281,2.7800,0.1776,-1
KHAPRETA_510206,312287.860,2624111.200,129.5200,0.0450,2.9000,0.1853,-1
KHAPRETA_510206,312288.860,2624111.200,129.5500,0.1583,2.8700,0.1834,-1
KHAPRETA_510206,312293.860,2624111.200,129.6700,0.0231,2.7500,0.1757,-1
KHAPRETA_510206,312296.860,2624111.200,129.6600,0.0000,2.7600,0.1764,-1
KHAPRETA_510206,312301.860,2624111.200,129.6300,0.0645,2.7900,0.1783,-1
KHAPRETA_510206,312302.860,2624111.200,129.7200,0.0903,2.7000,0.1725,-1
KHAPRETA_510206,312307.860,2624111.200,129.5100,0.0000,2.9100,0.1859,-1
KHAPRETA_510206,312317.860,2624111.200,129.8900,0.0769,2.5300,0.1617,-1
KHAPRETA_510206,312318.860,2624111.200,129.9300,0.0100,2.4900,0.1591,-1
KHAPRETA_510206,312319.860,2624111.200,129.9100,0.0274,2.5100,0.1604,-1
KHAPRETA_510206,312320.860,2624111.200,129.9400,0.0742,2.4800,0.1585,-1
KHAPRETA_510206,312325.860,2624111.200,130.0000,0.0000,2.4200,0.1546,-1
KHAPRETA_510206,312331.860,2624111.200,129.7800,0.0000,2.6400,0.1687,-1
KHAPRETA_510206,312333.860,2624111.200,129.8900,0.0000,2.5300,0.1617,-1
KHAPRETA_510206,312340.860,2624111.200,129.9700,0.1419,2.4500,0.1565,-1
KHAPRETA_510206,312341.860,2624111.200,130.0600,0.1336,2.3600,0.1508,-1
KHAPRETA_510206,312343.860,2624111.200,130.0100,0.0000,2.4100,0.1540,-1
KHAPRETA_510206,312351.860,2624111.200,130.0300,0.1410,2.3900,0.1527,-1
KHAPRETA_510206,312352.860,2624111.200,129.9900,0.1269,2.4300,0.1553,-1
KHAPRETA_510206,312359.860,2624111.200,130.0500,0.0569,2.3700,0.1514,-1
KHAPRETA_510206,312364.860,2624111.200,130.2700,0.0000,2.1500,0.1374,-1
KHAPRETA_510206,312367.860,2624111.200,130.1300,0.1469,2.2900,0.1463,-1
KHAPRETA_510206,312368.860,2624111.200,130.0700,0.1769,2.3500,0.1502,-1
KHAPRETA_510206,312370.860,2624111.200,130.2700,0.2569,2.1500,0.1374,-1
KHAPRETA_510206,312373.860,2624111.200,130.3000,0.3953,2.1200,0.1355,-1
KHAPRETA_510206,312374.860,2624111.200,130.3200,0.2346,2.1000,0.1342,-1
KHAPRETA_510206,312375.860,2624111.200,130.3700,0.2333,2.0500,0.1310,-1
KHAPRETA_510206,312376.860,2624111.200,130.3700,0.2969,2.0500,0.1310,-1
KHAPRETA_510206,312379.860,2624111.200,130.3800,0.3119,2.0400,0.1304,-1
KHAPRETA_510206,312380.860,2624111.200,130.4000,0.3019,2.0200,0.1291,-1
KHAPRETA_510206,312384.860,2624111.200,130.4500,0.0000,1.9700,0.1259,-1
KHAPRETA_510206,312386.860,2624111.200,130.3200,0.3169,2.1000,0.1342,-1
KHAPRETA_510206,312388.860,2624111.200,130.4300,0.4567,1.9900,0.1272,-1
KHAPRETA_510206,312389.860,2624111.200,130.4700,0.4588,1.9500,0.1246,-1
KHAPRETA_510206,312394.860,2624111.200,130.4600,0.4942,1.9600,0.1252,-1
KHAPRETA_510206,312395.860,2624111.200,130.4700,0.4801,1.9500,0.1246,-1
KHAPRETA_510206,312408.860,2624111.200,130.7200,0.4819,1.7000,0.1086,-1
KHAPRETA_510206,312416.860,2624111.200,130.7800,0.5119,1.6400,0.1048,-1
KHAPRETA_510206,312420.860,2624111.200,130.8200,0.0000,1.6000,0.1022,-1
KHAPRETA_510206,312425.860,2624111.200,130.7500,0.7319,1.6700,0.1067,-1
KHAPRETA_510206,312426.860,2624111.200,130.7600,0.4869,1.6600,0.1061,-1
KHAPRETA_510206,312431.860,2624111.200,130.8400,0.5169,1.5800,0.1010,-1
KHAPRETA_510206,312433.860,2624111.200,130.8000,0.0000,1.6200,0.1035,-1
KHAPRETA_510206,312435.860,2624111.200,130.8700,0.0000,1.5500,0.0990,-1
KHAPRETA_510206,312438.860,2624111.200,130.3800,0.5069,2.0400,0.1304,-1
KHAPRETA_510206,312442.860,2624111.200,130.8800,0.5269,1.5400,0.0984,-1
KHAPRETA_510206,312096.860,2624112.200,127.4500,1.2181,4.9700,0.3176,-1
KHAPRETA_510206,312097.860,2624112.200,127.3400,1.2447,5.0800,0.3246,-1
KHAPRETA_510206,312098.860,2624112.200,127.1100,1.2181,5.3100,0.3393,-1
KHAPRETA_510206,312101.860,2624112.200,127.5300,1.1881,4.8900,0.3125,-1
KHAPRETA_510206,312105.860,2624112.200,127.8000,1.4381,4.6200,0.2952,-1
KHAPRETA_510206,312107.860,2624112.200,126.9800,1.3631,5.4400,0.3476,-1
KHAPRETA_510206,312108.860,2624112.200,127.0500,1.3981,5.3700,0.3431,-1
KHAPRETA_510206,312113.860,2624112.200,127.3500,1.1381,5.0700,0.3240,-1
KHAPRETA_510206,312114.860,2624112.200,127.5000,1.1982,4.9200,0.3144,-1
KHAPRETA_510206,312115.860,2624112.200,127.3100,1.7076,5.1100,0.3265,-1
KHAPRETA_510206,312117.860,2624112.200,127.4900,0.0000,4.9300,0.3150,-1
KHAPRETA_510206,312119.860,2624112.200,127.3800,0.0000,5.0400,0.3220,-1
KHAPRETA_510206,312125.860,2624112.200,127.5000,1.1981,4.9200,0.3144,-1
KHAPRETA_510206,312132.860,2624112.200,127.6600,0.0000,4.7600,0.3042,-1
KHAPRETA_510206,312141.860,2624112.200,127.3900,0.9831,5.0300,0.3214,-1
KHAPRETA_510206,312147.860,2624112.200,127.9500,0.0000,4.4700,0.2856,-1
KHAPRETA_510206,312151.860,2624112.200,128.2700,0.0000,4.1500,0.2652,-1
KHAPRETA_510206,312157.860,2624112.200,128.3400,0.7281,4.0800,0.2607,-1
KHAPRETA_510206,312159.860,2624112.200,128.3900,0.7581,4.0300,0.2575,-1
KHAPRETA_510206,312187.860,2624112.200,129.2800,0.3281,3.1400,0.2006,-1
KHAPRETA_510206,312188.860,2624112.200,129.1200,0.2481,3.3000,0.2109,-1
KHAPRETA_510206,312194.860,2624112.200,129.6200,0.0000,2.8000,0.1789,-1
KHAPRETA_510206,312205.860,2624112.200,129.5500,0.0631,2.8700,0.1834,-1
KHAPRETA_510206,312206.860,2624112.200,129.6500,0.1131,2.7700,0.1770,-1
KHAPRETA_510206,312208.860,2624112.200,129.6700,0.0581,2.7500,0.1757,-1
KHAPRETA_510206,312216.860,2624112.200,129.6800,0.0000,2.7400,0.1751,-1
KHAPRETA_510206,312222.860,2624112.200,129.6200,0.1850,2.8000,0.1789,-1
KHAPRETA_510206,312225.860,2624112.200,129.6700,0.0331,2.7500,0.1757,-1
KHAPRETA_510206,312226.860,2624112.200,129.7100,0.0878,2.7100,0.1732,-1
KHAPRETA_510206,312229.860,2624112.200,129.6700,0.0481,2.7500,0.1757,-1
KHAPRETA_510206,312238.860,2624112.200,129.5500,0.1331,2.8700,0.1834,-1
KHAPRETA_510206,312246.860,2624112.200,129.8300,0.0000,2.5900,0.1655,-1
KHAPRETA_510206,312253.860,2624112.200,129.7200,0.0231,2.7000,0.1725,-1
KHAPRETA_510206,312256.860,2624112.200,129.8400,0.0000,2.5800,0.1649,-1
KHAPRETA_510206,312262.860,2624112.200,129.8300,0.1131,2.5900,0.1655,-1
KHAPRETA_510206,312270.860,2624112.200,129.6800,0.1431,2.7400,0.1751,-1
KHAPRETA_510206,312272.860,2624112.200,129.4900,0.3664,2.9300,0.1872,-1
KHAPRETA_510206,312273.860,2624112.200,129.1200,0.2403,3.3000,0.2109,-1
KHAPRETA_510206,312275.860,2624112.200,129.6400,0.0000,2.7800,0.1776,-1
KHAPRETA_510206,312281.860,2624112.200,129.6600,0.0000,2.7600,0.1764,-1
KHAPRETA_510206,312283.860,2624112.200,129.6500,0.1131,2.7700,0.1770,-1
KHAPRETA_510206,312284.860,2624112.200,129.5500,0.0631,2.8700,0.1834,-1
KHAPRETA_510206,312290.860,2624112.200,129.7100,0.0581,2.7100,0.1732,-1
KHAPRETA_510206,312291.860,2624112.200,129.6600,0.0567,2.7600,0.1764,-1
KHAPRETA_510206,312292.860,2624112.200,129.6700,0.0350,2.7500,0.1757,-1
KHAPRETA_510206,312293.860,2624112.200,129.7300,0.0750,2.6900,0.1719,-1
KHAPRETA_510206,312298.860,2624112.200,129.8200,0.0000,2.6000,0.1661,-1
KHAPRETA_510206,312301.860,2624112.200,129.6600,0.0731,2.7600,0.1764,-1
KHAPRETA_510206,312305.860,2624112.200,129.8300,0.0000,2.5900,0.1655,-1
KHAPRETA_510206,312309.860,2624112.200,129.8900,0.0000,2.5300,0.1617,-1
KHAPRETA_510206,312329.860,2624112.200,129.9500,0.0000,2.4700,0.1578,-1
KHAPRETA_510206,312332.860,2624112.200,130.0100,0.0000,2.4100,0.1540,-1
KHAPRETA_510206,312334.860,2624112.200,129.8200,0.0000,2.6000,0.1661,-1
KHAPRETA_510206,312336.860,2624112.200,129.9000,0.0769,2.5200,0.1610,-1
KHAPRETA_510206,312337.860,2624112.200,129.9300,0.0619,2.4900,0.1591,-1
KHAPRETA_510206,312339.860,2624112.200,129.9500,0.0000,2.4700,0.1578,-1
KHAPRETA_510206,312347.860,2624112.200,129.9500,0.0000,2.4700,0.1578,-1
KHAPRETA_510206,312351.860,2624112.200,129.9600,0.1269,2.4600,0.1572,-1
KHAPRETA_510206,312355.860,2624112.200,129.9900,0.1119,2.4300,0.1553,-1
KHAPRETA_510206,312356.860,2624112.200,130.0000,0.1069,2.4200,0.1546,-1
KHAPRETA_510206,312359.860,2624112.200,129.8900,0.0800,2.5300,0.1617,-1
KHAPRETA_510206,312369.860,2624112.200,130.1500,0.1919,2.2700,0.1450,-1
KHAPRETA_510206,312371.860,2624112.200,130.2200,0.0000,2.2000,0.1406,-1
KHAPRETA_510206,312373.860,2624112.200,130.3500,0.2619,2.0700,0.1323,-1
KHAPRETA_510206,312383.860,2624112.200,130.3400,0.0000,2.0800,0.1329,-1
KHAPRETA_510206,312386.860,2624112.200,130.4100,0.0850,2.0100,0.1284,-1
KHAPRETA_510206,312390.860,2624112.200,130.5200,0.4802,1.9000,0.1214,-1
KHAPRETA_510206,312391.860,2624112.200,130.4700,0.3719,1.9500,0.1246,-1
KHAPRETA_510206,312394.860,2624112.200,130.4800,0.4801,1.9400,0.1240,-1
KHAPRETA_510206,312395.860,2624112.200,130.4500,0.3560,1.9700,0.1259,-1
KHAPRETA_510206,312396.860,2624112.200,130.3200,0.4908,2.1000,0.1342,-1
KHAPRETA_510206,312398.860,2624112.200,130.5700,0.4419,1.8500,0.1182,-1
KHAPRETA_510206,312400.860,2624112.200,130.6200,0.4469,1.8000,0.1150,-1
KHAPRETA_510206,312406.860,2624112.200,130.7300,0.0000,1.6900,0.1080,-1
KHAPRETA_510206,312408.860,2624112.200,130.7400,0.1300,1.6800,0.1073,-1
KHAPRETA_510206,312419.860,2624112.200,130.7800,0.5019,1.6400,0.1048,-1
KHAPRETA_510206,312425.860,2624112.200,130.8600,0.4869,1.5600,0.0997,-1
KHAPRETA_510206,312427.860,2624112.200,130.8600,0.0000,1.5600,0.0997,-1
KHAPRETA_510206,312434.860,2624112.200,130.8600,0.4769,1.5600,0.0997,-1
KHAPRETA_510206,312442.860,2624112.200,130.8300,0.5519,1.5900,0.1016,-1
KHAPRETA_510206,312444.860,2624112.200,130.8400,0.5319,1.5800,0.1010,-1
KHAPRETA_510206,312446.860,2624112.200,130.9000,0.5569,1.5200,0.0971,-1
KHAPRETA_510206,312447.860,2624112.200,130.8900,0.8126,1.5300,0.0978,-1
KHAPRETA_510206,312090.860,2624113.200,127.0600,1.4131,5.3600,0.3425,-1
KHAPRETA_510206,312091.860,2624113.200,126.9500,0.1500,5.4700,0.3495,-1
KHAPRETA_510206,312092.860,2624113.200,127.3600,1.4131,5.0600,0.3233,-1
KHAPRETA_510206,312095.860,2624113.200,127.3000,0.0000,5.1200,0.3272,-1
KHAPRETA_510206,312101.860,2624113.200,127.4000,1.1231,5.0200,0.3208,-1
KHAPRETA_510206,312103.860,2624113.200,127.6500,0.0000,4.7700,0.3048,-1
KHAPRETA_510206,312114.860,2624113.200,127.3800,1.2731,5.0400,0.3220,-1
KHAPRETA_510206,312115.860,2624113.200,127.2300,1.7192,5.1900,0.3316,-1
KHAPRETA_510206,312125.860,2624113.200,127.3800,1.7263,5.0400,0.3220,-1
KHAPRETA_510206,312126.860,2624113.200,127.1800,1.2467,5.2400,0.3348,-1
KHAPRETA_510206,312127.860,2624113.200,127.5700,1.6842,4.8500,0.3099,-1
KHAPRETA_510206,312129.860,2624113.200,127.5400,0.0000,4.8800,0.3118,-1
KHAPRETA_510206,312131.860,2624113.200,127.5900,0.0000,4.8300,0.3086,-1
KHAPRETA_510206,312134.860,2624113.200,127.6900,0.0000,4.7300,0.3022,-1
KHAPRETA_510206,312137.860,2624113.200,128.0900,0.0000,4.3300,0.2767,-1
KHAPRETA_510206,312149.860,2624113.200,128.3100,0.7331,4.1100,0.2626,-1
KHAPRETA_510206,312150.860,2624113.200,128.3100,1.0054,4.1100,0.2626,-1
KHAPRETA_510206,312153.860,2624113.200,128.3300,0.0000,4.0900,0.2613,-1
KHAPRETA_510206,312157.860,2624113.200,128.3200,0.7181,4.1000,0.2620,-1
KHAPRETA_510206,312161.860,2624113.200,128.3100,0.5631,4.1100,0.2626,-1
KHAPRETA_510206,312163.860,2624113.200,128.6800,0.4381,3.7400,0.2390,-1
KHAPRETA_510206,312164.860,2624113.200,128.9000,0.5481,3.5200,0.2249,-1
KHAPRETA_510206,312167.860,2624113.200,128.8500,0.3231,3.5700,0.2281,-1
KHAPRETA_510206,312171.860,2624113.200,128.3900,0.0000,4.0300,0.2575,-1
KHAPRETA_510206,312197.860,2624113.200,129.7400,0.0000,2.6800,0.1712,-1
KHAPRETA_510206,312205.860,2624113.200,129.7700,0.1131,2.6500,0.1693,-1
KHAPRETA_510206,312207.860,2624113.200,129.7900,0.0857,2.6300,0.1681,-1
KHAPRETA_510206,312208.860,2624113.200,129.6600,0.0535,2.7600,0.1764,-1
KHAPRETA_510206,312214.860,2624113.200,129.6600,0.0814,2.7600,0.1764,-1
KHAPRETA_510206,312215.860,2624113.200,129.6200,0.0895,2.8000,0.1789,-1
KHAPRETA_510206,312222.860,2624113.200,129.2800,0.0781,3.1400,0.2006,-1
KHAPRETA_510206,312226.860,2624113.200,129.7300,0.0331,2.6900,0.1719,-1
KHAPRETA_510206,312228.860,2624113.200,129.6600,0.0481,2.7600,0.1764,-1
KHAPRETA_510206,312229.860,2624113.200,129.6800,0.0787,2.7400,0.1751,-1
KHAPRETA_510206,312232.860,2624113.200,129.6400,0.0000,2.7800,0.1776,-1
KHAPRETA_510206,312234.860,2624113.200,129.6600,0.1531,2.7600,0.1764,-1
KHAPRETA_510206,312235.860,2624113.200,129.4700,0.0581,2.9500,0.1885,-1
KHAPRETA_510206,312237.860,2624113.200,129.8100,0.1331,2.6100,0.1668,-1
KHAPRETA_510206,312238.860,2624113.200,129.5100,0.1143,2.9100,0.1859,-1
KHAPRETA_510206,312240.860,2624113.200,129.3700,0.2282,3.0500,0.1949,-1
KHAPRETA_510206,312241.860,2624113.200,129.6800,0.2031,2.7400,0.1751,-1
KHAPRETA_510206,312243.860,2624113.200,129.7600,0.0000,2.6600,0.1700,-1
KHAPRETA_510206,312250.860,2624113.200,129.8000,0.0000,2.6200,0.1674,-1
KHAPRETA_510206,312253.860,2624113.200,129.7300,0.0281,2.6900,0.1719,-1
KHAPRETA_510206,312255.860,2624113.200,129.7700,0.0000,2.6500,0.1693,-1
KHAPRETA_510206,312260.860,2624113.200,129.4200,0.0000,3.0000,0.1917,-1
KHAPRETA_510206,312262.860,2624113.200,129.5500,0.0269,2.8700,0.1834,-1
KHAPRETA_510206,312264.860,2624113.200,129.5300,0.1881,2.8900,0.1847,-1
KHAPRETA_510206,312273.860,2624113.200,129.3900,0.3281,3.0300,0.1936,-1
KHAPRETA_510206,312286.860,2624113.200,129.6500,0.0000,2.7700,0.1770,-1
KHAPRETA_510206,312291.860,2624113.200,129.6700,0.0581,2.7500,0.1757,-1
KHAPRETA_510206,312294.860,2624113.200,129.6900,0.0131,2.7300,0.1744,-1
KHAPRETA_510206,312296.860,2624113.200,129.7400,0.0000,2.6800,0.1712,-1
KHAPRETA_510206,312303.860,2624113.200,129.7500,0.0000,2.6700,0.1706,-1
KHAPRETA_510206,312310.860,2624113.200,129.9700,0.0319,2.4500,0.1565,-1
KHAPRETA_510206,312311.860,2624113.200,129.8400,0.0969,2.5800,0.1649,-1
KHAPRETA_510206,312315.860,2624113.200,129.9300,0.0369,2.4900,0.1591,-1
KHAPRETA_510206,312316.860,2624113.200,129.8500,0.0770,2.5700,0.1642,-1
KHAPRETA_510206,312318.860,2624113.200,129.8400,0.0000,2.5800,0.1649,-1
KHAPRETA_510206,312324.860,2624113.200,130.0200,0.0000,2.4000,0.1534,-1
KHAPRETA_510206,312326.860,2624113.200,130.0300,0.0169,2.3900,0.1527,-1
KHAPRETA_510206,312327.860,2624113.200,129.8100,0.1269,2.6100,0.1668,-1
KHAPRETA_510206,312331.860,2624113.200,129.9800,0.0000,2.4400,0.1559,-1
KHAPRETA_510206,312333.860,2624113.200,130.0600,0.0069,2.3600,0.1508,-1
KHAPRETA_510206,312335.860,2624113.200,129.8500,0.0369,2.5700,0.1642,-1
KHAPRETA_510206,312338.860,2624113.200,130.0300,0.0000,2.3900,0.1527,-1
KHAPRETA_510206,312354.860,2624113.200,130.0900,0.0000,2.3300,0.1489,-1
KHAPRETA_510206,312359.860,2624113.200,129.8900,0.0569,2.5300,0.1617,-1
KHAPRETA_510206,312363.860,2624113.200,130.2200,0.0000,2.2000,0.1406,-1
KHAPRETA_510206,312366.860,2624113.200,130.3000,0.2319,2.1200,0.1355,-1
KHAPRETA_510206,312367.860,2624113.200,130.2400,0.2619,2.1800,0.1393,-1
KHAPRETA_510206,312369.860,2624113.200,130.1600,0.0500,2.2600,0.1444,-1
KHAPRETA_510206,312374.860,2624113.200,130.3600,0.2719,2.0600,0.1316,-1
KHAPRETA_510206,312380.860,2624113.200,130.4200,0.0000,2.0000,0.1278,-1
KHAPRETA_510206,312385.860,2624113.200,130.4400,0.5119,1.9800,0.1265,-1
KHAPRETA_510206,312386.860,2624113.200,130.4900,0.0424,1.9300,0.1233,-1
KHAPRETA_510206,312387.860,2624113.200,130.3800,0.3525,2.0400,0.1304,-1
KHAPRETA_510206,312388.860,2624113.200,130.5300,0.3019,1.8900,0.1208,-1
KHAPRETA_510206,312390.860,2624113.200,130.4400,0.3719,1.9800,0.1265,-1
KHAPRETA_510206,312396.860,2624113.200,130.4900,0.2719,1.9300,0.1233,-1
KHAPRETA_510206,312398.860,2624113.200,130.6600,0.3969,1.7600,0.1125,-1
KHAPRETA_510206,312400.860,2624113.200,130.6700,0.0100,1.7500,0.1118,-1
KHAPRETA_510206,312403.860,2624113.200,130.6700,0.6091,1.7500,0.1118,-1
KHAPRETA_510206,312404.860,2624113.200,130.7000,0.4469,1.7200,0.1099,-1
KHAPRETA_510206,312407.860,2624113.200,130.6500,0.3419,1.7700,0.1131,-1
KHAPRETA_510206,312408.860,2624113.200,130.4600,0.6505,1.9600,0.1252,-1
KHAPRETA_510206,312410.860,2624113.200,130.6900,0.4419,1.7300,0.1105,-1
KHAPRETA_510206,312412.860,2624113.200,130.7300,0.5069,1.6900,0.1080,-1
KHAPRETA_510206,312413.860,2624113.200,130.7900,0.4769,1.6300,0.1042,-1
KHAPRETA_510206,312416.860,2624113.200,130.7900,0.0000,1.6300,0.1042,-1
KHAPRETA_510206,312419.860,2624113.200,130.7800,0.6855,1.6400,0.1048,-1
KHAPRETA_510206,312420.860,2624113.200,130.7100,0.0000,1.7100,0.1093,-1
KHAPRETA_510206,312421.860,2624113.200,130.7800,0.5375,1.6400,0.1048,-1
KHAPRETA_510206,312422.860,2624113.200,130.7600,0.7350,1.6600,0.1061,-1
KHAPRETA_510206,312430.860,2624113.200,130.8300,0.5619,1.5900,0.1016,-1
KHAPRETA_510206,312433.860,2624113.200,130.7600,0.4769,1.6600,0.1061,-1
KHAPRETA_510206,312434.860,2624113.200,130.7300,0.7319,1.6900,0.1080,-1
KHAPRETA_510206,312438.860,2624113.200,130.6600,0.0000,1.7600,0.1125,-1
KHAPRETA_510206,312444.860,2624113.200,130.8400,0.5319,1.5800,0.1010,-1
KHAPRETA_510206,312447.860,2624113.200,130.9500,0.5569,1.4700,0.0939,-1
KHAPRETA_510206,312089.860,2624114.200,127.2100,1.2631,5.2100,0.3329,-1
KHAPRETA_510206,312098.860,2624114.200,127.3100,0.0000,5.1100,0.3265,-1
KHAPRETA_510206,312106.860,2624114.200,127.3500,1.0381,5.0700,0.3240,-1
KHAPRETA_510206,312114.860,2624114.200,127.4800,1.1981,4.9400,0.3157,-1
KHAPRETA_510206,312119.860,2624114.200,127.4100,1.2231,5.0100,0.3201,-1
KHAPRETA_510206,312122.860,2624114.200,127.2900,1.3381,5.1300,0.3278,-1
KHAPRETA_510206,312126.860,2624114.200,127.2900,1.6842,5.1300,0.3278,-1
KHAPRETA_510206,312127.860,2624114.200,127.6300,1.1107,4.7900,0.3061,-1
KHAPRETA_510206,312128.860,2624114.200,127.5500,1.0731,4.8700,0.3112,-1
KHAPRETA_510206,312130.860,2624114.200,127.6000,1.0981,4.8200,0.3080,-1
KHAPRETA_510206,312138.860,2624114.200,127.6500,1.4540,4.7700,0.3048,-1
KHAPRETA_510206,312139.860,2624114.200,127.7400,1.0631,4.6800,0.2990,-1
KHAPRETA_510206,312144.860,2624114.200,127.7900,0.9181,4.6300,0.2958,-1
KHAPRETA_510206,312150.860,2624114.200,128.4000,0.7331,4.0200,0.2569,-1
KHAPRETA_510206,312155.860,2624114.200,128.1700,0.7581,4.2500,0.2716,-1
KHAPRETA_510206,312156.860,2624114.200,128.2600,0.8031,4.1600,0.2658,-1
KHAPRETA_510206,312158.860,2624114.200,128.3900,0.7231,4.0300,0.2575,-1
KHAPRETA_510206,312160.860,2624114.200,128.3200,0.7451,4.1000,0.2620,-1
KHAPRETA_510206,312161.860,2624114.200,128.6500,0.2570,3.7700,0.2409,-1
KHAPRETA_510206,312162.860,2624114.200,128.6300,0.5631,3.7900,0.2422,-1
KHAPRETA_510206,312167.860,2624114.200,129.1300,0.0450,3.2900,0.2102,-1
KHAPRETA_510206,312174.860,2624114.200,128.5000,0.0000,3.9200,0.2505,-1
KHAPRETA_510206,312192.860,2624114.200,129.5500,0.0000,2.8700,0.1834,-1
KHAPRETA_510206,312198.860,2624114.200,129.7100,0.0481,2.7100,0.1732,-1
KHAPRETA_510206,312201.860,2624114.200,129.6100,0.0000,2.8100,0.1796,-1
KHAPRETA_510206,312207.860,2624114.200,129.6500,0.0069,2.7700,0.1770,-1
KHAPRETA_510206,312209.860,2624114.200,129.7700,0.0000,2.6500,0.1693,-1
KHAPRETA_510206,312214.860,2624114.200,129.7300,0.0895,2.6900,0.1719,-1
KHAPRETA_510206,312215.860,2624114.200,129.6400,0.0806,2.7800,0.1776,-1
KHAPRETA_510206,312216.860,2624114.200,129.7700,0.0833,2.6500,0.1693,-1
KHAPRETA_510206,312219.860,2624114.200,129.7700,0.0319,2.6500,0.1693,-1
KHAPRETA_510206,312221.860,2624114.200,129.6500,0.0000,2.7700,0.1770,-1
KHAPRETA_510206,312223.860,2624114.200,129.7000,0.0895,2.7200,0.1738,-1
KHAPRETA_510206,312224.860,2624114.200,129.6600,0.0381,2.7600,0.1764,-1
KHAPRETA_510206,312233.860,2624114.200,129.5400,0.0000,2.8800,0.1840,-1
KHAPRETA_510206,312240.860,2624114.200,129.3300,0.2031,3.0900,0.1974,-1
KHAPRETA_510206,312244.860,2624114.200,129.8100,0.0031,2.6100,0.1668,-1
KHAPRETA_510206,312245.860,2624114.200,129.7700,0.0169,2.6500,0.1693,-1
KHAPRETA_510206,312249.860,2624114.200,129.7100,0.0000,2.7100,0.1732,-1
KHAPRETA_510206,312252.860,2624114.200,129.7600,0.0031,2.6600,0.1700,-1
KHAPRETA_510206,312257.860,2624114.200,129.8000,0.0031,2.6200,0.1674,-1
KHAPRETA_510206,312264.860,2624114.200,129.4000,0.2460,3.0200,0.1930,-1
KHAPRETA_510206,312265.860,2624114.200,129.3500,0.0750,3.0700,0.1962,-1
KHAPRETA_510206,312266.860,2624114.200,129.5500,0.2653,2.8700,0.1834,-1
KHAPRETA_510206,312269.860,2624114.200,129.6400,0.1031,2.7800,0.1776,-1
KHAPRETA_510206,312270.860,2624114.200,129.5700,0.0100,2.8500,0.1821,-1
KHAPRETA_510206,312271.860,2624114.200,129.6600,0.0350,2.7600,0.1764,-1
KHAPRETA_510206,312272.860,2624114.200,129.5000,0.0581,2.9200,0.1866,-1
KHAPRETA_510206,312276.860,2624114.200,129.4100,0.3060,3.0100,0.1923,-1
KHAPRETA_510206,312277.860,2624114.200,129.6000,0.1831,2.8200,0.1802,-1
KHAPRETA_510206,312282.860,2624114.200,129.6400,0.0931,2.7800,0.1776,-1
KHAPRETA_510206,312284.860,2624114.200,129.6200,0.0000,2.8000,0.1789,-1
KHAPRETA_510206,312290.860,2624114.200,129.6400,0.0000,2.7800,0.1776,-1
KHAPRETA_510206,312293.860,2624114.200,129.7300,0.0131,2.6900,0.1719,-1
KHAPRETA_510206,312294.860,2624114.200,129.7500,0.0424,2.6700,0.1706,-1
KHAPRETA_510206,312295.860,2624114.200,129.6700,0.0131,2.7500,0.1757,-1
KHAPRETA_510206,312309.860,2624114.200,129.8800,0.0000,2.5400,0.1623,-1
KHAPRETA_510206,312314.860,2624114.200,129.8400,0.0000,2.5800,0.1649,-1
KHAPRETA_510206,312316.860,2624114.200,129.7800,0.0369,2.6400,0.1687,-1
KHAPRETA_510206,312319.860,2624114.200,130.0000,0.0000,2.4200,0.1546,-1
KHAPRETA_510206,312322.860,2624114.200,129.9700,0.1069,2.4500,0.1565,-1
KHAPRETA_510206,312332.860,2624114.200,129.8300,0.0069,2.5900,0.1655,-1
KHAPRETA_510206,312333.860,2624114.200,129.7900,0.1445,2.6300,0.1681,-1
KHAPRETA_510206,312335.860,2624114.200,129.8500,0.0369,2.5700,0.1642,-1
KHAPRETA_510206,312340.860,2624114.200,130.0800,0.1418,2.3400,0.1495,-1
KHAPRETA_510206,312341.860,2624114.200,130.0500,0.1519,2.3700,0.1514,-1
KHAPRETA_510206,312343.860,2624114.200,129.9900,0.0000,2.4300,0.1553,-1
KHAPRETA_510206,312345.860,2624114.200,130.0700,0.0000,2.3500,0.1502,-1
KHAPRETA_510206,312349.860,2624114.200,130.0000,0.0000,2.4200,0.1546,-1
KHAPRETA_510206,312351.860,2624114.200,130.0800,0.0000,2.3400,0.1495,-1
KHAPRETA_510206,312358.860,2624114.200,130.1500,0.0000,2.2700,0.1450,-1
KHAPRETA_510206,312369.860,2624114.200,130.2500,0.3370,2.1700,0.1387,-1
KHAPRETA_510206,312370.860,2624114.200,130.3300,0.2369,2.0900,0.1335,-1
KHAPRETA_510206,312374.860,2624114.200,130.3200,0.0250,2.1000,0.1342,-1
KHAPRETA_510206,312383.860,2624114.200,130.4100,0.0000,2.0100,0.1284,-1
KHAPRETA_510206,312385.860,2624114.200,130.5100,0.4802,1.9100,0.1220,-1
KHAPRETA_510206,312386.860,2624114.200,130.4700,0.0180,1.9500,0.1246,-1
KHAPRETA_510206,312387.860,2624114.200,130.4800,0.4599,1.9400,0.1240,-1
KHAPRETA_510206,312391.860,2624114.200,130.5000,0.5260,1.9200,0.1227,-1
KHAPRETA_510206,312392.860,2624114.200,130.5100,0.3619,1.9100,0.1220,-1
KHAPRETA_510206,312400.860,2624114.200,130.6400,0.5658,1.7800,0.1137,-1
KHAPRETA_510206,312401.860,2624114.200,130.4700,0.4319,1.9500,0.1246,-1
KHAPRETA_510206,312403.860,2624114.200,130.5700,0.4469,1.8500,0.1182,-1
KHAPRETA_510206,312405.860,2624114.200,130.7200,0.4769,1.7000,0.1086,-1
KHAPRETA_510206,312410.860,2624114.200,130.6600,0.0100,1.7600,0.1125,-1
KHAPRETA_510206,312417.860,2624114.200,130.8600,0.0000,1.5600,0.0997,-1
KHAPRETA_510206,312421.860,2624114.200,130.8500,0.7350,1.5700,0.1003,-1
KHAPRETA_510206,312422.860,2624114.200,130.8500,0.0180,1.5700,0.1003,-1
KHAPRETA_510206,312423.860,2624114.200,130.8200,0.0100,1.6000,0.1022,-1
KHAPRETA_510206,312424.860,2624114.200,130.8300,0.5219,1.5900,0.1016,-1
KHAPRETA_510206,312430.860,2624114.200,130.9000,0.5269,1.5200,0.0971,-1
KHAPRETA_510206,312435.860,2624114.200,130.6400,0.0000,1.7800,0.1137,-1
KHAPRETA_510206,312440.860,2624114.200,130.7700,0.5019,1.6500,0.1054,-1
KHAPRETA_510206,312089.860,2624115.200,127.2500,1.8719,5.1700,0.3304,-1
KHAPRETA_510206,312090.860,2624115.200,127.0500,1.2631,5.3700,0.3431,-1
KHAPRETA_510206,312095.860,2624115.200,127.2800,0.0000,5.1400,0.3284,-1
KHAPRETA_510206,312097.860,2624115.200,127.3900,0.0000,5.0300,0.3214,-1
KHAPRETA_510206,312103.860,2624115.200,127.7400,1.0381,4.6800,0.2990,-1
KHAPRETA_510206,312104.860,2624115.200,127.7000,0.0250,4.7200,0.3016,-1
KHAPRETA_510206,312105.860,2624115.200,127.7900,0.0000,4.6300,0.2958,-1
KHAPRETA_510206,312106.860,2624115.200,127.7000,1.5677,4.7200,0.3016,-1
KHAPRETA_510206,312108.860,2624115.200,127.1600,1.1131,5.2600,0.3361,-1
KHAPRETA_510206,312109.860,2624115.200,127.5500,1.3081,4.8700,0.3112,-1
KHAPRETA_510206,312111.860,2624115.200,126.7300,1.2781,5.6900,0.3636,-1
KHAPRETA_510206,312115.860,2624115.200,127.2200,0.0000,5.2000,0.3323,-1
KHAPRETA_510206,312119.860,2624115.200,127.3300,0.0100,5.0900,0.3252,-1
KHAPRETA_510206,312122.860,2624115.200,127.1000,1.2431,5.3200,0.3399,-1
KHAPRETA_510206,312125.860,2624115.200,127.3200,0.0000,5.1000,0.3259,-1
KHAPRETA_510206,312130.860,2624115.200,127.5800,1.0881,4.8400,0.3093,-1
KHAPRETA_510206,312133.860,2624115.200,127.4700,1.5565,4.9500,0.3163,-1
KHAPRETA_510206,312134.860,2624115.200,127.6000,1.5616,4.8200,0.3080,-1
KHAPRETA_510206,312138.860,2624115.200,127.7000,1.0631,4.7200,0.3016,-1
KHAPRETA_510206,312140.860,2624115.200,127.8400,0.0000,4.5800,0.2927,-1
KHAPRETA_510206,312143.860,2624115.200,127.8400,0.9181,4.5800,0.2927,-1
KHAPRETA_510206,312144.860,2624115.200,127.9400,1.3868,4.4800,0.2863,-1
KHAPRETA_510206,312149.860,2624115.200,128.0600,0.0000,4.3600,0.2786,-1
KHAPRETA_510206,312153.860,2624115.200,128.2900,0.0000,4.1300,0.2639,-1
KHAPRETA_510206,312158.860,2624115.200,128.3300,0.0750,4.0900,0.2613,-1
KHAPRETA_510206,312160.860,2624115.200,128.8000,0.8994,3.6200,0.2313,-1
KHAPRETA_510206,312161.860,2624115.200,128.7200,0.7451,3.7000,0.2364,-1
KHAPRETA_510206,312167.860,2624115.200,128.7600,0.3231,3.6600,0.2339,-1
KHAPRETA_510206,312175.860,2624115.200,128.8300,0.2931,3.5900,0.2294,-1
KHAPRETA_510206,312176.860,2624115.200,129.1900,0.4731,3.2300,0.2064,-1
KHAPRETA_510206,312188.860,2624115.200,129.2700,0.0269,3.1500,0.2013,-1
KHAPRETA_510206,312189.860,2624115.200,129.8300,0.2531,2.5900,0.1655,-1
KHAPRETA_510206,312198.860,2624115.200,129.6800,0.0331,2.7400,0.1751,-1
KHAPRETA_510206,312206.860,2624115.200,129.7200,0.0000,2.7000,0.1725,-1
KHAPRETA_510206,312216.860,2624115.200,129.6800,0.0031,2.7400,0.1751,-1
KHAPRETA_510206,312219.860,2624115.200,129.8400,0.0043,2.5800,0.1649,-1
KHAPRETA_510206,312220.860,2624115.200,129.7700,0.0319,2.6500,0.1693,-1
KHAPRETA_510206,312222.860,2624115.200,129.1000,0.0681,3.3200,0.2121,-1
KHAPRETA_510206,312223.860,2624115.200,129.6400,0.4006,2.7800,0.1776,-1
KHAPRETA_510206,312227.860,2624115.200,129.5500,0.1181,2.8700,0.1834,-1
KHAPRETA_510206,312230.860,2624115.200,129.5600,0.1381,2.8600,0.1827,-1
KHAPRETA_510206,312232.860,2624115.200,129.6300,0.0000,2.7900,0.1783,-1
KHAPRETA_510206,312238.860,2624115.200,129.7800,0.0000,2.6400,0.1687,-1
KHAPRETA_510206,312243.860,2624115.200,129.7500,0.0000,2.6700,0.1706,-1
KHAPRETA_510206,312248.860,2624115.200,129.8500,0.0000,2.5700,0.1642,-1
KHAPRETA_510206,312251.860,2624115.200,129.7300,0.0031,2.6900,0.1719,-1
KHAPRETA_510206,312252.860,2624115.200,129.7700,0.0244,2.6500,0.1693,-1
KHAPRETA_510206,312257.860,2624115.200,129.7700,0.0119,2.6500,0.1693,-1
KHAPRETA_510206,312259.860,2624115.200,129.5300,0.0469,2.8900,0.1847,-1
KHAPRETA_510206,312260.860,2624115.200,129.8700,0.1260,2.5500,0.1629,-1
KHAPRETA_510206,312266.860,2624115.200,129.4600,0.1295,2.9600,0.1891,-1
KHAPRETA_510206,312267.860,2624115.200,129.6500,0.1581,2.7700,0.1770,-1
KHAPRETA_510206,312274.860,2624115.200,129.5300,0.0000,2.8900,0.1847,-1
KHAPRETA_510206,312276.860,2624115.200,129.1900,0.0050,3.2300,0.2064,-1
KHAPRETA_510206,312282.860,2624115.200,129.5900,0.1036,2.8300,0.1808,-1
KHAPRETA_510206,312283.860,2624115.200,129.6200,0.0931,2.8000,0.1789,-1
KHAPRETA_510206,312285.860,2624115.200,129.6100,0.0000,2.8100,0.1796,-1
KHAPRETA_510206,312288.860,2624115.200,129.6300,0.0781,2.7900,0.1783,-1
KHAPRETA_510206,312294.860,2624115.200,129.6300,0.0131,2.7900,0.1783,-1
KHAPRETA_510206,312299.860,2624115.200,129.9000,0.0000,2.5200,0.1610,-1
KHAPRETA_510206,312306.860,2624115.200,129.7900,0.0000,2.6300,0.1681,-1
KHAPRETA_510206,312308.860,2624115.200,129.8200,0.0000,2.6000,0.1661,-1
KHAPRETA_510206,312318.860,2624115.200,130.0000,0.0000,2.4200,0.1546,-1
KHAPRETA_510206,312321.860,2624115.200,130.0100,0.1189,2.4100,0.1540,-1
KHAPRETA_510206,312322.860,2624115.200,129.9900,0.1519,2.4300,0.1553,-1
KHAPRETA_510206,312325.860,2624115.200,130.0600,0.1069,2.3600,0.1508,-1
KHAPRETA_510206,312329.860,2624115.200,130.0000,0.0000,2.4200,0.1546,-1
KHAPRETA_510206,312331.860,2624115.200,129.9000,0.0000,2.5200,0.1610,-1
KHAPRETA_510206,312338.860,2624115.200,129.9200,0.1019,2.5000,0.1597,-1
KHAPRETA_510206,312340.860,2624115.200,129.8500,0.1519,2.5700,0.1642,-1
KHAPRETA_510206,312348.860,2624115.200,130.0800,0.0000,2.3400,0.1495,-1
KHAPRETA_510206,312359.860,2624115.200,130.0300,0.0000,2.3900,0.1527,-1
KHAPRETA_510206,312361.860,2624115.200,130.0100,0.0000,2.4100,0.1540,-1
KHAPRETA_510206,312363.860,2624115.200,130.1100,0.2019,2.3100,0.1476,-1
KHAPRETA_510206,312364.860,2624115.200,130.1800,0.3234,2.2400,0.1431,-1
KHAPRETA_510206,312372.860,2624115.200,130.3100,0.3894,2.1100,0.1348,-1
KHAPRETA_510206,312373.860,2624115.200,130.3700,0.0000,2.0500,0.1310,-1
KHAPRETA_510206,312374.860,2624115.200,130.3100,0.2996,2.1100,0.1348,-1
KHAPRETA_510206,312376.860,2624115.200,130.3500,0.4236,2.0700,0.1323,-1
KHAPRETA_510206,312377.860,2624115.200,130.3600,0.2869,2.0600,0.1316,-1
KHAPRETA_510206,312379.860,2624115.200,130.2400,0.3119,2.1800,0.1393,-1
KHAPRETA_510206,312380.860,2624115.200,130.4000,0.2319,2.0200,0.1291,-1
KHAPRETA_510206,312386.860,2624115.200,130.4700,0.3469,1.9500,0.1246,-1
KHAPRETA_510206,312389.860,2624115.200,130.5300,0.0000,1.8900,0.1208,-1
KHAPRETA_510206,312391.860,2624115.200,130.5300,0.0000,1.8900,0.1208,-1
KHAPRETA_510206,312394.860,2624115.200,130.6100,0.0000,1.8100,0.1157,-1
KHAPRETA_510206,312397.860,2624115.200,130.5600,0.0000,1.8600,0.1188,-1
KHAPRETA_510206,312404.860,2624115.200,130.6800,0.4769,1.7400,0.1112,-1
KHAPRETA_510206,312405.860,2624115.200,130.7300,0.6534,1.6900,0.1080,-1
KHAPRETA_510206,312408.860,2624115.200,130.7100,0.4519,1.7100,0.1093,-1
KHAPRETA_510206,312409.860,2624115.200,130.6800,0.0000,1.7400,0.1112,-1
KHAPRETA_510206,312410.860,2624115.200,130.7100,0.1189,1.7100,0.1093,-1
KHAPRETA_510206,312411.860,2624115.200,130.7700,0.4669,1.6500,0.1054,-1
KHAPRETA_510206,312413.860,2624115.200,130.7500,0.0000,1.6700,0.1067,-1
KHAPRETA_510206,312415.860,2624115.200,130.7800,0.0000,1.6400,0.1048,-1
KHAPRETA_510206,312418.860,2624115.200,130.8500,0.7594,1.5700,0.1003,-1
KHAPRETA_510206,312419.860,2624115.200,130.8500,0.5369,1.5700,0.1003,-1
KHAPRETA_510206,312422.860,2624115.200,130.7800,0.0250,1.6400,0.1048,-1
KHAPRETA_510206,312426.860,2624115.200,130.7900,0.5569,1.6300,0.1042,-1
KHAPRETA_510206,312428.860,2624115.200,130.8500,0.5269,1.5700,0.1003,-1
KHAPRETA_510206,312429.860,2624115.200,130.8300,0.5369,1.5900,0.1016,-1
KHAPRETA_510206,312431.860,2624115.200,130.8100,0.0000,1.6100,0.1029,-1
KHAPRETA_510206,312438.860,2624115.200,130.7200,0.0000,1.7000,0.1086,-1
KHAPRETA_510206,312440.860,2624115.200,130.7800,0.4969,1.6400,0.1048,-1
KHAPRETA_510206,312444.860,2624115.200,130.8900,0.0000,1.5300,0.0978,-1
KHAPRETA_510206,312446.860,2624115.200,130.8300,0.0000,1.5900,0.1016,-1
KHAPRETA_510206,312448.860,2624115.200,130.9000,0.5469,1.5200,0.0971,-1
KHAPRETA_510206,312087.860,2624116.200,127.3500,0.0000,5.0700,0.3240,-1
KHAPRETA_510206,312092.860,2624116.200,127.1600,1.2331,5.2600,0.3361,-1
KHAPRETA_510206,312093.860,2624116.200,127.3100,0.1000,5.1100,0.3265,-1
KHAPRETA_510206,312094.860,2624116.200,127.3600,1.7262,5.0600,0.3233,-1
KHAPRETA_510206,312096.860,2624116.200,127.3600,0.0000,5.0600,0.3233,-1
KHAPRETA_510206,312098.860,2624116.200,127.3800,1.2181,5.0400,0.3220,-1
KHAPRETA_510206,312100.860,2624116.200,127.3300,0.0000,5.0900,0.3252,-1
KHAPRETA_510206,312111.860,2624116.200,127.2200,0.2850,5.2000,0.3323,-1
KHAPRETA_510206,312113.860,2624116.200,127.2900,0.0000,5.1300,0.3278,-1
KHAPRETA_510206,312117.860,2624116.200,126.9400,0.0000,5.4800,0.3502,-1
KHAPRETA_510206,312119.860,2624116.200,127.3900,1.2231,5.0300,0.3214,-1
KHAPRETA_510206,312121.860,2624116.200,127.1500,0.0000,5.2700,0.3367,-1
KHAPRETA_510206,312123.860,2624116.200,127.5900,1.0881,4.8300,0.3086,-1
KHAPRETA_510206,312126.860,2624116.200,127.6200,1.1131,4.8000,0.3067,-1
KHAPRETA_510206,312129.860,2624116.200,127.5700,0.0000,4.8500,0.3099,-1
KHAPRETA_510206,312133.860,2624116.200,127.5500,1.5616,4.8700,0.3112,-1
KHAPRETA_510206,312134.860,2624116.200,127.6700,1.0886,4.7500,0.3035,-1
KHAPRETA_510206,312135.860,2624116.200,127.6200,1.0531,4.8000,0.3067,-1
KHAPRETA_510206,312139.860,2624116.200,127.8700,0.0000,4.5500,0.2907,-1
KHAPRETA_510206,312141.860,2624116.200,127.9100,1.0031,4.5100,0.2882,-1
KHAPRETA_510206,312147.860,2624116.200,127.7800,0.0000,4.6400,0.2965,-1
KHAPRETA_510206,312151.860,2624116.200,128.3800,0.8081,4.0400,0.2581,-1
KHAPRETA_510206,312154.860,2624116.200,128.3100,0.0000,4.1100,0.2626,-1
KHAPRETA_510206,312156.860,2624116.200,128.1300,0.7581,4.2900,0.2741,-1
KHAPRETA_510206,312157.860,2624116.200,128.2600,0.6559,4.1600,0.2658,-1
KHAPRETA_510206,312158.860,2624116.200,128.5400,1.0476,3.8800,0.2479,-1
KHAPRETA_510206,312163.860,2624116.200,128.9600,0.6157,3.4600,0.2211,-1
KHAPRETA_510206,312164.860,2624116.200,129.0000,0.0000,3.4200,0.2185,-1
KHAPRETA_510206,312165.860,2624116.200,128.9600,0.5704,3.4600,0.2211,-1
KHAPRETA_510206,312168.860,2624116.200,128.7600,0.0000,3.6600,0.2339,-1
KHAPRETA_510206,312190.860,2624116.200,130.2100,0.0000,2.2100,0.1412,-1
KHAPRETA_510206,312200.860,2624116.200,129.6600,0.0000,2.7600,0.1764,-1
KHAPRETA_510206,312202.860,2624116.200,129.7000,0.0169,2.7200,0.1738,-1
KHAPRETA_510206,312203.860,2624116.200,129.8100,0.0259,2.6100,0.1668,-1
KHAPRETA_510206,312204.860,2624116.200,129.6500,0.0170,2.7700,0.1770,-1
KHAPRETA_510206,312211.860,2624116.200,129.7400,0.1485,2.6800,0.1712,-1
KHAPRETA_510206,312212.860,2624116.200,129.4800,0.0181,2.9400,0.1879,-1
KHAPRETA_510206,312218.860,2624116.200,129.6200,0.0000,2.8000,0.1789,-1
KHAPRETA_510206,312223.860,2624116.200,129.2700,0.0681,3.1500,0.2013,-1
KHAPRETA_510206,312225.860,2624116.200,129.6500,0.0000,2.7700,0.1770,-1
KHAPRETA_510206,312227.860,2624116.200,129.5400,0.1320,2.8800,0.1840,-1
KHAPRETA_510206,312228.860,2624116.200,129.6400,0.1181,2.7800,0.1776,-1
KHAPRETA_510206,312230.860,2624116.200,129.5000,0.1081,2.9200,0.1866,-1
KHAPRETA_510206,312234.860,2624116.200,129.8600,0.1019,2.5600,0.1636,-1
KHAPRETA_510206,312236.860,2624116.200,129.8700,0.0000,2.5500,0.1629,-1
KHAPRETA_510206,312241.860,2624116.200,129.3900,0.0000,3.0300,0.1936,-1
KHAPRETA_510206,312250.860,2624116.200,129.7500,0.0000,2.6700,0.1706,-1
KHAPRETA_510206,312255.860,2624116.200,129.7900,0.0719,2.6300,0.1681,-1
KHAPRETA_510206,312258.860,2624116.200,129.8600,0.0000,2.5600,0.1636,-1
KHAPRETA_510206,312260.860,2624116.200,129.8300,0.0782,2.5900,0.1655,-1
KHAPRETA_510206,312261.860,2624116.200,129.6200,0.1150,2.8000,0.1789,-1
KHAPRETA_510206,312262.860,2624116.200,129.6000,0.0725,2.8200,0.1802,-1
KHAPRETA_510206,312263.860,2624116.200,129.5700,0.1217,2.8500,0.1821,-1
KHAPRETA_510206,312264.860,2624116.200,129.5100,0.1031,2.9100,0.1859,-1
KHAPRETA_510206,312275.860,2624116.200,129.4300,0.1889,2.9900,0.1911,-1
KHAPRETA_510206,312276.860,2624116.200,129.4000,0.2323,3.0200,0.1930,-1
KHAPRETA_510206,312279.860,2624116.200,129.5400,0.0000,2.8800,0.1840,-1
KHAPRETA_510206,312288.860,2624116.200,129.6200,0.0000,2.8000,0.1789,-1
KHAPRETA_510206,312296.860,2624116.200,129.7600,0.0000,2.6600,0.1700,-1
KHAPRETA_510206,312303.860,2624116.200,129.9600,0.0000,2.4600,0.1572,-1
KHAPRETA_510206,312309.860,2624116.200,129.8800,0.0000,2.5400,0.1623,-1
KHAPRETA_510206,312311.860,2624116.200,129.8400,0.0000,2.5800,0.1649,-1
KHAPRETA_510206,312313.860,2624116.200,129.8500,0.0000,2.5700,0.1642,-1
KHAPRETA_510206,312316.860,2624116.200,129.9000,0.0000,2.5200,0.1610,-1
KHAPRETA_510206,312321.860,2624116.200,129.8800,0.0250,2.5400,0.1623,-1
KHAPRETA_510206,312325.860,2624116.200,129.9900,0.1419,2.4300,0.1553,-1
KHAPRETA_510206,312327.860,2624116.200,129.9500,0.0000,2.4700,0.1578,-1
KHAPRETA_510206,312333.860,2624116.200,129.9000,0.0000,2.5200,0.1610,-1
KHAPRETA_510206,312338.860,2624116.200,129.9800,0.0719,2.4400,0.1559,-1
KHAPRETA_510206,312341.860,2624116.200,129.9300,0.0719,2.4900,0.1591,-1
KHAPRETA_510206,312344.860,2624116.200,130.0400,0.0000,2.3800,0.1521,-1
KHAPRETA_510206,312346.860,2624116.200,130.1100,0.1569,2.3100,0.1476,-1
KHAPRETA_510206,312347.860,2624116.200,130.0900,0.2433,2.3300,0.1489,-1
KHAPRETA_510206,312350.860,2624116.200,129.9600,0.0000,2.4600,0.1572,-1
KHAPRETA_510206,312352.860,2624116.200,130.1600,0.2723,2.2600,0.1444,-1
KHAPRETA_510206,312353.860,2624116.200,130.1900,0.1919,2.2300,0.1425,-1
KHAPRETA_510206,312355.860,2624116.200,130.0800,0.1719,2.3400,0.1495,-1
KHAPRETA_510206,312362.860,2624116.200,130.1000,0.0000,2.3200,0.1482,-1
KHAPRETA_510206,312364.860,2624116.200,130.3300,0.0300,2.0900,0.1335,-1
KHAPRETA_510206,312368.860,2624116.200,130.3500,0.3069,2.0700,0.1323,-1
KHAPRETA_510206,312372.860,2624116.200,130.2800,0.2669,2.1400,0.1367,-1
KHAPRETA_510206,312374.860,2624116.200,130.4000,0.2669,2.0200,0.1291,-1
KHAPRETA_510206,312376.860,2624116.200,130.3900,0.2869,2.0300,0.1297,-1
KHAPRETA_510206,312388.860,2624116.200,130.5400,0.3269,1.8800,0.1201,-1
KHAPRETA_510206,312391.860,2624116.200,130.5000,0.3769,1.9200,0.1227,-1
KHAPRETA_510206,312393.860,2624116.200,130.5500,0.0000,1.8700,0.1195,-1
KHAPRETA_510206,312395.860,2624116.200,130.6700,0.0000,1.7500,0.1118,-1
KHAPRETA_510206,312399.860,2624116.200,130.6400,0.4469,1.7800,0.1137,-1
KHAPRETA_510206,312410.860,2624116.200,130.4400,0.1550,1.9800,0.1265,-1
KHAPRETA_510206,312418.860,2624116.200,130.8500,0.0250,1.5700,0.1003,-1
KHAPRETA_510206,312422.860,2624116.200,130.8000,0.5019,1.6200,0.1035,-1
KHAPRETA_510206,312426.860,2624116.200,130.8900,0.4622,1.5300,0.0978,-1
KHAPRETA_510206,312427.860,2624116.200,130.7000,0.5569,1.7200,0.1099,-1
KHAPRETA_510206,312432.860,2624116.200,130.7200,0.0000,1.7000,0.1086,-1
KHAPRETA_510206,312435.860,2624116.200,130.7900,0.0000,1.6300,0.1042,-1
KHAPRETA_510206,312442.860,2624116.200,130.8800,0.0000,1.5400,0.0984,-1
KHAPRETA_510206,312448.860,2624116.200,130.8700,0.5619,1.5500,0.0990,-1
KHAPRETA_510206,312084.860,2624117.200,127.1900,1.5781,5.2300,0.3342,-1
KHAPRETA_510206,312088.860,2624117.200,127.0900,1.3931,5.3300,0.3406,-1
KHAPRETA_510206,312089.860,2624117.200,126.9900,2.0608,5.4300,0.3470,-1
KHAPRETA_510206,312091.860,2624117.200,127.2800,0.0000,5.1400,0.3284,-1
KHAPRETA_510206,312094.860,2624117.200,127.3600,1.7262,5.0600,0.3233,-1
KHAPRETA_510206,312095.860,2624117.200,127.3100,1.2081,5.1100,0.3265,-1
KHAPRETA_510206,312098.860,2624117.200,127.3400,1.1981,5.0800,0.3246,-1
KHAPRETA_510206,312102.860,2624117.200,127.6700,0.0000,4.7500,0.3035,-1
KHAPRETA_510206,312104.860,2624117.200,127.6600,0.0000,4.7600,0.3042,-1
KHAPRETA_510206,312111.860,2624117.200,127.3000,1.2781,5.1200,0.3272,-1
KHAPRETA_510206,312114.860,2624117.200,127.2400,1.2781,5.1800,0.3310,-1
KHAPRETA_510206,312115.860,2624117.200,127.2200,1.2681,5.2000,0.3323,-1
KHAPRETA_510206,312123.860,2624117.200,127.6000,1.0931,4.8200,0.3080,-1
KHAPRETA_510206,312126.860,2624117.200,127.5500,1.0781,4.8700,0.3112,-1
KHAPRETA_510206,312132.860,2624117.200,127.5000,1.1331,4.9200,0.3144,-1
KHAPRETA_510206,312136.860,2624117.200,127.6500,0.0000,4.7700,0.3048,-1
KHAPRETA_510206,312140.860,2624117.200,127.7500,1.0031,4.6700,0.2984,-1
KHAPRETA_510206,312141.860,2624117.200,127.7700,1.3773,4.6500,0.2971,-1
KHAPRETA_510206,312144.860,2624117.200,127.8800,0.0000,4.5400,0.2901,-1
KHAPRETA_510206,312146.860,2624117.200,127.8200,0.9681,4.6000,0.2939,-1
KHAPRETA_510206,312148.860,2624117.200,127.8100,0.0000,4.6100,0.2946,-1
KHAPRETA_510206,312151.860,2624117.200,128.1600,0.2000,4.2600,0.2722,-1
KHAPRETA_510206,312157.860,2624117.200,128.5300,0.7581,3.8900,0.2486,-1
KHAPRETA_510206,312163.860,2624117.200,128.8200,0.4081,3.6000,0.2300,-1
KHAPRETA_510206,312165.860,2624117.200,128.9400,0.4081,3.4800,0.2224,-1
KHAPRETA_510206,312167.860,2624117.200,128.8100,0.0000,3.6100,0.2307,-1
KHAPRETA_510206,312170.860,2624117.200,128.8900,0.3981,3.5300,0.2256,-1
KHAPRETA_510206,312172.860,2624117.200,129.1800,0.0000,3.2400,0.2070,-1
KHAPRETA_510206,312177.860,2624117.200,129.0100,1.2519,3.4100,0.2179,-1
KHAPRETA_510206,312196.860,2624117.200,129.7700,0.0000,2.6500,0.1693,-1
KHAPRETA_510206,312203.860,2624117.200,129.7900,0.0750,2.6300,0.1681,-1
KHAPRETA_510206,312204.860,2624117.200,129.7800,0.0357,2.6400,0.1687,-1
KHAPRETA_510206,312206.860,2624117.200,129.7500,0.0131,2.6700,0.1706,-1
KHAPRETA_510206,312207.860,2624117.200,129.7500,0.0200,2.6700,0.1706,-1
KHAPRETA_510206,312208.860,2624117.200,129.7100,0.0131,2.7100,0.1732,-1
KHAPRETA_510206,312210.860,2624117.200,129.7700,0.0119,2.6500,0.1693,-1
KHAPRETA_510206,312211.860,2624117.200,129.8000,0.0183,2.6200,0.1674,-1
KHAPRETA_510206,312214.860,2624117.200,129.7400,0.0000,2.6800,0.1712,-1
KHAPRETA_510206,312216.860,2624117.200,129.7400,0.0000,2.6800,0.1712,-1
KHAPRETA_510206,312221.860,2624117.200,129.7600,0.0000,2.6600,0.1700,-1
KHAPRETA_510206,312229.860,2624117.200,129.6000,0.0319,2.8200,0.1802,-1
KHAPRETA_510206,312234.860,2624117.200,129.9800,0.0419,2.4400,0.1559,-1
KHAPRETA_510206,312238.860,2624117.200,129.8300,0.0000,2.5900,0.1655,-1
KHAPRETA_510206,312240.860,2624117.200,129.7800,0.0000,2.6400,0.1687,-1
KHAPRETA_510206,312243.860,2624117.200,129.6400,0.0000,2.7800,0.1776,-1
KHAPRETA_510206,312245.860,2624117.200,129.8200,0.0000,2.6000,0.1661,-1
KHAPRETA_510206,312249.860,2624117.200,129.8600,0.0000,2.5600,0.1636,-1
KHAPRETA_510206,312251.860,2624117.200,129.7700,0.0231,2.6500,0.1693,-1
KHAPRETA_510206,312252.860,2624117.200,129.7300,0.0600,2.6900,0.1719,-1
KHAPRETA_510206,312253.860,2624117.200,129.8900,0.0769,2.5300,0.1617,-1
KHAPRETA_510206,312254.860,2624117.200,129.8700,0.0150,2.5500,0.1629,-1
KHAPRETA_510206,312255.860,2624117.200,129.9200,0.0474,2.5000,0.1597,-1
KHAPRETA_510206,312259.860,2624117.200,129.8300,0.0419,2.5900,0.1655,-1
KHAPRETA_510206,312260.860,2624117.200,129.8600,0.0524,2.5600,0.1636,-1
KHAPRETA_510206,312262.860,2624117.200,129.6400,0.1433,2.7800,0.1776,-1
KHAPRETA_510206,312263.860,2624117.200,129.5500,0.0697,2.8700,0.1834,-1
KHAPRETA_510206,312265.860,2624117.200,129.5900,0.1231,2.8300,0.1808,-1
KHAPRETA_510206,312266.860,2624117.200,129.5300,0.0200,2.8900,0.1847,-1
KHAPRETA_510206,312267.860,2624117.200,129.5500,0.1231,2.8700,0.1834,-1
KHAPRETA_510206,312271.860,2624117.200,129.7100,0.0000,2.7100,0.1732,-1
KHAPRETA_510206,312275.860,2624117.200,129.7400,0.2430,2.6800,0.1712,-1
KHAPRETA_510206,312276.860,2624117.200,129.5000,0.1889,2.9200,0.1866,-1
KHAPRETA_510206,312278.860,2624117.200,129.3000,0.0000,3.1200,0.1994,-1
KHAPRETA_510206,312281.860,2624117.200,129.5600,0.0000,2.8600,0.1827,-1
KHAPRETA_510206,312284.860,2624117.200,129.5900,0.0831,2.8300,0.1808,-1
KHAPRETA_510206,312288.860,2624117.200,129.6300,0.1004,2.7900,0.1783,-1
KHAPRETA_510206,312289.860,2624117.200,129.6500,0.0250,2.7700,0.1770,-1
KHAPRETA_510206,312290.860,2624117.200,129.6800,0.0631,2.7400,0.1751,-1
KHAPRETA_510206,312293.860,2624117.200,129.5500,0.0000,2.8700,0.1834,-1
KHAPRETA_510206,312305.860,2624117.200,129.8700,0.0769,2.5500,0.1629,-1
KHAPRETA_510206,312319.860,2624117.200,129.8100,0.0469,2.6100,0.1668,-1
KHAPRETA_510206,312321.860,2624117.200,129.9600,0.0519,2.4600,0.1572,-1
KHAPRETA_510206,312341.860,2624117.200,129.9200,0.0500,2.5000,0.1597,-1
KHAPRETA_510206,312343.860,2624117.200,130.0100,0.0000,2.4100,0.1540,-1
KHAPRETA_510206,312347.860,2624117.200,130.1300,0.1957,2.2900,0.1463,-1
KHAPRETA_510206,312348.860,2624117.200,130.0100,0.1769,2.4100,0.1540,-1
KHAPRETA_510206,312351.860,2624117.200,130.0500,0.1769,2.3700,0.1514,-1
KHAPRETA_510206,312352.860,2624117.200,130.1300,0.2358,2.2900,0.1463,-1
KHAPRETA_510206,312354.860,2624117.200,130.1900,0.1719,2.2300,0.1425,-1
KHAPRETA_510206,312355.860,2624117.200,130.1200,0.1766,2.3000,0.1470,-1
KHAPRETA_510206,312356.860,2624117.200,130.0100,0.1719,2.4100,0.1540,-1
KHAPRETA_510206,312361.860,2624117.200,130.0200,0.1519,2.4000,0.1534,-1
KHAPRETA_510206,312364.860,2624117.200,130.2400,0.2769,2.1800,0.1393,-1
KHAPRETA_510206,312368.860,2624117.200,130.3900,0.3690,2.0300,0.1297,-1
KHAPRETA_510206,312369.860,2624117.200,130.2400,0.3069,2.1800,0.1393,-1
KHAPRETA_510206,312379.860,2624117.200,130.4400,0.4804,1.9800,0.1265,-1
KHAPRETA_510206,312380.860,2624117.200,130.4800,0.3319,1.9400,0.1240,-1
KHAPRETA_510206,312387.860,2624117.200,130.5000,0.3269,1.9200,0.1227,-1
KHAPRETA_510206,312388.860,2624117.200,130.4300,0.0158,1.9900,0.1272,-1
KHAPRETA_510206,312389.860,2624117.200,130.5300,0.3269,1.8900,0.1208,-1
KHAPRETA_510206,312396.860,2624117.200,130.6600,0.4419,1.7600,0.1125,-1
KHAPRETA_510206,312397.860,2624117.200,130.6600,0.4419,1.7600,0.1125,-1
KHAPRETA_510206,312399.860,2624117.200,130.6700,0.4319,1.7500,0.1118,-1
KHAPRETA_510206,312401.860,2624117.200,130.6300,0.0000,1.7900,0.1144,-1
KHAPRETA_510206,312409.860,2624117.200,130.5000,0.3119,1.9200,0.1227,-1
KHAPRETA_510206,312410.860,2624117.200,130.4000,0.3583,2.0200,0.1291,-1
KHAPRETA_510206,312411.860,2624117.200,130.7700,0.5167,1.6500,0.1054,-1
KHAPRETA_510206,312415.860,2624117.200,130.8100,0.5269,1.6100,0.1029,-1
KHAPRETA_510206,312416.860,2624117.200,130.8300,0.4973,1.5900,0.1016,-1
KHAPRETA_510206,312417.860,2624117.200,130.7700,0.5122,1.6500,0.1054,-1
KHAPRETA_510206,312418.860,2624117.200,130.8000,0.4978,1.6200,0.1035,-1
KHAPRETA_510206,312426.860,2624117.200,130.8200,0.5569,1.6000,0.1022,-1
KHAPRETA_510206,312430.860,2624117.200,130.7300,0.4519,1.6900,0.1080,-1
KHAPRETA_510206,312431.860,2624117.200,130.6800,0.4769,1.7400,0.1112,-1
KHAPRETA_510206,312436.860,2624117.200,130.6900,0.6568,1.7300,0.1105,-1
KHAPRETA_510206,312437.860,2624117.200,130.7000,0.0200,1.7200,0.1099,-1
KHAPRETA_510206,312438.860,2624117.200,130.7300,0.4824,1.6900,0.1080,-1
KHAPRETA_510206,312439.860,2624117.200,130.7400,0.4769,1.6800,0.1073,-1
KHAPRETA_510206,312084.860,2624118.200,126.6200,1.2931,5.8000,0.3706,-1
KHAPRETA_510206,312087.860,2624118.200,127.0400,0.0000,5.3800,0.3438,-1
KHAPRETA_510206,312089.860,2624118.200,126.6500,1.9560,5.7700,0.3687,-1
KHAPRETA_510206,312090.860,2624118.200,127.0300,1.5631,5.3900,0.3444,-1
KHAPRETA_510206,312096.860,2624118.200,127.3600,0.0000,5.0600,0.3233,-1
KHAPRETA_510206,312099.860,2624118.200,127.4500,0.0000,4.9700,0.3176,-1
KHAPRETA_510206,312103.860,2624118.200,127.6700,0.0000,4.7500,0.3035,-1
KHAPRETA_510206,312109.860,2624118.200,127.4300,1.2381,4.9900,0.3188,-1
KHAPRETA_510206,312110.860,2624118.200,127.3000,1.1731,5.1200,0.3272,-1
KHAPRETA_510206,312112.860,2624118.200,127.1100,1.2631,5.3100,0.3393,-1
KHAPRETA_510206,312113.860,2624118.200,127.2500,1.7957,5.1700,0.3304,-1
KHAPRETA_510206,312118.860,2624118.200,127.4100,0.0000,5.0100,0.3201,-1
KHAPRETA_510206,312120.860,2624118.200,127.4700,1.1781,4.9500,0.3163,-1
KHAPRETA_510206,312121.860,2624118.200,127.4200,0.0700,5.0000,0.3195,-1
KHAPRETA_510206,312122.860,2624118.200,127.3300,1.1781,5.0900,0.3252,-1
KHAPRETA_510206,312127.860,2624118.200,127.5000,1.0131,4.9200,0.3144,-1
KHAPRETA_510206,312130.860,2624118.200,127.5500,0.0000,4.8700,0.3112,-1
KHAPRETA_510206,312132.860,2624118.200,127.5100,0.0650,4.9100,0.3137,-1
KHAPRETA_510206,312134.860,2624118.200,127.7000,0.9881,4.7200,0.3016,-1
KHAPRETA_510206,312135.860,2624118.200,127.8000,1.0381,4.6200,0.2952,-1
KHAPRETA_510206,312137.860,2624118.200,127.6700,0.0000,4.7500,0.3035,-1
KHAPRETA_510206,312146.860,2624118.200,127.8400,0.0100,4.5800,0.2927,-1
KHAPRETA_510206,312149.860,2624118.200,127.9700,0.9681,4.4500,0.2843,-1
KHAPRETA_510206,312150.860,2624118.200,127.8400,0.4050,4.5800,0.2927,-1
KHAPRETA_510206,312151.860,2624118.200,128.7800,1.2610,3.6400,0.2326,-1
KHAPRETA_510206,312160.860,2624118.200,128.9500,0.3431,3.4700,0.2217,-1
KHAPRETA_510206,312161.860,2624118.200,129.0900,0.6432,3.3300,0.2128,-1
KHAPRETA_510206,312170.860,2624118.200,128.9800,0.7524,3.4400,0.2198,-1
KHAPRETA_510206,312171.860,2624118.200,128.5600,0.3981,3.8600,0.2466,-1
KHAPRETA_510206,312177.860,2624118.200,132.2800,0.3831,0.1400,0.0089,-1
KHAPRETA_510206,312189.860,2624118.200,129.5600,0.1028,2.8600,0.1827,-1
KHAPRETA_510206,312190.860,2624118.200,129.7500,0.1084,2.6700,0.1706,-1
KHAPRETA_510206,312192.860,2624118.200,129.7000,0.0000,2.7200,0.1738,-1
KHAPRETA_510206,312198.860,2624118.200,129.6700,0.0000,2.7500,0.1757,-1
KHAPRETA_510206,312203.860,2624118.200,129.6600,0.0289,2.7600,0.1764,-1
KHAPRETA_510206,312204.860,2624118.200,129.7200,0.0581,2.7000,0.1725,-1
KHAPRETA_510206,312218.860,2624118.200,129.6600,0.0281,2.7600,0.1764,-1
KHAPRETA_510206,312224.860,2624118.200,129.5700,0.1831,2.8500,0.1821,-1
KHAPRETA_510206,312228.860,2624118.200,129.7800,0.0319,2.6400,0.1687,-1
KHAPRETA_510206,312229.860,2624118.200,129.8400,0.0950,2.5800,0.1649,-1
KHAPRETA_510206,312232.860,2624118.200,129.7900,0.0000,2.6300,0.1681,-1
KHAPRETA_510206,312236.860,2624118.200,129.7800,0.0569,2.6400,0.1687,-1
KHAPRETA_510206,312237.860,2624118.200,129.8900,0.0270,2.5300,0.1617,-1
KHAPRETA_510206,312246.860,2624118.200,129.7100,0.0219,2.7100,0.1732,-1
KHAPRETA_510206,312250.860,2624118.200,129.7500,0.0000,2.6700,0.1706,-1
KHAPRETA_510206,312253.860,2624118.200,129.8400,0.0650,2.5800,0.1649,-1
KHAPRETA_510206,312258.860,2624118.200,129.8900,0.0000,2.5300,0.1617,-1
KHAPRETA_510206,312260.860,2624118.200,129.9200,0.0419,2.5000,0.1597,-1
KHAPRETA_510206,312263.860,2624118.200,129.5400,0.1250,2.8800,0.1840,-1
KHAPRETA_510206,312273.860,2624118.200,129.7100,0.0244,2.7100,0.1732,-1
KHAPRETA_510206,312274.860,2624118.200,129.7600,0.0600,2.6600,0.1700,-1
KHAPRETA_510206,312275.860,2624118.200,129.8300,0.0198,2.5900,0.1655,-1
KHAPRETA_510206,312284.860,2624118.200,129.6100,0.0931,2.8100,0.1796,-1
KHAPRETA_510206,312286.860,2624118.200,129.5600,0.0000,2.8600,0.1827,-1
KHAPRETA_510206,312292.860,2624118.200,129.7800,0.0000,2.6400,0.1687,-1
KHAPRETA_510206,312294.860,2624118.200,129.7700,0.0819,2.6500,0.1693,-1
KHAPRETA_510206,312298.860,2624118.200,129.8700,0.0000,2.5500,0.1629,-1
KHAPRETA_510206,312300.860,2624118.200,129.9600,0.0000,2.4600,0.1572,-1
KHAPRETA_510206,312305.860,2624118.200,129.9300,0.0350,2.4900,0.1591,-1
KHAPRETA_510206,312307.860,2624118.200,129.7600,0.0000,2.6600,0.1700,-1
KHAPRETA_510206,312309.860,2624118.200,129.7900,0.0000,2.6300,0.1681,-1
KHAPRETA_510206,312312.860,2624118.200,129.8200,0.0000,2.6000,0.1661,-1
KHAPRETA_510206,312316.860,2624118.200,129.8500,0.0819,2.5700,0.1642,-1
KHAPRETA_510206,312317.860,2624118.200,129.9400,0.0369,2.4800,0.1585,-1
KHAPRETA_510206,312319.860,2624118.200,129.8700,0.0169,2.5500,0.1629,-1
KHAPRETA_510206,312322.860,2624118.200,129.9900,0.0000,2.4300,0.1553,-1
KHAPRETA_510206,312328.860,2624118.200,129.8400,0.0419,2.5800,0.1649,-1
KHAPRETA_510206,312329.860,2624118.200,129.8600,0.0050,2.5600,0.1636,-1
KHAPRETA_510206,312330.860,2624118.200,129.8500,0.0419,2.5700,0.1642,-1
KHAPRETA_510206,312333.860,2624118.200,129.8700,0.0000,2.5500,0.1629,-1
KHAPRETA_510206,312340.860,2624118.200,129.9700,0.1269,2.4500,0.1565,-1
KHAPRETA_510206,312341.860,2624118.200,130.0300,0.1207,2.3900,0.1527,-1
KHAPRETA_510206,312349.860,2624118.200,130.1400,0.2611,2.2800,0.1457,-1
KHAPRETA_510206,312350.860,2624118.200,130.1300,0.1819,2.2900,0.1463,-1
KHAPRETA_510206,312361.860,2624118.200,130.0800,0.0350,2.3400,0.1495,-1
KHAPRETA_510206,312363.860,2624118.200,130.1200,0.1219,2.3000,0.1470,-1
KHAPRETA_510206,312372.860,2624118.200,130.3200,0.2669,2.1000,0.1342,-1
KHAPRETA_510206,312374.860,2624118.200,130.2600,0.4291,2.1600,0.1380,-1
KHAPRETA_510206,312375.860,2624118.200,130.3200,0.2419,2.1000,0.1342,-1
KHAPRETA_510206,312377.860,2624118.200,130.3200,0.4347,2.1000,0.1342,-1
KHAPRETA_510206,312378.860,2624118.200,130.3000,0.0550,2.1200,0.1355,-1
KHAPRETA_510206,312379.860,2624118.200,130.4300,0.4228,1.9900,0.1272,-1
KHAPRETA_510206,312383.860,2624118.200,130.4600,0.0000,1.9600,0.1252,-1
KHAPRETA_510206,312385.860,2624118.200,130.3600,0.0000,2.0600,0.1316,-1
KHAPRETA_510206,312388.860,2624118.200,130.5300,0.3269,1.8900,0.1208,-1
KHAPRETA_510206,312390.860,2624118.200,130.4400,0.3619,1.9800,0.1265,-1
KHAPRETA_510206,312391.860,2624118.200,130.5000,0.5290,1.9200,0.1227,-1
KHAPRETA_510206,312393.860,2624118.200,130.3700,0.3819,2.0500,0.1310,-1
KHAPRETA_510206,312402.860,2624118.200,130.6400,0.0000,1.7800,0.1137,-1
KHAPRETA_510206,312406.860,2624118.200,130.7100,0.6604,1.7100,0.1093,-1
KHAPRETA_510206,312407.860,2624118.200,130.7000,0.6568,1.7200,0.1099,-1
KHAPRETA_510206,312411.860,2624118.200,130.6000,0.4969,1.8200,0.1163,-1
KHAPRETA_510206,312416.860,2624118.200,130.7700,0.7347,1.6500,0.1054,-1
KHAPRETA_510206,312417.860,2624118.200,130.8000,0.4970,1.6200,0.1035,-1
KHAPRETA_510206,312418.860,2624118.200,130.7900,0.0141,1.6300,0.1042,-1
KHAPRETA_510206,312419.860,2624118.200,130.7800,0.5069,1.6400,0.1048,-1
KHAPRETA_510206,312421.860,2624118.200,130.7300,0.0000,1.6900,0.1080,-1
KHAPRETA_510206,312427.860,2624118.200,130.6400,0.0000,1.7800,0.1137,-1
KHAPRETA_510206,312432.860,2624118.200,130.7000,0.6395,1.7200,0.1099,-1
KHAPRETA_510206,312433.860,2624118.200,130.6500,0.4619,1.7700,0.1131,-1
KHAPRETA_510206,312436.860,2624118.200,130.7100,0.4569,1.7100,0.1093,-1
KHAPRETA_510206,312438.860,2624118.200,130.7400,0.0600,1.6800,0.1073,-1
KHAPRETA_510206,312441.860,2624118.200,130.8300,0.0000,1.5900,0.1016,-1
KHAPRETA_510206,312083.860,2624119.200,127.2100,1.3881,5.2100,0.3329,-1
KHAPRETA_510206,312094.860,2624119.200,127.3800,0.0000,5.0400,0.3220,-1
KHAPRETA_510206,312097.860,2624119.200,127.4900,0.0000,4.9300,0.3150,-1
KHAPRETA_510206,312102.860,2624119.200,127.4900,1.1431,4.9300,0.3150,-1
KHAPRETA_510206,312105.860,2624119.200,127.5900,1.4933,4.8300,0.3086,-1
KHAPRETA_510206,312106.860,2624119.200,127.6100,1.0931,4.8100,0.3073,-1
KHAPRETA_510206,312113.860,2624119.200,127.3700,0.0250,5.0500,0.3227,-1
KHAPRETA_510206,312117.860,2624119.200,127.5200,0.0000,4.9000,0.3131,-1
KHAPRETA_510206,312119.860,2624119.200,127.3000,0.0000,5.1200,0.3272,-1
KHAPRETA_510206,312125.860,2624119.200,127.6300,1.1431,4.7900,0.3061,-1
KHAPRETA_510206,312127.860,2624119.200,127.7500,1.1381,4.6700,0.2984,-1
KHAPRETA_510206,312132.860,2624119.200,127.6300,1.1331,4.7900,0.3061,-1
KHAPRETA_510206,312136.860,2624119.200,127.8200,0.0000,4.6000,0.2939,-1
KHAPRETA_510206,312138.860,2624119.200,127.7200,0.9681,4.7000,0.3003,-1
KHAPRETA_510206,312144.860,2624119.200,128.0400,0.9431,4.3800,0.2799,-1
KHAPRETA_510206,312146.860,2624119.200,127.8000,1.3515,4.6200,0.2952,-1
KHAPRETA_510206,312147.860,2624119.200,127.8900,1.3556,4.5300,0.2895,-1
KHAPRETA_510206,312153.860,2624119.200,128.5000,0.6031,3.9200,0.2505,-1
KHAPRETA_510206,312159.860,2624119.200,128.9000,0.0000,3.5200,0.2249,-1
KHAPRETA_510206,312161.860,2624119.200,128.7900,0.3431,3.6300,0.2319,-1
KHAPRETA_510206,312163.860,2624119.200,128.8000,0.6057,3.6200,0.2313,-1
KHAPRETA_510206,312164.860,2624119.200,128.8900,0.4881,3.5300,0.2256,-1
KHAPRETA_510206,312166.860,2624119.200,128.8000,0.4631,3.6200,0.2313,-1
KHAPRETA_510206,312178.860,2624119.200,131.5200,0.0269,0.9000,0.0575,-1
KHAPRETA_510206,312179.860,2624119.200,129.8300,0.5750,2.5900,0.1655,-1
KHAPRETA_510206,312180.860,2624119.200,130.3700,0.4028,2.0500,0.1310,-1
KHAPRETA_510206,312189.860,2624119.200,129.9800,0.1153,2.4400,0.1559,-1
KHAPRETA_510206,312190.860,2624119.200,129.7600,0.1028,2.6600,0.1700,-1
KHAPRETA_510206,312199.860,2624119.200,129.7400,0.0000,2.6800,0.1712,-1
KHAPRETA_510206,312209.860,2624119.200,129.7200,0.0231,2.7000,0.1725,-1
KHAPRETA_510206,312213.860,2624119.200,129.7200,0.0081,2.7000,0.1725,-1
KHAPRETA_510206,312214.860,2624119.200,129.7600,0.0465,2.6600,0.1700,-1
KHAPRETA_510206,312215.860,2624119.200,129.6800,0.0485,2.7400,0.1751,-1
KHAPRETA_510206,312216.860,2624119.200,129.7000,0.0481,2.7200,0.1738,-1
KHAPRETA_510206,312218.860,2624119.200,129.7200,0.0050,2.7000,0.1725,-1
KHAPRETA_510206,312223.860,2624119.200,129.4300,0.1831,2.9900,0.1911,-1
KHAPRETA_510206,312224.860,2624119.200,129.4100,0.2014,3.0100,0.1923,-1
KHAPRETA_510206,312229.860,2624119.200,129.7900,0.0319,2.6300,0.1681,-1
KHAPRETA_510206,312237.860,2624119.200,129.8300,0.0569,2.5900,0.1655,-1
KHAPRETA_510206,312240.860,2624119.200,129.8700,0.0000,2.5500,0.1629,-1
KHAPRETA_510206,312243.860,2624119.200,129.6800,0.0431,2.7400,0.1751,-1
KHAPRETA_510206,312246.860,2624119.200,129.8200,0.0331,2.6000,0.1661,-1
KHAPRETA_510206,312248.860,2624119.200,129.7100,0.0000,2.7100,0.1732,-1
KHAPRETA_510206,312253.860,2624119.200,129.7600,0.0197,2.6600,0.1700,-1
KHAPRETA_510206,312254.860,2624119.200,129.8100,0.0680,2.6100,0.1668,-1
KHAPRETA_510206,312255.860,2624119.200,129.8800,0.0529,2.5400,0.1623,-1
KHAPRETA_510206,312256.860,2624119.200,129.8300,0.0250,2.5900,0.1655,-1
KHAPRETA_510206,312257.860,2624119.200,129.8300,0.0269,2.5900,0.1655,-1
KHAPRETA_510206,312261.860,2624119.200,129.8100,0.0000,2.6100,0.1668,-1
KHAPRETA_510206,312263.860,2624119.200,129.8000,0.2297,2.6200,0.1674,-1
KHAPRETA_510206,312264.860,2624119.200,129.5500,0.1200,2.8700,0.1834,-1
KHAPRETA_510206,312265.860,2624119.200,129.5600,0.1903,2.8600,0.1827,-1
KHAPRETA_510206,312268.860,2624119.200,129.6600,0.1277,2.7600,0.1764,-1
KHAPRETA_510206,312269.860,2624119.200,129.5600,0.0581,2.8600,0.1827,-1
KHAPRETA_510206,312273.860,2624119.200,129.7300,0.0331,2.6900,0.1719,-1
KHAPRETA_510206,312277.860,2624119.200,129.6300,0.0000,2.7900,0.1783,-1
KHAPRETA_510206,312280.860,2624119.200,129.4600,0.1481,2.9600,0.1891,-1
KHAPRETA_510206,312281.860,2624119.200,129.4800,0.0550,2.9400,0.1879,-1
KHAPRETA_510206,312282.860,2624119.200,129.3500,0.0600,3.0700,0.1962,-1
KHAPRETA_510206,312283.860,2624119.200,129.3600,0.2131,3.0600,0.1955,-1
KHAPRETA_510206,312290.860,2624119.200,129.6500,0.0319,2.7700,0.1770,-1
KHAPRETA_510206,312294.860,2624119.200,129.9400,0.0031,2.4800,0.1585,-1
KHAPRETA_510206,312296.860,2624119.200,129.9100,0.0000,2.5100,0.1604,-1
KHAPRETA_510206,312299.860,2624119.200,129.7900,0.0000,2.6300,0.1681,-1
KHAPRETA_510206,312305.860,2624119.200,129.9400,0.0769,2.4800,0.1585,-1
KHAPRETA_510206,312315.860,2624119.200,129.9000,0.0069,2.5200,0.1610,-1
KHAPRETA_510206,312321.860,2624119.200,129.9400,0.0000,2.4800,0.1585,-1
KHAPRETA_510206,312324.860,2624119.200,129.8800,0.0569,2.5400,0.1623,-1
KHAPRETA_510206,312331.860,2624119.200,130.0000,0.0000,2.4200,0.1546,-1
KHAPRETA_510206,312335.860,2624119.200,129.9600,0.1269,2.4600,0.1572,-1
KHAPRETA_510206,312344.860,2624119.200,130.0800,0.0000,2.3400,0.1495,-1
KHAPRETA_510206,312346.860,2624119.200,130.1300,0.0000,2.2900,0.1463,-1
KHAPRETA_510206,312349.860,2624119.200,130.1600,0.0050,2.2600,0.1444,-1
KHAPRETA_510206,312353.860,2624119.200,130.3300,0.0000,2.0900,0.1335,-1
KHAPRETA_510206,312357.860,2624119.200,130.1100,0.0000,2.3100,0.1476,-1
KHAPRETA_510206,312361.860,2624119.200,130.0900,0.1519,2.3300,0.1489,-1
KHAPRETA_510206,312363.860,2624119.200,130.0200,0.1927,2.4000,0.1534,-1
KHAPRETA_510206,312364.860,2624119.200,129.9500,0.1219,2.4700,0.1578,-1
KHAPRETA_510206,312372.860,2624119.200,130.3100,0.0150,2.1100,0.1348,-1
KHAPRETA_510206,312374.860,2624119.200,130.4400,0.2419,1.9800,0.1265,-1
KHAPRETA_510206,312377.860,2624119.200,130.4700,0.0500,1.9500,0.1246,-1
KHAPRETA_510206,312391.860,2624119.200,130.6000,0.5335,1.8200,0.1163,-1
KHAPRETA_510206,312392.860,2624119.200,130.5600,0.0300,1.8600,0.1188,-1
KHAPRETA_510206,312393.860,2624119.200,130.5400,0.1503,1.8800,0.1201,-1
KHAPRETA_510206,312394.860,2624119.200,130.5400,0.3819,1.8800,0.1201,-1
KHAPRETA_510206,312403.860,2624119.200,130.7000,0.0000,1.7200,0.1099,-1
KHAPRETA_510206,312406.860,2624119.200,130.7200,0.6568,1.7000,0.1086,-1
KHAPRETA_510206,312407.860,2624119.200,130.7000,0.4629,1.7200,0.1099,-1
KHAPRETA_510206,312408.860,2624119.200,130.7800,0.4619,1.6400,0.1048,-1
KHAPRETA_510206,312412.860,2624119.200,130.7800,0.0000,1.6400,0.1048,-1
KHAPRETA_510206,312418.860,2624119.200,130.7800,0.5069,1.6400,0.1048,-1
KHAPRETA_510206,312432.860,2624119.200,130.7100,0.4619,1.7100,0.1093,-1
KHAPRETA_510206,312435.860,2624119.200,130.6900,0.0000,1.7300,0.1105,-1
KHAPRETA_510206,312437.860,2624119.200,130.7900,0.5369,1.6300,0.1042,-1
KHAPRETA_510206,312438.860,2624119.200,130.8500,0.6995,1.5700,0.1003,-1
KHAPRETA_510206,312078.860,2624120.200,126.9100,0.0000,5.5100,0.3521,-1
KHAPRETA_510206,312083.860,2624120.200,127.0000,1.4031,5.4200,0.3463,-1
KHAPRETA_510206,312084.860,2624120.200,126.9700,1.9073,5.4500,0.3482,-1
KHAPRETA_510206,312086.860,2624120.200,127.0500,1.8500,5.3700,0.3431,-1
KHAPRETA_510206,312087.860,2624120.200,127.1900,0.0500,5.2300,0.3342,-1
KHAPRETA_510206,312088.860,2624120.200,127.1500,1.8393,5.2700,0.3367,-1
KHAPRETA_510206,312091.860,2624120.200,127.3200,0.0000,5.1000,0.3259,-1
KHAPRETA_510206,312100.860,2624120.200,127.4500,0.0000,4.9700,0.3176,-1
KHAPRETA_510206,312102.860,2624120.200,127.4900,1.5885,4.9300,0.3150,-1
KHAPRETA_510206,312103.860,2624120.200,127.5700,1.1431,4.8500,0.3099,-1
KHAPRETA_510206,312105.860,2624120.200,127.7200,1.0931,4.7000,0.3003,-1
KHAPRETA_510206,312109.860,2624120.200,127.7400,1.0531,4.6800,0.2990,-1
KHAPRETA_510206,312110.860,2624120.200,127.6700,0.1250,4.7500,0.3035,-1
KHAPRETA_510206,312111.860,2624120.200,127.4900,1.0531,4.9300,0.3150,-1
KHAPRETA_510206,312113.860,2624120.200,127.3000,1.0814,5.1200,0.3272,-1
KHAPRETA_510206,312114.860,2624120.200,127.6200,1.2381,4.8000,0.3067,-1
KHAPRETA_510206,312125.860,2624120.200,127.4900,1.1349,4.9300,0.3150,-1
KHAPRETA_510206,312126.860,2624120.200,127.5400,1.1431,4.8800,0.3118,-1
KHAPRETA_510206,312133.860,2624120.200,127.9300,1.0281,4.4900,0.2869,-1
KHAPRETA_510206,312138.860,2624120.200,127.8400,0.0300,4.5800,0.2927,-1
KHAPRETA_510206,312144.860,2624120.200,127.8900,0.0650,4.5300,0.2895,-1
KHAPRETA_510206,312147.860,2624120.200,127.9200,0.9431,4.5000,0.2875,-1
KHAPRETA_510206,312149.860,2624120.200,127.9800,0.6481,4.4400,0.2837,-1
KHAPRETA_510206,312150.860,2624120.200,128.4800,0.8981,3.9400,0.2518,-1
KHAPRETA_510206,312153.860,2624120.200,128.5700,0.8033,3.8500,0.2460,-1
KHAPRETA_510206,312154.860,2624120.200,128.8000,0.6031,3.6200,0.2313,-1
KHAPRETA_510206,312160.860,2624120.200,128.9400,0.0000,3.4800,0.2224,-1
KHAPRETA_510206,312162.860,2624120.200,128.7900,0.6903,3.6300,0.2319,-1
KHAPRETA_510206,312163.860,2624120.200,128.9500,0.6938,3.4700,0.2217,-1
KHAPRETA_510206,312166.860,2624120.200,128.8500,0.4881,3.5700,0.2281,-1
KHAPRETA_510206,312180.860,2624120.200,130.5800,0.6444,1.8400,0.1176,-1
KHAPRETA_510206,312181.860,2624120.200,130.9200,0.4019,1.5000,0.0958,-1
KHAPRETA_510206,312184.860,2624120.200,130.7300,0.0000,1.6900,0.1080,-1
KHAPRETA_510206,312189.860,2624120.200,129.7900,0.1019,2.6300,0.1681,-1
KHAPRETA_510206,312194.860,2624120.200,129.6700,0.0681,2.7500,0.1757,-1
KHAPRETA_510206,312197.860,2624120.200,129.6600,0.0486,2.7600,0.1764,-1
KHAPRETA_510206,312198.860,2624120.200,129.7900,0.0581,2.6300,0.1681,-1
KHAPRETA_510206,312200.860,2624120.200,129.6800,0.0000,2.7400,0.1751,-1
KHAPRETA_510206,312202.860,2624120.200,129.7300,0.0031,2.6900,0.1719,-1
KHAPRETA_510206,312203.860,2624120.200,129.7700,0.0231,2.6500,0.1693,-1
KHAPRETA_510206,312207.860,2624120.200,129.5500,0.1381,2.8700,0.1834,-1
KHAPRETA_510206,312209.860,2624120.200,129.7300,0.0281,2.6900,0.1719,-1
KHAPRETA_510206,312214.860,2624120.200,129.8600,0.0753,2.5600,0.1636,-1
KHAPRETA_510206,312215.860,2624120.200,129.7000,0.0638,2.7200,0.1738,-1
KHAPRETA_510206,312218.860,2624120.200,129.6700,0.0150,2.7500,0.1757,-1
KHAPRETA_510206,312220.860,2624120.200,129.6200,0.0831,2.8000,0.1789,-1
KHAPRETA_510206,312232.860,2624120.200,129.7600,0.0000,2.6600,0.1700,-1
KHAPRETA_510206,312235.860,2624120.200,129.7100,0.0719,2.7100,0.1732,-1
KHAPRETA_510206,312243.860,2624120.200,129.6900,0.0550,2.7300,0.1744,-1
KHAPRETA_510206,312245.860,2624120.200,129.7800,0.0000,2.6400,0.1687,-1
KHAPRETA_510206,312250.860,2624120.200,129.7300,0.0000,2.6900,0.1719,-1
KHAPRETA_510206,312253.860,2624120.200,129.8200,0.0329,2.6000,0.1661,-1
KHAPRETA_510206,312254.860,2624120.200,129.8400,0.0344,2.5800,0.1649,-1
KHAPRETA_510206,312255.860,2624120.200,129.8800,0.0593,2.5400,0.1623,-1
KHAPRETA_510206,312260.860,2624120.200,129.9100,0.0000,2.5100,0.1604,-1
KHAPRETA_510206,312263.860,2624120.200,129.9400,0.0350,2.4800,0.1585,-1
KHAPRETA_510206,312265.860,2624120.200,129.4700,0.1081,2.9500,0.1885,-1
KHAPRETA_510206,312268.860,2624120.200,129.6400,0.0581,2.7800,0.1776,-1
KHAPRETA_510206,312272.860,2624120.200,129.7500,0.0831,2.6700,0.1706,-1
KHAPRETA_510206,312274.860,2624120.200,129.7500,0.0000,2.6700,0.1706,-1
KHAPRETA_510206,312276.860,2624120.200,129.7400,0.0000,2.6800,0.1712,-1
KHAPRETA_510206,312290.860,2624120.200,129.8400,0.0631,2.5800,0.1649,-1
KHAPRETA_510206,312293.860,2624120.200,129.9600,0.0569,2.4600,0.1572,-1
KHAPRETA_510206,312300.860,2624120.200,129.9200,0.1321,2.5000,0.1597,-1
KHAPRETA_510206,312301.860,2624120.200,130.0400,0.0719,2.3800,0.1521,-1
KHAPRETA_510206,312306.860,2624120.200,129.8600,0.0000,2.5600,0.1636,-1
KHAPRETA_510206,312312.860,2624120.200,129.7800,0.0000,2.6400,0.1687,-1
KHAPRETA_510206,312315.860,2624120.200,129.7900,0.0619,2.6300,0.1681,-1
KHAPRETA_510206,312317.860,2624120.200,129.8500,0.0000,2.5700,0.1642,-1
KHAPRETA_510206,312320.860,2624120.200,129.9600,0.0000,2.4600,0.1572,-1
KHAPRETA_510206,312322.860,2624120.200,129.8900,0.1169,2.5300,0.1617,-1
KHAPRETA_510206,312324.860,2624120.200,129.8900,0.1024,2.5300,0.1617,-1
KHAPRETA_510206,312325.860,2624120.200,129.9600,0.0841,2.4600,0.1572,-1
KHAPRETA_510206,312329.860,2624120.200,129.8400,0.0000,2.5800,0.1649,-1
KHAPRETA_510206,312334.860,2624120.200,130.1100,0.1269,2.3100,0.1476,-1
KHAPRETA_510206,312335.860,2624120.200,130.0300,0.1906,2.3900,0.1527,-1
KHAPRETA_510206,312339.860,2624120.200,130.0200,0.0000,2.4000,0.1534,-1
KHAPRETA_510206,312342.860,2624120.200,129.9000,0.0000,2.5200,0.1610,-1
KHAPRETA_510206,312349.860,2624120.200,130.1300,0.1919,2.2900,0.1463,-1
KHAPRETA_510206,312352.860,2624120.200,130.1500,0.0000,2.2700,0.1450,-1
KHAPRETA_510206,312359.860,2624120.200,130.2000,0.0000,2.2200,0.1419,-1
KHAPRETA_510206,312372.860,2624120.200,130.2900,0.3740,2.1300,0.1361,-1
KHAPRETA_510206,312373.860,2624120.200,130.3000,0.2569,2.1200,0.1355,-1
KHAPRETA_510206,312376.860,2624120.200,130.4800,0.3219,1.9400,0.1240,-1
KHAPRETA_510206,312377.860,2624120.200,130.4200,0.3525,2.0000,0.1278,-1
KHAPRETA_510206,312382.860,2624120.200,130.4700,0.0000,1.9500,0.1246,-1
KHAPRETA_510206,312385.860,2624120.200,130.4600,0.0000,1.9600,0.1252,-1
KHAPRETA_510206,312393.860,2624120.200,130.6700,0.3819,1.7500,0.1118,-1
KHAPRETA_510206,312396.860,2624120.200,130.4900,0.4269,1.9300,0.1233,-1
KHAPRETA_510206,312399.860,2624120.200,130.6700,0.4419,1.7500,0.1118,-1
KHAPRETA_510206,312400.860,2624120.200,130.6600,0.6321,1.7600,0.1125,-1
KHAPRETA_510206,312410.860,2624120.200,130.8200,0.0000,1.6000,0.1022,-1
KHAPRETA_510206,312414.860,2624120.200,130.7800,0.0000,1.6400,0.1048,-1
KHAPRETA_510206,312424.860,2624120.200,130.6200,0.0000,1.8000,0.1150,-1
KHAPRETA_510206,312426.860,2624120.200,130.6600,0.4519,1.7600,0.1125,-1
KHAPRETA_510206,312427.860,2624120.200,130.6800,0.4419,1.7400,0.1112,-1
KHAPRETA_510206,312430.860,2624120.200,130.6900,0.6392,1.7300,0.1105,-1
KHAPRETA_510206,312431.860,2624120.200,130.6700,0.4569,1.7500,0.1118,-1
KHAPRETA_510206,312441.860,2624120.200,130.8300,0.5369,1.5900,0.1016,-1
KHAPRETA_510206,312442.860,2624120.200,130.8500,0.0200,1.5700,0.1003,-1
KHAPRETA_510206,312443.860,2624120.200,130.8700,0.7809,1.5500,0.0990,-1
KHAPRETA_510206,312445.860,2624120.200,130.8300,0.5369,1.5900,0.1016,-1
KHAPRETA_510206,312076.860,2624121.200,126.7600,1.9814,5.6600,0.3617,-1
KHAPRETA_510206,312077.860,2624121.200,126.9000,2.2119,5.5200,0.3527,-1
KHAPRETA_510206,312080.860,2624121.200,127.2000,1.3681,5.2200,0.3335,-1
KHAPRETA_510206,312081.860,2624121.200,127.0400,1.2881,5.3800,0.3438,-1
KHAPRETA_510206,312083.860,2624121.200,127.2400,1.9073,5.1800,0.3310,-1
KHAPRETA_510206,312084.860,2624121.200,127.1600,0.1750,5.2600,0.3361,-1
KHAPRETA_510206,312085.860,2624121.200,127.0300,0.0150,5.3900,0.3444,-1
KHAPRETA_510206,312086.860,2624121.200,127.1300,1.9347,5.2900,0.3380,-1
KHAPRETA_510206,312088.860,2624121.200,127.1600,0.0050,5.2600,0.3361,-1
KHAPRETA_510206,312093.860,2624121.200,127.3700,1.2131,5.0500,0.3227,-1
KHAPRETA_510206,312108.860,2624121.200,127.6900,0.0000,4.7300,0.3022,-1
KHAPRETA_510206,312113.860,2624121.200,127.5400,1.2381,4.8800,0.3118,-1
KHAPRETA_510206,312116.860,2624121.200,127.1900,0.0000,5.2300,0.3342,-1
KHAPRETA_510206,312119.860,2624121.200,127.4900,1.6378,4.9300,0.3150,-1
KHAPRETA_510206,312120.860,2624121.200,127.4500,0.0800,4.9700,0.3176,-1
KHAPRETA_510206,312121.860,2624121.200,127.3300,0.0100,5.0900,0.3252,-1
KHAPRETA_510206,312122.860,2624121.200,127.4300,1.2231,4.9900,0.3188,-1
KHAPRETA_510206,312125.860,2624121.200,127.2400,1.1431,5.1800,0.3310,-1
KHAPRETA_510206,312129.860,2624121.200,127.7300,0.0000,4.6900,0.2997,-1
KHAPRETA_510206,312131.860,2624121.200,127.8400,1.0081,4.5800,0.2927,-1
KHAPRETA_510206,312133.860,2624121.200,127.7200,0.9231,4.7000,0.3003,-1
KHAPRETA_510206,312138.860,2624121.200,127.7800,0.9681,4.6400,0.2965,-1
KHAPRETA_510206,312140.860,2624121.200,127.8600,0.9581,4.5600,0.2914,-1
KHAPRETA_510206,312141.860,2624121.200,127.8600,0.0300,4.5600,0.2914,-1
KHAPRETA_510206,312142.860,2624121.200,127.8000,0.9581,4.6200,0.2952,-1
KHAPRETA_510206,312144.860,2624121.200,127.9100,0.9431,4.5100,0.2882,-1
KHAPRETA_510206,312155.860,2624121.200,128.8600,0.0000,3.5600,0.2275,-1
KHAPRETA_510206,312157.860,2624121.200,128.6800,0.5231,3.7400,0.2390,-1
KHAPRETA_510206,312162.860,2624121.200,128.6700,0.4931,3.7500,0.2396,-1
KHAPRETA_510206,312164.860,2624121.200,128.9800,0.0000,3.4400,0.2198,-1
KHAPRETA_510206,312170.860,2624121.200,128.7500,0.0000,3.6700,0.2345,-1
KHAPRETA_510206,312175.860,2624121.200,129.2400,0.0000,3.1800,0.2032,-1
KHAPRETA_510206,312177.860,2624121.200,128.9600,0.3481,3.4600,0.2211,-1
KHAPRETA_510206,312182.860,2624121.200,130.8400,0.5319,1.5800,0.1010,-1
KHAPRETA_510206,312183.860,2624121.200,130.8400,0.5319,1.5800,0.1010,-1
KHAPRETA_510206,312185.860,2624121.200,132.1900,0.3981,0.2300,0.0147,-1
KHAPRETA_510206,312186.860,2624121.200,128.9800,1.2069,3.4400,0.2198,-1
KHAPRETA_510206,312192.860,2624121.200,129.7800,0.0531,2.6400,0.1687,-1
KHAPRETA_510206,312193.860,2624121.200,129.6700,0.0700,2.7500,0.1757,-1
KHAPRETA_510206,312194.860,2624121.200,129.6400,0.0750,2.7800,0.1776,-1
KHAPRETA_510206,312196.860,2624121.200,129.6200,0.0481,2.8000,0.1789,-1
KHAPRETA_510206,312197.860,2624121.200,129.6800,0.0877,2.7400,0.1751,-1
KHAPRETA_510206,312199.860,2624121.200,129.6600,0.0000,2.7600,0.1764,-1
KHAPRETA_510206,312207.860,2624121.200,129.5000,0.1131,2.9200,0.1866,-1
KHAPRETA_510206,312214.860,2624121.200,129.8900,0.0350,2.5300,0.1617,-1
KHAPRETA_510206,312218.860,2624121.200,129.7500,0.0653,2.6700,0.1706,-1
KHAPRETA_510206,312219.860,2624121.200,129.7000,0.0700,2.7200,0.1738,-1
KHAPRETA_510206,312220.860,2624121.200,129.6100,0.0753,2.8100,0.1796,-1
KHAPRETA_510206,312223.860,2624121.200,129.7200,0.0369,2.7000,0.1725,-1
KHAPRETA_510206,312226.860,2624121.200,129.8300,0.1631,2.5900,0.1655,-1
KHAPRETA_510206,312229.860,2624121.200,129.9000,0.0969,2.5200,0.1610,-1
KHAPRETA_510206,312230.860,2624121.200,129.9700,0.0619,2.4500,0.1565,-1
KHAPRETA_510206,312235.860,2624121.200,129.9200,0.0460,2.5000,0.1597,-1
KHAPRETA_510206,312236.860,2624121.200,129.8400,0.0150,2.5800,0.1649,-1
KHAPRETA_510206,312237.860,2624121.200,129.9500,0.0688,2.4700,0.1578,-1
KHAPRETA_510206,312238.860,2624121.200,129.9000,0.0869,2.5200,0.1610,-1
KHAPRETA_510206,312241.860,2624121.200,129.8700,0.0569,2.5500,0.1629,-1
KHAPRETA_510206,312243.860,2624121.200,129.7900,0.0431,2.6300,0.1681,-1
KHAPRETA_510206,312248.860,2624121.200,129.8200,0.0000,2.6000,0.1661,-1
KHAPRETA_510206,312252.860,2624121.200,129.6700,0.0000,2.7500,0.1757,-1
KHAPRETA_510206,312255.860,2624121.200,129.7800,0.0771,2.6400,0.1687,-1
KHAPRETA_510206,312256.860,2624121.200,129.8900,0.0019,2.5300,0.1617,-1
KHAPRETA_510206,312261.860,2624121.200,129.8500,0.0519,2.5700,0.1642,-1
KHAPRETA_510206,312262.860,2624121.200,129.8800,0.0639,2.5400,0.1623,-1
KHAPRETA_510206,312263.860,2624121.200,129.7300,0.0857,2.6900,0.1719,-1
KHAPRETA_510206,312264.860,2624121.200,129.8300,0.0231,2.5900,0.1655,-1
KHAPRETA_510206,312272.860,2624121.200,129.6100,0.0131,2.8100,0.1796,-1
KHAPRETA_510206,312280.860,2624121.200,129.7900,0.0000,2.6300,0.1681,-1
KHAPRETA_510206,312283.860,2624121.200,129.6000,0.0781,2.8200,0.1802,-1
KHAPRETA_510206,312284.860,2624121.200,129.6200,0.0980,2.8000,0.1789,-1
KHAPRETA_510206,312287.860,2624121.200,129.7100,0.0000,2.7100,0.1732,-1
KHAPRETA_510206,312289.860,2624121.200,129.9100,0.0031,2.5100,0.1604,-1
KHAPRETA_510206,312291.860,2624121.200,129.9300,0.0569,2.4900,0.1591,-1
KHAPRETA_510206,312293.860,2624121.200,129.8900,0.0919,2.5300,0.1617,-1
KHAPRETA_510206,312295.860,2624121.200,129.8700,0.0000,2.5500,0.1629,-1
KHAPRETA_510206,312298.860,2624121.200,129.9500,0.0250,2.4700,0.1578,-1
KHAPRETA_510206,312299.860,2624121.200,129.8200,0.1417,2.6000,0.1661,-1
KHAPRETA_510206,312300.860,2624121.200,129.7900,0.0752,2.6300,0.1681,-1
KHAPRETA_510206,312303.860,2624121.200,130.0500,0.1369,2.3700,0.1514,-1
KHAPRETA_510206,312304.860,2624121.200,130.0500,0.1622,2.3700,0.1514,-1
KHAPRETA_510206,312307.860,2624121.200,129.8600,0.0000,2.5600,0.1636,-1
KHAPRETA_510206,312309.860,2624121.200,129.6900,0.0000,2.7300,0.1744,-1
KHAPRETA_510206,312314.860,2624121.200,129.7800,0.0000,2.6400,0.1687,-1
KHAPRETA_510206,312322.860,2624121.200,130.0100,0.1483,2.4100,0.1540,-1
KHAPRETA_510206,312323.860,2624121.200,130.0500,0.0699,2.3700,0.1514,-1
KHAPRETA_510206,312324.860,2624121.200,129.9700,0.0942,2.4500,0.1565,-1
KHAPRETA_510206,312325.860,2624121.200,129.9000,0.1336,2.5200,0.1610,-1
KHAPRETA_510206,312328.860,2624121.200,130.0400,0.0000,2.3800,0.1521,-1
KHAPRETA_510206,312331.860,2624121.200,129.9400,0.0000,2.4800,0.1585,-1
KHAPRETA_510206,312336.860,2624121.200,130.0200,0.1269,2.4000,0.1534,-1
KHAPRETA_510206,312337.860,2624121.200,130.0300,0.1558,2.3900,0.1527,-1
KHAPRETA_510206,312344.860,2624121.200,130.0000,0.0000,2.4200,0.1546,-1
KHAPRETA_510206,312346.860,2624121.200,130.0900,0.0000,2.3300,0.1489,-1
KHAPRETA_510206,312354.860,2624121.200,130.2100,0.1369,2.2100,0.1412,-1
KHAPRETA_510206,312355.860,2624121.200,130.0500,0.2324,2.3700,0.1514,-1
KHAPRETA_510206,312356.860,2624121.200,130.2400,0.1369,2.1800,0.1393,-1
KHAPRETA_510206,312358.860,2624121.200,130.2900,0.2169,2.1300,0.1361,-1
KHAPRETA_510206,312366.860,2624121.200,130.1400,0.0000,2.2800,0.1457,-1
KHAPRETA_510206,312369.860,2624121.200,130.3800,0.0000,2.0400,0.1304,-1
KHAPRETA_510206,312377.860,2624121.200,130.4300,0.4770,1.9900,0.1272,-1
KHAPRETA_510206,312378.860,2624121.200,130.4800,0.0100,1.9400,0.1240,-1
KHAPRETA_510206,312379.860,2624121.200,130.4100,0.3519,2.0100,0.1284,-1
KHAPRETA_510206,312384.860,2624121.200,130.4800,0.3869,1.9400,0.1240,-1
KHAPRETA_510206,312391.860,2624121.200,130.6100,0.4019,1.8100,0.1157,-1
KHAPRETA_510206,312395.860,2624121.200,130.5700,0.4269,1.8500,0.1182,-1
KHAPRETA_510206,312396.860,2624121.200,130.6300,0.5338,1.7900,0.1144,-1
KHAPRETA_510206,312400.860,2624121.200,130.6700,0.0050,1.7500,0.1118,-1
KHAPRETA_510206,312405.860,2624121.200,130.7200,0.7028,1.7000,0.1086,-1
KHAPRETA_510206,312406.860,2624121.200,130.7800,0.4719,1.6400,0.1048,-1
KHAPRETA_510206,312412.860,2624121.200,130.6600,0.6746,1.7600,0.1125,-1
KHAPRETA_510206,312413.860,2624121.200,130.7500,0.4419,1.6700,0.1067,-1
KHAPRETA_510206,312417.860,2624121.200,130.6600,0.4869,1.7600,0.1125,-1
KHAPRETA_510206,312419.860,2624121.200,130.7100,0.4669,1.7100,0.1093,-1
KHAPRETA_510206,312430.860,2624121.200,130.6900,0.4569,1.7300,0.1105,-1
KHAPRETA_510206,312443.860,2624121.200,130.9100,0.0100,1.5100,0.0965,-1
KHAPRETA_510206,312445.860,2624121.200,130.8500,0.0350,1.5700,0.1003,-1
KHAPRETA_510206,312449.860,2624121.200,130.9800,0.0000,1.4400,0.0920,-1
KHAPRETA_510206,312494.860,2624121.200,131.0200,0.0000,1.4000,0.0895,-1
KHAPRETA_510206,312074.860,2624122.200,126.9100,1.3531,5.5100,0.3521,-1
KHAPRETA_510206,312075.860,2624122.200,127.0700,0.0700,5.3500,0.3419,-1
KHAPRETA_510206,312076.860,2624122.200,127.0500,1.5312,5.3700,0.3431,-1
KHAPRETA_510206,312077.860,2624122.200,126.5400,1.9814,5.8800,0.3757,-1
KHAPRETA_510206,312082.860,2624122.200,126.9700,0.0000,5.4500,0.3482,-1
KHAPRETA_510206,312084.860,2624122.200,127.2500,1.3081,5.1700,0.3304,-1
KHAPRETA_510206,312088.860,2624122.200,127.1400,1.3081,5.2800,0.3374,-1
KHAPRETA_510206,312093.860,2624122.200,127.3500,1.1733,5.0700,0.3240,-1
KHAPRETA_510206,312094.860,2624122.200,127.4300,1.7226,4.9900,0.3188,-1
KHAPRETA_510206,312096.860,2624122.200,127.3300,1.2231,5.0900,0.3252,-1
KHAPRETA_510206,312101.860,2624122.200,127.4400,1.2231,4.9800,0.3182,-1
KHAPRETA_510206,312104.860,2624122.200,127.5000,0.0000,4.9200,0.3144,-1
KHAPRETA_510206,312110.860,2624122.200,127.7800,0.0000,4.6400,0.2965,-1
KHAPRETA_510206,312114.860,2624122.200,127.6100,1.5423,4.8100,0.3073,-1
KHAPRETA_510206,312115.860,2624122.200,127.5900,1.0831,4.8300,0.3086,-1
KHAPRETA_510206,312119.860,2624122.200,127.4700,1.1431,4.9500,0.3163,-1
KHAPRETA_510206,312128.860,2624122.200,127.7000,0.0000,4.7200,0.3016,-1
KHAPRETA_510206,312130.860,2624122.200,127.6300,1.0081,4.7900,0.3061,-1
KHAPRETA_510206,312131.860,2624122.200,127.7600,0.9684,4.6600,0.2978,-1
KHAPRETA_510206,312132.860,2624122.200,127.6800,1.0081,4.7400,0.3029,-1
KHAPRETA_510206,312151.860,2624122.200,128.5700,0.4581,3.8500,0.2460,-1
KHAPRETA_510206,312154.860,2624122.200,128.7200,0.0000,3.7000,0.2364,-1
KHAPRETA_510206,312157.860,2624122.200,128.7300,0.0150,3.6900,0.2358,-1
KHAPRETA_510206,312171.860,2624122.200,128.8400,0.0000,3.5800,0.2288,-1
KHAPRETA_510206,312176.860,2624122.200,129.1200,0.3481,3.3000,0.2109,-1
KHAPRETA_510206,312177.860,2624122.200,129.0800,0.5236,3.3400,0.2134,-1
KHAPRETA_510206,312181.860,2624122.200,130.4700,0.0000,1.9500,0.1246,-1
KHAPRETA_510206,312184.860,2624122.200,129.9600,0.0000,2.4600,0.1572,-1
KHAPRETA_510206,312189.860,2624122.200,129.1800,0.0000,3.2400,0.2070,-1
KHAPRETA_510206,312191.860,2624122.200,129.7200,0.0881,2.7000,0.1725,-1
KHAPRETA_510206,312197.860,2624122.200,129.7400,0.0481,2.6800,0.1712,-1
KHAPRETA_510206,312202.860,2624122.200,129.7400,0.0000,2.6800,0.1712,-1
KHAPRETA_510206,312214.860,2624122.200,129.7900,0.0569,2.6300,0.1681,-1
KHAPRETA_510206,312216.860,2624122.200,129.7200,0.1631,2.7000,0.1725,-1
KHAPRETA_510206,312220.860,2624122.200,129.7500,0.0831,2.6700,0.1706,-1
KHAPRETA_510206,312223.860,2624122.200,129.8500,0.0650,2.5700,0.1642,-1
KHAPRETA_510206,312225.860,2624122.200,129.7800,0.1631,2.6400,0.1687,-1
KHAPRETA_510206,312226.860,2624122.200,129.4500,0.1700,2.9700,0.1898,-1
KHAPRETA_510206,312228.860,2624122.200,129.8400,0.0000,2.5800,0.1649,-1
KHAPRETA_510206,312232.860,2624122.200,129.8700,0.0000,2.5500,0.1629,-1
KHAPRETA_510206,312237.860,2624122.200,129.9000,0.0869,2.5200,0.1610,-1
KHAPRETA_510206,312241.860,2624122.200,129.8900,0.0335,2.5300,0.1617,-1
KHAPRETA_510206,312242.860,2624122.200,129.8400,0.0569,2.5800,0.1649,-1
KHAPRETA_510206,312244.860,2624122.200,129.6200,0.0000,2.8000,0.1789,-1
KHAPRETA_510206,312246.860,2624122.200,129.7800,0.0031,2.6400,0.1687,-1
KHAPRETA_510206,312247.860,2624122.200,129.7700,0.1131,2.6500,0.1693,-1
KHAPRETA_510206,312262.860,2624122.200,129.8200,0.0000,2.6000,0.1661,-1
KHAPRETA_510206,312270.860,2624122.200,129.7600,0.0000,2.6600,0.1700,-1
KHAPRETA_510206,312273.860,2624122.200,129.7200,0.0331,2.7000,0.1725,-1
KHAPRETA_510206,312274.860,2624122.200,129.7100,0.0281,2.7100,0.1732,-1
KHAPRETA_510206,312276.860,2624122.200,129.7600,0.0781,2.6600,0.1700,-1
KHAPRETA_510206,312281.860,2624122.200,129.8200,0.0000,2.6000,0.1661,-1
KHAPRETA_510206,312284.860,2624122.200,129.6900,0.0781,2.7300,0.1744,-1
KHAPRETA_510206,312289.860,2624122.200,129.7700,0.0669,2.6500,0.1693,-1
KHAPRETA_510206,312291.860,2624122.200,129.8900,0.0770,2.5300,0.1617,-1
KHAPRETA_510206,312292.860,2624122.200,129.7800,0.0879,2.6400,0.1687,-1
KHAPRETA_510206,312294.860,2624122.200,129.8500,0.0000,2.5700,0.1642,-1
KHAPRETA_510206,312296.860,2624122.200,129.8100,0.0369,2.6100,0.1668,-1
KHAPRETA_510206,312297.860,2624122.200,129.8500,0.0050,2.5700,0.1642,-1
KHAPRETA_510206,312298.860,2624122.200,129.8000,0.1181,2.6200,0.1674,-1
KHAPRETA_510206,312299.860,2624122.200,130.0100,0.0250,2.4100,0.1540,-1
KHAPRETA_510206,312301.860,2624122.200,130.0200,0.0000,2.4000,0.1534,-1
KHAPRETA_510206,312304.860,2624122.200,129.9500,0.1369,2.4700,0.1578,-1
KHAPRETA_510206,312313.860,2624122.200,129.9100,0.0000,2.5100,0.1604,-1
KHAPRETA_510206,312315.860,2624122.200,129.9500,0.0000,2.4700,0.1578,-1
KHAPRETA_510206,312318.860,2624122.200,129.8900,0.0000,2.5300,0.1617,-1
KHAPRETA_510206,312320.860,2624122.200,129.9400,0.0000,2.4800,0.1585,-1
KHAPRETA_510206,312323.860,2624122.200,129.9100,0.1369,2.5100,0.1604,-1
KHAPRETA_510206,312326.860,2624122.200,129.8900,0.0000,2.5300,0.1617,-1
KHAPRETA_510206,312337.860,2624122.200,129.9700,0.1942,2.4500,0.1565,-1
KHAPRETA_510206,312338.860,2624122.200,130.0700,0.0450,2.3500,0.1502,-1
KHAPRETA_510206,312339.860,2624122.200,129.8800,0.0250,2.5400,0.1623,-1
KHAPRETA_510206,312340.860,2624122.200,130.0200,0.1511,2.4000,0.1534,-1
KHAPRETA_510206,312343.860,2624122.200,130.1900,0.0000,2.2300,0.1425,-1
KHAPRETA_510206,312345.860,2624122.200,130.1200,0.0000,2.3000,0.1470,-1
KHAPRETA_510206,312348.860,2624122.200,130.0800,0.1819,2.3400,0.1495,-1
KHAPRETA_510206,312350.860,2624122.200,130.2600,0.1469,2.1600,0.1380,-1
KHAPRETA_510206,312352.860,2624122.200,130.1900,0.0000,2.2300,0.1425,-1
KHAPRETA_510206,312355.860,2624122.200,130.2400,0.1369,2.1800,0.1393,-1
KHAPRETA_510206,312358.860,2624122.200,130.2100,0.2569,2.2100,0.1412,-1
KHAPRETA_510206,312363.860,2624122.200,130.2900,0.0000,2.1300,0.1361,-1
KHAPRETA_510206,312384.860,2624122.200,130.5500,0.3519,1.8700,0.1195,-1
KHAPRETA_510206,312391.860,2624122.200,130.5800,0.6076,1.8400,0.1176,-1
KHAPRETA_510206,312392.860,2624122.200,130.6600,0.4019,1.7600,0.1125,-1
KHAPRETA_510206,312399.860,2624122.200,130.6700,0.4469,1.7500,0.1118,-1
KHAPRETA_510206,312400.860,2624122.200,130.6700,0.6321,1.7500,0.1118,-1
KHAPRETA_510206,312403.860,2624122.200,130.7100,0.4969,1.7100,0.1093,-1
KHAPRETA_510206,312405.860,2624122.200,130.7600,0.4719,1.6600,0.1061,-1
KHAPRETA_510206,312412.860,2624122.200,130.7100,0.4419,1.7100,0.1093,-1
KHAPRETA_510206,312415.860,2624122.200,130.7200,0.0000,1.7000,0.1086,-1
KHAPRETA_510206,312417.860,2624122.200,130.7500,0.1200,1.6700,0.1067,-1
KHAPRETA_510206,312419.860,2624122.200,130.7100,0.6429,1.7100,0.1093,-1
KHAPRETA_510206,312420.860,2624122.200,130.6600,0.4669,1.7600,0.1125,-1
KHAPRETA_510206,312428.860,2624122.200,130.6900,0.0000,1.7300,0.1105,-1
KHAPRETA_510206,312431.860,2624122.200,130.7000,0.4619,1.7200,0.1099,-1
KHAPRETA_510206,312432.860,2624122.200,130.7000,0.6748,1.7200,0.1099,-1
KHAPRETA_510206,312434.860,2624122.200,130.7100,0.0000,1.7100,0.1093,-1
KHAPRETA_510206,312439.860,2624122.200,130.8500,0.0000,1.5700,0.1003,-1
KHAPRETA_510206,312443.860,2624122.200,130.8500,0.7843,1.5700,0.1003,-1
KHAPRETA_510206,312444.860,2624122.200,130.8600,0.0250,1.5600,0.0997,-1
KHAPRETA_510206,312445.860,2624122.200,130.9000,0.7629,1.5200,0.0971,-1
KHAPRETA_510206,312450.860,2624122.200,130.9700,0.0000,1.4500,0.0927,-1
KHAPRETA_510206,312073.860,2624123.200,126.8600,0.0000,5.5600,0.3553,-1
KHAPRETA_510206,312089.860,2624123.200,127.1300,0.0000,5.2900,0.3380,-1
KHAPRETA_510206,312093.860,2624123.200,127.3200,1.2231,5.1000,0.3259,-1
KHAPRETA_510206,312094.860,2624123.200,127.3300,1.1732,5.0900,0.3252,-1
KHAPRETA_510206,312095.860,2624123.200,127.3500,0.0000,5.0700,0.3240,-1
KHAPRETA_510206,312096.860,2624123.200,127.3300,1.2131,5.0900,0.3252,-1
KHAPRETA_510206,312099.860,2624123.200,127.3800,0.0000,5.0400,0.3220,-1
KHAPRETA_510206,312101.860,2624123.200,127.3300,1.1681,5.0900,0.3252,-1
KHAPRETA_510206,312106.860,2624123.200,127.6800,0.0000,4.7400,0.3029,-1
KHAPRETA_510206,312109.860,2624123.200,127.7500,1.0581,4.6700,0.2984,-1
KHAPRETA_510206,312111.860,2624123.200,127.6900,0.9931,4.7300,0.3022,-1
KHAPRETA_510206,312114.860,2624123.200,127.6000,0.0250,4.8200,0.3080,-1
KHAPRETA_510206,312117.860,2624123.200,127.6200,0.0000,4.8000,0.3067,-1
KHAPRETA_510206,312121.860,2624123.200,127.8100,1.0331,4.6100,0.2946,-1
KHAPRETA_510206,312122.860,2624123.200,127.7100,1.4224,4.7100,0.3010,-1
KHAPRETA_510206,312125.860,2624123.200,127.6600,0.0000,4.7600,0.3042,-1
KHAPRETA_510206,312127.860,2624123.200,127.7600,0.0000,4.6600,0.2978,-1
KHAPRETA_510206,312133.860,2624123.200,127.5900,0.0000,4.8300,0.3086,-1
KHAPRETA_510206,312142.860,2624123.200,127.7800,0.0000,4.6400,0.2965,-1
KHAPRETA_510206,312144.860,2624123.200,127.9800,0.8531,4.4400,0.2837,-1
KHAPRETA_510206,312149.860,2624123.200,128.7000,0.5781,3.7200,0.2377,-1
KHAPRETA_510206,312150.860,2624123.200,128.6200,0.0800,3.8000,0.2428,-1
KHAPRETA_510206,312151.860,2624123.200,128.8600,0.8354,3.5600,0.2275,-1
KHAPRETA_510206,312156.860,2624123.200,128.5900,0.5631,3.8300,0.2447,-1
KHAPRETA_510206,312157.860,2624123.200,128.6500,0.1204,3.7700,0.2409,-1
KHAPRETA_510206,312158.860,2624123.200,128.5700,0.5631,3.8500,0.2460,-1
KHAPRETA_510206,312164.860,2624123.200,128.9200,0.0000,3.5000,0.2236,-1
KHAPRETA_510206,312168.860,2624123.200,129.0200,0.0000,3.4000,0.2173,-1
KHAPRETA_510206,312173.860,2624123.200,128.8400,0.0000,3.5800,0.2288,-1
KHAPRETA_510206,312178.860,2624123.200,129.2000,0.0000,3.2200,0.2058,-1
KHAPRETA_510206,312182.860,2624123.200,129.5600,0.0619,2.8600,0.1827,-1
KHAPRETA_510206,312183.860,2624123.200,129.9000,0.1081,2.5200,0.1610,-1
KHAPRETA_510206,312185.860,2624123.200,129.1000,0.0000,3.3200,0.2121,-1
KHAPRETA_510206,312191.860,2624123.200,129.6000,0.0281,2.8200,0.1802,-1
KHAPRETA_510206,312194.860,2624123.200,129.6900,0.0019,2.7300,0.1744,-1
KHAPRETA_510206,312195.860,2624123.200,129.7800,0.1035,2.6400,0.1687,-1
KHAPRETA_510206,312196.860,2624123.200,129.7100,0.0019,2.7100,0.1732,-1
KHAPRETA_510206,312198.860,2624123.200,129.8300,0.0000,2.5900,0.1655,-1
KHAPRETA_510206,312213.860,2624123.200,129.7900,0.0469,2.6300,0.1681,-1
KHAPRETA_510206,312216.860,2624123.200,129.4500,0.0281,2.9700,0.1898,-1
KHAPRETA_510206,312223.860,2624123.200,129.8500,0.0100,2.5700,0.1642,-1
KHAPRETA_510206,312226.860,2624123.200,129.4900,0.1550,2.9300,0.1872,-1
KHAPRETA_510206,312231.860,2624123.200,130.0100,0.0000,2.4100,0.1540,-1
KHAPRETA_510206,312234.860,2624123.200,129.8800,0.0619,2.5400,0.1623,-1
KHAPRETA_510206,312235.860,2624123.200,129.9000,0.0585,2.5200,0.1610,-1
KHAPRETA_510206,312239.860,2624123.200,129.8800,0.0000,2.5400,0.1623,-1
KHAPRETA_510206,312241.860,2624123.200,129.8900,0.0100,2.5300,0.1617,-1
KHAPRETA_510206,312245.860,2624123.200,129.4500,0.0531,2.9700,0.1898,-1
KHAPRETA_510206,312247.860,2624123.200,129.5500,0.0600,2.8700,0.1834,-1
KHAPRETA_510206,312250.860,2624123.200,129.8200,0.0581,2.6000,0.1661,-1
KHAPRETA_510206,312251.860,2624123.200,129.6600,0.0150,2.7600,0.1764,-1
KHAPRETA_510206,312252.860,2624123.200,129.8500,0.0581,2.5700,0.1642,-1
KHAPRETA_510206,312255.860,2624123.200,129.8400,0.0319,2.5800,0.1649,-1
KHAPRETA_510206,312259.860,2624123.200,129.8000,0.0000,2.6200,0.1674,-1
KHAPRETA_510206,312262.860,2624123.200,129.8800,0.0219,2.5400,0.1623,-1
KHAPRETA_510206,312276.860,2624123.200,129.6200,0.0400,2.8000,0.1789,-1
KHAPRETA_510206,312282.860,2624123.200,129.7200,0.0069,2.7000,0.1725,-1
KHAPRETA_510206,312288.860,2624123.200,129.8400,0.0000,2.5800,0.1649,-1
KHAPRETA_510206,312290.860,2624123.200,129.9000,0.0000,2.5200,0.1610,-1
KHAPRETA_510206,312292.860,2624123.200,129.9100,0.0027,2.5100,0.1604,-1
KHAPRETA_510206,312293.860,2624123.200,129.7800,0.0669,2.6400,0.1687,-1
KHAPRETA_510206,312306.860,2624123.200,129.8900,0.0000,2.5300,0.1617,-1
KHAPRETA_510206,312309.860,2624123.200,129.7600,0.0000,2.6600,0.1700,-1
KHAPRETA_510206,312311.860,2624123.200,129.8400,0.0000,2.5800,0.1649,-1
KHAPRETA_510206,312321.860,2624123.200,129.8000,0.0319,2.6200,0.1674,-1
KHAPRETA_510206,312325.860,2624123.200,129.8900,0.0000,2.5300,0.1617,-1
KHAPRETA_510206,312331.860,2624123.200,129.9700,0.0719,2.4500,0.1565,-1
KHAPRETA_510206,312340.860,2624123.200,130.0600,0.0200,2.3600,0.1508,-1
KHAPRETA_510206,312348.860,2624123.200,130.1400,0.0750,2.2800,0.1457,-1
KHAPRETA_510206,312350.860,2624123.200,130.0700,0.2419,2.3500,0.1502,-1
KHAPRETA_510206,312353.860,2624123.200,130.2900,0.0000,2.1300,0.1361,-1
KHAPRETA_510206,312362.860,2624123.200,130.3000,0.0000,2.1200,0.1355,-1
KHAPRETA_510206,312367.860,2624123.200,130.1300,0.1419,2.2900,0.1463,-1
KHAPRETA_510206,312376.860,2624123.200,130.3400,0.0000,2.0800,0.1329,-1
KHAPRETA_510206,312381.860,2624123.200,130.4600,0.0000,1.9600,0.1252,-1
KHAPRETA_510206,312388.860,2624123.200,130.6400,0.0000,1.7800,0.1137,-1
KHAPRETA_510206,312394.860,2624123.200,130.6000,0.4519,1.8200,0.1163,-1
KHAPRETA_510206,312395.860,2624123.200,130.6800,0.4119,1.7400,0.1112,-1
KHAPRETA_510206,312403.860,2624123.200,130.7700,0.0250,1.6500,0.1054,-1
KHAPRETA_510206,312406.860,2624123.200,130.6900,0.0000,1.7300,0.1105,-1
KHAPRETA_510206,312408.860,2624123.200,130.8300,0.5319,1.5900,0.1016,-1
KHAPRETA_510206,312409.860,2624123.200,130.8400,0.5269,1.5800,0.1010,-1
KHAPRETA_510206,312417.860,2624123.200,130.4200,0.4869,2.0000,0.1278,-1
KHAPRETA_510206,312422.860,2624123.200,130.7100,0.0000,1.7100,0.1093,-1
KHAPRETA_510206,312424.860,2624123.200,130.7000,0.0000,1.7200,0.1099,-1
KHAPRETA_510206,312426.860,2624123.200,130.6800,0.5019,1.7400,0.1112,-1
KHAPRETA_510206,312429.860,2624123.200,130.6700,0.6498,1.7500,0.1118,-1
KHAPRETA_510206,312430.860,2624123.200,130.7100,0.4469,1.7100,0.1093,-1
KHAPRETA_510206,312432.860,2624123.200,130.7600,0.4619,1.6600,0.1061,-1
KHAPRETA_510206,312435.860,2624123.200,130.7600,0.0000,1.6600,0.1061,-1
KHAPRETA_510206,312440.860,2624123.200,130.8000,0.0000,1.6200,0.1035,-1
KHAPRETA_510206,312442.860,2624123.200,130.8900,0.0000,1.5300,0.0978,-1
KHAPRETA_510206,312448.860,2624123.200,130.9600,0.0000,1.4600,0.0933,-1
KHAPRETA_510206,312452.860,2624123.200,130.9600,0.0000,1.4600,0.0933,-1
KHAPRETA_510206,312068.860,2624124.200,126.9500,1.4281,5.4700,0.3495,-1
KHAPRETA_510206,312069.860,2624124.200,126.9200,0.0850,5.5000,0.3514,-1
KHAPRETA_510206,312070.860,2624124.200,127.1200,2.0231,5.3000,0.3387,-1
KHAPRETA_510206,312074.860,2624124.200,126.8400,1.5381,5.5800,0.3565,-1
KHAPRETA_510206,312077.860,2624124.200,126.9500,0.0000,5.4700,0.3495,-1
KHAPRETA_510206,312079.860,2624124.200,127.3900,1.3531,5.0300,0.3214,-1
KHAPRETA_510206,312081.860,2624124.200,126.9800,1.3331,5.4400,0.3476,-1
KHAPRETA_510206,312082.860,2624124.200,127.1100,1.3981,5.3100,0.3393,-1
KHAPRETA_510206,312086.860,2624124.200,127.2000,0.0000,5.2200,0.3335,-1
KHAPRETA_510206,312091.860,2624124.200,127.2500,0.0000,5.1700,0.3304,-1
KHAPRETA_510206,312093.860,2624124.200,127.3400,1.2281,5.0800,0.3246,-1
KHAPRETA_510206,312096.860,2624124.200,127.3200,0.0200,5.1000,0.3259,-1
KHAPRETA_510206,312109.860,2624124.200,127.6600,1.0131,4.7600,0.3042,-1
KHAPRETA_510206,312111.860,2624124.200,127.7900,1.0431,4.6300,0.2958,-1
KHAPRETA_510206,312114.860,2624124.200,127.5600,1.0881,4.8600,0.3105,-1
KHAPRETA_510206,312116.860,2624124.200,127.3800,0.0000,5.0400,0.3220,-1
KHAPRETA_510206,312119.860,2624124.200,127.4000,0.0000,5.0200,0.3208,-1
KHAPRETA_510206,312122.860,2624124.200,127.7200,0.0350,4.7000,0.3003,-1
KHAPRETA_510206,312129.860,2624124.200,127.6500,0.0000,4.7700,0.3048,-1
KHAPRETA_510206,312136.860,2624124.200,127.8000,0.0000,4.6200,0.2952,-1
KHAPRETA_510206,312144.860,2624124.200,128.0700,0.8981,4.3500,0.2780,-1
KHAPRETA_510206,312152.860,2624124.200,128.9000,0.5281,3.5200,0.2249,-1
KHAPRETA_510206,312154.860,2624124.200,128.6700,0.0000,3.7500,0.2396,-1
KHAPRETA_510206,312157.860,2624124.200,128.4900,0.5631,3.9300,0.2511,-1
KHAPRETA_510206,312159.860,2624124.200,128.5200,0.4081,3.9000,0.2492,-1
KHAPRETA_510206,312160.860,2624124.200,128.9600,0.0450,3.4600,0.2211,-1
KHAPRETA_510206,312161.860,2624124.200,128.6100,0.4856,3.8100,0.2435,-1
KHAPRETA_510206,312162.860,2624124.200,128.7900,0.5831,3.6300,0.2319,-1
KHAPRETA_510206,312187.860,2624124.200,129.2300,0.4642,3.1900,0.2038,-1
KHAPRETA_510206,312188.860,2624124.200,129.1000,0.2731,3.3200,0.2121,-1
KHAPRETA_510206,312192.860,2624124.200,129.6500,0.0000,2.7700,0.1770,-1
KHAPRETA_510206,312195.860,2624124.200,129.5700,0.0019,2.8500,0.1821,-1
KHAPRETA_510206,312200.860,2624124.200,129.7800,0.0421,2.6400,0.1687,-1
KHAPRETA_510206,312201.860,2624124.200,129.7400,0.0881,2.6800,0.1712,-1
KHAPRETA_510206,312213.860,2624124.200,129.8700,0.0650,2.5500,0.1629,-1
KHAPRETA_510206,312223.860,2624124.200,129.8700,0.0250,2.5500,0.1629,-1
KHAPRETA_510206,312226.860,2624124.200,129.7600,0.2169,2.6600,0.1700,-1
KHAPRETA_510206,312227.860,2624124.200,129.4500,0.0165,2.9700,0.1898,-1
KHAPRETA_510206,312228.860,2624124.200,129.7300,0.2700,2.6900,0.1719,-1
KHAPRETA_510206,312229.860,2624124.200,129.9900,0.1100,2.4300,0.1553,-1
KHAPRETA_510206,312230.860,2624124.200,129.9500,0.1378,2.4700,0.1578,-1
KHAPRETA_510206,312235.860,2624124.200,129.8300,0.1150,2.5900,0.1655,-1
KHAPRETA_510206,312236.860,2624124.200,129.9700,0.0269,2.4500,0.1565,-1
KHAPRETA_510206,312241.860,2624124.200,129.8700,0.0569,2.5500,0.1629,-1
KHAPRETA_510206,312245.860,2624124.200,129.6700,0.1750,2.7500,0.1757,-1
KHAPRETA_510206,312247.860,2624124.200,129.6500,0.0500,2.7700,0.1770,-1
KHAPRETA_510206,312249.860,2624124.200,129.8500,0.0000,2.5700,0.1642,-1
KHAPRETA_510206,312255.860,2624124.200,129.8400,0.0610,2.5800,0.1649,-1
KHAPRETA_510206,312256.860,2624124.200,129.8800,0.0050,2.5400,0.1623,-1
KHAPRETA_510206,312257.860,2624124.200,129.8300,0.0519,2.5900,0.1655,-1
KHAPRETA_510206,312261.860,2624124.200,129.9100,0.0000,2.5100,0.1604,-1
KHAPRETA_510206,312267.860,2624124.200,129.4700,0.1131,2.9500,0.1885,-1
KHAPRETA_510206,312268.860,2624124.200,129.5500,0.1903,2.8700,0.1834,-1
KHAPRETA_510206,312272.860,2624124.200,129.6600,0.0620,2.7600,0.1764,-1
KHAPRETA_510206,312273.860,2624124.200,129.7700,0.0581,2.6500,0.1693,-1
KHAPRETA_510206,312275.860,2624124.200,129.8200,0.0638,2.6000,0.1661,-1
KHAPRETA_510206,312276.860,2624124.200,129.6800,0.0811,2.7400,0.1751,-1
KHAPRETA_510206,312282.860,2624124.200,129.7900,0.0281,2.6300,0.1681,-1
KHAPRETA_510206,312289.860,2624124.200,129.7900,0.0000,2.6300,0.1681,-1
KHAPRETA_510206,312300.860,2624124.200,130.0700,0.1019,2.3500,0.1502,-1
KHAPRETA_510206,312301.860,2624124.200,129.9800,0.1682,2.4400,0.1559,-1
KHAPRETA_510206,312310.860,2624124.200,129.8600,0.0000,2.5600,0.1636,-1
KHAPRETA_510206,312313.860,2624124.200,129.9000,0.0000,2.5200,0.1610,-1
KHAPRETA_510206,312315.860,2624124.200,129.9500,0.0000,2.4700,0.1578,-1
KHAPRETA_510206,312321.860,2624124.200,129.8400,0.0729,2.5800,0.1649,-1
KHAPRETA_510206,312322.860,2624124.200,129.9200,0.0452,2.5000,0.1597,-1
KHAPRETA_510206,312327.860,2624124.200,129.9800,0.0000,2.4400,0.1559,-1
KHAPRETA_510206,312329.860,2624124.200,129.9500,0.0000,2.4700,0.1578,-1
KHAPRETA_510206,312331.860,2624124.200,129.9200,0.0969,2.5000,0.1597,-1
KHAPRETA_510206,312333.860,2624124.200,129.9200,0.0000,2.5000,0.1597,-1
KHAPRETA_510206,312336.860,2624124.200,130.0200,0.0000,2.4000,0.1534,-1
KHAPRETA_510206,312339.860,2624124.200,130.0700,0.2043,2.3500,0.1502,-1
KHAPRETA_510206,312340.860,2624124.200,130.0600,0.2043,2.3600,0.1508,-1
KHAPRETA_510206,312345.860,2624124.200,129.9600,0.1869,2.4600,0.1572,-1
KHAPRETA_510206,312348.860,2624124.200,130.2300,0.1819,2.1900,0.1399,-1
KHAPRETA_510206,312356.860,2624124.200,130.2300,0.0000,2.1900,0.1399,-1
KHAPRETA_510206,312359.860,2624124.200,130.1500,0.0000,2.2700,0.1450,-1
KHAPRETA_510206,312363.860,2624124.200,130.3900,0.2769,2.0300,0.1297,-1
KHAPRETA_510206,312366.860,2624124.200,130.0700,0.2551,2.3500,0.1502,-1
KHAPRETA_510206,312367.860,2624124.200,130.0600,0.1470,2.3600,0.1508,-1
KHAPRETA_510206,312369.860,2624124.200,130.3100,0.0000,2.1100,0.1348,-1
KHAPRETA_510206,312372.860,2624124.200,130.4600,0.0000,1.9600,0.1252,-1
KHAPRETA_510206,312378.860,2624124.200,130.4900,0.0000,1.9300,0.1233,-1
KHAPRETA_510206,312384.860,2624124.200,130.5400,0.0000,1.8800,0.1201,-1
KHAPRETA_510206,312387.860,2624124.200,130.5500,0.0000,1.8700,0.1195,-1
KHAPRETA_510206,312396.860,2624124.200,130.6200,0.6358,1.8000,0.1150,-1
KHAPRETA_510206,312397.860,2624124.200,130.6500,0.4219,1.7700,0.1131,-1
KHAPRETA_510206,312402.860,2624124.200,130.7300,0.4919,1.6900,0.1080,-1
KHAPRETA_510206,312403.860,2624124.200,130.7600,0.4863,1.6600,0.1061,-1
KHAPRETA_510206,312415.860,2624124.200,130.6200,0.0000,1.8000,0.1150,-1
KHAPRETA_510206,312419.860,2624124.200,130.6700,0.4319,1.7500,0.1118,-1
KHAPRETA_510206,312420.860,2624124.200,130.6400,0.4430,1.7800,0.1137,-1
KHAPRETA_510206,312421.860,2624124.200,130.7300,0.6215,1.6900,0.1080,-1
KHAPRETA_510206,312426.860,2624124.200,130.7800,0.4519,1.6400,0.1048,-1
KHAPRETA_510206,312429.860,2624124.200,130.6800,0.4469,1.7400,0.1112,-1
KHAPRETA_510206,312436.860,2624124.200,130.7900,0.0000,1.6300,0.1042,-1
KHAPRETA_510206,312450.860,2624124.200,130.9900,0.0000,1.4300,0.0914,-1
KHAPRETA_510206,312490.860,2624124.200,131.0800,0.0000,1.3400,0.0856,-1
KHAPRETA_510206,312070.860,2624125.200,126.9100,0.0600,5.5100,0.3521,-1
KHAPRETA_510206,312073.860,2624125.200,127.0500,1.5381,5.3700,0.3431,-1
KHAPRETA_510206,312074.860,2624125.200,126.7000,2.0033,5.7200,0.3655,-1
KHAPRETA_510206,312079.860,2624125.200,127.0700,1.1931,5.3500,0.3419,-1
KHAPRETA_510206,312088.860,2624125.200,127.2600,0.0000,5.1600,0.3297,-1
KHAPRETA_510206,312096.860,2624125.200,127.3700,1.2281,5.0500,0.3227,-1
KHAPRETA_510206,312102.860,2624125.200,127.6600,1.5880,4.7600,0.3042,-1
KHAPRETA_510206,312103.860,2624125.200,127.6800,1.5503,4.7400,0.3029,-1
KHAPRETA_510206,312110.860,2624125.200,127.7900,0.0000,4.6300,0.2958,-1
KHAPRETA_510206,312117.860,2624125.200,127.5800,1.0831,4.8400,0.3093,-1
KHAPRETA_510206,312122.860,2624125.200,127.6400,0.1300,4.7800,0.3054,-1
KHAPRETA_510206,312128.860,2624125.200,127.4600,0.0000,4.9600,0.3169,-1
KHAPRETA_510206,312130.860,2624125.200,127.7300,0.8781,4.6900,0.2997,-1
KHAPRETA_510206,312132.860,2624125.200,127.6900,0.0000,4.7300,0.3022,-1
KHAPRETA_510206,312137.860,2624125.200,127.7400,0.0000,4.6800,0.2990,-1
KHAPRETA_510206,312143.860,2624125.200,128.5500,0.0000,3.8700,0.2473,-1
KHAPRETA_510206,312149.860,2624125.200,128.7000,0.6681,3.7200,0.2377,-1
KHAPRETA_510206,312152.860,2624125.200,128.7200,0.7454,3.7000,0.2364,-1
KHAPRETA_510206,312153.860,2624125.200,128.5700,0.5281,3.8500,0.2460,-1
KHAPRETA_510206,312161.860,2624125.200,128.8200,0.5831,3.6000,0.2300,-1
KHAPRETA_510206,312164.860,2624125.200,128.8500,0.6631,3.5700,0.2281,-1
KHAPRETA_510206,312165.860,2624125.200,128.4500,0.0350,3.9700,0.2537,-1
KHAPRETA_510206,312166.860,2624125.200,128.9200,0.6631,3.5000,0.2236,-1
KHAPRETA_510206,312169.860,2624125.200,128.8400,0.5481,3.5800,0.2288,-1
KHAPRETA_510206,312175.860,2624125.200,129.0800,0.3781,3.3400,0.2134,-1
KHAPRETA_510206,312176.860,2624125.200,129.0200,0.3354,3.4000,0.2173,-1
KHAPRETA_510206,312177.860,2624125.200,128.9400,0.3781,3.4800,0.2224,-1
KHAPRETA_510206,312179.860,2624125.200,129.1600,0.0000,3.2600,0.2083,-1
KHAPRETA_510206,312181.860,2624125.200,129.1200,0.0000,3.3000,0.2109,-1
KHAPRETA_510206,312185.860,2624125.200,129.1900,0.4499,3.2300,0.2064,-1
KHAPRETA_510206,312186.860,2624125.200,129.1300,0.0250,3.2900,0.2102,-1
KHAPRETA_510206,312187.860,2624125.200,129.1400,0.4230,3.2800,0.2096,-1
KHAPRETA_510206,312193.860,2624125.200,129.1200,0.0000,3.3000,0.2109,-1
KHAPRETA_510206,312198.860,2624125.200,129.6900,0.0000,2.7300,0.1744,-1
KHAPRETA_510206,312200.860,2624125.200,129.7000,0.0882,2.7200,0.1738,-1
KHAPRETA_510206,312201.860,2624125.200,129.6000,0.0421,2.8200,0.1802,-1
KHAPRETA_510206,312213.860,2624125.200,129.6600,0.0469,2.7600,0.1764,-1
KHAPRETA_510206,312215.860,2624125.200,129.5200,0.0981,2.9000,0.1853,-1
KHAPRETA_510206,312216.860,2624125.200,129.5800,0.1281,2.8400,0.1815,-1
KHAPRETA_510206,312218.860,2624125.200,129.6400,0.0231,2.7800,0.1776,-1
KHAPRETA_510206,312221.860,2624125.200,129.8000,0.0376,2.6200,0.1674,-1
KHAPRETA_510206,312222.860,2624125.200,129.8500,0.0500,2.5700,0.1642,-1
KHAPRETA_510206,312223.860,2624125.200,129.9000,0.0597,2.5200,0.1610,-1
KHAPRETA_510206,312227.860,2624125.200,129.7900,0.1631,2.6300,0.1681,-1
KHAPRETA_510206,312230.860,2624125.200,129.9500,0.0945,2.4700,0.1578,-1
KHAPRETA_510206,312231.860,2624125.200,129.8500,0.0250,2.5700,0.1642,-1
KHAPRETA_510206,312232.860,2624125.200,129.9000,0.0369,2.5200,0.1610,-1
KHAPRETA_510206,312242.860,2624125.200,129.9000,0.0000,2.5200,0.1610,-1
KHAPRETA_510206,312245.860,2624125.200,129.8000,0.1350,2.6200,0.1674,-1
KHAPRETA_510206,312247.860,2624125.200,129.6500,0.0631,2.7700,0.1770,-1
KHAPRETA_510206,312251.860,2624125.200,129.8900,0.0000,2.5300,0.1617,-1
KHAPRETA_510206,312264.860,2624125.200,129.8000,0.0000,2.6200,0.1674,-1
KHAPRETA_510206,312268.860,2624125.200,129.5500,0.0992,2.8700,0.1834,-1
KHAPRETA_510206,312269.860,2624125.200,129.5800,0.1200,2.8400,0.1815,-1
KHAPRETA_510206,312270.860,2624125.200,129.7900,0.1115,2.6300,0.1681,-1
KHAPRETA_510206,312272.860,2624125.200,129.9000,0.0581,2.5200,0.1610,-1
KHAPRETA_510206,312274.860,2624125.200,129.8400,0.0790,2.5800,0.1649,-1
KHAPRETA_510206,312275.860,2624125.200,129.8600,0.0377,2.5600,0.1636,-1
KHAPRETA_510206,312279.860,2624125.200,129.7700,0.0031,2.6500,0.1693,-1
KHAPRETA_510206,312286.860,2624125.200,129.8800,0.0000,2.5400,0.1623,-1
KHAPRETA_510206,312290.860,2624125.200,129.7500,0.0869,2.6700,0.1706,-1
KHAPRETA_510206,312291.860,2624125.200,129.9500,0.0131,2.4700,0.1578,-1
KHAPRETA_510206,312296.860,2624125.200,129.9600,0.0269,2.4600,0.1572,-1
KHAPRETA_510206,312297.860,2624125.200,129.8300,0.0919,2.5900,0.1655,-1
KHAPRETA_510206,312301.860,2624125.200,129.9400,0.1019,2.4800,0.1585,-1
KHAPRETA_510206,312307.860,2624125.200,129.8300,0.0000,2.5900,0.1655,-1
KHAPRETA_510206,312309.860,2624125.200,129.9700,0.0869,2.4500,0.1565,-1
KHAPRETA_510206,312312.860,2624125.200,129.8400,0.0000,2.5800,0.1649,-1
KHAPRETA_510206,312319.860,2624125.200,129.9700,0.0969,2.4500,0.1565,-1
KHAPRETA_510206,312320.860,2624125.200,129.9700,0.1407,2.4500,0.1565,-1
KHAPRETA_510206,312322.860,2624125.200,129.8400,0.0350,2.5800,0.1649,-1
KHAPRETA_510206,312324.860,2624125.200,130.1600,0.0000,2.2600,0.1444,-1
KHAPRETA_510206,312328.860,2624125.200,130.0200,0.0000,2.4000,0.1534,-1
KHAPRETA_510206,312337.860,2624125.200,130.1700,0.0000,2.2500,0.1438,-1
KHAPRETA_510206,312339.860,2624125.200,130.0700,0.1469,2.3500,0.1502,-1
KHAPRETA_510206,312345.860,2624125.200,130.1500,0.0919,2.2700,0.1450,-1
KHAPRETA_510206,312349.860,2624125.200,130.2500,0.1969,2.1700,0.1387,-1
KHAPRETA_510206,312357.860,2624125.200,130.1700,0.2119,2.2500,0.1438,-1
KHAPRETA_510206,312358.860,2624125.200,130.2000,0.1969,2.2200,0.1419,-1
KHAPRETA_510206,312360.860,2624125.200,130.3400,0.0000,2.0800,0.1329,-1
KHAPRETA_510206,312362.860,2624125.200,130.2100,0.2769,2.2100,0.1412,-1
KHAPRETA_510206,312363.860,2624125.200,130.3300,0.0112,2.0900,0.1335,-1
KHAPRETA_510206,312364.860,2624125.200,130.2000,0.0000,2.2200,0.1419,-1
KHAPRETA_510206,312365.860,2624125.200,130.3300,0.0000,2.0900,0.1335,-1
KHAPRETA_510206,312366.860,2624125.200,130.2000,0.1750,2.2200,0.1419,-1
KHAPRETA_510206,312367.860,2624125.200,130.1400,0.2551,2.2800,0.1457,-1
KHAPRETA_510206,312375.860,2624125.200,130.4000,0.0000,2.0200,0.1291,-1
KHAPRETA_510206,312380.860,2624125.200,130.4500,0.0000,1.9700,0.1259,-1
KHAPRETA_510206,312383.860,2624125.200,130.5700,0.0000,1.8500,0.1182,-1
KHAPRETA_510206,312392.860,2624125.200,130.6000,0.0000,1.8200,0.1163,-1
KHAPRETA_510206,312396.860,2624125.200,130.7000,0.4219,1.7200,0.1099,-1
KHAPRETA_510206,312399.860,2624125.200,130.6100,0.0000,1.8100,0.1157,-1
KHAPRETA_510206,312401.860,2624125.200,130.7600,0.4769,1.6600,0.1061,-1
KHAPRETA_510206,312403.860,2624125.200,130.5800,0.4919,1.8400,0.1176,-1
KHAPRETA_510206,312407.860,2624125.200,130.7700,0.5219,1.6500,0.1054,-1
KHAPRETA_510206,312414.860,2624125.200,130.6500,0.0000,1.7700,0.1131,-1
KHAPRETA_510206,312420.860,2624125.200,130.6600,0.6215,1.7600,0.1125,-1
KHAPRETA_510206,312421.860,2624125.200,130.6700,0.6502,1.7500,0.1118,-1
KHAPRETA_510206,312427.860,2624125.200,130.7100,0.0000,1.7100,0.1093,-1
KHAPRETA_510206,312432.860,2624125.200,130.8400,0.0000,1.5800,0.1010,-1
KHAPRETA_510206,312434.860,2624125.200,130.7400,0.0000,1.6800,0.1073,-1
KHAPRETA_510206,312444.860,2624125.200,130.9100,0.0000,1.5100,0.0965,-1
KHAPRETA_510206,312447.860,2624125.200,130.9500,0.5769,1.4700,0.0939,-1
KHAPRETA_510206,312452.860,2624125.200,131.0300,0.6519,1.3900,0.0888,-1
KHAPRETA_510206,312488.860,2624125.200,130.8400,0.5069,1.5800,0.1010,-1
KHAPRETA_510206,312489.860,2624125.200,130.7900,0.5319,1.6300,0.1042,-1
KHAPRETA_510206,312070.860,2624126.200,127.2400,0.1650,5.1800,0.3310,-1
KHAPRETA_510206,312075.860,2624126.200,127.0600,1.9029,5.3600,0.3425,-1
KHAPRETA_510206,312076.860,2624126.200,127.0700,1.9171,5.3500,0.3419,-1
KHAPRETA_510206,312086.860,2624126.200,127.0700,1.7615,5.3500,0.3419,-1
KHAPRETA_510206,312087.860,2624126.200,127.2900,1.8612,5.1300,0.3278,-1
KHAPRETA_510206,312093.860,2624126.200,127.3400,0.0000,5.0800,0.3246,-1
KHAPRETA_510206,312102.860,2624126.200,127.3900,1.5503,5.0300,0.3214,-1
KHAPRETA_510206,312103.860,2624126.200,127.5100,1.1951,4.9100,0.3137,-1
KHAPRETA_510206,312109.860,2624126.200,127.7400,0.0000,4.6800,0.2990,-1
KHAPRETA_510206,312112.860,2624126.200,127.7100,1.1981,4.7100,0.3010,-1
KHAPRETA_510206,312113.860,2624126.200,127.3800,1.4504,5.0400,0.3220,-1
KHAPRETA_510206,312115.860,2624126.200,127.5400,0.0000,4.8800,0.3118,-1
KHAPRETA_510206,312117.860,2624126.200,127.6100,0.0450,4.8100,0.3073,-1
KHAPRETA_510206,312119.860,2624126.200,127.4200,1.1281,5.0000,0.3195,-1
KHAPRETA_510206,312120.860,2624126.200,127.5200,1.1781,4.9000,0.3131,-1
KHAPRETA_510206,312122.860,2624126.200,127.4600,1.0681,4.9600,0.3169,-1
KHAPRETA_510206,312124.860,2624126.200,127.6200,1.0331,4.8000,0.3067,-1
KHAPRETA_510206,312125.860,2624126.200,127.7100,1.0067,4.7100,0.3010,-1
KHAPRETA_510206,312126.860,2624126.200,127.7900,0.0550,4.6300,0.2958,-1
KHAPRETA_510206,312127.860,2624126.200,127.6000,1.4258,4.8200,0.3080,-1
KHAPRETA_510206,312130.860,2624126.200,128.0200,1.0231,4.4000,0.2811,-1
KHAPRETA_510206,312140.860,2624126.200,128.0600,0.7931,4.3600,0.2786,-1
KHAPRETA_510206,312141.860,2624126.200,128.1900,1.1351,4.2300,0.2703,-1
KHAPRETA_510206,312144.860,2624126.200,128.6200,0.0000,3.8000,0.2428,-1
KHAPRETA_510206,312149.860,2624126.200,128.4400,0.5381,3.9800,0.2543,-1
KHAPRETA_510206,312151.860,2624126.200,128.5600,0.0000,3.8600,0.2466,-1
KHAPRETA_510206,312159.860,2624126.200,128.6300,0.0000,3.7900,0.2422,-1
KHAPRETA_510206,312169.860,2624126.200,128.6800,0.6343,3.7400,0.2390,-1
KHAPRETA_510206,312170.860,2624126.200,128.9200,0.5481,3.5000,0.2236,-1
KHAPRETA_510206,312173.860,2624126.200,128.8400,0.0000,3.5800,0.2288,-1
KHAPRETA_510206,312176.860,2624126.200,129.1200,0.3781,3.3000,0.2109,-1
KHAPRETA_510206,312178.860,2624126.200,129.1300,0.0000,3.2900,0.2102,-1
KHAPRETA_510206,312182.860,2624126.200,129.0000,0.2281,3.4200,0.2185,-1
KHAPRETA_510206,312185.860,2624126.200,129.1500,0.0050,3.2700,0.2089,-1
KHAPRETA_510206,312194.860,2624126.200,129.6500,0.2731,2.7700,0.1770,-1
KHAPRETA_510206,312199.860,2624126.200,129.7800,0.0069,2.6400,0.1687,-1
KHAPRETA_510206,312200.860,2624126.200,129.7900,0.0381,2.6300,0.1681,-1
KHAPRETA_510206,312217.860,2624126.200,129.6700,0.0231,2.7500,0.1757,-1
KHAPRETA_510206,312218.860,2624126.200,129.7300,0.1251,2.6900,0.1719,-1
KHAPRETA_510206,312219.860,2624126.200,129.8800,0.0231,2.5400,0.1623,-1
KHAPRETA_510206,312221.860,2624126.200,129.7900,0.0119,2.6300,0.1681,-1
KHAPRETA_510206,312226.860,2624126.200,129.8900,0.0000,2.5300,0.1617,-1
KHAPRETA_510206,312240.860,2624126.200,129.9200,0.0869,2.5000,0.1597,-1
KHAPRETA_510206,312241.860,2624126.200,129.9500,0.0719,2.4700,0.1578,-1
KHAPRETA_510206,312245.860,2624126.200,129.9400,0.1125,2.4800,0.1585,-1
KHAPRETA_510206,312246.860,2624126.200,129.5700,0.0819,2.8500,0.1821,-1
KHAPRETA_510206,312248.860,2624126.200,129.7200,0.0519,2.7000,0.1725,-1
KHAPRETA_510206,312249.860,2624126.200,129.8800,0.0281,2.5400,0.1623,-1
KHAPRETA_510206,312252.860,2624126.200,129.9200,0.0000,2.5000,0.1597,-1
KHAPRETA_510206,312259.860,2624126.200,129.9300,0.0000,2.4900,0.1591,-1
KHAPRETA_510206,312261.860,2624126.200,129.9200,0.0000,2.5000,0.1597,-1
KHAPRETA_510206,312268.860,2624126.200,129.5200,0.0200,2.9000,0.1853,-1
KHAPRETA_510206,312270.860,2624126.200,129.6700,0.0634,2.7500,0.1757,-1
KHAPRETA_510206,312271.860,2624126.200,129.6500,0.0787,2.7700,0.1770,-1
KHAPRETA_510206,312273.860,2624126.200,129.6500,0.0669,2.7700,0.1770,-1
KHAPRETA_510206,312274.860,2624126.200,129.9100,0.1098,2.5100,0.1604,-1
KHAPRETA_510206,312275.860,2624126.200,129.8600,0.0790,2.5600,0.1636,-1
KHAPRETA_510206,312279.860,2624126.200,129.7700,0.0300,2.6500,0.1693,-1
KHAPRETA_510206,312281.860,2624126.200,129.8500,0.0631,2.5700,0.1642,-1
KHAPRETA_510206,312283.860,2624126.200,129.8400,0.0369,2.5800,0.1649,-1
KHAPRETA_510206,312284.860,2624126.200,129.8500,0.0250,2.5700,0.1642,-1
KHAPRETA_510206,312285.860,2624126.200,129.7900,0.0369,2.6300,0.1681,-1
KHAPRETA_510206,312289.860,2624126.200,129.8900,0.0000,2.5300,0.1617,-1
KHAPRETA_510206,312293.860,2624126.200,129.9100,0.0919,2.5100,0.1604,-1
KHAPRETA_510206,312294.860,2624126.200,129.9600,0.0669,2.4600,0.1572,-1
KHAPRETA_510206,312298.860,2624126.200,130.0100,0.0000,2.4100,0.1540,-1
KHAPRETA_510206,312300.860,2624126.200,129.8900,0.0000,2.5300,0.1617,-1
KHAPRETA_510206,312303.860,2624126.200,129.9800,0.0000,2.4400,0.1559,-1
KHAPRETA_510206,312309.860,2624126.200,129.9500,0.0969,2.4700,0.1578,-1
KHAPRETA_510206,312314.860,2624126.200,129.9300,0.0000,2.4900,0.1591,-1
KHAPRETA_510206,312318.860,2624126.200,129.8900,0.0969,2.5300,0.1617,-1
KHAPRETA_510206,312320.860,2624126.200,129.9800,0.1100,2.4400,0.1559,-1
KHAPRETA_510206,312321.860,2624126.200,129.8800,0.0050,2.5400,0.1623,-1
KHAPRETA_510206,312322.860,2624126.200,129.9900,0.0912,2.4300,0.1553,-1
KHAPRETA_510206,312330.860,2624126.200,129.9300,0.0000,2.4900,0.1591,-1
KHAPRETA_510206,312332.860,2624126.200,129.9700,0.1119,2.4500,0.1565,-1
KHAPRETA_510206,312333.860,2624126.200,130.0000,0.0550,2.4200,0.1546,-1
KHAPRETA_510206,312334.860,2624126.200,130.0800,0.1119,2.3400,0.1495,-1
KHAPRETA_510206,312346.860,2624126.200,130.1100,0.0000,2.3100,0.1476,-1
KHAPRETA_510206,312349.860,2624126.200,130.1700,0.2378,2.2500,0.1438,-1
KHAPRETA_510206,312350.860,2624126.200,130.2500,0.1969,2.1700,0.1387,-1
KHAPRETA_510206,312354.860,2624126.200,130.2900,0.2219,2.1300,0.1361,-1
KHAPRETA_510206,312355.860,2624126.200,130.2200,0.2569,2.2000,0.1406,-1
KHAPRETA_510206,312363.860,2624126.200,130.3700,0.0600,2.0500,0.1310,-1
KHAPRETA_510206,312368.860,2624126.200,130.2300,0.0000,2.1900,0.1399,-1
KHAPRETA_510206,312370.860,2624126.200,130.1600,0.0000,2.2600,0.1444,-1
KHAPRETA_510206,312372.860,2624126.200,130.4600,0.0000,1.9600,0.1252,-1
KHAPRETA_510206,312376.860,2624126.200,130.3000,0.0000,2.1200,0.1355,-1
KHAPRETA_510206,312378.860,2624126.200,130.4700,0.3369,1.9500,0.1246,-1
KHAPRETA_510206,312379.860,2624126.200,130.4500,0.3469,1.9700,0.1259,-1
KHAPRETA_510206,312386.860,2624126.200,130.5300,0.3669,1.8900,0.1208,-1
KHAPRETA_510206,312388.860,2624126.200,130.5100,0.0000,1.9100,0.1220,-1
KHAPRETA_510206,312390.860,2624126.200,130.6300,0.4169,1.7900,0.1144,-1
KHAPRETA_510206,312391.860,2624126.200,130.6100,0.4269,1.8100,0.1157,-1
KHAPRETA_510206,312393.860,2624126.200,130.6100,0.0000,1.8100,0.1157,-1
KHAPRETA_510206,312395.860,2624126.200,130.7200,0.0000,1.7000,0.1086,-1
KHAPRETA_510206,312400.860,2624126.200,130.7400,0.4769,1.6800,0.1073,-1
KHAPRETA_510206,312401.860,2624126.200,130.7300,0.6887,1.6900,0.1080,-1
KHAPRETA_510206,312405.860,2624126.200,130.6900,0.0000,1.7300,0.1105,-1
KHAPRETA_510206,312407.860,2624126.200,130.8200,0.7063,1.6000,0.1022,-1
KHAPRETA_510206,312408.860,2624126.200,130.7800,0.5219,1.6400,0.1048,-1
KHAPRETA_510206,312410.860,2624126.200,130.7600,0.0000,1.6600,0.1061,-1
KHAPRETA_510206,312418.860,2624126.200,130.6600,0.0000,1.7600,0.1125,-1
KHAPRETA_510206,312423.860,2624126.200,130.7100,0.4719,1.7100,0.1093,-1
KHAPRETA_510206,312424.860,2624126.200,130.7200,0.4669,1.7000,0.1086,-1
KHAPRETA_510206,312426.860,2624126.200,130.7800,0.0000,1.6400,0.1048,-1
KHAPRETA_510206,312435.860,2624126.200,130.7600,0.0000,1.6600,0.1061,-1
KHAPRETA_510206,312438.860,2624126.200,130.8100,0.7311,1.6100,0.1029,-1
KHAPRETA_510206,312439.860,2624126.200,130.8200,0.0100,1.6000,0.1022,-1
KHAPRETA_510206,312440.860,2624126.200,130.8300,0.7669,1.5900,0.1016,-1
KHAPRETA_510206,312447.860,2624126.200,130.9300,0.5869,1.4900,0.0952,-1
KHAPRETA_510206,312452.860,2624126.200,131.0800,0.0000,1.3400,0.0856,-1
KHAPRETA_510206,312491.860,2624126.200,131.1300,0.0000,1.2900,0.0824,-1
KHAPRETA_510206,312065.860,2624127.200,127.4900,0.0000,4.9300,0.3150,-1
KHAPRETA_510206,312069.860,2624127.200,127.0400,1.2681,5.3800,0.3438,-1
KHAPRETA_510206,312070.860,2624127.200,127.2400,1.3725,5.1800,0.3310,-1
KHAPRETA_510206,312072.860,2624127.200,128.0400,0.0000,4.3800,0.2799,-1
KHAPRETA_510206,312075.860,2624127.200,127.1000,1.9171,5.3200,0.3399,-1
KHAPRETA_510206,312076.860,2624127.200,127.0700,1.3546,5.3500,0.3419,-1
KHAPRETA_510206,312077.860,2624127.200,126.9700,0.0150,5.4500,0.3482,-1
KHAPRETA_510206,312078.860,2624127.200,127.1000,1.4031,5.3200,0.3399,-1
KHAPRETA_510206,312085.860,2624127.200,127.2500,1.8704,5.1700,0.3304,-1
KHAPRETA_510206,312086.860,2624127.200,127.2800,1.3531,5.1400,0.3284,-1
KHAPRETA_510206,312087.860,2624127.200,127.2200,1.7615,5.2000,0.3323,-1
KHAPRETA_510206,312089.860,2624127.200,127.2000,0.0000,5.2200,0.3335,-1
KHAPRETA_510206,312095.860,2624127.200,127.3500,1.2231,5.0700,0.3240,-1
KHAPRETA_510206,312096.860,2624127.200,127.3300,1.2131,5.0900,0.3252,-1
KHAPRETA_510206,312100.860,2624127.200,127.3800,0.0000,5.0400,0.3220,-1
KHAPRETA_510206,312103.860,2624127.200,127.5400,1.6130,4.8800,0.3118,-1
KHAPRETA_510206,312104.860,2624127.200,127.4800,0.0350,4.9400,0.3157,-1
KHAPRETA_510206,312105.860,2624127.200,127.4700,1.1881,4.9500,0.3163,-1
KHAPRETA_510206,312106.860,2624127.200,127.4600,1.1531,4.9600,0.3169,-1
KHAPRETA_510206,312111.860,2624127.200,127.7100,0.0000,4.7100,0.3010,-1
KHAPRETA_510206,312113.860,2624127.200,127.7400,1.1981,4.6800,0.2990,-1
KHAPRETA_510206,312117.860,2624127.200,127.6700,1.1081,4.7500,0.3035,-1
KHAPRETA_510206,312118.860,2624127.200,127.5600,1.0531,4.8600,0.3105,-1
KHAPRETA_510206,312125.860,2624127.200,127.7700,0.0850,4.6500,0.2971,-1
KHAPRETA_510206,312127.860,2624127.200,127.7300,1.0881,4.6900,0.2997,-1
KHAPRETA_510206,312129.860,2624127.200,127.5300,0.0000,4.8900,0.3125,-1
KHAPRETA_510206,312131.860,2624127.200,127.5900,0.0000,4.8300,0.3086,-1
KHAPRETA_510206,312139.860,2624127.200,127.9400,0.0000,4.4800,0.2863,-1
KHAPRETA_510206,312141.860,2624127.200,128.2900,1.0598,4.1300,0.2639,-1
KHAPRETA_510206,312142.860,2624127.200,128.3700,0.6433,4.0500,0.2588,-1
KHAPRETA_510206,312143.860,2624127.200,128.6100,0.7031,3.8100,0.2435,-1
KHAPRETA_510206,312152.860,2624127.200,128.8700,0.0000,3.5500,0.2268,-1
KHAPRETA_510206,312156.860,2624127.200,128.6800,0.0000,3.7400,0.2390,-1
KHAPRETA_510206,312161.860,2624127.200,128.5600,0.6481,3.8600,0.2466,-1
KHAPRETA_510206,312167.860,2624127.200,128.8100,0.5331,3.6100,0.2307,-1
KHAPRETA_510206,312175.860,2624127.200,128.9900,0.0000,3.4300,0.2192,-1
KHAPRETA_510206,312182.860,2624127.200,129.3200,0.5453,3.1000,0.1981,-1
KHAPRETA_510206,312183.860,2624127.200,129.0100,0.2281,3.4100,0.2179,-1
KHAPRETA_510206,312185.860,2624127.200,129.1800,0.3131,3.2400,0.2070,-1
KHAPRETA_510206,312189.860,2624127.200,129.0900,0.0000,3.3300,0.2128,-1
KHAPRETA_510206,312194.860,2624127.200,129.2300,0.0631,3.1900,0.2038,-1
KHAPRETA_510206,312196.860,2624127.200,129.7400,0.0000,2.6800,0.1712,-1
KHAPRETA_510206,312201.860,2624127.200,129.7300,0.0131,2.6900,0.1719,-1
KHAPRETA_510206,312202.860,2624127.200,129.7500,0.0231,2.6700,0.1706,-1
KHAPRETA_510206,312213.860,2624127.200,129.6300,0.0000,2.7900,0.1783,-1
KHAPRETA_510206,312223.860,2624127.200,129.8600,0.0819,2.5600,0.1636,-1
KHAPRETA_510206,312224.860,2624127.200,129.9400,0.0419,2.4800,0.1585,-1
KHAPRETA_510206,312230.860,2624127.200,129.8500,0.0000,2.5700,0.1642,-1
KHAPRETA_510206,312237.860,2624127.200,129.9100,0.0000,2.5100,0.1604,-1
KHAPRETA_510206,312242.860,2624127.200,129.9600,0.0669,2.4600,0.1572,-1
KHAPRETA_510206,312243.860,2624127.200,129.9100,0.0991,2.5100,0.1604,-1
KHAPRETA_510206,312245.860,2624127.200,129.8900,0.0819,2.5300,0.1617,-1
KHAPRETA_510206,312247.860,2624127.200,129.9000,0.0000,2.5200,0.1610,-1
KHAPRETA_510206,312251.860,2624127.200,129.8400,0.0919,2.5800,0.1649,-1
KHAPRETA_510206,312260.860,2624127.200,129.8900,0.0000,2.5300,0.1617,-1
KHAPRETA_510206,312262.860,2624127.200,129.8800,0.1027,2.5400,0.1623,-1
KHAPRETA_510206,312263.860,2624127.200,129.9000,0.0519,2.5200,0.1610,-1
KHAPRETA_510206,312265.860,2624127.200,129.8300,0.0000,2.5900,0.1655,-1
KHAPRETA_510206,312268.860,2624127.200,129.5100,0.1550,2.9100,0.1859,-1
KHAPRETA_510206,312271.860,2624127.200,129.6600,0.0757,2.7600,0.1764,-1
KHAPRETA_510206,312272.860,2624127.200,129.8600,0.0581,2.5600,0.1636,-1
KHAPRETA_510206,312278.860,2624127.200,129.8200,0.0299,2.6000,0.1661,-1
KHAPRETA_510206,312279.860,2624127.200,129.8300,0.0252,2.5900,0.1655,-1
KHAPRETA_510206,312280.860,2624127.200,129.8700,0.0900,2.5500,0.1629,-1
KHAPRETA_510206,312281.860,2624127.200,129.6500,0.0510,2.7700,0.1770,-1
KHAPRETA_510206,312287.860,2624127.200,129.9900,0.0081,2.4300,0.1553,-1
KHAPRETA_510206,312288.860,2624127.200,129.7600,0.1069,2.6600,0.1700,-1
KHAPRETA_510206,312296.860,2624127.200,129.8600,0.0469,2.5600,0.1636,-1
KHAPRETA_510206,312301.860,2624127.200,130.0500,0.0269,2.3700,0.1514,-1
KHAPRETA_510206,312306.860,2624127.200,129.9300,0.0000,2.4900,0.1591,-1
KHAPRETA_510206,312316.860,2624127.200,129.8900,0.0219,2.5300,0.1617,-1
KHAPRETA_510206,312318.860,2624127.200,129.9700,0.0569,2.4500,0.1565,-1
KHAPRETA_510206,312322.860,2624127.200,129.9900,0.1069,2.4300,0.1553,-1
KHAPRETA_510206,312324.860,2624127.200,130.0800,0.0769,2.3400,0.1495,-1
KHAPRETA_510206,312327.860,2624127.200,130.0700,0.0869,2.3500,0.1502,-1
KHAPRETA_510206,312328.860,2624127.200,129.9500,0.1788,2.4700,0.1578,-1
KHAPRETA_510206,312336.860,2624127.200,130.1500,0.2240,2.2700,0.1450,-1
KHAPRETA_510206,312337.860,2624127.200,130.1800,0.2609,2.2400,0.1431,-1
KHAPRETA_510206,312343.860,2624127.200,130.1700,0.0000,2.2500,0.1438,-1
KHAPRETA_510206,312349.860,2624127.200,130.2100,0.1969,2.2100,0.1412,-1
KHAPRETA_510206,312353.860,2624127.200,130.3000,0.0000,2.1200,0.1355,-1
KHAPRETA_510206,312356.860,2624127.200,130.1200,0.2669,2.3000,0.1470,-1
KHAPRETA_510206,312360.860,2624127.200,130.3400,0.0000,2.0800,0.1329,-1
KHAPRETA_510206,312363.860,2624127.200,130.2100,0.2969,2.2100,0.1412,-1
KHAPRETA_510206,312386.860,2624127.200,130.5100,0.3769,1.9100,0.1220,-1
KHAPRETA_510206,312394.860,2624127.200,130.6200,0.4719,1.8000,0.1150,-1
KHAPRETA_510206,312398.860,2624127.200,130.6700,0.0000,1.7500,0.1118,-1
KHAPRETA_510206,312406.860,2624127.200,130.8300,0.0000,1.5900,0.1016,-1
KHAPRETA_510206,312411.860,2624127.200,130.7100,0.0000,1.7100,0.1093,-1
KHAPRETA_510206,312414.860,2624127.200,130.7300,0.0000,1.6900,0.1080,-1
KHAPRETA_510206,312417.860,2624127.200,130.6600,0.4069,1.7600,0.1125,-1
KHAPRETA_510206,312419.860,2624127.200,130.6600,0.0000,1.7600,0.1125,-1
KHAPRETA_510206,312425.860,2624127.200,130.7800,0.0000,1.6400,0.1048,-1
KHAPRETA_510206,312430.860,2624127.200,130.7500,0.4819,1.6700,0.1067,-1
KHAPRETA_510206,312436.860,2624127.200,130.8200,0.0000,1.6000,0.1022,-1
KHAPRETA_510206,312438.860,2624127.200,130.8000,0.5169,1.6200,0.1035,-1
KHAPRETA_510206,312440.860,2624127.200,130.9000,0.7595,1.5200,0.0971,-1
KHAPRETA_510206,312441.860,2624127.200,130.8700,0.0250,1.5500,0.0990,-1
KHAPRETA_510206,312442.860,2624127.200,130.8500,0.5469,1.5700,0.1003,-1
KHAPRETA_510206,312450.860,2624127.200,130.9600,0.0000,1.4600,0.0933,-1
KHAPRETA_510206,312452.860,2624127.200,131.0300,0.6519,1.3900,0.0888,-1
KHAPRETA_510206,312489.860,2624127.200,131.1000,0.6669,1.3200,0.0843,-1
KHAPRETA_510206,312490.860,2624127.200,131.1100,0.6619,1.3100,0.0837,-1
KHAPRETA_510206,312495.860,2624127.200,131.3000,0.0000,1.1200,0.0716,-1
KHAPRETA_510206,312064.860,2624128.200,127.1000,1.2031,5.3200,0.3399,-1
KHAPRETA_510206,312066.860,2624128.200,127.5200,1.4131,4.9000,0.3131,-1
KHAPRETA_510206,312068.860,2624128.200,127.0200,0.0000,5.4000,0.3450,-1
KHAPRETA_510206,312070.860,2624128.200,127.0200,1.0319,5.4000,0.3450,-1
KHAPRETA_510206,312071.860,2624128.200,127.7300,1.3781,4.6900,0.2997,-1
KHAPRETA_510206,312082.860,2624128.200,127.1900,0.0000,5.2300,0.3342,-1
KHAPRETA_510206,312085.860,2624128.200,126.9900,1.2631,5.4300,0.3470,-1
KHAPRETA_510206,312090.860,2624128.200,127.2600,1.2931,5.1600,0.3297,-1
KHAPRETA_510206,312097.860,2624128.200,127.4100,0.0000,5.0100,0.3201,-1
KHAPRETA_510206,312099.860,2624128.200,127.4000,0.0000,5.0200,0.3208,-1
KHAPRETA_510206,312101.860,2624128.200,127.4300,0.0000,4.9900,0.3188,-1
KHAPRETA_510206,312105.860,2624128.200,127.4000,1.1531,5.0200,0.3208,-1
KHAPRETA_510206,312108.860,2624128.200,127.3100,1.1131,5.1100,0.3265,-1
KHAPRETA_510206,312117.860,2624128.200,127.6200,0.0750,4.8000,0.3067,-1
KHAPRETA_510206,312124.860,2624128.200,127.8300,1.3766,4.5900,0.2933,-1
KHAPRETA_510206,312125.860,2624128.200,127.8800,1.3975,4.5400,0.2901,-1
KHAPRETA_510206,312134.860,2624128.200,127.7400,0.0000,4.6800,0.2990,-1
KHAPRETA_510206,312136.860,2624128.200,127.8500,0.0000,4.5700,0.2920,-1
KHAPRETA_510206,312142.860,2624128.200,128.5300,0.0950,3.8900,0.2486,-1
KHAPRETA_510206,312151.860,2624128.200,128.5100,0.0000,3.9100,0.2498,-1
KHAPRETA_510206,312160.860,2624128.200,128.6200,0.6481,3.8000,0.2428,-1
KHAPRETA_510206,312161.860,2624128.200,128.4800,0.8390,3.9400,0.2518,-1
KHAPRETA_510206,312167.860,2624128.200,128.7100,0.4831,3.7100,0.2371,-1
KHAPRETA_510206,312169.860,2624128.200,128.6100,0.5281,3.8100,0.2435,-1
KHAPRETA_510206,312171.860,2624128.200,128.7900,0.0000,3.6300,0.2319,-1
KHAPRETA_510206,312173.860,2624128.200,128.8000,0.5531,3.6200,0.2313,-1
KHAPRETA_510206,312176.860,2624128.200,129.0700,0.0000,3.3500,0.2141,-1
KHAPRETA_510206,312184.860,2624128.200,129.0300,0.4081,3.3900,0.2166,-1
KHAPRETA_510206,312186.860,2624128.200,129.3600,0.0000,3.0600,0.1955,-1
KHAPRETA_510206,312188.860,2624128.200,129.0800,0.0000,3.3400,0.2134,-1
KHAPRETA_510206,312190.860,2624128.200,129.0900,0.3481,3.3300,0.2128,-1
KHAPRETA_510206,312192.860,2624128.200,129.1800,0.2781,3.2400,0.2070,-1
KHAPRETA_510206,312206.860,2624128.200,129.2900,0.0000,3.1300,0.2000,-1
KHAPRETA_510206,312208.860,2624128.200,129.3100,0.2631,3.1100,0.1987,-1
KHAPRETA_510206,312209.860,2624128.200,129.2500,0.2331,3.1700,0.2026,-1
KHAPRETA_510206,312217.860,2624128.200,129.7600,0.0000,2.6600,0.1700,-1
KHAPRETA_510206,312221.860,2624128.200,129.9100,0.0219,2.5100,0.1604,-1
KHAPRETA_510206,312222.860,2624128.200,129.8200,0.0669,2.6000,0.1661,-1
KHAPRETA_510206,312226.860,2624128.200,129.8100,0.0000,2.6100,0.1668,-1
KHAPRETA_510206,312229.860,2624128.200,129.5300,0.0000,2.8900,0.1847,-1
KHAPRETA_510206,312236.860,2624128.200,129.9500,0.0000,2.4700,0.1578,-1
KHAPRETA_510206,312239.860,2624128.200,130.0100,0.0000,2.4100,0.1540,-1
KHAPRETA_510206,312243.860,2624128.200,129.8500,0.0742,2.5700,0.1642,-1
KHAPRETA_510206,312244.860,2624128.200,129.8400,0.0369,2.5800,0.1649,-1
KHAPRETA_510206,312251.860,2624128.200,129.9600,0.0319,2.4600,0.1572,-1
KHAPRETA_510206,312253.860,2624128.200,129.9400,0.0000,2.4800,0.1585,-1
KHAPRETA_510206,312256.860,2624128.200,129.7700,0.0931,2.6500,0.1693,-1
KHAPRETA_510206,312257.860,2624128.200,129.5900,0.0031,2.8300,0.1808,-1
KHAPRETA_510206,312262.860,2624128.200,129.9400,0.0519,2.4800,0.1585,-1
KHAPRETA_510206,312268.860,2624128.200,129.8300,0.1331,2.5900,0.1655,-1
KHAPRETA_510206,312270.860,2624128.200,129.5700,0.0000,2.8500,0.1821,-1
KHAPRETA_510206,312278.860,2624128.200,129.7500,0.0219,2.6700,0.1706,-1
KHAPRETA_510206,312281.860,2624128.200,129.8900,0.1001,2.5300,0.1617,-1
KHAPRETA_510206,312282.860,2624128.200,129.7700,0.0150,2.6500,0.1693,-1
KHAPRETA_510206,312283.860,2624128.200,129.8600,0.0031,2.5600,0.1636,-1
KHAPRETA_510206,312285.860,2624128.200,129.9100,0.1019,2.5100,0.1604,-1
KHAPRETA_510206,312286.860,2624128.200,129.9800,0.0669,2.4400,0.1559,-1
KHAPRETA_510206,312289.860,2624128.200,129.7300,0.0319,2.6900,0.1719,-1
KHAPRETA_510206,312292.860,2624128.200,129.8300,0.0000,2.5900,0.1655,-1
KHAPRETA_510206,312294.860,2624128.200,129.8400,0.0281,2.5800,0.1649,-1
KHAPRETA_510206,312296.860,2624128.200,129.8700,0.0436,2.5500,0.1629,-1
KHAPRETA_510206,312297.860,2624128.200,129.8000,0.0700,2.6200,0.1674,-1
KHAPRETA_510206,312301.860,2624128.200,129.8300,0.0450,2.5900,0.1655,-1
KHAPRETA_510206,312303.860,2624128.200,130.0300,0.0000,2.3900,0.1527,-1
KHAPRETA_510206,312308.860,2624128.200,129.8800,0.0000,2.5400,0.1623,-1
KHAPRETA_510206,312310.860,2624128.200,129.8900,0.0000,2.5300,0.1617,-1
KHAPRETA_510206,312312.860,2624128.200,129.8400,0.0000,2.5800,0.1649,-1
KHAPRETA_510206,312314.860,2624128.200,129.9500,0.0000,2.4700,0.1578,-1
KHAPRETA_510206,312316.860,2624128.200,129.8200,0.0250,2.6000,0.1661,-1
KHAPRETA_510206,312320.860,2624128.200,130.0100,0.1419,2.4100,0.1540,-1
KHAPRETA_510206,312321.860,2624128.200,130.0600,0.1878,2.3600,0.1508,-1
KHAPRETA_510206,312323.860,2624128.200,130.0100,0.1527,2.4100,0.1540,-1
KHAPRETA_510206,312324.860,2624128.200,129.9300,0.1917,2.4900,0.1591,-1
KHAPRETA_510206,312328.860,2624128.200,129.9800,0.0869,2.4400,0.1559,-1
KHAPRETA_510206,312333.860,2624128.200,130.1000,0.0000,2.3200,0.1482,-1
KHAPRETA_510206,312336.860,2624128.200,129.9700,0.1822,2.4500,0.1565,-1
KHAPRETA_510206,312337.860,2624128.200,130.1400,0.2240,2.2800,0.1457,-1
KHAPRETA_510206,312340.860,2624128.200,130.1200,0.0000,2.3000,0.1470,-1
KHAPRETA_510206,312355.860,2624128.200,130.3200,0.2669,2.1000,0.1342,-1
KHAPRETA_510206,312356.860,2624128.200,130.3100,0.3217,2.1100,0.1348,-1
KHAPRETA_510206,312361.860,2624128.200,130.2000,0.0000,2.2200,0.1419,-1
KHAPRETA_510206,312364.860,2624128.200,130.3500,0.2819,2.0700,0.1323,-1
KHAPRETA_510206,312365.860,2624128.200,130.3400,0.0300,2.0800,0.1329,-1
KHAPRETA_510206,312366.860,2624128.200,130.2900,0.2571,2.1300,0.1361,-1
KHAPRETA_510206,312367.860,2624128.200,130.3600,0.4080,2.0600,0.1316,-1
KHAPRETA_510206,312372.860,2624128.200,130.3500,0.0000,2.0700,0.1323,-1
KHAPRETA_510206,312375.860,2624128.200,130.4400,0.0000,1.9800,0.1265,-1
KHAPRETA_510206,312377.860,2624128.200,130.3500,0.0000,2.0700,0.1323,-1
KHAPRETA_510206,312385.860,2624128.200,130.5800,0.3919,1.8400,0.1176,-1
KHAPRETA_510206,312388.860,2624128.200,130.5900,0.3819,1.8300,0.1169,-1
KHAPRETA_510206,312389.860,2624128.200,130.5400,0.5790,1.8800,0.1201,-1
KHAPRETA_510206,312394.860,2624128.200,130.7200,0.4219,1.7000,0.1086,-1
KHAPRETA_510206,312397.860,2624128.200,130.6800,0.0000,1.7400,0.1112,-1
KHAPRETA_510206,312405.860,2624128.200,130.7900,0.4819,1.6300,0.1042,-1
KHAPRETA_510206,312407.860,2624128.200,130.6900,0.3719,1.7300,0.1105,-1
KHAPRETA_510206,312409.860,2624128.200,130.4900,0.0000,1.9300,0.1233,-1
KHAPRETA_510206,312417.860,2624128.200,130.5900,0.4419,1.8300,0.1169,-1
KHAPRETA_510206,312424.860,2624128.200,130.7800,0.0000,1.6400,0.1048,-1
KHAPRETA_510206,312428.860,2624128.200,130.7300,0.5019,1.6900,0.1080,-1
KHAPRETA_510206,312430.860,2624128.200,130.7400,0.4869,1.6800,0.1073,-1
KHAPRETA_510206,312432.860,2624128.200,130.7500,0.5069,1.6700,0.1067,-1
KHAPRETA_510206,312433.860,2624128.200,130.7900,0.4869,1.6300,0.1042,-1
KHAPRETA_510206,312492.860,2624128.200,131.1500,0.9534,1.2700,0.0812,-1
KHAPRETA_510206,312493.860,2624128.200,131.2300,0.8939,1.1900,0.0760,-1
KHAPRETA_510206,312064.860,2624129.200,127.3700,1.3381,5.0500,0.3227,-1
KHAPRETA_510206,312066.860,2624129.200,126.9500,1.1281,5.4700,0.3495,-1
KHAPRETA_510206,312070.860,2624129.200,126.9700,1.3781,5.4500,0.3482,-1
KHAPRETA_510206,312079.860,2624129.200,126.9600,0.0000,5.4600,0.3489,-1
KHAPRETA_510206,312084.860,2624129.200,127.0700,1.3981,5.3500,0.3419,-1
KHAPRETA_510206,312090.860,2624129.200,127.1900,1.3433,5.2300,0.3342,-1
KHAPRETA_510206,312091.860,2624129.200,127.0900,0.0300,5.3300,0.3406,-1
KHAPRETA_510206,312092.860,2624129.200,127.1300,1.3431,5.2900,0.3380,-1
KHAPRETA_510206,312094.860,2624129.200,127.1900,0.0000,5.2300,0.3342,-1
KHAPRETA_510206,312102.860,2624129.200,127.4600,0.0000,4.9600,0.3169,-1
KHAPRETA_510206,312104.860,2624129.200,127.4400,0.0000,4.9800,0.3182,-1
KHAPRETA_510206,312108.860,2624129.200,127.5500,1.2331,4.8700,0.3112,-1
KHAPRETA_510206,312111.860,2624129.200,127.7100,0.0000,4.7100,0.3010,-1
KHAPRETA_510206,312117.860,2624129.200,127.8200,1.0781,4.6000,0.2939,-1
KHAPRETA_510206,312120.860,2624129.200,127.6200,0.0000,4.8000,0.3067,-1
KHAPRETA_510206,312124.860,2624129.200,127.7800,0.0750,4.6400,0.2965,-1
KHAPRETA_510206,312127.860,2624129.200,127.7100,0.9531,4.7100,0.3010,-1
KHAPRETA_510206,312128.860,2624129.200,127.8700,1.0331,4.5500,0.2907,-1
KHAPRETA_510206,312137.860,2624129.200,128.4900,0.6681,3.9300,0.2511,-1
KHAPRETA_510206,312138.860,2624129.200,128.4400,0.0250,3.9800,0.2543,-1
KHAPRETA_510206,312139.860,2624129.200,128.5400,0.0850,3.8800,0.2479,-1
KHAPRETA_510206,312140.860,2624129.200,128.6100,0.6181,3.8100,0.2435,-1
KHAPRETA_510206,312142.860,2624129.200,128.5600,0.8331,3.8600,0.2466,-1
KHAPRETA_510206,312143.860,2624129.200,128.6700,0.0600,3.7500,0.2396,-1
KHAPRETA_510206,312144.860,2624129.200,128.4400,0.5531,3.9800,0.2543,-1
KHAPRETA_510206,312147.860,2624129.200,128.5700,0.6481,3.8500,0.2460,-1
KHAPRETA_510206,312148.860,2624129.200,128.4800,0.1000,3.9400,0.2518,-1
KHAPRETA_510206,312149.860,2624129.200,128.3700,0.6731,4.0500,0.2588,-1
KHAPRETA_510206,312150.860,2624129.200,128.4700,0.9562,3.9500,0.2524,-1
KHAPRETA_510206,312156.860,2624129.200,128.5100,0.0000,3.9100,0.2498,-1
KHAPRETA_510206,312158.860,2624129.200,128.4500,0.6581,3.9700,0.2537,-1
KHAPRETA_510206,312162.860,2624129.200,128.4400,0.0000,3.9800,0.2543,-1
KHAPRETA_510206,312166.860,2624129.200,128.6300,0.0000,3.7900,0.2422,-1
KHAPRETA_510206,312169.860,2624129.200,128.7200,0.5831,3.7000,0.2364,-1
KHAPRETA_510206,312172.860,2624129.200,128.6900,0.5531,3.7300,0.2383,-1
KHAPRETA_510206,312173.860,2624129.200,128.6700,0.4963,3.7500,0.2396,-1
KHAPRETA_510206,312174.860,2624129.200,128.8700,0.5531,3.5500,0.2268,-1
KHAPRETA_510206,312177.860,2624129.200,128.9300,0.0000,3.4900,0.2230,-1
KHAPRETA_510206,312179.860,2624129.200,129.0600,0.0000,3.3600,0.2147,-1
KHAPRETA_510206,312184.860,2624129.200,128.9600,0.0350,3.4600,0.2211,-1
KHAPRETA_510206,312190.860,2624129.200,129.0800,0.3431,3.3400,0.2134,-1
KHAPRETA_510206,312192.860,2624129.200,129.2200,0.2981,3.2000,0.2045,-1
KHAPRETA_510206,312194.860,2624129.200,129.1800,0.0000,3.2400,0.2070,-1
KHAPRETA_510206,312203.860,2624129.200,129.3100,0.0000,3.1100,0.1987,-1
KHAPRETA_510206,312205.860,2624129.200,129.2800,0.0000,3.1400,0.2006,-1
KHAPRETA_510206,312207.860,2624129.200,129.1600,0.1031,3.2600,0.2083,-1
KHAPRETA_510206,312213.860,2624129.200,129.8100,0.0000,2.6100,0.1668,-1
KHAPRETA_510206,312220.860,2624129.200,129.7100,0.0000,2.7100,0.1732,-1
KHAPRETA_510206,312227.860,2624129.200,129.8500,0.0000,2.5700,0.1642,-1
KHAPRETA_510206,312234.860,2624129.200,129.8800,0.0969,2.5400,0.1623,-1
KHAPRETA_510206,312235.860,2624129.200,129.9700,0.0519,2.4500,0.1565,-1
KHAPRETA_510206,312237.860,2624129.200,129.8900,0.0000,2.5300,0.1617,-1
KHAPRETA_510206,312250.860,2624129.200,129.6500,0.0000,2.7700,0.1770,-1
KHAPRETA_510206,312255.860,2624129.200,129.8900,0.0569,2.5300,0.1617,-1
KHAPRETA_510206,312259.860,2624129.200,129.9100,0.0000,2.5100,0.1604,-1
KHAPRETA_510206,312263.860,2624129.200,129.9100,0.0769,2.5100,0.1604,-1
KHAPRETA_510206,312264.860,2624129.200,129.9300,0.0669,2.4900,0.1591,-1
KHAPRETA_510206,312266.860,2624129.200,129.8300,0.0000,2.5900,0.1655,-1
KHAPRETA_510206,312276.860,2624129.200,129.8200,0.0814,2.6000,0.1661,-1
KHAPRETA_510206,312277.860,2624129.200,129.9200,0.0219,2.5000,0.1597,-1
KHAPRETA_510206,312279.860,2624129.200,129.8600,0.0031,2.5600,0.1636,-1
KHAPRETA_510206,312280.860,2624129.200,129.7700,0.0050,2.6500,0.1693,-1
KHAPRETA_510206,312281.860,2624129.200,129.8500,0.0570,2.5700,0.1642,-1
KHAPRETA_510206,312289.860,2624129.200,129.8400,0.1750,2.5800,0.1649,-1
KHAPRETA_510206,312294.860,2624129.200,129.7200,0.0319,2.7000,0.1725,-1
KHAPRETA_510206,312297.860,2624129.200,129.8800,0.0119,2.5400,0.1623,-1
KHAPRETA_510206,312300.860,2624129.200,129.9600,0.0919,2.4600,0.1572,-1
KHAPRETA_510206,312301.860,2624129.200,129.9600,0.1156,2.4600,0.1572,-1
KHAPRETA_510206,312306.860,2624129.200,130.0800,0.0000,2.3400,0.1495,-1
KHAPRETA_510206,312309.860,2624129.200,130.0000,0.0000,2.4200,0.1546,-1
KHAPRETA_510206,312316.860,2624129.200,129.8400,0.0219,2.5800,0.1649,-1
KHAPRETA_510206,312321.860,2624129.200,130.0700,0.1419,2.3500,0.1502,-1
KHAPRETA_510206,312323.860,2624129.200,130.0400,0.1169,2.3800,0.1521,-1
KHAPRETA_510206,312332.860,2624129.200,130.0700,0.0000,2.3500,0.1502,-1
KHAPRETA_510206,312336.860,2624129.200,130.1300,0.0200,2.2900,0.1463,-1
KHAPRETA_510206,312342.860,2624129.200,130.2400,0.2369,2.1800,0.1393,-1
KHAPRETA_510206,312348.860,2624129.200,130.0800,0.1969,2.3400,0.1495,-1
KHAPRETA_510206,312349.860,2624129.200,130.1700,0.2581,2.2500,0.1438,-1
KHAPRETA_510206,312350.860,2624129.200,130.1300,0.0150,2.2900,0.1463,-1
KHAPRETA_510206,312351.860,2624129.200,130.2000,0.2647,2.2200,0.1419,-1
KHAPRETA_510206,312357.860,2624129.200,130.2500,0.2619,2.1700,0.1387,-1
KHAPRETA_510206,312360.860,2624129.200,130.2900,0.0000,2.1300,0.1361,-1
KHAPRETA_510206,312363.860,2624129.200,130.2500,0.3069,2.1700,0.1387,-1
KHAPRETA_510206,312366.860,2624129.200,130.2900,0.3184,2.1300,0.1361,-1
KHAPRETA_510206,312367.860,2624129.200,130.4100,0.2947,2.0100,0.1284,-1
KHAPRETA_510206,312368.860,2624129.200,130.2100,0.3169,2.2100,0.1412,-1
KHAPRETA_510206,312370.860,2624129.200,130.1500,0.2698,2.2700,0.1450,-1
KHAPRETA_510206,312371.860,2624129.200,130.2000,0.1869,2.2200,0.1419,-1
KHAPRETA_510206,312374.860,2624129.200,130.4300,0.0000,1.9900,0.1272,-1
KHAPRETA_510206,312381.860,2624129.200,130.5000,0.0000,1.9200,0.1227,-1
KHAPRETA_510206,312385.860,2624129.200,130.5600,0.4019,1.8600,0.1188,-1
KHAPRETA_510206,312389.860,2624129.200,130.6000,0.5766,1.8200,0.1163,-1
KHAPRETA_510206,312390.860,2624129.200,130.6400,0.0050,1.7800,0.1137,-1
KHAPRETA_510206,312391.860,2624129.200,130.6100,0.4374,1.8100,0.1157,-1
KHAPRETA_510206,312392.860,2624129.200,130.6800,0.4169,1.7400,0.1112,-1
KHAPRETA_510206,312398.860,2624129.200,130.7100,0.0000,1.7100,0.1093,-1
KHAPRETA_510206,312405.860,2624129.200,130.7400,0.5069,1.6800,0.1073,-1
KHAPRETA_510206,312407.860,2624129.200,130.5200,0.0050,1.9000,0.1214,-1
KHAPRETA_510206,312413.860,2624129.200,130.5900,0.0000,1.8300,0.1169,-1
KHAPRETA_510206,312415.860,2624129.200,130.6600,0.0000,1.7600,0.1125,-1
KHAPRETA_510206,312419.860,2624129.200,130.7000,0.0000,1.7200,0.1099,-1
KHAPRETA_510206,312422.860,2624129.200,130.7700,0.4719,1.6500,0.1054,-1
KHAPRETA_510206,312423.860,2624129.200,130.7200,0.4969,1.7000,0.1086,-1
KHAPRETA_510206,312425.860,2624129.200,130.7400,0.5069,1.6800,0.1073,-1
KHAPRETA_510206,312426.860,2624129.200,130.7900,0.4819,1.6300,0.1042,-1
KHAPRETA_510206,312428.860,2624129.200,130.7800,0.4769,1.6400,0.1048,-1
KHAPRETA_510206,312437.860,2624129.200,130.8500,0.5269,1.5700,0.1003,-1
KHAPRETA_510206,312444.860,2624129.200,130.9800,0.0000,1.4400,0.0920,-1
KHAPRETA_510206,312490.860,2624129.200,130.7000,0.0000,1.7200,0.1099,-1
KHAPRETA_510206,312492.860,2624129.200,131.0100,0.8939,1.4100,0.0901,-1
KHAPRETA_510206,312493.860,2624129.200,130.9200,0.7270,1.5000,0.0958,-1
KHAPRETA_510206,312494.860,2624129.200,131.0000,0.5719,1.4200,0.0907,-1
KHAPRETA_510206,312499.860,2624129.200,131.1900,0.6419,1.2300,0.0786,-1
KHAPRETA_510206,312072.860,2624130.200,127.1600,1.4831,5.2600,0.3361,-1
KHAPRETA_510206,312073.860,2624130.200,126.8100,1.3081,5.6100,0.3585,-1
KHAPRETA_510206,312076.860,2624130.200,127.0300,0.0000,5.3900,0.3444,-1
KHAPRETA_510206,312080.860,2624130.200,127.0700,0.0000,5.3500,0.3419,-1
KHAPRETA_510206,312084.860,2624130.200,126.9800,1.9348,5.4400,0.3476,-1
KHAPRETA_510206,312085.860,2624130.200,127.0100,1.3178,5.4100,0.3457,-1
KHAPRETA_510206,312086.860,2624130.200,127.3000,1.8866,5.1200,0.3272,-1
KHAPRETA_510206,312088.860,2624130.200,127.2200,1.2031,5.2000,0.3323,-1
KHAPRETA_510206,312089.860,2624130.200,127.3700,0.0050,5.0500,0.3227,-1
KHAPRETA_510206,312090.860,2624130.200,127.2100,1.2034,5.2100,0.3329,-1
KHAPRETA_510206,312097.860,2624130.200,127.3800,0.0000,5.0400,0.3220,-1
KHAPRETA_510206,312103.860,2624130.200,127.4500,0.0000,4.9700,0.3176,-1
KHAPRETA_510206,312105.860,2624130.200,127.4700,0.0000,4.9500,0.3163,-1
KHAPRETA_510206,312109.860,2624130.200,127.7700,1.1231,4.6500,0.2971,-1
KHAPRETA_510206,312115.860,2624130.200,127.8600,1.4311,4.5600,0.2914,-1
KHAPRETA_510206,312116.860,2624130.200,127.8600,0.9581,4.5600,0.2914,-1
KHAPRETA_510206,312118.860,2624130.200,127.4500,0.0000,4.9700,0.3176,-1
KHAPRETA_510206,312124.860,2624130.200,127.6800,0.0700,4.7400,0.3029,-1
KHAPRETA_510206,312130.860,2624130.200,127.7100,1.4259,4.7100,0.3010,-1
KHAPRETA_510206,312131.860,2624130.200,127.8000,0.9289,4.6200,0.2952,-1
KHAPRETA_510206,312132.860,2624130.200,127.7900,0.9051,4.6300,0.2958,-1
KHAPRETA_510206,312133.860,2624130.200,127.9200,0.9931,4.5000,0.2875,-1
KHAPRETA_510206,312136.860,2624130.200,128.4500,0.0000,3.9700,0.2537,-1
KHAPRETA_510206,312141.860,2624130.200,128.6300,0.0000,3.7900,0.2422,-1
KHAPRETA_510206,312149.860,2624130.200,128.4300,0.6484,3.9900,0.2550,-1
KHAPRETA_510206,312150.860,2624130.200,128.4800,0.6820,3.9400,0.2518,-1
KHAPRETA_510206,312155.860,2624130.200,128.4000,0.0000,4.0200,0.2569,-1
KHAPRETA_510206,312158.860,2624130.200,128.4600,0.6631,3.9600,0.2530,-1
KHAPRETA_510206,312168.860,2624130.200,128.5400,0.0000,3.8800,0.2479,-1
KHAPRETA_510206,312171.860,2624130.200,128.8300,0.0000,3.5900,0.2294,-1
KHAPRETA_510206,312178.860,2624130.200,129.0300,0.0000,3.3900,0.2166,-1
KHAPRETA_510206,312184.860,2624130.200,128.9600,0.0150,3.4600,0.2211,-1
KHAPRETA_510206,312186.860,2624130.200,129.2200,0.2781,3.2000,0.2045,-1
KHAPRETA_510206,312187.860,2624130.200,129.2200,0.4076,3.2000,0.2045,-1
KHAPRETA_510206,312189.860,2624130.200,129.3000,0.0000,3.1200,0.1994,-1
KHAPRETA_510206,312193.860,2624130.200,129.2000,0.0000,3.2200,0.2058,-1
KHAPRETA_510206,312197.860,2624130.200,129.0600,0.0331,3.3600,0.2147,-1
KHAPRETA_510206,312198.860,2624130.200,129.7100,0.5100,2.7100,0.1732,-1
KHAPRETA_510206,312199.860,2624130.200,130.0800,0.0331,2.3400,0.1495,-1
KHAPRETA_510206,312207.860,2624130.200,129.5700,0.3509,2.8500,0.1821,-1
KHAPRETA_510206,312208.860,2624130.200,129.4400,0.1723,2.9800,0.1904,-1
KHAPRETA_510206,312215.860,2624130.200,129.8700,0.0619,2.5500,0.1629,-1
KHAPRETA_510206,312216.860,2624130.200,129.9000,0.0547,2.5200,0.1610,-1
KHAPRETA_510206,312232.860,2624130.200,129.8900,0.0019,2.5300,0.1617,-1
KHAPRETA_510206,312240.860,2624130.200,129.9000,0.0000,2.5200,0.1610,-1
KHAPRETA_510206,312242.860,2624130.200,129.7200,0.1347,2.7000,0.1725,-1
KHAPRETA_510206,312243.860,2624130.200,129.9900,0.0281,2.4300,0.1553,-1
KHAPRETA_510206,312245.860,2624130.200,129.9800,0.0669,2.4400,0.1559,-1
KHAPRETA_510206,312246.860,2624130.200,129.9100,0.1019,2.5100,0.1604,-1
KHAPRETA_510206,312248.860,2624130.200,129.6000,0.0000,2.8200,0.1802,-1
KHAPRETA_510206,312255.860,2624130.200,129.8900,0.0569,2.5300,0.1617,-1
KHAPRETA_510206,312257.860,2624130.200,129.9500,0.0000,2.4700,0.1578,-1
KHAPRETA_510206,312262.860,2624130.200,129.9100,0.0919,2.5100,0.1604,-1
KHAPRETA_510206,312269.860,2624130.200,129.8200,0.0000,2.6000,0.1661,-1
KHAPRETA_510206,312274.860,2624130.200,129.9000,0.0181,2.5200,0.1610,-1
KHAPRETA_510206,312275.860,2624130.200,129.7400,0.1000,2.6800,0.1712,-1
KHAPRETA_510206,312276.860,2624130.200,129.7000,0.0284,2.7200,0.1738,-1
KHAPRETA_510206,312278.860,2624130.200,129.6700,0.0469,2.7500,0.1757,-1
KHAPRETA_510206,312282.860,2624130.200,129.9500,0.0000,2.4700,0.1578,-1
KHAPRETA_510206,312289.860,2624130.200,130.0800,0.1152,2.3400,0.1495,-1
KHAPRETA_510206,312290.860,2624130.200,129.9200,0.1519,2.5000,0.1597,-1
KHAPRETA_510206,312295.860,2624130.200,129.7400,0.1119,2.6800,0.1712,-1
KHAPRETA_510206,312298.860,2624130.200,129.9700,0.0000,2.4500,0.1565,-1
KHAPRETA_510206,312301.860,2624130.200,129.9700,0.0919,2.4500,0.1565,-1
KHAPRETA_510206,312315.860,2624130.200,129.9000,0.0969,2.5200,0.1610,-1
KHAPRETA_510206,312318.860,2624130.200,130.0000,0.1319,2.4200,0.1546,-1
KHAPRETA_510206,312319.860,2624130.200,130.0400,0.1119,2.3800,0.1521,-1
KHAPRETA_510206,312322.860,2624130.200,130.1100,0.1269,2.3100,0.1476,-1
KHAPRETA_510206,312329.860,2624130.200,130.1700,0.0000,2.2500,0.1438,-1
KHAPRETA_510206,312336.860,2624130.200,130.0100,0.1769,2.4100,0.1540,-1
KHAPRETA_510206,312338.860,2624130.200,130.1800,0.1469,2.2400,0.1431,-1
KHAPRETA_510206,312339.860,2624130.200,130.0700,0.2527,2.3500,0.1502,-1
KHAPRETA_510206,312342.860,2624130.200,130.2500,0.2319,2.1700,0.1387,-1
KHAPRETA_510206,312344.860,2624130.200,130.1400,0.2019,2.2800,0.1457,-1
KHAPRETA_510206,312347.860,2624130.200,130.2000,0.0000,2.2200,0.1419,-1
KHAPRETA_510206,312349.860,2624130.200,130.2900,0.1969,2.1300,0.1361,-1
KHAPRETA_510206,312351.860,2624130.200,130.1700,0.0000,2.2500,0.1438,-1
KHAPRETA_510206,312353.860,2624130.200,130.2100,0.0000,2.2100,0.1412,-1
KHAPRETA_510206,312357.860,2624130.200,130.3000,0.3760,2.1200,0.1355,-1
KHAPRETA_510206,312358.860,2624130.200,130.3600,0.2619,2.0600,0.1316,-1
KHAPRETA_510206,312363.860,2624130.200,130.3900,0.2369,2.0300,0.1297,-1
KHAPRETA_510206,312366.860,2624130.200,130.3500,0.2569,2.0700,0.1323,-1
KHAPRETA_510206,312370.860,2624130.200,130.1100,0.1869,2.3100,0.1476,-1
KHAPRETA_510206,312372.860,2624130.200,130.1600,0.0000,2.2600,0.1444,-1
KHAPRETA_510206,312376.860,2624130.200,130.4900,0.3419,1.9300,0.1233,-1
KHAPRETA_510206,312377.860,2624130.200,130.4600,0.3569,1.9600,0.1252,-1
KHAPRETA_510206,312379.860,2624130.200,130.3500,0.0000,2.0700,0.1323,-1
KHAPRETA_510206,312384.860,2624130.200,130.5800,0.3519,1.8400,0.1176,-1
KHAPRETA_510206,312386.860,2624130.200,130.6200,0.4269,1.8000,0.1150,-1
KHAPRETA_510206,312391.860,2624130.200,130.6500,0.4169,1.7700,0.1131,-1
KHAPRETA_510206,312393.860,2624130.200,130.6100,0.4619,1.8100,0.1157,-1
KHAPRETA_510206,312397.860,2624130.200,130.6800,0.0000,1.7400,0.1112,-1
KHAPRETA_510206,312399.860,2624130.200,130.7600,0.4719,1.6600,0.1061,-1
KHAPRETA_510206,312400.860,2624130.200,130.7200,0.4919,1.7000,0.1086,-1
KHAPRETA_510206,312406.860,2624130.200,130.6500,0.4619,1.7700,0.1131,-1
KHAPRETA_510206,312407.860,2624130.200,130.7000,0.5738,1.7200,0.1099,-1
KHAPRETA_510206,312418.860,2624130.200,130.7200,0.4719,1.7000,0.1086,-1
KHAPRETA_510206,312424.860,2624130.200,130.7800,0.0000,1.6400,0.1048,-1
KHAPRETA_510206,312434.860,2624130.200,130.8100,0.4919,1.6100,0.1029,-1
KHAPRETA_510206,312437.860,2624130.200,130.8300,0.5369,1.5900,0.1016,-1
KHAPRETA_510206,312440.860,2624130.200,130.9000,0.5819,1.5200,0.0971,-1
KHAPRETA_510206,312442.860,2624130.200,130.8800,0.5719,1.5400,0.0984,-1
KHAPRETA_510206,312443.860,2624130.200,130.9200,0.5519,1.5000,0.0958,-1
KHAPRETA_510206,312451.860,2624130.200,131.0200,0.0000,1.4000,0.0895,-1
KHAPRETA_510206,312453.860,2624130.200,131.0800,0.0000,1.3400,0.0856,-1
KHAPRETA_510206,312495.860,2624130.200,130.6100,0.0000,1.8100,0.1157,-1
KHAPRETA_510206,312499.860,2624130.200,131.0600,0.7069,1.3600,0.0869,-1
KHAPRETA_510206,312065.860,2624131.200,126.9500,0.0000,5.4700,0.3495,-1
KHAPRETA_510206,312067.860,2624131.200,126.8900,1.4531,5.5300,0.3534,-1
KHAPRETA_510206,312068.860,2624131.200,126.8700,1.9919,5.5500,0.3546,-1
KHAPRETA_510206,312071.860,2624131.200,126.9400,0.0000,5.4800,0.3502,-1
KHAPRETA_510206,312075.860,2624131.200,127.0700,0.0000,5.3500,0.3419,-1
KHAPRETA_510206,312081.860,2624131.200,127.0900,0.0000,5.3300,0.3406,-1
KHAPRETA_510206,312083.860,2624131.200,127.1500,1.3081,5.2700,0.3367,-1
KHAPRETA_510206,312085.860,2624131.200,127.1600,1.8866,5.2600,0.3361,-1
KHAPRETA_510206,312086.860,2624131.200,127.2100,1.2382,5.2100,0.3329,-1
KHAPRETA_510206,312087.860,2624131.200,127.2000,1.2831,5.2200,0.3335,-1
KHAPRETA_510206,312090.860,2624131.200,127.2500,1.2831,5.1700,0.3304,-1
KHAPRETA_510206,312093.860,2624131.200,127.2000,1.2731,5.2200,0.3335,-1
KHAPRETA_510206,312095.860,2624131.200,127.1900,0.0000,5.2300,0.3342,-1
KHAPRETA_510206,312098.860,2624131.200,127.3700,1.2331,5.0500,0.3227,-1
KHAPRETA_510206,312102.860,2624131.200,127.4600,0.0000,4.9600,0.3169,-1
KHAPRETA_510206,312109.860,2624131.200,127.5300,1.4150,4.8900,0.3125,-1
KHAPRETA_510206,312110.860,2624131.200,127.7800,1.1231,4.6400,0.2965,-1
KHAPRETA_510206,312115.860,2624131.200,127.6500,0.9581,4.7700,0.3048,-1
KHAPRETA_510206,312122.860,2624131.200,127.7400,1.4624,4.6800,0.2990,-1
KHAPRETA_510206,312123.860,2624131.200,127.8000,1.0443,4.6200,0.2952,-1
KHAPRETA_510206,312124.860,2624131.200,127.6400,0.9884,4.7800,0.3054,-1
KHAPRETA_510206,312126.860,2624131.200,127.6100,1.4893,4.8100,0.3073,-1
KHAPRETA_510206,312127.860,2624131.200,127.6500,1.0046,4.7700,0.3048,-1
KHAPRETA_510206,312128.860,2624131.200,127.7200,1.0188,4.7000,0.3003,-1
KHAPRETA_510206,312129.860,2624131.200,127.7300,1.0481,4.6900,0.2997,-1
KHAPRETA_510206,312130.860,2624131.200,127.7200,0.1180,4.7000,0.3003,-1
KHAPRETA_510206,312131.860,2624131.200,127.9200,0.9959,4.5000,0.2875,-1
KHAPRETA_510206,312132.860,2624131.200,127.9700,1.3592,4.4500,0.2843,-1
KHAPRETA_510206,312135.860,2624131.200,128.6100,0.0000,3.8100,0.2435,-1
KHAPRETA_510206,312137.860,2624131.200,128.5500,0.0000,3.8700,0.2473,-1
KHAPRETA_510206,312142.860,2624131.200,128.4000,0.0000,4.0200,0.2569,-1
KHAPRETA_510206,312149.860,2624131.200,128.3300,0.8648,4.0900,0.2613,-1
KHAPRETA_510206,312150.860,2624131.200,128.6900,0.9710,3.7300,0.2383,-1
KHAPRETA_510206,312156.860,2624131.200,128.4900,0.6631,3.9300,0.2511,-1
KHAPRETA_510206,312157.860,2624131.200,128.4500,0.6431,3.9700,0.2537,-1
KHAPRETA_510206,312159.860,2624131.200,128.6900,0.0000,3.7300,0.2383,-1
KHAPRETA_510206,312165.860,2624131.200,128.6400,0.0000,3.7800,0.2415,-1
KHAPRETA_510206,312169.860,2624131.200,128.5600,0.0000,3.8600,0.2466,-1
KHAPRETA_510206,312173.860,2624131.200,128.5800,0.0000,3.8400,0.2454,-1
KHAPRETA_510206,312175.860,2624131.200,128.7800,0.0000,3.6400,0.2326,-1
KHAPRETA_510206,312181.860,2624131.200,128.9100,0.5131,3.5100,0.2243,-1
KHAPRETA_510206,312184.860,2624131.200,128.9900,0.5631,3.4300,0.2192,-1
KHAPRETA_510206,312185.860,2624131.200,129.0000,0.3931,3.4200,0.2185,-1
KHAPRETA_510206,312187.860,2624131.200,129.1800,0.2781,3.2400,0.2070,-1
KHAPRETA_510206,312190.860,2624131.200,129.2200,0.0000,3.2000,0.2045,-1
KHAPRETA_510206,312194.860,2624131.200,129.2000,0.0000,3.2200,0.2058,-1
KHAPRETA_510206,312200.860,2624131.200,129.1700,0.0000,3.2500,0.2077,-1
KHAPRETA_510206,312208.860,2624131.200,129.5000,0.2175,2.9200,0.1866,-1
KHAPRETA_510206,312209.860,2624131.200,129.5000,0.1381,2.9200,0.1866,-1
KHAPRETA_510206,312211.860,2624131.200,129.5400,0.0000,2.8800,0.1840,-1
KHAPRETA_510206,312216.860,2624131.200,129.7200,0.0619,2.7000,0.1725,-1
KHAPRETA_510206,312218.860,2624131.200,129.8400,0.0919,2.5800,0.1649,-1
KHAPRETA_510206,312222.860,2624131.200,129.7800,0.0119,2.6400,0.1687,-1
KHAPRETA_510206,312224.860,2624131.200,129.8700,0.0629,2.5500,0.1629,-1
KHAPRETA_510206,312225.860,2624131.200,129.8700,0.0469,2.5500,0.1629,-1
KHAPRETA_510206,312227.860,2624131.200,129.8400,0.0000,2.5800,0.1649,-1
KHAPRETA_510206,312232.860,2624131.200,129.7800,0.1800,2.6400,0.1687,-1
KHAPRETA_510206,312239.860,2624131.200,129.9600,0.0000,2.4600,0.1572,-1
KHAPRETA_510206,312241.860,2624131.200,129.9700,0.0819,2.4500,0.1565,-1
KHAPRETA_510206,312242.860,2624131.200,129.9400,0.1009,2.4800,0.1585,-1
KHAPRETA_510206,312249.860,2624131.200,129.5200,0.0419,2.9000,0.1853,-1
KHAPRETA_510206,312253.860,2624131.200,129.8900,0.0000,2.5300,0.1617,-1
KHAPRETA_510206,312262.860,2624131.200,129.9600,0.0669,2.4600,0.1572,-1
KHAPRETA_510206,312264.860,2624131.200,129.9600,0.0000,2.4600,0.1572,-1
KHAPRETA_510206,312271.860,2624131.200,129.6100,0.1003,2.8100,0.1796,-1
KHAPRETA_510206,312272.860,2624131.200,129.6800,0.0831,2.7400,0.1751,-1
KHAPRETA_510206,312277.860,2624131.200,129.6900,0.0469,2.7300,0.1744,-1
KHAPRETA_510206,312278.860,2624131.200,129.8700,0.0683,2.5500,0.1629,-1
KHAPRETA_510206,312280.860,2624131.200,129.9300,0.0464,2.4900,0.1591,-1
KHAPRETA_510206,312281.860,2624131.200,129.7200,0.0769,2.7000,0.1725,-1
KHAPRETA_510206,312283.860,2624131.200,129.7700,0.0969,2.6500,0.1693,-1
KHAPRETA_510206,312287.860,2624131.200,129.9700,0.0269,2.4500,0.1565,-1
KHAPRETA_510206,312289.860,2624131.200,130.0200,0.1300,2.4000,0.1534,-1
KHAPRETA_510206,312292.860,2624131.200,130.0000,0.0541,2.4200,0.1546,-1
KHAPRETA_510206,312293.860,2624131.200,129.8700,0.1119,2.5500,0.1629,-1
KHAPRETA_510206,312295.860,2624131.200,130.0000,0.0181,2.4200,0.1546,-1
KHAPRETA_510206,312303.860,2624131.200,129.9100,0.0869,2.5100,0.1604,-1
KHAPRETA_510206,312308.860,2624131.200,130.0300,0.1972,2.3900,0.1527,-1
KHAPRETA_510206,312309.860,2624131.200,130.0500,0.0250,2.3700,0.1514,-1
KHAPRETA_510206,312310.860,2624131.200,130.0800,0.0627,2.3400,0.1495,-1
KHAPRETA_510206,312311.860,2624131.200,130.0700,0.0250,2.3500,0.1502,-1
KHAPRETA_510206,312312.860,2624131.200,130.0300,0.1469,2.3900,0.1527,-1
KHAPRETA_510206,312315.860,2624131.200,129.9700,0.0050,2.4500,0.1565,-1
KHAPRETA_510206,312320.860,2624131.200,130.0800,0.1678,2.3400,0.1495,-1
KHAPRETA_510206,312321.860,2624131.200,130.0500,0.0250,2.3700,0.1514,-1
KHAPRETA_510206,312322.860,2624131.200,130.0300,0.1369,2.3900,0.1527,-1
KHAPRETA_510206,312324.860,2624131.200,130.1200,0.1319,2.3000,0.1470,-1
KHAPRETA_510206,312325.860,2624131.200,130.0400,0.1719,2.3800,0.1521,-1
KHAPRETA_510206,312327.860,2624131.200,130.1400,0.0000,2.2800,0.1457,-1
KHAPRETA_510206,312333.860,2624131.200,130.1900,0.0000,2.2300,0.1425,-1
KHAPRETA_510206,312339.860,2624131.200,130.0800,0.0350,2.3400,0.1495,-1
KHAPRETA_510206,312344.860,2624131.200,130.1800,0.1819,2.2400,0.1431,-1
KHAPRETA_510206,312351.860,2624131.200,130.2000,0.2265,2.2200,0.1419,-1
KHAPRETA_510206,312352.860,2624131.200,130.2200,0.2826,2.2000,0.1406,-1
KHAPRETA_510206,312354.860,2624131.200,130.1400,0.1969,2.2800,0.1457,-1
KHAPRETA_510206,312360.860,2624131.200,130.2800,0.0000,2.1400,0.1367,-1
KHAPRETA_510206,312364.860,2624131.200,130.3500,0.2819,2.0700,0.1323,-1
KHAPRETA_510206,312371.860,2624131.200,130.1900,0.0000,2.2300,0.1425,-1
KHAPRETA_510206,312381.860,2624131.200,130.5600,0.0000,1.8600,0.1188,-1
KHAPRETA_510206,312384.860,2624131.200,130.4800,0.0150,1.9400,0.1240,-1
KHAPRETA_510206,312386.860,2624131.200,130.6300,0.4219,1.7900,0.1144,-1
KHAPRETA_510206,312389.860,2624131.200,130.6500,0.0000,1.7700,0.1131,-1
KHAPRETA_510206,312393.860,2624131.200,130.7000,0.4696,1.7200,0.1099,-1
KHAPRETA_510206,312394.860,2624131.200,130.7100,0.4619,1.7100,0.1093,-1
KHAPRETA_510206,312396.860,2624131.200,130.6600,0.0000,1.7600,0.1125,-1
KHAPRETA_510206,312398.860,2624131.200,130.7200,0.0000,1.7000,0.1086,-1
KHAPRETA_510206,312403.860,2624131.200,130.6200,0.0000,1.8000,0.1150,-1
KHAPRETA_510206,312409.860,2624131.200,130.6500,0.4419,1.7700,0.1131,-1
KHAPRETA_510206,312417.860,2624131.200,130.7700,0.4719,1.6500,0.1054,-1
KHAPRETA_510206,312418.860,2624131.200,130.7200,0.6853,1.7000,0.1086,-1
KHAPRETA_510206,312429.860,2624131.200,130.7800,0.0000,1.6400,0.1048,-1
KHAPRETA_510206,312434.860,2624131.200,130.7600,0.7382,1.6600,0.1061,-1
KHAPRETA_510206,312435.860,2624131.200,130.8300,0.4919,1.5900,0.1016,-1
KHAPRETA_510206,312439.860,2624131.200,130.9000,0.8265,1.5200,0.0971,-1
KHAPRETA_510206,312440.860,2624131.200,130.9400,0.7947,1.4800,0.0946,-1
KHAPRETA_510206,312445.860,2624131.200,130.9500,0.0000,1.4700,0.0939,-1
KHAPRETA_510206,312447.860,2624131.200,131.0000,0.0000,1.4200,0.0907,-1
KHAPRETA_510206,312450.860,2624131.200,130.9800,0.0000,1.4400,0.0920,-1
KHAPRETA_510206,312487.860,2624131.200,130.8700,0.7719,1.5500,0.0990,-1
KHAPRETA_510206,312488.860,2624131.200,131.3200,0.5469,1.1000,0.0703,-1
KHAPRETA_510206,312490.860,2624131.200,131.0100,0.4119,1.4100,0.0901,-1
KHAPRETA_510206,312491.860,2624131.200,130.6000,0.6169,1.8200,0.1163,-1
KHAPRETA_510206,312496.860,2624131.200,130.9100,0.0000,1.5100,0.0965,-1
KHAPRETA_510206,312066.860,2624132.200,126.8700,0.0000,5.5500,0.3546,-1
KHAPRETA_510206,312068.860,2624132.200,127.0300,2.0514,5.3900,0.3444,-1
KHAPRETA_510206,312069.860,2624132.200,126.8800,0.0350,5.5400,0.3540,-1
KHAPRETA_510206,312070.860,2624132.200,126.9600,1.4481,5.4600,0.3489,-1
KHAPRETA_510206,312077.860,2624132.200,126.9500,0.0000,5.4700,0.3495,-1
KHAPRETA_510206,312079.860,2624132.200,127.0000,0.0000,5.4200,0.3463,-1
KHAPRETA_510206,312083.860,2624132.200,127.1600,1.2734,5.2600,0.3361,-1
KHAPRETA_510206,312084.860,2624132.200,127.2300,1.3081,5.1900,0.3316,-1
KHAPRETA_510206,312088.860,2624132.200,127.2200,0.0000,5.2000,0.3323,-1
KHAPRETA_510206,312093.860,2624132.200,127.2300,0.0200,5.1900,0.3316,-1
KHAPRETA_510206,312097.860,2624132.200,127.3500,1.2331,5.0700,0.3240,-1
KHAPRETA_510206,312098.860,2624132.200,127.3100,0.0212,5.1100,0.3265,-1
KHAPRETA_510206,312099.860,2624132.200,127.3800,0.0350,5.0400,0.3220,-1
KHAPRETA_510206,312100.860,2624132.200,127.3800,1.1934,5.0400,0.3220,-1
KHAPRETA_510206,312101.860,2624132.200,127.4400,1.1981,4.9800,0.3182,-1
KHAPRETA_510206,312104.860,2624132.200,127.4800,0.0000,4.9400,0.3157,-1
KHAPRETA_510206,312106.860,2624132.200,127.4700,1.1831,4.9500,0.3163,-1
KHAPRETA_510206,312113.860,2624132.200,127.7700,0.0000,4.6500,0.2971,-1
KHAPRETA_510206,312118.860,2624132.200,127.9200,0.0000,4.5000,0.2875,-1
KHAPRETA_510206,312121.860,2624132.200,127.6700,1.0781,4.7500,0.3035,-1
KHAPRETA_510206,312122.860,2624132.200,127.6200,1.0181,4.8000,0.3067,-1
KHAPRETA_510206,312123.860,2624132.200,127.6900,0.9881,4.7300,0.3022,-1
KHAPRETA_510206,312124.860,2624132.200,127.6300,1.0681,4.7900,0.3061,-1
KHAPRETA_510206,312125.860,2624132.200,127.6700,0.0300,4.7500,0.3035,-1
KHAPRETA_510206,312126.860,2624132.200,127.6900,1.0842,4.7300,0.3022,-1
KHAPRETA_510206,312127.860,2624132.200,127.7700,0.1471,4.6500,0.2971,-1
KHAPRETA_510206,312128.860,2624132.200,127.7400,1.0290,4.6800,0.2990,-1
KHAPRETA_510206,312129.860,2624132.200,127.6800,1.0245,4.7400,0.3029,-1
KHAPRETA_510206,312130.860,2624132.200,127.8500,1.4681,4.5700,0.2920,-1
KHAPRETA_510206,312147.860,2624132.200,128.5600,0.0000,3.8600,0.2466,-1
KHAPRETA_510206,312151.860,2624132.200,128.7300,0.0000,3.6900,0.2358,-1
KHAPRETA_510206,312153.860,2624132.200,128.4500,0.0000,3.9700,0.2537,-1
KHAPRETA_510206,312158.860,2624132.200,128.5100,0.0000,3.9100,0.2498,-1
KHAPRETA_510206,312160.860,2624132.200,128.4400,0.5931,3.9800,0.2543,-1
KHAPRETA_510206,312161.860,2624132.200,128.5900,0.6681,3.8300,0.2447,-1
KHAPRETA_510206,312164.860,2624132.200,128.6800,0.0000,3.7400,0.2390,-1
KHAPRETA_510206,312171.860,2624132.200,128.7900,0.5131,3.6300,0.2319,-1
KHAPRETA_510206,312177.860,2624132.200,128.7500,0.0000,3.6700,0.2345,-1
KHAPRETA_510206,312180.860,2624132.200,128.9000,0.6373,3.5200,0.2249,-1
KHAPRETA_510206,312181.860,2624132.200,128.7500,0.6160,3.6700,0.2345,-1
KHAPRETA_510206,312188.860,2624132.200,129.2700,0.3531,3.1500,0.2013,-1
KHAPRETA_510206,312199.860,2624132.200,129.9100,0.0000,2.5100,0.1604,-1
KHAPRETA_510206,312213.860,2624132.200,129.7800,0.0000,2.6400,0.1687,-1
KHAPRETA_510206,312218.860,2624132.200,129.9600,0.0892,2.4600,0.1572,-1
KHAPRETA_510206,312219.860,2624132.200,129.9500,0.0919,2.4700,0.1578,-1
KHAPRETA_510206,312221.860,2624132.200,129.7900,0.0119,2.6300,0.1681,-1
KHAPRETA_510206,312222.860,2624132.200,129.8000,0.0019,2.6200,0.1674,-1
KHAPRETA_510206,312223.860,2624132.200,129.7900,0.0300,2.6300,0.1681,-1
KHAPRETA_510206,312224.860,2624132.200,129.8600,0.0474,2.5600,0.1636,-1
KHAPRETA_510206,312228.860,2624132.200,129.9600,0.0000,2.4600,0.1572,-1
KHAPRETA_510206,312232.860,2624132.200,129.5300,0.0820,2.8900,0.1847,-1
KHAPRETA_510206,312233.860,2624132.200,129.9400,0.2800,2.4800,0.1585,-1
KHAPRETA_510206,312234.860,2624132.200,130.0900,0.0819,2.3300,0.1489,-1
KHAPRETA_510206,312249.860,2624132.200,129.8600,0.1281,2.5600,0.1636,-1
KHAPRETA_510206,312252.860,2624132.200,129.5800,0.0000,2.8400,0.1815,-1
KHAPRETA_510206,312254.860,2624132.200,129.6400,0.0000,2.7800,0.1776,-1
KHAPRETA_510206,312258.860,2624132.200,129.9400,0.0000,2.4800,0.1585,-1
KHAPRETA_510206,312263.860,2624132.200,129.9500,0.0000,2.4700,0.1578,-1
KHAPRETA_510206,312271.860,2624132.200,129.6000,0.0831,2.8200,0.1802,-1
KHAPRETA_510206,312275.860,2624132.200,129.8400,0.0000,2.5800,0.1649,-1
KHAPRETA_510206,312279.860,2624132.200,129.7400,0.0369,2.6800,0.1712,-1
KHAPRETA_510206,312280.860,2624132.200,129.8500,0.0790,2.5700,0.1642,-1
KHAPRETA_510206,312282.860,2624132.200,129.8500,0.0969,2.5700,0.1642,-1
KHAPRETA_510206,312283.860,2624132.200,129.9700,0.0371,2.4500,0.1565,-1
KHAPRETA_510206,312287.860,2624132.200,129.8300,0.1371,2.5900,0.1655,-1
KHAPRETA_510206,312288.860,2624132.200,129.9700,0.0050,2.4500,0.1565,-1
KHAPRETA_510206,312289.860,2624132.200,129.8200,0.1558,2.6000,0.1661,-1
KHAPRETA_510206,312292.860,2624132.200,129.8300,0.0600,2.5900,0.1655,-1
KHAPRETA_510206,312299.860,2624132.200,129.9300,0.0000,2.4900,0.1591,-1
KHAPRETA_510206,312302.860,2624132.200,130.0600,0.0869,2.3600,0.1508,-1
KHAPRETA_510206,312303.860,2624132.200,129.9500,0.1203,2.4700,0.1578,-1
KHAPRETA_510206,312304.860,2624132.200,129.8600,0.0869,2.5600,0.1636,-1
KHAPRETA_510206,312307.860,2624132.200,130.1300,0.1719,2.2900,0.1463,-1
KHAPRETA_510206,312308.860,2624132.200,130.0600,0.2178,2.3600,0.1508,-1
KHAPRETA_510206,312310.860,2624132.200,129.9000,0.1519,2.5200,0.1610,-1
KHAPRETA_510206,312314.860,2624132.200,129.9800,0.0569,2.4400,0.1559,-1
KHAPRETA_510206,312315.860,2624132.200,129.8900,0.1050,2.5300,0.1617,-1
KHAPRETA_510206,312318.860,2624132.200,129.9200,0.0000,2.5000,0.1597,-1
KHAPRETA_510206,312320.860,2624132.200,129.9700,0.0550,2.4500,0.1565,-1
KHAPRETA_510206,312322.860,2624132.200,130.1100,0.1269,2.3100,0.1476,-1
KHAPRETA_510206,312326.860,2624132.200,130.1100,0.1569,2.3100,0.1476,-1
KHAPRETA_510206,312329.860,2624132.200,130.0900,0.1669,2.3300,0.1489,-1
KHAPRETA_510206,312330.860,2624132.200,130.1100,0.0100,2.3100,0.1476,-1
KHAPRETA_510206,312331.860,2624132.200,130.0700,0.1956,2.3500,0.1502,-1
KHAPRETA_510206,312335.860,2624132.200,130.0200,0.0000,2.4000,0.1534,-1
KHAPRETA_510206,312339.860,2624132.200,130.1400,0.2332,2.2800,0.1457,-1
KHAPRETA_510206,312340.860,2624132.200,130.1300,0.1819,2.2900,0.1463,-1
KHAPRETA_510206,312342.860,2624132.200,130.1800,0.0000,2.2400,0.1431,-1
KHAPRETA_510206,312347.860,2624132.200,130.1900,0.2369,2.2300,0.1425,-1
KHAPRETA_510206,312348.860,2624132.200,130.2500,0.2532,2.1700,0.1387,-1
KHAPRETA_510206,312349.860,2624132.200,130.2400,0.3281,2.1800,0.1393,-1
KHAPRETA_510206,312351.860,2624132.200,130.2600,0.2054,2.1600,0.1380,-1
KHAPRETA_510206,312352.860,2624132.200,130.1500,0.3283,2.2700,0.1450,-1
KHAPRETA_510206,312354.860,2624132.200,130.1700,0.3189,2.2500,0.1438,-1
KHAPRETA_510206,312355.860,2624132.200,130.3000,0.0100,2.1200,0.1355,-1
KHAPRETA_510206,312356.860,2624132.200,130.1900,0.2619,2.2300,0.1425,-1
KHAPRETA_510206,312361.860,2624132.200,130.1600,0.3269,2.2600,0.1444,-1
KHAPRETA_510206,312363.860,2624132.200,130.3000,0.2819,2.1200,0.1355,-1
KHAPRETA_510206,312364.860,2624132.200,130.3400,0.2627,2.0800,0.1329,-1
KHAPRETA_510206,312370.860,2624132.200,130.3400,0.0000,2.0800,0.1329,-1
KHAPRETA_510206,312374.860,2624132.200,130.3300,0.3519,2.0900,0.1335,-1
KHAPRETA_510206,312375.860,2624132.200,130.4800,0.2769,1.9400,0.1240,-1
KHAPRETA_510206,312380.860,2624132.200,130.4600,0.0000,1.9600,0.1252,-1
KHAPRETA_510206,312382.860,2624132.200,130.4800,0.0000,1.9400,0.1240,-1
KHAPRETA_510206,312384.860,2624132.200,130.6100,0.0550,1.8100,0.1157,-1
KHAPRETA_510206,312388.860,2624132.200,130.6300,0.0000,1.7900,0.1144,-1
KHAPRETA_510206,312393.860,2624132.200,130.7100,0.4619,1.7100,0.1093,-1
KHAPRETA_510206,312395.860,2624132.200,130.7000,0.4519,1.7200,0.1099,-1
KHAPRETA_510206,312407.860,2624132.200,130.6500,0.0000,1.7700,0.1131,-1
KHAPRETA_510206,312409.860,2624132.200,130.6600,0.0450,1.7600,0.1125,-1
KHAPRETA_510206,312416.860,2624132.200,130.7100,0.0000,1.7100,0.1093,-1
KHAPRETA_510206,312420.860,2624132.200,130.7200,0.5119,1.7000,0.1086,-1
KHAPRETA_510206,312421.860,2624132.200,130.8000,0.0250,1.6200,0.1035,-1
KHAPRETA_510206,312422.860,2624132.200,130.7700,0.0250,1.6500,0.1054,-1
KHAPRETA_510206,312423.860,2624132.200,130.7500,0.4969,1.6700,0.1067,-1
KHAPRETA_510206,312438.860,2624132.200,130.8500,0.5869,1.5700,0.1003,-1
KHAPRETA_510206,312439.860,2624132.200,130.9500,0.7772,1.4700,0.0939,-1
KHAPRETA_510206,312442.860,2624132.200,130.9000,0.8055,1.5200,0.0971,-1
KHAPRETA_510206,312443.860,2624132.200,130.8900,0.0200,1.5300,0.0978,-1
KHAPRETA_510206,312444.860,2624132.200,130.9400,0.8019,1.4800,0.0946,-1
KHAPRETA_510206,312451.860,2624132.200,131.0300,0.6069,1.3900,0.0888,-1
KHAPRETA_510206,312478.860,2624132.200,131.0700,0.7419,1.3500,0.0863,-1
KHAPRETA_510206,312479.860,2624132.200,131.2600,0.6469,1.1600,0.0741,-1
KHAPRETA_510206,312489.860,2624132.200,130.9800,0.6769,1.4400,0.0920,-1
KHAPRETA_510206,312495.860,2624132.200,130.8900,0.5419,1.5300,0.0978,-1
KHAPRETA_510206,312499.860,2624132.200,131.1400,0.0000,1.2800,0.0818,-1
KHAPRETA_510206,312502.860,2624132.200,131.0900,0.0000,1.3300,0.0850,-1
KHAPRETA_510206,312047.860,2624133.200,125.9800,0.0000,6.4400,0.4115,-1
KHAPRETA_510206,312078.860,2624133.200,127.1900,0.0000,5.2300,0.3342,-1
KHAPRETA_510206,312081.860,2624133.200,127.2900,1.4031,5.1300,0.3278,-1
KHAPRETA_510206,312083.860,2624133.200,127.2100,0.0450,5.2100,0.3329,-1
KHAPRETA_510206,312085.860,2624133.200,127.1600,1.3081,5.2600,0.3361,-1
KHAPRETA_510206,312086.860,2624133.200,127.1600,1.2884,5.2600,0.3361,-1
KHAPRETA_510206,312087.860,2624133.200,127.1000,1.3081,5.3200,0.3399,-1
KHAPRETA_510206,312092.860,2624133.200,127.2900,1.3081,5.1300,0.3278,-1
KHAPRETA_510206,312093.860,2624133.200,127.1600,1.2766,5.2600,0.3361,-1
KHAPRETA_510206,312094.860,2624133.200,127.1000,1.3081,5.3200,0.3399,-1
KHAPRETA_510206,312096.860,2624133.200,127.1900,1.2281,5.2300,0.3342,-1
KHAPRETA_510206,312098.860,2624133.200,127.4000,0.0400,5.0200,0.3208,-1
KHAPRETA_510206,312100.860,2624133.200,127.3900,1.1981,5.0300,0.3214,-1
KHAPRETA_510206,312106.860,2624133.200,127.4100,1.1531,5.0100,0.3201,-1
KHAPRETA_510206,312117.860,2624133.200,127.6300,0.0000,4.7900,0.3061,-1
KHAPRETA_510206,312120.860,2624133.200,127.8000,0.0000,4.6200,0.2952,-1
KHAPRETA_510206,312127.860,2624133.200,127.9400,1.0031,4.4800,0.2863,-1
KHAPRETA_510206,312134.860,2624133.200,128.6100,0.8429,3.8100,0.2435,-1
KHAPRETA_510206,312135.860,2624133.200,128.6300,0.0400,3.7900,0.2422,-1
KHAPRETA_510206,312136.860,2624133.200,128.5300,0.0350,3.8900,0.2486,-1
KHAPRETA_510206,312137.860,2624133.200,128.5600,0.6231,3.8600,0.2466,-1
KHAPRETA_510206,312148.860,2624133.200,128.6400,0.0000,3.7800,0.2415,-1
KHAPRETA_510206,312152.860,2624133.200,128.5000,0.0000,3.9200,0.2505,-1
KHAPRETA_510206,312154.860,2624133.200,128.4900,0.0000,3.9300,0.2511,-1
KHAPRETA_510206,312162.860,2624133.200,128.5400,0.0000,3.8800,0.2479,-1
KHAPRETA_510206,312165.860,2624133.200,128.5400,0.5231,3.8800,0.2479,-1
KHAPRETA_510206,312169.860,2624133.200,128.8400,0.0000,3.5800,0.2288,-1
KHAPRETA_510206,312171.860,2624133.200,128.7500,0.4931,3.6700,0.2345,-1
KHAPRETA_510206,312175.860,2624133.200,128.6900,0.0000,3.7300,0.2383,-1
KHAPRETA_510206,312180.860,2624133.200,129.0200,0.4381,3.4000,0.2173,-1
KHAPRETA_510206,312188.860,2624133.200,129.0700,0.2531,3.3500,0.2141,-1
KHAPRETA_510206,312200.860,2624133.200,129.5100,0.0000,2.9100,0.1859,-1
KHAPRETA_510206,312204.860,2624133.200,129.5500,0.0000,2.8700,0.1834,-1
KHAPRETA_510206,312206.860,2624133.200,129.5500,0.0000,2.8700,0.1834,-1
KHAPRETA_510206,312211.860,2624133.200,129.4500,0.0781,2.9700,0.1898,-1
KHAPRETA_510206,312212.860,2624133.200,129.6200,0.1631,2.8000,0.1789,-1
KHAPRETA_510206,312214.860,2624133.200,129.4200,0.0000,3.0000,0.1917,-1
KHAPRETA_510206,312217.860,2624133.200,129.9800,0.0519,2.4400,0.1559,-1
KHAPRETA_510206,312218.860,2624133.200,129.8800,0.1373,2.5400,0.1623,-1
KHAPRETA_510206,312229.860,2624133.200,129.9100,0.0000,2.5100,0.1604,-1
KHAPRETA_510206,312231.860,2624133.200,129.8300,0.0000,2.5900,0.1655,-1
KHAPRETA_510206,312239.860,2624133.200,129.9500,0.0819,2.4700,0.1578,-1
KHAPRETA_510206,312244.860,2624133.200,129.9100,0.1069,2.5100,0.1604,-1
KHAPRETA_510206,312245.860,2624133.200,129.9900,0.0669,2.4300,0.1553,-1
KHAPRETA_510206,312250.860,2624133.200,129.7100,0.0000,2.7100,0.1732,-1
KHAPRETA_510206,312253.860,2624133.200,129.8300,0.0000,2.5900,0.1655,-1
KHAPRETA_510206,312261.860,2624133.200,129.8100,0.0000,2.6100,0.1668,-1
KHAPRETA_510206,312268.860,2624133.200,129.8300,0.0000,2.5900,0.1655,-1
KHAPRETA_510206,312284.860,2624133.200,129.9700,0.0000,2.4500,0.1565,-1
KHAPRETA_510206,312290.860,2624133.200,130.0000,0.1102,2.4200,0.1546,-1
KHAPRETA_510206,312291.860,2624133.200,129.9800,0.0600,2.4400,0.1559,-1
KHAPRETA_510206,312292.860,2624133.200,129.8800,0.0274,2.5400,0.1623,-1
KHAPRETA_510206,312293.860,2624133.200,129.9900,0.0546,2.4300,0.1553,-1
KHAPRETA_510206,312294.860,2624133.200,129.9500,0.1622,2.4700,0.1578,-1
KHAPRETA_510206,312305.860,2624133.200,130.0200,0.1119,2.4000,0.1534,-1
KHAPRETA_510206,312307.860,2624133.200,129.9700,0.1769,2.4500,0.1565,-1
KHAPRETA_510206,312312.860,2624133.200,129.8900,0.0000,2.5300,0.1617,-1
KHAPRETA_510206,312315.860,2624133.200,129.9200,0.0250,2.5000,0.1597,-1
KHAPRETA_510206,312320.860,2624133.200,129.9700,0.0550,2.4500,0.1565,-1
KHAPRETA_510206,312324.860,2624133.200,130.0600,0.0000,2.3600,0.1508,-1
KHAPRETA_510206,312326.860,2624133.200,130.0900,0.0050,2.3300,0.1489,-1
KHAPRETA_510206,312331.860,2624133.200,129.9800,0.0600,2.4400,0.1559,-1
KHAPRETA_510206,312338.860,2624133.200,130.0700,0.0000,2.3500,0.1502,-1
KHAPRETA_510206,312344.860,2624133.200,130.3100,0.0000,2.1100,0.1348,-1
KHAPRETA_510206,312346.860,2624133.200,130.2500,0.0000,2.1700,0.1387,-1
KHAPRETA_510206,312348.860,2624133.200,130.2800,0.3281,2.1400,0.1367,-1
KHAPRETA_510206,312349.860,2624133.200,130.2300,0.0583,2.1900,0.1399,-1
KHAPRETA_510206,312350.860,2624133.200,130.1800,0.0700,2.2400,0.1431,-1
KHAPRETA_510206,312351.860,2624133.200,130.3700,0.3151,2.0500,0.1310,-1
KHAPRETA_510206,312353.860,2624133.200,130.3000,0.0000,2.1200,0.1355,-1
KHAPRETA_510206,312361.860,2624133.200,130.4300,0.1450,1.9900,0.1272,-1
KHAPRETA_510206,312364.860,2624133.200,130.3100,0.2819,2.1100,0.1348,-1
KHAPRETA_510206,312377.860,2624133.200,130.4700,0.0000,1.9500,0.1246,-1
KHAPRETA_510206,312383.860,2624133.200,130.5100,0.4069,1.9100,0.1220,-1
KHAPRETA_510206,312384.860,2624133.200,130.5900,0.4236,1.8300,0.1169,-1
KHAPRETA_510206,312385.860,2624133.200,130.6600,0.4069,1.7600,0.1125,-1
KHAPRETA_510206,312395.860,2624133.200,130.6800,0.4619,1.7400,0.1112,-1
KHAPRETA_510206,312408.860,2624133.200,130.7100,0.4819,1.7100,0.1093,-1
KHAPRETA_510206,312409.860,2624133.200,130.7400,0.6429,1.6800,0.1073,-1
KHAPRETA_510206,312411.860,2624133.200,130.6700,0.4769,1.7500,0.1118,-1
KHAPRETA_510206,312412.860,2624133.200,130.7300,0.4469,1.6900,0.1080,-1
KHAPRETA_510206,312419.860,2624133.200,130.7600,0.0000,1.6600,0.1061,-1
KHAPRETA_510206,312434.860,2624133.200,130.9200,0.0000,1.5000,0.0958,-1
KHAPRETA_510206,312442.860,2624133.200,130.9400,0.0050,1.4800,0.0946,-1
KHAPRETA_510206,312444.860,2624133.200,130.9300,0.5819,1.4900,0.0952,-1
KHAPRETA_510206,312451.860,2624133.200,130.9900,0.8691,1.4300,0.0914,-1
KHAPRETA_510206,312452.860,2624133.200,130.9800,0.8834,1.4400,0.0920,-1
KHAPRETA_510206,312477.860,2624133.200,131.0900,0.6469,1.3300,0.0850,-1
KHAPRETA_510206,312489.860,2624133.200,131.1300,0.0650,1.2900,0.0824,-1
KHAPRETA_510206,312495.860,2624133.200,130.8600,0.5569,1.5600,0.0997,-1
KHAPRETA_510206,312497.860,2624133.200,131.1400,0.0000,1.2800,0.0818,-1
KHAPRETA_510206,312046.860,2624134.200,125.8300,0.0000,6.5900,0.4211,-1
KHAPRETA_510206,312064.860,2624134.200,127.1000,0.0000,5.3200,0.3399,-1
KHAPRETA_510206,312066.860,2624134.200,127.2400,0.0000,5.1800,0.3310,-1
KHAPRETA_510206,312073.860,2624134.200,127.0800,0.0000,5.3400,0.3412,-1
KHAPRETA_510206,312080.860,2624134.200,127.1700,1.4031,5.2500,0.3355,-1
KHAPRETA_510206,312081.860,2624134.200,126.9700,1.8009,5.4500,0.3482,-1
KHAPRETA_510206,312083.860,2624134.200,127.0700,1.8359,5.3500,0.3419,-1
KHAPRETA_510206,312084.860,2624134.200,127.1500,1.3531,5.2700,0.3367,-1
KHAPRETA_510206,312086.860,2624134.200,127.2000,1.3081,5.2200,0.3335,-1
KHAPRETA_510206,312091.860,2624134.200,127.1600,1.2831,5.2600,0.3361,-1
KHAPRETA_510206,312096.860,2624134.200,127.3200,1.2931,5.1000,0.3259,-1
KHAPRETA_510206,312098.860,2624134.200,127.3900,1.7123,5.0300,0.3214,-1
KHAPRETA_510206,312099.860,2624134.200,127.3100,1.1931,5.1100,0.3265,-1
KHAPRETA_510206,312101.860,2624134.200,127.2800,1.2081,5.1400,0.3284,-1
KHAPRETA_510206,312109.860,2624134.200,127.4400,0.0000,4.9800,0.3182,-1
KHAPRETA_510206,312134.860,2624134.200,128.5400,0.0250,3.8800,0.2479,-1
KHAPRETA_510206,312140.860,2624134.200,128.6700,0.6081,3.7500,0.2396,-1
KHAPRETA_510206,312141.860,2624134.200,128.5600,0.5531,3.8600,0.2466,-1
KHAPRETA_510206,312146.860,2624134.200,128.6200,0.0000,3.8000,0.2428,-1
KHAPRETA_510206,312153.860,2624134.200,128.5400,0.5931,3.8800,0.2479,-1
KHAPRETA_510206,312157.860,2624134.200,128.5200,0.4781,3.9000,0.2492,-1
KHAPRETA_510206,312165.860,2624134.200,128.7300,0.6181,3.6900,0.2358,-1
KHAPRETA_510206,312172.860,2624134.200,128.8400,0.5581,3.5800,0.2288,-1
KHAPRETA_510206,312173.860,2624134.200,128.6600,0.4681,3.7600,0.2403,-1
KHAPRETA_510206,312178.860,2624134.200,128.7800,0.4081,3.6400,0.2326,-1
KHAPRETA_510206,312179.860,2624134.200,128.9600,0.4981,3.4600,0.2211,-1
KHAPRETA_510206,312181.860,2624134.200,129.0000,0.4081,3.4200,0.2185,-1
KHAPRETA_510206,312187.860,2624134.200,128.5400,0.0000,3.8800,0.2479,-1
KHAPRETA_510206,312190.860,2624134.200,129.0500,0.4800,3.3700,0.2153,-1
KHAPRETA_510206,312191.860,2624134.200,129.1600,0.3631,3.2600,0.2083,-1
KHAPRETA_510206,312193.860,2624134.200,129.4300,0.0000,2.9900,0.1911,-1
KHAPRETA_510206,312198.860,2624134.200,129.5300,0.0000,2.8900,0.1847,-1
KHAPRETA_510206,312203.860,2624134.200,129.5100,0.1431,2.9100,0.1859,-1
KHAPRETA_510206,312210.860,2624134.200,129.6700,0.0000,2.7500,0.1757,-1
KHAPRETA_510206,312216.860,2624134.200,129.8800,0.0000,2.5400,0.1623,-1
KHAPRETA_510206,312220.860,2624134.200,129.8900,0.0019,2.5300,0.1617,-1
KHAPRETA_510206,312224.860,2624134.200,129.8300,0.0000,2.5900,0.1655,-1
KHAPRETA_510206,312228.860,2624134.200,129.9000,0.0000,2.5200,0.1610,-1
KHAPRETA_510206,312234.860,2624134.200,130.0100,0.0000,2.4100,0.1540,-1
KHAPRETA_510206,312237.860,2624134.200,129.9600,0.0000,2.4600,0.1572,-1
KHAPRETA_510206,312239.860,2624134.200,129.9400,0.1195,2.4800,0.1585,-1
KHAPRETA_510206,312240.860,2624134.200,129.9400,0.0668,2.4800,0.1585,-1
KHAPRETA_510206,312241.860,2624134.200,130.0100,0.1347,2.4100,0.1540,-1
KHAPRETA_510206,312251.860,2624134.200,129.5100,0.0000,2.9100,0.1859,-1
KHAPRETA_510206,312259.860,2624134.200,129.8700,0.0000,2.5500,0.1629,-1
KHAPRETA_510206,312262.860,2624134.200,129.9200,0.1373,2.5000,0.1597,-1
KHAPRETA_510206,312263.860,2624134.200,130.0100,0.1029,2.4100,0.1540,-1
KHAPRETA_510206,312264.860,2624134.200,130.0300,0.1169,2.3900,0.1527,-1
KHAPRETA_510206,312269.860,2624134.200,129.8700,0.0000,2.5500,0.1629,-1
KHAPRETA_510206,312272.860,2624134.200,129.5400,0.0031,2.8800,0.1840,-1
KHAPRETA_510206,312276.860,2624134.200,129.7500,0.0481,2.6700,0.1706,-1
KHAPRETA_510206,312282.860,2624134.200,129.9600,0.0000,2.4600,0.1572,-1
KHAPRETA_510206,312285.860,2624134.200,129.9500,0.0000,2.4700,0.1578,-1
KHAPRETA_510206,312288.860,2624134.200,129.8300,0.0000,2.5900,0.1655,-1
KHAPRETA_510206,312290.860,2624134.200,129.8600,0.1119,2.5600,0.1636,-1
KHAPRETA_510206,312293.860,2624134.200,129.8600,0.1229,2.5600,0.1636,-1
KHAPRETA_510206,312294.860,2624134.200,130.0200,0.0875,2.4000,0.1534,-1
KHAPRETA_510206,312295.860,2624134.200,129.8400,0.1219,2.5800,0.1649,-1
KHAPRETA_510206,312297.860,2624134.200,129.8100,0.0000,2.6100,0.1668,-1
KHAPRETA_510206,312300.860,2624134.200,129.8400,0.0000,2.5800,0.1649,-1
KHAPRETA_510206,312304.860,2624134.200,130.0700,0.2052,2.3500,0.1502,-1
KHAPRETA_510206,312305.860,2624134.200,130.0000,0.1698,2.4200,0.1546,-1
KHAPRETA_510206,312309.860,2624134.200,130.0900,0.0000,2.3300,0.1489,-1
KHAPRETA_510206,312315.860,2624134.200,129.9400,0.0719,2.4800,0.1585,-1
KHAPRETA_510206,312317.860,2624134.200,130.0700,0.0869,2.3500,0.1502,-1
KHAPRETA_510206,312320.860,2624134.200,130.0800,0.0400,2.3400,0.1495,-1
KHAPRETA_510206,312326.860,2624134.200,130.1200,0.1569,2.3000,0.1470,-1
KHAPRETA_510206,312329.860,2624134.200,130.1900,0.0000,2.2300,0.1425,-1
KHAPRETA_510206,312331.860,2624134.200,130.1900,0.1019,2.2300,0.1425,-1
KHAPRETA_510206,312334.860,2624134.200,130.0800,0.1569,2.3400,0.1495,-1
KHAPRETA_510206,312339.860,2624134.200,130.1100,0.2169,2.3100,0.1476,-1
KHAPRETA_510206,312340.860,2624134.200,130.2100,0.1669,2.2100,0.1412,-1
KHAPRETA_510206,312345.860,2624134.200,130.2800,0.2719,2.1400,0.1367,-1
KHAPRETA_510206,312349.860,2624134.200,130.3000,0.2269,2.1200,0.1355,-1
KHAPRETA_510206,312361.860,2624134.200,130.4500,0.3269,1.9700,0.1259,-1
KHAPRETA_510206,312365.860,2624134.200,130.3500,0.0000,2.0700,0.1323,-1
KHAPRETA_510206,312370.860,2624134.200,130.3400,0.2269,2.0800,0.1329,-1
KHAPRETA_510206,312372.860,2624134.200,130.2300,0.0000,2.1900,0.1399,-1
KHAPRETA_510206,312399.860,2624134.200,130.7000,0.0000,1.7200,0.1099,-1
KHAPRETA_510206,312410.860,2624134.200,130.7800,0.0000,1.6400,0.1048,-1
KHAPRETA_510206,312421.860,2624134.200,130.8200,0.5119,1.6000,0.1022,-1
KHAPRETA_510206,312423.860,2624134.200,130.7900,0.0000,1.6300,0.1042,-1
KHAPRETA_510206,312427.860,2624134.200,130.8200,0.5169,1.6000,0.1022,-1
KHAPRETA_510206,312428.860,2624134.200,130.8100,0.5219,1.6100,0.1029,-1
KHAPRETA_510206,312438.860,2624134.200,130.9100,0.0000,1.5100,0.0965,-1
KHAPRETA_510206,312441.860,2624134.200,130.9700,0.5669,1.4500,0.0927,-1
KHAPRETA_510206,312442.860,2624134.200,130.9100,0.8337,1.5100,0.0965,-1
KHAPRETA_510206,312446.860,2624134.200,130.9500,0.6319,1.4700,0.0939,-1
KHAPRETA_510206,312448.860,2624134.200,130.9900,0.0000,1.4300,0.0914,-1
KHAPRETA_510206,312450.860,2624134.200,131.0300,0.0000,1.3900,0.0888,-1
KHAPRETA_510206,312452.860,2624134.200,131.0600,0.8655,1.3600,0.0869,-1
KHAPRETA_510206,312453.860,2624134.200,131.0200,0.6419,1.4000,0.0895,-1
KHAPRETA_510206,312475.860,2624134.200,131.4800,0.0000,0.9400,0.0601,-1
KHAPRETA_510206,312477.860,2624134.200,131.0700,0.6569,1.3500,0.0863,-1
KHAPRETA_510206,312489.860,2624134.200,130.8500,0.3200,1.5700,0.1003,-1
KHAPRETA_510206,312493.860,2624134.200,130.8700,0.0000,1.5500,0.0990,-1
KHAPRETA_510206,312499.860,2624134.200,131.0800,0.0000,1.3400,0.0856,-1
KHAPRETA_510206,312502.860,2624134.200,131.1900,0.9892,1.2300,0.0786,-1
KHAPRETA_510206,312503.860,2624134.200,131.1700,0.7069,1.2500,0.0799,-1
KHAPRETA_510206,312049.860,2624135.200,125.9700,0.0000,6.4500,0.4121,-1
KHAPRETA_510206,312051.860,2624135.200,126.1300,0.0000,6.2900,0.4019,-1
KHAPRETA_510206,312069.860,2624135.200,126.8600,0.0000,5.5600,0.3553,-1
KHAPRETA_510206,312071.860,2624135.200,126.9600,1.3681,5.4600,0.3489,-1
KHAPRETA_510206,312074.860,2624135.200,126.9300,0.0000,5.4900,0.3508,-1
KHAPRETA_510206,312077.860,2624135.200,127.0800,0.0000,5.3400,0.3412,-1
KHAPRETA_510206,312085.860,2624135.200,127.1300,0.0000,5.2900,0.3380,-1
KHAPRETA_510206,312089.860,2624135.200,127.2000,0.0000,5.2200,0.3335,-1
KHAPRETA_510206,312091.860,2624135.200,127.2100,1.3081,5.2100,0.3329,-1
KHAPRETA_510206,312093.860,2624135.200,127.3000,0.0000,5.1200,0.3272,-1
KHAPRETA_510206,312097.860,2624135.200,127.3700,0.0000,5.0500,0.3227,-1
KHAPRETA_510206,312101.860,2624135.200,127.3600,1.7474,5.0600,0.3233,-1
KHAPRETA_510206,312102.860,2624135.200,127.3300,1.2081,5.0900,0.3252,-1
KHAPRETA_510206,312115.860,2624135.200,127.7300,0.0000,4.6900,0.2997,-1
KHAPRETA_510206,312134.860,2624135.200,128.5600,0.6181,3.8600,0.2466,-1
KHAPRETA_510206,312137.860,2624135.200,128.6100,0.8157,3.8100,0.2435,-1
KHAPRETA_510206,312138.860,2624135.200,128.5500,0.5831,3.8700,0.2473,-1
KHAPRETA_510206,312149.860,2624135.200,128.6400,0.0000,3.7800,0.2415,-1
KHAPRETA_510206,312153.860,2624135.200,128.5900,0.8919,3.8300,0.2447,-1
KHAPRETA_510206,312154.860,2624135.200,128.4900,0.0150,3.9300,0.2511,-1
KHAPRETA_510206,312155.860,2624135.200,128.5600,0.7215,3.8600,0.2466,-1
KHAPRETA_510206,312156.860,2624135.200,128.6300,0.1300,3.7900,0.2422,-1
KHAPRETA_510206,312157.860,2624135.200,128.8200,0.5793,3.6000,0.2300,-1
KHAPRETA_510206,312164.860,2624135.200,128.6300,0.0000,3.7900,0.2422,-1
KHAPRETA_510206,312166.860,2624135.200,128.7100,0.0000,3.7100,0.2371,-1
KHAPRETA_510206,312169.860,2624135.200,128.7900,0.0000,3.6300,0.2319,-1
KHAPRETA_510206,312174.860,2624135.200,128.9500,0.4931,3.4700,0.2217,-1
KHAPRETA_510206,312180.860,2624135.200,129.0600,0.4081,3.3600,0.2147,-1
KHAPRETA_510206,312181.860,2624135.200,128.9600,0.5280,3.4600,0.2211,-1
KHAPRETA_510206,312185.860,2624135.200,128.8400,0.0000,3.5800,0.2288,-1
KHAPRETA_510206,312190.860,2624135.200,129.0400,0.3631,3.3800,0.2160,-1
KHAPRETA_510206,312201.860,2624135.200,129.5500,0.0881,2.8700,0.1834,-1
KHAPRETA_510206,312203.860,2624135.200,129.4900,0.1847,2.9300,0.1872,-1
KHAPRETA_510206,312204.860,2624135.200,129.5200,0.1920,2.9000,0.1853,-1
KHAPRETA_510206,312207.860,2624135.200,129.4900,0.1081,2.9300,0.1872,-1
KHAPRETA_510206,312208.860,2624135.200,129.5600,0.1431,2.8600,0.1827,-1
KHAPRETA_510206,312212.860,2624135.200,129.6700,0.0331,2.7500,0.1757,-1
KHAPRETA_510206,312213.860,2624135.200,129.7100,0.0531,2.7100,0.1732,-1
KHAPRETA_510206,312215.860,2624135.200,129.6600,0.0000,2.7600,0.1764,-1
KHAPRETA_510206,312217.860,2624135.200,129.7300,0.1446,2.6900,0.1719,-1
KHAPRETA_510206,312218.860,2624135.200,129.6900,0.0231,2.7300,0.1744,-1
KHAPRETA_510206,312220.860,2624135.200,129.7800,0.0569,2.6400,0.1687,-1
KHAPRETA_510206,312223.860,2624135.200,129.8800,0.0681,2.5400,0.1623,-1
KHAPRETA_510206,312225.860,2624135.200,129.6800,0.0000,2.7400,0.1751,-1
KHAPRETA_510206,312238.860,2624135.200,130.0100,0.0000,2.4100,0.1540,-1
KHAPRETA_510206,312240.860,2624135.200,129.8900,0.1069,2.5300,0.1617,-1
KHAPRETA_510206,312241.860,2624135.200,129.9900,0.0792,2.4300,0.1553,-1
KHAPRETA_510206,312245.860,2624135.200,130.0000,0.0000,2.4200,0.1546,-1
KHAPRETA_510206,312254.860,2624135.200,129.6100,0.0631,2.8100,0.1796,-1
KHAPRETA_510206,312257.860,2624135.200,129.8500,0.0000,2.5700,0.1642,-1
KHAPRETA_510206,312261.860,2624135.200,129.8800,0.0719,2.5400,0.1623,-1
KHAPRETA_510206,312262.860,2624135.200,129.9200,0.0364,2.5000,0.1597,-1
KHAPRETA_510206,312263.860,2624135.200,129.9500,0.0876,2.4700,0.1578,-1
KHAPRETA_510206,312267.860,2624135.200,130.0400,0.0000,2.3800,0.1521,-1
KHAPRETA_510206,312270.860,2624135.200,129.9500,0.0819,2.4700,0.1578,-1
KHAPRETA_510206,312272.860,2624135.200,129.7700,0.1444,2.6500,0.1693,-1
KHAPRETA_510206,312273.860,2624135.200,129.6100,0.0031,2.8100,0.1796,-1
KHAPRETA_510206,312276.860,2624135.200,129.6800,0.0131,2.7400,0.1751,-1
KHAPRETA_510206,312280.860,2624135.200,129.7500,0.0019,2.6700,0.1706,-1
KHAPRETA_510206,312281.860,2624135.200,129.7800,0.0584,2.6400,0.1687,-1
KHAPRETA_510206,312287.860,2624135.200,129.9700,0.0000,2.4500,0.1565,-1
KHAPRETA_510206,312291.860,2624135.200,130.0400,0.0769,2.3800,0.1521,-1
KHAPRETA_510206,312292.860,2624135.200,129.9300,0.0400,2.4900,0.1591,-1
KHAPRETA_510206,312293.860,2624135.200,129.9600,0.0876,2.4600,0.1572,-1
KHAPRETA_510206,312299.860,2624135.200,130.0300,0.0000,2.3900,0.1527,-1
KHAPRETA_510206,312302.860,2624135.200,130.0300,0.0000,2.3900,0.1527,-1
KHAPRETA_510206,312304.860,2624135.200,130.1200,0.1515,2.3000,0.1470,-1
KHAPRETA_510206,312305.860,2624135.200,129.8500,0.2052,2.5700,0.1642,-1
KHAPRETA_510206,312311.860,2624135.200,130.0900,0.0619,2.3300,0.1489,-1
KHAPRETA_510206,312312.860,2624135.200,129.9000,0.0500,2.5200,0.1610,-1
KHAPRETA_510206,312313.860,2624135.200,129.9900,0.0250,2.4300,0.1553,-1
KHAPRETA_510206,312314.860,2624135.200,129.9500,0.1069,2.4700,0.1578,-1
KHAPRETA_510206,312317.860,2624135.200,129.9500,0.1469,2.4700,0.1578,-1
KHAPRETA_510206,312320.860,2624135.200,130.0500,0.1519,2.3700,0.1514,-1
KHAPRETA_510206,312323.860,2624135.200,130.0100,0.2419,2.4100,0.1540,-1
KHAPRETA_510206,312324.860,2624135.200,130.2600,0.1169,2.1600,0.1380,-1
KHAPRETA_510206,312332.860,2624135.200,130.0100,0.1719,2.4100,0.1540,-1
KHAPRETA_510206,312334.860,2624135.200,130.0900,0.1519,2.3300,0.1489,-1
KHAPRETA_510206,312345.860,2624135.200,130.3200,0.0250,2.1000,0.1342,-1
KHAPRETA_510206,312347.860,2624135.200,130.2600,0.0000,2.1600,0.1380,-1
KHAPRETA_510206,312350.860,2624135.200,130.3600,0.0000,2.0600,0.1316,-1
KHAPRETA_510206,312364.860,2624135.200,130.4300,0.0000,1.9900,0.1272,-1
KHAPRETA_510206,312366.860,2624135.200,130.3100,0.0000,2.1100,0.1348,-1
KHAPRETA_510206,312370.860,2624135.200,130.2300,0.0450,2.1900,0.1399,-1
KHAPRETA_510206,312374.860,2624135.200,130.2400,0.2019,2.1800,0.1393,-1
KHAPRETA_510206,312384.860,2624135.200,130.5900,0.3819,1.8300,0.1169,-1
KHAPRETA_510206,312385.860,2624135.200,130.5400,0.5934,1.8800,0.1201,-1
KHAPRETA_510206,312390.860,2624135.200,130.6700,0.0000,1.7500,0.1118,-1
KHAPRETA_510206,312392.860,2624135.200,130.7600,0.4419,1.6600,0.1061,-1
KHAPRETA_510206,312400.860,2624135.200,130.7100,0.4719,1.7100,0.1093,-1
KHAPRETA_510206,312407.860,2624135.200,130.6700,0.0000,1.7500,0.1118,-1
KHAPRETA_510206,312412.860,2624135.200,130.7100,0.0000,1.7100,0.1093,-1
KHAPRETA_510206,312416.860,2624135.200,130.7600,0.0000,1.6600,0.1061,-1
KHAPRETA_510206,312419.860,2624135.200,130.7700,0.0000,1.6500,0.1054,-1
KHAPRETA_510206,312421.860,2624135.200,130.8000,0.5219,1.6200,0.1035,-1
KHAPRETA_510206,312432.860,2624135.200,130.8400,0.0000,1.5800,0.1010,-1
KHAPRETA_510206,312444.860,2624135.200,130.9600,0.5969,1.4600,0.0933,-1
KHAPRETA_510206,312445.860,2624135.200,130.9700,0.5983,1.4500,0.0927,-1
KHAPRETA_510206,312446.860,2624135.200,131.0400,0.8372,1.3800,0.0882,-1
KHAPRETA_510206,312449.860,2624135.200,131.1200,0.6369,1.3000,0.0831,-1
KHAPRETA_510206,312489.860,2624135.200,130.4900,0.1850,1.9300,0.1233,-1
KHAPRETA_510206,312494.860,2624135.200,130.7200,0.0000,1.7000,0.1086,-1
KHAPRETA_510206,312498.860,2624135.200,131.1400,0.0000,1.2800,0.0818,-1
KHAPRETA_510206,312502.860,2624135.200,131.1800,0.7069,1.2400,0.0792,-1
KHAPRETA_510206,312041.860,2624136.200,125.6700,0.0000,6.7500,0.4313,-1
KHAPRETA_510206,312043.860,2624136.200,125.8800,0.0000,6.5400,0.4179,-1
KHAPRETA_510206,312046.860,2624136.200,125.8700,0.0000,6.5500,0.4185,-1
KHAPRETA_510206,312068.860,2624136.200,127.1000,0.0000,5.3200,0.3399,-1
KHAPRETA_510206,312071.860,2624136.200,127.0400,1.4081,5.3800,0.3438,-1
KHAPRETA_510206,312079.860,2624136.200,127.0500,0.0000,5.3700,0.3431,-1
KHAPRETA_510206,312081.860,2624136.200,127.1400,0.0000,5.2800,0.3374,-1
KHAPRETA_510206,312086.860,2624136.200,127.2000,1.3231,5.2200,0.3335,-1
KHAPRETA_510206,312094.860,2624136.200,127.3600,1.2181,5.0600,0.3233,-1
KHAPRETA_510206,312095.860,2624136.200,127.3400,1.7155,5.0800,0.3246,-1
KHAPRETA_510206,312099.860,2624136.200,127.4200,0.0000,5.0000,0.3195,-1
KHAPRETA_510206,312104.860,2624136.200,127.3900,0.0000,5.0300,0.3214,-1
KHAPRETA_510206,312109.860,2624136.200,127.4400,0.0000,4.9800,0.3182,-1
KHAPRETA_510206,312114.860,2624136.200,127.7800,0.0000,4.6400,0.2965,-1
KHAPRETA_510206,312116.860,2624136.200,127.6300,0.0000,4.7900,0.3061,-1
KHAPRETA_510206,312125.860,2624136.200,128.2600,0.0000,4.1600,0.2658,-1
KHAPRETA_510206,312127.860,2624136.200,128.4100,0.5881,4.0100,0.2562,-1
KHAPRETA_510206,312135.860,2624136.200,128.7400,0.0000,3.6800,0.2351,-1
KHAPRETA_510206,312137.860,2624136.200,128.7000,0.5831,3.7200,0.2377,-1
KHAPRETA_510206,312139.860,2624136.200,128.7700,0.5981,3.6500,0.2332,-1
KHAPRETA_510206,312144.860,2624136.200,128.7200,0.7581,3.7000,0.2364,-1
KHAPRETA_510206,312155.860,2624136.200,128.3400,0.6081,4.0800,0.2607,-1
KHAPRETA_510206,312157.860,2624136.200,128.6900,0.7049,3.7300,0.2383,-1
KHAPRETA_510206,312158.860,2624136.200,128.7400,0.5783,3.6800,0.2351,-1
KHAPRETA_510206,312159.860,2624136.200,128.6600,0.7433,3.7600,0.2403,-1
KHAPRETA_510206,312162.860,2624136.200,128.6100,0.0000,3.8100,0.2435,-1
KHAPRETA_510206,312171.860,2624136.200,128.7100,0.0000,3.7100,0.2371,-1
KHAPRETA_510206,312174.860,2624136.200,128.7900,0.0050,3.6300,0.2319,-1
KHAPRETA_510206,312182.860,2624136.200,128.7800,0.0000,3.6400,0.2326,-1
KHAPRETA_510206,312186.860,2624136.200,128.7200,0.0000,3.7000,0.2364,-1
KHAPRETA_510206,312201.860,2624136.200,129.6000,0.1131,2.8200,0.1802,-1
KHAPRETA_510206,312204.860,2624136.200,129.5200,0.0450,2.9000,0.1853,-1
KHAPRETA_510206,312206.860,2624136.200,129.6600,0.0000,2.7600,0.1764,-1
KHAPRETA_510206,312209.860,2624136.200,129.6200,0.0000,2.8000,0.1789,-1
KHAPRETA_510206,312214.860,2624136.200,129.6700,0.0000,2.7500,0.1757,-1
KHAPRETA_510206,312217.860,2624136.200,129.5000,0.0231,2.9200,0.1866,-1
KHAPRETA_510206,312219.860,2624136.200,129.7400,0.0000,2.6800,0.1712,-1
KHAPRETA_510206,312223.860,2624136.200,129.6400,0.0519,2.7800,0.1776,-1
KHAPRETA_510206,312228.860,2624136.200,129.7800,0.0369,2.6400,0.1687,-1
KHAPRETA_510206,312231.860,2624136.200,129.9400,0.0769,2.4800,0.1585,-1
KHAPRETA_510206,312232.860,2624136.200,129.9300,0.0819,2.4900,0.1591,-1
KHAPRETA_510206,312234.860,2624136.200,129.6000,0.0000,2.8200,0.1802,-1
KHAPRETA_510206,312240.860,2624136.200,129.9400,0.0841,2.4800,0.1585,-1
KHAPRETA_510206,312241.860,2624136.200,129.9000,0.0833,2.5200,0.1610,-1
KHAPRETA_510206,312243.860,2624136.200,130.0100,0.1219,2.4100,0.1540,-1
KHAPRETA_510206,312244.860,2624136.200,130.0200,0.1169,2.4000,0.1534,-1
KHAPRETA_510206,312247.860,2624136.200,130.0200,0.0000,2.4000,0.1534,-1
KHAPRETA_510206,312250.860,2624136.200,129.9600,0.0000,2.4600,0.1572,-1
KHAPRETA_510206,312253.860,2624136.200,129.5000,0.0631,2.9200,0.1866,-1
KHAPRETA_510206,312254.860,2624136.200,129.6500,0.1389,2.7700,0.1770,-1
KHAPRETA_510206,312258.860,2624136.200,129.8700,0.0000,2.5500,0.1629,-1
KHAPRETA_510206,312262.860,2624136.200,129.9000,0.0983,2.5200,0.1610,-1
KHAPRETA_510206,312263.860,2624136.200,129.9100,0.0668,2.5100,0.1604,-1
KHAPRETA_510206,312270.860,2624136.200,129.9400,0.0050,2.4800,0.1585,-1
KHAPRETA_510206,312275.860,2624136.200,129.9500,0.0000,2.4700,0.1578,-1
KHAPRETA_510206,312281.860,2624136.200,129.8900,0.0019,2.5300,0.1617,-1
KHAPRETA_510206,312283.860,2624136.200,129.9400,0.1371,2.4800,0.1585,-1
KHAPRETA_510206,312284.860,2624136.200,129.9700,0.0819,2.4500,0.1565,-1
KHAPRETA_510206,312286.860,2624136.200,129.9800,0.0000,2.4400,0.1559,-1
KHAPRETA_510206,312290.860,2624136.200,129.9600,0.0000,2.4600,0.1572,-1
KHAPRETA_510206,312298.860,2624136.200,130.0400,0.0000,2.3800,0.1521,-1
KHAPRETA_510206,312306.860,2624136.200,129.9900,0.0000,2.4300,0.1553,-1
KHAPRETA_510206,312309.860,2624136.200,130.1700,0.2119,2.2500,0.1438,-1
KHAPRETA_510206,312316.860,2624136.200,130.1100,0.0000,2.3100,0.1476,-1
KHAPRETA_510206,312318.860,2624136.200,129.9800,0.0000,2.4400,0.1559,-1
KHAPRETA_510206,312326.860,2624136.200,130.0800,0.0000,2.3400,0.1495,-1
KHAPRETA_510206,312330.860,2624136.200,130.1500,0.2609,2.2700,0.1450,-1
KHAPRETA_510206,312331.860,2624136.200,130.1400,0.0150,2.2800,0.1457,-1
KHAPRETA_510206,312332.860,2624136.200,130.1200,0.1292,2.3000,0.1470,-1
KHAPRETA_510206,312333.860,2624136.200,130.0300,0.1719,2.3900,0.1527,-1
KHAPRETA_510206,312335.860,2624136.200,130.0600,0.2043,2.3600,0.1508,-1
KHAPRETA_510206,312336.860,2624136.200,130.0600,0.0200,2.3600,0.1508,-1
KHAPRETA_510206,312337.860,2624136.200,130.1000,0.2084,2.3200,0.1482,-1
KHAPRETA_510206,312338.860,2624136.200,130.1100,0.1619,2.3100,0.1476,-1
KHAPRETA_510206,312340.860,2624136.200,130.2000,0.0000,2.2200,0.1419,-1
KHAPRETA_510206,312345.860,2624136.200,130.2300,0.2719,2.1900,0.1399,-1
KHAPRETA_510206,312351.860,2624136.200,130.3000,0.0000,2.1200,0.1355,-1
KHAPRETA_510206,312356.860,2624136.200,130.3400,0.2769,2.0800,0.1329,-1
KHAPRETA_510206,312357.860,2624136.200,130.3300,0.0300,2.0900,0.1335,-1
KHAPRETA_510206,312358.860,2624136.200,130.4000,0.2769,2.0200,0.1291,-1
KHAPRETA_510206,312368.860,2624136.200,130.3700,0.4350,2.0500,0.1310,-1
KHAPRETA_510206,312369.860,2624136.200,130.3500,0.0600,2.0700,0.1323,-1
KHAPRETA_510206,312370.860,2624136.200,130.2500,0.3658,2.1700,0.1387,-1
KHAPRETA_510206,312372.860,2624136.200,130.3000,0.0000,2.1200,0.1355,-1
KHAPRETA_510206,312374.860,2624136.200,130.1800,0.2319,2.2400,0.1431,-1
KHAPRETA_510206,312377.860,2624136.200,130.5600,0.3369,1.8600,0.1188,-1
KHAPRETA_510206,312379.860,2624136.200,130.6100,0.0000,1.8100,0.1157,-1
KHAPRETA_510206,312385.860,2624136.200,130.6400,0.3819,1.7800,0.1137,-1
KHAPRETA_510206,312388.860,2624136.200,130.5500,0.0000,1.8700,0.1195,-1
KHAPRETA_510206,312392.860,2624136.200,130.6600,0.4919,1.7600,0.1125,-1
KHAPRETA_510206,312400.860,2624136.200,130.7200,0.4669,1.7000,0.1086,-1
KHAPRETA_510206,312403.860,2624136.200,130.6800,0.4719,1.7400,0.1112,-1
KHAPRETA_510206,312405.860,2624136.200,130.6800,0.0000,1.7400,0.1112,-1
KHAPRETA_510206,312408.860,2624136.200,130.6400,0.4519,1.7800,0.1137,-1
KHAPRETA_510206,312409.860,2624136.200,130.6800,0.4319,1.7400,0.1112,-1
KHAPRETA_510206,312413.860,2624136.200,130.7100,0.0000,1.7100,0.1093,-1
KHAPRETA_510206,312420.860,2624136.200,130.7600,0.5119,1.6600,0.1061,-1
KHAPRETA_510206,312424.860,2624136.200,130.7700,0.5219,1.6500,0.1054,-1
KHAPRETA_510206,312425.860,2624136.200,130.8200,0.0000,1.6000,0.1022,-1
KHAPRETA_510206,312426.860,2624136.200,130.7700,0.5219,1.6500,0.1054,-1
KHAPRETA_510206,312428.860,2624136.200,130.8300,0.0000,1.5900,0.1016,-1
KHAPRETA_510206,312430.860,2624136.200,130.8600,0.0000,1.5600,0.0997,-1
KHAPRETA_510206,312435.860,2624136.200,130.8700,0.0000,1.5500,0.0990,-1
KHAPRETA_510206,312443.860,2624136.200,130.9600,0.6119,1.4600,0.0933,-1
KHAPRETA_510206,312445.860,2624136.200,130.9700,0.0300,1.4500,0.0927,-1
KHAPRETA_510206,312448.860,2624136.200,131.0100,0.8972,1.4100,0.0901,-1
KHAPRETA_510206,312449.860,2624136.200,131.0500,0.6719,1.3700,0.0875,-1
KHAPRETA_510206,312450.860,2624136.200,131.0100,0.6369,1.4100,0.0901,-1
KHAPRETA_510206,312452.860,2624136.200,131.0700,0.0000,1.3500,0.0863,-1
KHAPRETA_510206,312455.860,2624136.200,131.3200,0.0000,1.1000,0.0703,-1
KHAPRETA_510206,312489.860,2624136.200,130.4800,0.1000,1.9400,0.1240,-1
KHAPRETA_510206,312491.860,2624136.200,130.8500,0.0000,1.5700,0.1003,-1
KHAPRETA_510206,312496.860,2624136.200,131.1700,0.0000,1.2500,0.0799,-1
KHAPRETA_510206,312503.860,2624136.200,131.0500,0.0000,1.3700,0.0875,-1
KHAPRETA_510206,312040.860,2624137.200,125.6700,0.0000,6.7500,0.4313,-1
KHAPRETA_510206,312049.860,2624137.200,125.9000,0.0000,6.5200,0.4166,-1
KHAPRETA_510206,312051.860,2624137.200,125.9500,1.9381,6.4700,0.4134,-1
KHAPRETA_510206,312052.860,2624137.200,125.9000,1.9131,6.5200,0.4166,-1
KHAPRETA_510206,312065.860,2624137.200,127.0900,0.0000,5.3300,0.3406,-1
KHAPRETA_510206,312074.860,2624137.200,126.9800,0.0000,5.4400,0.3476,-1
KHAPRETA_510206,312078.860,2624137.200,127.0900,0.0000,5.3300,0.3406,-1
KHAPRETA_510206,312086.860,2624137.200,127.1300,1.8322,5.2900,0.3380,-1
KHAPRETA_510206,312087.860,2624137.200,127.1700,1.3231,5.2500,0.3355,-1
KHAPRETA_510206,312090.860,2624137.200,127.2600,1.2281,5.1600,0.3297,-1
KHAPRETA_510206,312092.860,2624137.200,127.2700,1.1381,5.1500,0.3291,-1
KHAPRETA_510206,312093.860,2624137.200,127.5000,1.2531,4.9200,0.3144,-1
KHAPRETA_510206,312095.860,2624137.200,127.3400,1.7120,5.0800,0.3246,-1
KHAPRETA_510206,312096.860,2624137.200,127.3700,1.2083,5.0500,0.3227,-1
KHAPRETA_510206,312097.860,2624137.200,127.3900,1.2031,5.0300,0.3214,-1
KHAPRETA_510206,312102.860,2624137.200,127.5100,1.2031,4.9100,0.3137,-1
KHAPRETA_510206,312103.860,2624137.200,127.3700,1.1331,5.0500,0.3227,-1
KHAPRETA_510206,312108.860,2624137.200,127.4900,1.1331,4.9300,0.3150,-1
KHAPRETA_510206,312112.860,2624137.200,127.5000,1.0581,4.9200,0.3144,-1
KHAPRETA_510206,312113.860,2624137.200,127.6600,1.1381,4.7600,0.3042,-1
KHAPRETA_510206,312121.860,2624137.200,127.9700,0.8381,4.4500,0.2843,-1
KHAPRETA_510206,312122.860,2624137.200,128.1000,0.9031,4.3200,0.2760,-1
KHAPRETA_510206,312124.860,2624137.200,128.5100,0.0000,3.9100,0.2498,-1
KHAPRETA_510206,312127.860,2624137.200,128.6000,0.6831,3.8200,0.2441,-1
KHAPRETA_510206,312131.860,2624137.200,128.4700,0.0000,3.9500,0.2524,-1
KHAPRETA_510206,312134.860,2624137.200,128.6900,0.0000,3.7300,0.2383,-1
KHAPRETA_510206,312136.860,2624137.200,128.6700,0.0000,3.7500,0.2396,-1
KHAPRETA_510206,312138.860,2624137.200,128.7300,0.5981,3.6900,0.2358,-1
KHAPRETA_510206,312139.860,2624137.200,128.5800,0.5046,3.8400,0.2454,-1
KHAPRETA_510206,312140.860,2624137.200,128.6500,0.1050,3.7700,0.2409,-1
KHAPRETA_510206,312141.860,2624137.200,128.7900,0.0450,3.6300,0.2319,-1
KHAPRETA_510206,312142.860,2624137.200,128.7400,0.4931,3.6800,0.2351,-1
KHAPRETA_510206,312144.860,2624137.200,128.2600,0.7539,4.1600,0.2658,-1
KHAPRETA_510206,312145.860,2624137.200,128.7000,0.7581,3.7200,0.2377,-1
KHAPRETA_510206,312150.860,2624137.200,128.7400,0.0000,3.6800,0.2351,-1
KHAPRETA_510206,312158.860,2624137.200,128.6200,0.7433,3.8000,0.2428,-1
KHAPRETA_510206,312159.860,2624137.200,128.7100,0.8035,3.7100,0.2371,-1
KHAPRETA_510206,312163.860,2624137.200,128.7700,0.8677,3.6500,0.2332,-1
KHAPRETA_510206,312164.860,2624137.200,128.6000,0.7777,3.8200,0.2441,-1
KHAPRETA_510206,312167.860,2624137.200,128.7200,0.5931,3.7000,0.2364,-1
KHAPRETA_510206,312174.860,2624137.200,128.9600,0.4931,3.4600,0.2211,-1
KHAPRETA_510206,312183.860,2624137.200,129.0800,0.0000,3.3400,0.2134,-1
KHAPRETA_510206,312191.860,2624137.200,129.2300,0.2231,3.1900,0.2038,-1
KHAPRETA_510206,312193.860,2624137.200,129.3000,0.0000,3.1200,0.1994,-1
KHAPRETA_510206,312196.860,2624137.200,129.5100,0.1331,2.9100,0.1859,-1
KHAPRETA_510206,312198.860,2624137.200,129.6600,0.0881,2.7600,0.1764,-1
KHAPRETA_510206,312199.860,2624137.200,129.6000,0.0581,2.8200,0.1802,-1
KHAPRETA_510206,312204.860,2624137.200,129.6100,0.1059,2.8100,0.1796,-1
KHAPRETA_510206,312205.860,2624137.200,129.5800,0.0831,2.8400,0.1815,-1
KHAPRETA_510206,312207.860,2624137.200,129.6700,0.0831,2.7500,0.1757,-1
KHAPRETA_510206,312208.860,2624137.200,129.6100,0.0531,2.8100,0.1796,-1
KHAPRETA_510206,312210.860,2624137.200,129.5900,0.0631,2.8300,0.1808,-1
KHAPRETA_510206,312212.860,2624137.200,129.7300,0.0000,2.6900,0.1719,-1
KHAPRETA_510206,312220.860,2624137.200,129.7900,0.0419,2.6300,0.1681,-1
KHAPRETA_510206,312222.860,2624137.200,129.9400,0.0000,2.4800,0.1585,-1
KHAPRETA_510206,312224.860,2624137.200,129.8000,0.0219,2.6200,0.1674,-1
KHAPRETA_510206,312225.860,2624137.200,129.8200,0.0138,2.6000,0.1661,-1
KHAPRETA_510206,312228.860,2624137.200,129.8500,0.0019,2.5700,0.1642,-1
KHAPRETA_510206,312230.860,2624137.200,129.8400,0.0000,2.5800,0.1649,-1
KHAPRETA_510206,312235.860,2624137.200,129.7700,0.0000,2.6500,0.1693,-1
KHAPRETA_510206,312237.860,2624137.200,130.0000,0.0000,2.4200,0.1546,-1
KHAPRETA_510206,312241.860,2624137.200,129.9600,0.0450,2.4600,0.1572,-1
KHAPRETA_510206,312246.860,2624137.200,129.9800,0.0969,2.4400,0.1559,-1
KHAPRETA_510206,312248.860,2624137.200,130.0100,0.0000,2.4100,0.1540,-1
KHAPRETA_510206,312251.860,2624137.200,129.9200,0.1019,2.5000,0.1597,-1
KHAPRETA_510206,312254.860,2624137.200,129.6400,0.0631,2.7800,0.1776,-1
KHAPRETA_510206,312257.860,2624137.200,129.9500,0.0000,2.4700,0.1578,-1
KHAPRETA_510206,312263.860,2624137.200,129.9000,0.0669,2.5200,0.1610,-1
KHAPRETA_510206,312270.860,2624137.200,129.9600,0.0400,2.4600,0.1572,-1
KHAPRETA_510206,312273.860,2624137.200,129.7200,0.0919,2.7000,0.1725,-1
KHAPRETA_510206,312278.860,2624137.200,129.8100,0.0381,2.6100,0.1668,-1
KHAPRETA_510206,312280.860,2624137.200,129.7200,0.0000,2.7000,0.1725,-1
KHAPRETA_510206,312283.860,2624137.200,129.9700,0.0819,2.4500,0.1565,-1
KHAPRETA_510206,312287.860,2624137.200,129.9100,0.0000,2.5100,0.1604,-1
KHAPRETA_510206,312289.860,2624137.200,129.8000,0.0000,2.6200,0.1674,-1
KHAPRETA_510206,312291.860,2624137.200,130.0100,0.0000,2.4100,0.1540,-1
KHAPRETA_510206,312294.860,2624137.200,129.9100,0.0000,2.5100,0.1604,-1
KHAPRETA_510206,312299.860,2624137.200,130.0200,0.0000,2.4000,0.1534,-1
KHAPRETA_510206,312307.860,2624137.200,130.0300,0.1819,2.3900,0.1527,-1
KHAPRETA_510206,312308.860,2624137.200,130.1400,0.0850,2.2800,0.1457,-1
KHAPRETA_510206,312309.860,2624137.200,130.2000,0.2681,2.2200,0.1419,-1
KHAPRETA_510206,312313.860,2624137.200,129.9400,0.1719,2.4800,0.1585,-1
KHAPRETA_510206,312315.860,2624137.200,130.0200,0.0000,2.4000,0.1534,-1
KHAPRETA_510206,312321.860,2624137.200,130.1300,0.2441,2.2900,0.1463,-1
KHAPRETA_510206,312322.860,2624137.200,130.0900,0.2538,2.3300,0.1489,-1
KHAPRETA_510206,312330.860,2624137.200,130.1500,0.1869,2.2700,0.1450,-1
KHAPRETA_510206,312335.860,2624137.200,130.0700,0.0100,2.3500,0.1502,-1
KHAPRETA_510206,312337.860,2624137.200,130.1900,0.1619,2.2300,0.1425,-1
KHAPRETA_510206,312341.860,2624137.200,130.3100,0.0000,2.1100,0.1348,-1
KHAPRETA_510206,312359.860,2624137.200,130.4200,0.4346,2.0000,0.1278,-1
KHAPRETA_510206,312360.860,2624137.200,130.3600,0.3219,2.0600,0.1316,-1
KHAPRETA_510206,312364.860,2624137.200,130.5000,0.0000,1.9200,0.1227,-1
KHAPRETA_510206,312366.860,2624137.200,130.3800,0.3469,2.0400,0.1304,-1
KHAPRETA_510206,312368.860,2624137.200,130.4300,0.2969,1.9900,0.1272,-1
KHAPRETA_510206,312371.860,2624137.200,130.3500,0.3369,2.0700,0.1323,-1
KHAPRETA_510206,312377.860,2624137.200,130.4500,0.1050,1.9700,0.1259,-1
KHAPRETA_510206,312383.860,2624137.200,130.6100,0.4019,1.8100,0.1157,-1
KHAPRETA_510206,312387.860,2624137.200,130.6900,0.4519,1.7300,0.1105,-1
KHAPRETA_510206,312389.860,2624137.200,130.6200,0.0000,1.8000,0.1150,-1
KHAPRETA_510206,312391.860,2624137.200,130.6700,0.0000,1.7500,0.1118,-1
KHAPRETA_510206,312396.860,2624137.200,130.6000,0.4169,1.8200,0.1163,-1
KHAPRETA_510206,312397.860,2624137.200,130.6100,0.4119,1.8100,0.1157,-1
KHAPRETA_510206,312402.860,2624137.200,130.6800,0.4719,1.7400,0.1112,-1
KHAPRETA_510206,312403.860,2624137.200,130.7200,0.0300,1.7000,0.1086,-1
KHAPRETA_510206,312404.860,2624137.200,130.6800,0.4719,1.7400,0.1112,-1
KHAPRETA_510206,312418.860,2624137.200,130.7900,0.0000,1.6300,0.1042,-1
KHAPRETA_510206,312420.860,2624137.200,130.8000,0.4919,1.6200,0.1035,-1
KHAPRETA_510206,312423.860,2624137.200,130.7900,0.5069,1.6300,0.1042,-1
KHAPRETA_510206,312431.860,2624137.200,130.8300,0.5519,1.5900,0.1016,-1
KHAPRETA_510206,312432.860,2624137.200,130.8800,0.5269,1.5400,0.0984,-1
KHAPRETA_510206,312443.860,2624137.200,131.0000,0.0200,1.4200,0.0907,-1
KHAPRETA_510206,312445.860,2624137.200,131.0300,0.5969,1.3900,0.0888,-1
KHAPRETA_510206,312448.860,2624137.200,131.0400,0.6169,1.3800,0.0882,-1
KHAPRETA_510206,312489.860,2624137.200,130.6900,0.3519,1.7300,0.1105,-1
KHAPRETA_510206,312498.860,2624137.200,130.7300,0.0000,1.6900,0.1080,-1
KHAPRETA_510206,312501.860,2624137.200,130.9000,0.4719,1.5200,0.0971,-1
KHAPRETA_510206,312041.860,2624138.200,125.7500,1.9931,6.6700,0.4262,-1
KHAPRETA_510206,312042.860,2624138.200,125.7900,2.0131,6.6300,0.4236,-1
KHAPRETA_510206,312045.860,2624138.200,125.9500,1.8631,6.4700,0.4134,-1
KHAPRETA_510206,312046.860,2624138.200,126.0500,1.9731,6.3700,0.4070,-1
KHAPRETA_510206,312047.860,2624138.200,125.9300,0.0450,6.4900,0.4147,-1
KHAPRETA_510206,312048.860,2624138.200,125.9600,2.7480,6.4600,0.4128,-1
KHAPRETA_510206,312050.860,2624138.200,125.9600,0.0000,6.4600,0.4128,-1
KHAPRETA_510206,312063.860,2624138.200,126.8500,1.3381,5.5700,0.3559,-1
KHAPRETA_510206,312064.860,2624138.200,127.1000,2.0340,5.3200,0.3399,-1
KHAPRETA_510206,312066.860,2624138.200,127.2000,1.3231,5.2200,0.3335,-1
KHAPRETA_510206,312067.860,2624138.200,127.1300,1.2881,5.2900,0.3380,-1
KHAPRETA_510206,312070.860,2624138.200,126.9600,0.0000,5.4600,0.3489,-1
KHAPRETA_510206,312073.860,2624138.200,127.1500,1.3281,5.2700,0.3367,-1
KHAPRETA_510206,312079.860,2624138.200,127.0900,0.0000,5.3300,0.3406,-1
KHAPRETA_510206,312082.860,2624138.200,127.1300,0.0000,5.2900,0.3380,-1
KHAPRETA_510206,312089.860,2624138.200,127.2800,1.2281,5.1400,0.3284,-1
KHAPRETA_510206,312090.860,2624138.200,127.3200,1.2581,5.1000,0.3259,-1
KHAPRETA_510206,312091.860,2624138.200,127.3100,1.7262,5.1100,0.3265,-1
KHAPRETA_510206,312094.860,2624138.200,127.2000,0.0000,5.2200,0.3335,-1
KHAPRETA_510206,312096.860,2624138.200,127.3600,1.2031,5.0600,0.3233,-1
KHAPRETA_510206,312100.860,2624138.200,127.3300,1.1731,5.0900,0.3252,-1
KHAPRETA_510206,312104.860,2624138.200,127.3400,1.2031,5.0800,0.3246,-1
KHAPRETA_510206,312105.860,2624138.200,127.3700,1.7050,5.0500,0.3227,-1
KHAPRETA_510206,312107.860,2624138.200,127.4000,1.6417,5.0200,0.3208,-1
KHAPRETA_510206,312108.860,2624138.200,127.5100,1.1896,4.9100,0.3137,-1
KHAPRETA_510206,312111.860,2624138.200,127.3800,1.1381,5.0400,0.3220,-1
KHAPRETA_510206,312118.860,2624138.200,127.8700,1.4051,4.5500,0.2907,-1
KHAPRETA_510206,312119.860,2624138.200,127.6400,0.0300,4.7800,0.3054,-1
KHAPRETA_510206,312120.860,2624138.200,127.9300,1.0681,4.4900,0.2869,-1
KHAPRETA_510206,312123.860,2624138.200,128.4700,0.0000,3.9500,0.2524,-1
KHAPRETA_510206,312143.860,2624138.200,128.7300,0.0000,3.6900,0.2358,-1
KHAPRETA_510206,312147.860,2624138.200,128.6800,0.8157,3.7400,0.2390,-1
KHAPRETA_510206,312148.860,2624138.200,128.7000,0.5481,3.7200,0.2377,-1
KHAPRETA_510206,312151.860,2624138.200,128.6200,0.6531,3.8000,0.2428,-1
KHAPRETA_510206,312160.860,2624138.200,128.7100,0.0000,3.7100,0.2371,-1
KHAPRETA_510206,312162.860,2624138.200,128.5900,0.6381,3.8300,0.2447,-1
KHAPRETA_510206,312163.860,2624138.200,128.5000,0.5031,3.9200,0.2505,-1
KHAPRETA_510206,312164.860,2624138.200,128.5900,0.8677,3.8300,0.2447,-1
KHAPRETA_510206,312167.860,2624138.200,128.5900,0.5281,3.8300,0.2447,-1
KHAPRETA_510206,312170.860,2624138.200,128.6700,0.5681,3.7500,0.2396,-1
KHAPRETA_510206,312173.860,2624138.200,128.7100,0.0000,3.7100,0.2371,-1
KHAPRETA_510206,312176.860,2624138.200,129.0900,0.0000,3.3300,0.2128,-1
KHAPRETA_510206,312185.860,2624138.200,129.1900,0.3481,3.2300,0.2064,-1
KHAPRETA_510206,312187.860,2624138.200,128.5600,0.0000,3.8600,0.2466,-1
KHAPRETA_510206,312189.860,2624138.200,129.0900,0.0000,3.3300,0.2128,-1
KHAPRETA_510206,312191.860,2624138.200,129.3300,0.2731,3.0900,0.1974,-1
KHAPRETA_510206,312196.860,2624138.200,129.5100,0.1331,2.9100,0.1859,-1
KHAPRETA_510206,312201.860,2624138.200,129.6000,0.0000,2.8200,0.1802,-1
KHAPRETA_510206,312204.860,2624138.200,129.6000,0.0831,2.8200,0.1802,-1
KHAPRETA_510206,312206.860,2624138.200,129.6500,0.0000,2.7700,0.1770,-1
KHAPRETA_510206,312210.860,2624138.200,129.6500,0.1124,2.7700,0.1770,-1
KHAPRETA_510206,312211.860,2624138.200,129.6500,0.0631,2.7700,0.1770,-1
KHAPRETA_510206,312213.860,2624138.200,129.6700,0.0000,2.7500,0.1757,-1
KHAPRETA_510206,312215.860,2624138.200,129.7600,0.0981,2.6600,0.1700,-1
KHAPRETA_510206,312220.860,2624138.200,129.8600,0.0069,2.5600,0.1636,-1
KHAPRETA_510206,312225.860,2624138.200,129.7900,0.0212,2.6300,0.1681,-1
KHAPRETA_510206,312226.860,2624138.200,129.7900,0.0069,2.6300,0.1681,-1
KHAPRETA_510206,312229.860,2624138.200,129.6700,0.0000,2.7500,0.1757,-1
KHAPRETA_510206,312231.860,2624138.200,129.7400,0.0000,2.6800,0.1712,-1
KHAPRETA_510206,312241.860,2624138.200,129.9900,0.1300,2.4300,0.1553,-1
KHAPRETA_510206,312242.860,2624138.200,129.9600,0.1069,2.4600,0.1572,-1
KHAPRETA_510206,312246.860,2624138.200,129.9700,0.0150,2.4500,0.1565,-1
KHAPRETA_510206,312250.860,2624138.200,130.0200,0.1019,2.4000,0.1534,-1
KHAPRETA_510206,312251.860,2624138.200,129.9800,0.0721,2.4400,0.1559,-1
KHAPRETA_510206,312252.860,2624138.200,130.0100,0.1347,2.4100,0.1540,-1
KHAPRETA_510206,312253.860,2624138.200,129.8900,0.1169,2.5300,0.1617,-1
KHAPRETA_510206,312259.860,2624138.200,129.9100,0.0919,2.5100,0.1604,-1
KHAPRETA_510206,312260.860,2624138.200,129.9600,0.0669,2.4600,0.1572,-1
KHAPRETA_510206,312266.860,2624138.200,129.9800,0.0919,2.4400,0.1559,-1
KHAPRETA_510206,312267.860,2624138.200,129.9600,0.1019,2.4600,0.1572,-1
KHAPRETA_510206,312270.860,2624138.200,130.0200,0.0350,2.4000,0.1534,-1
KHAPRETA_510206,312272.860,2624138.200,130.0100,0.0919,2.4100,0.1540,-1
KHAPRETA_510206,312273.860,2624138.200,129.9600,0.1749,2.4600,0.1572,-1
KHAPRETA_510206,312277.860,2624138.200,129.7800,0.0381,2.6400,0.1687,-1
KHAPRETA_510206,312278.860,2624138.200,129.7000,0.0170,2.7200,0.1738,-1
KHAPRETA_510206,312282.860,2624138.200,129.8300,0.0000,2.5900,0.1655,-1
KHAPRETA_510206,312284.860,2624138.200,129.8700,0.0669,2.5500,0.1629,-1
KHAPRETA_510206,312285.860,2624138.200,129.9100,0.0469,2.5100,0.1604,-1
KHAPRETA_510206,312292.860,2624138.200,129.9700,0.0819,2.4500,0.1565,-1
KHAPRETA_510206,312297.860,2624138.200,130.0200,0.0000,2.4000,0.1534,-1
KHAPRETA_510206,312300.860,2624138.200,129.8400,0.0000,2.5800,0.1649,-1
KHAPRETA_510206,312304.860,2624138.200,130.1200,0.1619,2.3000,0.1470,-1
KHAPRETA_510206,312312.860,2624138.200,130.2000,0.1719,2.2200,0.1419,-1
KHAPRETA_510206,312313.860,2624138.200,130.1200,0.2272,2.3000,0.1470,-1
KHAPRETA_510206,312321.860,2624138.200,130.1500,0.2538,2.2700,0.1450,-1
KHAPRETA_510206,312322.860,2624138.200,130.1400,0.0292,2.2800,0.1457,-1
KHAPRETA_510206,312323.860,2624138.200,130.1800,0.1819,2.2400,0.1431,-1
KHAPRETA_510206,312326.860,2624138.200,130.2000,0.2856,2.2200,0.1419,-1
KHAPRETA_510206,312327.860,2624138.200,130.1800,0.2698,2.2400,0.1431,-1
KHAPRETA_510206,312331.860,2624138.200,130.1200,0.0000,2.3000,0.1470,-1
KHAPRETA_510206,312335.860,2624138.200,130.0800,0.1469,2.3400,0.1495,-1
KHAPRETA_510206,312338.860,2624138.200,130.1100,0.0000,2.3100,0.1476,-1
KHAPRETA_510206,312347.860,2624138.200,130.3100,0.0000,2.1100,0.1348,-1
KHAPRETA_510206,312353.860,2624138.200,130.2500,0.0000,2.1700,0.1387,-1
KHAPRETA_510206,312359.860,2624138.200,130.4200,0.0000,2.0000,0.1278,-1
KHAPRETA_510206,312361.860,2624138.200,130.3500,0.2869,2.0700,0.1323,-1
KHAPRETA_510206,312362.860,2624138.200,130.3500,0.2869,2.0700,0.1323,-1
KHAPRETA_510206,312365.860,2624138.200,130.4400,0.3469,1.9800,0.1265,-1
KHAPRETA_510206,312366.860,2624138.200,130.4700,0.4487,1.9500,0.1246,-1
KHAPRETA_510206,312371.860,2624138.200,130.4500,0.3658,1.9700,0.1259,-1
KHAPRETA_510206,312372.860,2624138.200,130.2300,0.4695,2.1900,0.1399,-1
KHAPRETA_510206,312375.860,2624138.200,130.2500,0.3549,2.1700,0.1387,-1
KHAPRETA_510206,312376.860,2624138.200,130.3300,0.2618,2.0900,0.1335,-1
KHAPRETA_510206,312377.860,2624138.200,130.3500,0.3630,2.0700,0.1323,-1
KHAPRETA_510206,312378.860,2624138.200,130.6000,0.3742,1.8200,0.1163,-1
KHAPRETA_510206,312379.860,2624138.200,130.5400,0.5755,1.8800,0.1201,-1
KHAPRETA_510206,312383.860,2624138.200,130.5800,0.4169,1.8400,0.1176,-1
KHAPRETA_510206,312385.860,2624138.200,130.6500,0.0000,1.7700,0.1131,-1
KHAPRETA_510206,312387.860,2624138.200,130.6800,0.6086,1.7400,0.1112,-1
KHAPRETA_510206,312388.860,2624138.200,130.5800,0.4519,1.8400,0.1176,-1
KHAPRETA_510206,312399.860,2624138.200,130.6000,0.0000,1.8200,0.1163,-1
KHAPRETA_510206,312403.860,2624138.200,130.6200,0.4719,1.8000,0.1150,-1
KHAPRETA_510206,312423.860,2624138.200,130.7900,0.7276,1.6300,0.1042,-1
KHAPRETA_510206,312424.860,2624138.200,130.8200,0.7240,1.6000,0.1022,-1
KHAPRETA_510206,312427.860,2624138.200,130.8100,0.5219,1.6100,0.1029,-1
KHAPRETA_510206,312428.860,2624138.200,130.8200,0.5169,1.6000,0.1022,-1
KHAPRETA_510206,312439.860,2624138.200,130.9700,0.6319,1.4500,0.0927,-1
KHAPRETA_510206,312443.860,2624138.200,131.0000,0.6119,1.4200,0.0907,-1
KHAPRETA_510206,312446.860,2624138.200,131.0500,0.0000,1.3700,0.0875,-1
KHAPRETA_510206,312449.860,2624138.200,131.1600,0.0000,1.2600,0.0805,-1
KHAPRETA_510206,312451.860,2624138.200,131.0100,0.7319,1.4100,0.0901,-1
KHAPRETA_510206,312476.860,2624138.200,131.4800,0.0000,0.9400,0.0601,-1
KHAPRETA_510206,312490.860,2624138.200,130.7700,0.7746,1.6500,0.1054,-1
KHAPRETA_510206,312491.860,2624138.200,130.8100,0.7243,1.6100,0.1029,-1
KHAPRETA_510206,312495.860,2624138.200,130.7700,0.0000,1.6500,0.1054,-1
KHAPRETA_510206,312499.860,2624138.200,130.9600,0.0000,1.4600,0.0933,-1
KHAPRETA_510206,312501.860,2624138.200,130.7200,0.5619,1.7000,0.1086,-1
KHAPRETA_510206,312504.860,2624138.200,130.6900,0.0000,1.7300,0.1105,-1
KHAPRETA_510206,312046.860,2624139.200,125.8300,1.8631,6.5900,0.4211,-1
KHAPRETA_510206,312048.860,2624139.200,125.8500,1.9081,6.5700,0.4198,-1
KHAPRETA_510206,312051.860,2624139.200,126.0100,1.9081,6.4100,0.4096,-1
KHAPRETA_510206,312052.860,2624139.200,125.9600,2.6879,6.4600,0.4128,-1
KHAPRETA_510206,312064.860,2624139.200,126.9500,0.0250,5.4700,0.3495,-1
KHAPRETA_510206,312073.860,2624139.200,127.1200,0.0900,5.3000,0.3387,-1
KHAPRETA_510206,312077.860,2624139.200,127.1300,1.3481,5.2900,0.3380,-1
KHAPRETA_510206,312085.860,2624139.200,127.2000,0.0000,5.2200,0.3335,-1
KHAPRETA_510206,312088.860,2624139.200,127.2700,0.0000,5.1500,0.3291,-1
KHAPRETA_510206,312091.860,2624139.200,127.3500,0.0100,5.0700,0.3240,-1
KHAPRETA_510206,312100.860,2624139.200,127.4300,1.7051,4.9900,0.3188,-1
KHAPRETA_510206,312101.860,2624139.200,127.4000,1.1731,5.0200,0.3208,-1
KHAPRETA_510206,312103.860,2624139.200,127.3500,0.0000,5.0700,0.3240,-1
KHAPRETA_510206,312105.860,2624139.200,127.3900,1.2031,5.0300,0.3214,-1
KHAPRETA_510206,312107.860,2624139.200,127.4000,1.2031,5.0200,0.3208,-1
KHAPRETA_510206,312108.860,2624139.200,127.3700,1.1898,5.0500,0.3227,-1
KHAPRETA_510206,312110.860,2624139.200,127.4500,1.5884,4.9700,0.3176,-1
KHAPRETA_510206,312111.860,2624139.200,127.5000,1.6698,4.9200,0.3144,-1
KHAPRETA_510206,312118.860,2624139.200,127.9500,0.9531,4.4700,0.2856,-1
KHAPRETA_510206,312129.860,2624139.200,128.4500,0.0000,3.9700,0.2537,-1
KHAPRETA_510206,312132.860,2624139.200,128.7000,0.0000,3.7200,0.2377,-1
KHAPRETA_510206,312134.860,2624139.200,128.4800,0.0000,3.9400,0.2518,-1
KHAPRETA_510206,312138.860,2624139.200,128.6500,0.4881,3.7700,0.2409,-1
KHAPRETA_510206,312139.860,2624139.200,128.8000,0.7963,3.6200,0.2313,-1
KHAPRETA_510206,312141.860,2624139.200,128.7200,0.6481,3.7000,0.2364,-1
KHAPRETA_510206,312147.860,2624139.200,128.5500,0.5481,3.8700,0.2473,-1
KHAPRETA_510206,312150.860,2624139.200,128.4600,0.8923,3.9600,0.2530,-1
KHAPRETA_510206,312151.860,2624139.200,128.4700,0.8759,3.9500,0.2524,-1
KHAPRETA_510206,312165.860,2624139.200,128.6700,0.0000,3.7500,0.2396,-1
KHAPRETA_510206,312169.860,2624139.200,128.5500,0.8212,3.8700,0.2473,-1
KHAPRETA_510206,312170.860,2624139.200,128.6400,0.5532,3.7800,0.2415,-1
KHAPRETA_510206,312171.860,2624139.200,128.5300,0.0550,3.8900,0.2486,-1
KHAPRETA_510206,312172.860,2624139.200,128.7500,0.8135,3.6700,0.2345,-1
KHAPRETA_510206,312182.860,2624139.200,129.1300,0.4931,3.2900,0.2102,-1
KHAPRETA_510206,312185.860,2624139.200,129.0800,0.2931,3.3400,0.2134,-1
KHAPRETA_510206,312190.860,2624139.200,129.3800,0.0000,3.0400,0.1942,-1
KHAPRETA_510206,312192.860,2624139.200,129.3000,0.0000,3.1200,0.1994,-1
KHAPRETA_510206,312194.860,2624139.200,129.4000,0.0000,3.0200,0.1930,-1
KHAPRETA_510206,312197.860,2624139.200,129.6100,0.0331,2.8100,0.1796,-1
KHAPRETA_510206,312199.860,2624139.200,129.5700,0.0631,2.8500,0.1821,-1
KHAPRETA_510206,312202.860,2624139.200,129.6200,0.0000,2.8000,0.1789,-1
KHAPRETA_510206,312205.860,2624139.200,129.6700,0.0000,2.7500,0.1757,-1
KHAPRETA_510206,312207.860,2624139.200,129.6300,0.0000,2.7900,0.1783,-1
KHAPRETA_510206,312212.860,2624139.200,129.6400,0.0000,2.7800,0.1776,-1
KHAPRETA_510206,312215.860,2624139.200,129.5800,0.0501,2.8400,0.1815,-1
KHAPRETA_510206,312216.860,2624139.200,129.7700,0.0981,2.6500,0.1693,-1
KHAPRETA_510206,312218.860,2624139.200,129.3800,0.1531,3.0400,0.1942,-1
KHAPRETA_510206,312222.860,2624139.200,129.8500,0.0000,2.5700,0.1642,-1
KHAPRETA_510206,312224.860,2624139.200,129.9300,0.0419,2.4900,0.1591,-1
KHAPRETA_510206,312225.860,2624139.200,129.8600,0.0772,2.5600,0.1636,-1
KHAPRETA_510206,312230.860,2624139.200,129.8700,0.0000,2.5500,0.1629,-1
KHAPRETA_510206,312238.860,2624139.200,130.0700,0.1169,2.3500,0.1502,-1
KHAPRETA_510206,312239.860,2624139.200,130.0100,0.0637,2.4100,0.1540,-1
KHAPRETA_510206,312240.860,2624139.200,130.0400,0.1917,2.3800,0.1521,-1
KHAPRETA_510206,312245.860,2624139.200,129.9600,0.1169,2.4600,0.1572,-1
KHAPRETA_510206,312246.860,2624139.200,130.0100,0.1336,2.4100,0.1540,-1
KHAPRETA_510206,312249.860,2624139.200,130.0200,0.0000,2.4000,0.1534,-1
KHAPRETA_510206,312252.860,2624139.200,130.0300,0.1169,2.3900,0.1527,-1
KHAPRETA_510206,312254.860,2624139.200,129.5500,0.0219,2.8700,0.1834,-1
KHAPRETA_510206,312261.860,2624139.200,130.0200,0.1119,2.4000,0.1534,-1
KHAPRETA_510206,312270.860,2624139.200,130.0300,0.1219,2.3900,0.1527,-1
KHAPRETA_510206,312273.860,2624139.200,129.9800,0.0919,2.4400,0.1559,-1
KHAPRETA_510206,312288.860,2624139.200,129.8300,0.0000,2.5900,0.1655,-1
KHAPRETA_510206,312290.860,2624139.200,130.0200,0.0919,2.4000,0.1534,-1
KHAPRETA_510206,312291.860,2624139.200,129.9600,0.0400,2.4600,0.1572,-1
KHAPRETA_510206,312292.860,2624139.200,129.9400,0.1336,2.4800,0.1585,-1
KHAPRETA_510206,312302.860,2624139.200,130.0100,0.1019,2.4100,0.1540,-1
KHAPRETA_510206,312303.860,2624139.200,129.9800,0.0807,2.4400,0.1559,-1
KHAPRETA_510206,312304.860,2624139.200,130.1000,0.1021,2.3200,0.1482,-1
KHAPRETA_510206,312309.860,2624139.200,130.1200,0.0000,2.3000,0.1470,-1
KHAPRETA_510206,312322.860,2624139.200,130.0400,0.1819,2.3800,0.1521,-1
KHAPRETA_510206,312326.860,2624139.200,130.1800,0.2698,2.2400,0.1431,-1
KHAPRETA_510206,312327.860,2624139.200,130.1100,0.2856,2.3100,0.1476,-1
KHAPRETA_510206,312330.860,2624139.200,130.2200,0.0000,2.2000,0.1406,-1
KHAPRETA_510206,312333.860,2624139.200,130.2600,0.0000,2.1600,0.1380,-1
KHAPRETA_510206,312339.860,2624139.200,130.0900,0.0000,2.3300,0.1489,-1
KHAPRETA_510206,312345.860,2624139.200,130.3300,0.2669,2.0900,0.1335,-1
KHAPRETA_510206,312348.860,2624139.200,130.3300,0.2819,2.0900,0.1335,-1
KHAPRETA_510206,312349.860,2624139.200,130.3400,0.2769,2.0800,0.1329,-1
KHAPRETA_510206,312359.860,2624139.200,130.4200,0.3219,2.0000,0.1278,-1
KHAPRETA_510206,312370.860,2624139.200,130.3700,0.0000,2.0500,0.1310,-1
KHAPRETA_510206,312372.860,2624139.200,130.4300,0.2269,1.9900,0.1272,-1
KHAPRETA_510206,312374.860,2624139.200,130.2100,0.2219,2.2100,0.1412,-1
KHAPRETA_510206,312375.860,2624139.200,130.2200,0.2403,2.2000,0.1406,-1
KHAPRETA_510206,312376.860,2624139.200,130.2900,0.2247,2.1300,0.1361,-1
KHAPRETA_510206,312378.860,2624139.200,130.5000,0.4224,1.9200,0.1227,-1
KHAPRETA_510206,312379.860,2624139.200,130.5800,0.5262,1.8400,0.1176,-1
KHAPRETA_510206,312381.860,2624139.200,130.5500,0.3669,1.8700,0.1195,-1
KHAPRETA_510206,312382.860,2624139.200,130.5100,0.3869,1.9100,0.1220,-1
KHAPRETA_510206,312386.860,2624139.200,130.6400,0.3619,1.7800,0.1137,-1
KHAPRETA_510206,312400.860,2624139.200,130.6300,0.4319,1.7900,0.1144,-1
KHAPRETA_510206,312408.860,2624139.200,130.7200,0.0000,1.7000,0.1086,-1
KHAPRETA_510206,312412.860,2624139.200,130.7600,0.5319,1.6600,0.1061,-1
KHAPRETA_510206,312413.860,2624139.200,130.8400,0.4919,1.5800,0.1010,-1
KHAPRETA_510206,312417.860,2624139.200,130.7600,0.5019,1.6600,0.1061,-1
KHAPRETA_510206,312422.860,2624139.200,130.8800,0.0000,1.5400,0.0984,-1
KHAPRETA_510206,312424.860,2624139.200,130.8100,0.7417,1.6100,0.1029,-1
KHAPRETA_510206,312425.860,2624139.200,130.8300,0.5169,1.5900,0.1016,-1
KHAPRETA_510206,312430.860,2624139.200,130.8600,0.5419,1.5600,0.0997,-1
KHAPRETA_510206,312431.860,2624139.200,130.8600,0.5419,1.5600,0.0997,-1
KHAPRETA_510206,312436.860,2624139.200,130.9100,0.5669,1.5100,0.0965,-1
KHAPRETA_510206,312437.860,2624139.200,130.9100,0.5669,1.5100,0.0965,-1
KHAPRETA_510206,312439.860,2624139.200,131.0400,0.5969,1.3800,0.0882,-1
KHAPRETA_510206,312441.860,2624139.200,130.9700,0.8871,1.4500,0.0927,-1
KHAPRETA_510206,312442.860,2624139.200,130.9900,0.5969,1.4300,0.0914,-1
KHAPRETA_510206,312451.860,2624139.200,131.2400,0.1300,1.1800,0.0754,-1
KHAPRETA_510206,312453.860,2624139.200,131.2000,1.0745,1.2200,0.0780,-1
KHAPRETA_510206,312454.860,2624139.200,131.2500,1.0649,1.1700,0.0748,-1
KHAPRETA_510206,312457.860,2624139.200,131.3000,0.0000,1.1200,0.0716,-1
KHAPRETA_510206,312461.860,2624139.200,131.3800,0.0000,1.0400,0.0665,-1
KHAPRETA_510206,312475.860,2624139.200,131.7300,0.0000,0.6900,0.0441,-1
KHAPRETA_510206,312478.860,2624139.200,131.0200,0.0000,1.4000,0.0895,-1
KHAPRETA_510206,312486.860,2624139.200,130.6300,0.4119,1.7900,0.1144,-1
KHAPRETA_510206,312487.860,2624139.200,130.6000,0.4269,1.8200,0.1163,-1
KHAPRETA_510206,312490.860,2624139.200,130.9300,0.7243,1.4900,0.0952,-1
KHAPRETA_510206,312491.860,2624139.200,130.8300,0.5773,1.5900,0.1016,-1
KHAPRETA_510206,312496.860,2624139.200,130.8300,0.0000,1.5900,0.1016,-1
KHAPRETA_510206,312500.860,2624139.200,130.8500,0.0000,1.5700,0.1003,-1
KHAPRETA_510206,312502.860,2624139.200,130.9500,0.5269,1.4700,0.0939,-1
KHAPRETA_510206,312503.860,2624139.200,130.8300,0.8372,1.5900,0.1016,-1
KHAPRETA_510206,312505.860,2624139.200,131.0100,0.5969,1.4100,0.0901,-1
KHAPRETA_510206,312506.860,2624139.200,130.9700,0.6169,1.4500,0.0927,-1
KHAPRETA_510206,312035.860,2624140.200,125.5600,0.0000,6.8600,0.4383,-1
KHAPRETA_510206,312038.860,2624140.200,125.6200,2.1531,6.8000,0.4345,-1
KHAPRETA_510206,312040.860,2624140.200,125.6400,0.0000,6.7800,0.4332,-1
KHAPRETA_510206,312045.860,2624140.200,125.9300,0.0000,6.4900,0.4147,-1
KHAPRETA_510206,312052.860,2624140.200,125.9400,1.9081,6.4800,0.4141,-1
KHAPRETA_510206,312057.860,2624140.200,125.9500,0.0000,6.4700,0.4134,-1
KHAPRETA_510206,312061.860,2624140.200,127.5700,0.0000,4.8500,0.3099,-1
KHAPRETA_510206,312064.860,2624140.200,127.0500,1.4131,5.3700,0.3431,-1
KHAPRETA_510206,312073.860,2624140.200,126.9700,0.0350,5.4500,0.3482,-1
KHAPRETA_510206,312077.860,2624140.200,127.0800,0.0500,5.3400,0.3412,-1
KHAPRETA_510206,312083.860,2624140.200,127.0500,1.3331,5.3700,0.3431,-1
KHAPRETA_510206,312086.860,2624140.200,127.2000,1.3081,5.2200,0.3335,-1
KHAPRETA_510206,312089.860,2624140.200,127.3900,1.2381,5.0300,0.3214,-1
KHAPRETA_510206,312090.860,2624140.200,127.3000,0.0300,5.1200,0.3272,-1
KHAPRETA_510206,312091.860,2624140.200,127.3300,1.7333,5.0900,0.3252,-1
KHAPRETA_510206,312096.860,2624140.200,127.3700,1.1631,5.0500,0.3227,-1
KHAPRETA_510206,312099.860,2624140.200,127.3100,0.0000,5.1100,0.3265,-1
KHAPRETA_510206,312102.860,2624140.200,127.3700,0.0000,5.0500,0.3227,-1
KHAPRETA_510206,312106.860,2624140.200,127.4400,1.6766,4.9800,0.3182,-1
KHAPRETA_510206,312107.860,2624140.200,127.4100,1.1884,5.0100,0.3201,-1
KHAPRETA_510206,312108.860,2624140.200,127.3800,1.6873,5.0400,0.3220,-1
KHAPRETA_510206,312110.860,2624140.200,127.5600,1.1631,4.8600,0.3105,-1
KHAPRETA_510206,312120.860,2624140.200,128.4200,0.0000,4.0000,0.2556,-1
KHAPRETA_510206,312122.860,2624140.200,128.5800,0.0000,3.8400,0.2454,-1
KHAPRETA_510206,312124.860,2624140.200,128.4400,0.0000,3.9800,0.2543,-1
KHAPRETA_510206,312130.860,2624140.200,128.4900,0.0000,3.9300,0.2511,-1
KHAPRETA_510206,312137.860,2624140.200,128.5900,0.6081,3.8300,0.2447,-1
KHAPRETA_510206,312139.860,2624140.200,128.6500,0.2100,3.7700,0.2409,-1
KHAPRETA_510206,312141.860,2624140.200,128.4800,0.0550,3.9400,0.2518,-1
KHAPRETA_510206,312143.860,2624140.200,128.5900,0.0000,3.8300,0.2447,-1
KHAPRETA_510206,312148.860,2624140.200,128.5300,0.0000,3.8900,0.2486,-1
KHAPRETA_510206,312150.860,2624140.200,128.5600,0.1300,3.8600,0.2466,-1
KHAPRETA_510206,312152.860,2624140.200,128.5900,0.0000,3.8300,0.2447,-1
KHAPRETA_510206,312156.860,2624140.200,128.6200,0.0000,3.8000,0.2428,-1
KHAPRETA_510206,312159.860,2624140.200,128.5600,0.0000,3.8600,0.2466,-1
KHAPRETA_510206,312161.860,2624140.200,128.7400,0.5931,3.6800,0.2351,-1
KHAPRETA_510206,312169.860,2624140.200,128.5900,0.6131,3.8300,0.2447,-1
KHAPRETA_510206,312172.860,2624140.200,128.7300,0.7729,3.6900,0.2358,-1
KHAPRETA_510206,312173.860,2624140.200,128.6200,0.4775,3.8000,0.2428,-1
KHAPRETA_510206,312174.860,2624140.200,129.0600,0.7076,3.3600,0.2147,-1
KHAPRETA_510206,312182.860,2624140.200,128.7900,0.5283,3.6300,0.2319,-1
KHAPRETA_510206,312183.860,2624140.200,128.9400,0.4931,3.4800,0.2224,-1
KHAPRETA_510206,312188.860,2624140.200,129.0700,0.2281,3.3500,0.2141,-1
KHAPRETA_510206,312189.860,2624140.200,129.3200,0.3531,3.1000,0.1981,-1
KHAPRETA_510206,312191.860,2624140.200,129.4300,0.3231,2.9900,0.1911,-1
KHAPRETA_510206,312195.860,2624140.200,129.4800,0.0000,2.9400,0.1879,-1
KHAPRETA_510206,312197.860,2624140.200,129.7100,0.0831,2.7100,0.1732,-1
KHAPRETA_510206,312199.860,2624140.200,129.6500,0.1031,2.7700,0.1770,-1
KHAPRETA_510206,312203.860,2624140.200,129.6400,0.0831,2.7800,0.1776,-1
KHAPRETA_510206,312209.860,2624140.200,129.6500,0.0000,2.7700,0.1770,-1
KHAPRETA_510206,312214.860,2624140.200,129.4700,0.0581,2.9500,0.1885,-1
KHAPRETA_510206,312215.860,2624140.200,129.6600,0.1704,2.7600,0.1764,-1
KHAPRETA_510206,312218.860,2624140.200,129.4700,0.2779,2.9500,0.1885,-1
KHAPRETA_510206,312219.860,2624140.200,129.3800,0.1531,3.0400,0.1942,-1
KHAPRETA_510206,312232.860,2624140.200,129.9000,0.0000,2.5200,0.1610,-1
KHAPRETA_510206,312234.860,2624140.200,129.9100,0.0000,2.5100,0.1604,-1
KHAPRETA_510206,312236.860,2624140.200,129.5700,0.0000,2.8500,0.1821,-1
KHAPRETA_510206,312239.860,2624140.200,129.9000,0.1917,2.5200,0.1610,-1
KHAPRETA_510206,312240.860,2624140.200,130.0800,0.1343,2.3400,0.1495,-1
KHAPRETA_510206,312241.860,2624140.200,129.9500,0.0800,2.4700,0.1578,-1
KHAPRETA_510206,312242.860,2624140.200,129.9200,0.0869,2.5000,0.1597,-1
KHAPRETA_510206,312251.860,2624140.200,130.0000,0.0000,2.4200,0.1546,-1
KHAPRETA_510206,312253.860,2624140.200,129.9500,0.0219,2.4700,0.1578,-1
KHAPRETA_510206,312254.860,2624140.200,129.8200,0.1426,2.6000,0.1661,-1
KHAPRETA_510206,312258.860,2624140.200,129.9700,0.0969,2.4500,0.1565,-1
KHAPRETA_510206,312259.860,2624140.200,129.9700,0.0994,2.4500,0.1565,-1
KHAPRETA_510206,312261.860,2624140.200,130.0000,0.1219,2.4200,0.1546,-1
KHAPRETA_510206,312264.860,2624140.200,129.8500,0.0000,2.5700,0.1642,-1
KHAPRETA_510206,312268.860,2624140.200,130.0500,0.0000,2.3700,0.1514,-1
KHAPRETA_510206,312272.860,2624140.200,130.0100,0.0000,2.4100,0.1540,-1
KHAPRETA_510206,312276.860,2624140.200,129.6500,0.0431,2.7700,0.1770,-1
KHAPRETA_510206,312279.860,2624140.200,129.6400,0.1119,2.7800,0.1776,-1
KHAPRETA_510206,312280.860,2624140.200,130.0000,0.1485,2.4200,0.1546,-1
KHAPRETA_510206,312289.860,2624140.200,130.0300,0.0000,2.3900,0.1527,-1
KHAPRETA_510206,312294.860,2624140.200,129.8800,0.1069,2.5400,0.1623,-1
KHAPRETA_510206,312301.860,2624140.200,129.9700,0.0000,2.4500,0.1565,-1
KHAPRETA_510206,312303.860,2624140.200,129.9100,0.1956,2.5100,0.1604,-1
KHAPRETA_510206,312304.860,2624140.200,130.1100,0.1752,2.3100,0.1476,-1
KHAPRETA_510206,312306.860,2624140.200,130.0600,0.1419,2.3600,0.1508,-1
KHAPRETA_510206,312308.860,2624140.200,129.9500,0.1069,2.4700,0.1578,-1
KHAPRETA_510206,312312.860,2624140.200,130.1200,0.1819,2.3000,0.1470,-1
KHAPRETA_510206,312316.860,2624140.200,129.9600,0.0000,2.4600,0.1572,-1
KHAPRETA_510206,312323.860,2624140.200,130.0800,0.0000,2.3400,0.1495,-1
KHAPRETA_510206,312332.860,2624140.200,130.1200,0.0000,2.3000,0.1470,-1
KHAPRETA_510206,312334.860,2624140.200,130.1500,0.0000,2.2700,0.1450,-1
KHAPRETA_510206,312342.860,2624140.200,130.2900,0.2669,2.1300,0.1361,-1
KHAPRETA_510206,312343.860,2624140.200,130.3100,0.0050,2.1100,0.1348,-1
KHAPRETA_510206,312344.860,2624140.200,130.2800,0.2369,2.1400,0.1367,-1
KHAPRETA_510206,312345.860,2624140.200,130.3100,0.2798,2.1100,0.1348,-1
KHAPRETA_510206,312346.860,2624140.200,130.3600,0.2669,2.0600,0.1316,-1
KHAPRETA_510206,312356.860,2624140.200,130.3500,0.3169,2.0700,0.1323,-1
KHAPRETA_510206,312357.860,2624140.200,130.4100,0.3919,2.0100,0.1284,-1
KHAPRETA_510206,312361.860,2624140.200,130.4300,0.3669,1.9900,0.1272,-1
KHAPRETA_510206,312362.860,2624140.200,130.5100,0.3269,1.9100,0.1220,-1
KHAPRETA_510206,312368.860,2624140.200,130.3000,0.0000,2.1200,0.1355,-1
KHAPRETA_510206,312373.860,2624140.200,130.2300,0.0000,2.1900,0.1399,-1
KHAPRETA_510206,312376.860,2624140.200,130.2600,0.0150,2.1600,0.1380,-1
KHAPRETA_510206,312378.860,2624140.200,130.3400,0.3619,2.0800,0.1329,-1
KHAPRETA_510206,312384.860,2624140.200,130.5100,0.0000,1.9100,0.1220,-1
KHAPRETA_510206,312386.860,2624140.200,130.5000,0.4319,1.9200,0.1227,-1
KHAPRETA_510206,312388.860,2624140.200,130.5200,0.0000,1.9000,0.1214,-1
KHAPRETA_510206,312390.860,2624140.200,130.5300,0.0000,1.8900,0.1208,-1
KHAPRETA_510206,312392.860,2624140.200,130.5300,0.0000,1.8900,0.1208,-1
KHAPRETA_510206,312394.860,2624140.200,130.6200,0.4019,1.8000,0.1150,-1
KHAPRETA_510206,312396.860,2624140.200,130.5900,0.0000,1.8300,0.1169,-1
KHAPRETA_510206,312400.860,2624140.200,130.6400,0.0150,1.7800,0.1137,-1
KHAPRETA_510206,312402.860,2624140.200,130.7100,0.0000,1.7100,0.1093,-1
KHAPRETA_510206,312405.860,2624140.200,130.6600,0.0000,1.7600,0.1125,-1
KHAPRETA_510206,312409.860,2624140.200,130.7100,0.0000,1.7100,0.1093,-1
KHAPRETA_510206,312414.860,2624140.200,130.7300,0.0000,1.6900,0.1080,-1
KHAPRETA_510206,312417.860,2624140.200,130.7800,0.4919,1.6400,0.1048,-1
KHAPRETA_510206,312427.860,2624140.200,130.8000,0.7777,1.6200,0.1035,-1
KHAPRETA_510206,312428.860,2624140.200,130.9200,0.5119,1.5000,0.0958,-1
KHAPRETA_510206,312441.860,2624140.200,131.0700,0.5969,1.3500,0.0863,-1
KHAPRETA_510206,312445.860,2624140.200,131.0100,0.0000,1.4100,0.0901,-1
KHAPRETA_510206,312449.860,2624140.200,131.2900,0.0000,1.1300,0.0722,-1
KHAPRETA_510206,312451.860,2624140.200,131.2700,0.7319,1.1500,0.0735,-1
KHAPRETA_510206,312453.860,2624140.200,131.3400,0.7925,1.0800,0.0690,-1
KHAPRETA_510206,312454.860,2624140.200,131.3600,1.0745,1.0600,0.0677,-1
KHAPRETA_510206,312456.860,2624140.200,131.3400,0.0000,1.0800,0.0690,-1
KHAPRETA_510206,312459.860,2624140.200,131.3200,0.0000,1.1000,0.0703,-1
KHAPRETA_510206,312462.860,2624140.200,131.3800,0.0000,1.0400,0.0665,-1
KHAPRETA_510206,312489.860,2624140.200,130.9100,0.0000,1.5100,0.0965,-1
KHAPRETA_510206,312491.860,2624140.200,130.8500,0.7312,1.5700,0.1003,-1
KHAPRETA_510206,312492.860,2624140.200,130.7900,0.5369,1.6300,0.1042,-1
KHAPRETA_510206,312498.860,2624140.200,130.9700,0.3819,1.4500,0.0927,-1
KHAPRETA_510206,312503.860,2624140.200,130.9700,0.1150,1.4500,0.0927,-1
KHAPRETA_510206,312507.860,2624140.200,131.0400,0.6319,1.3800,0.0882,-1
KHAPRETA_510206,312031.860,2624141.200,125.2500,2.1731,7.1700,0.4581,-1
KHAPRETA_510206,312032.860,2624141.200,125.4300,2.2631,6.9900,0.4466,-1
KHAPRETA_510206,312038.860,2624141.200,125.4700,2.0781,6.9500,0.4441,-1
KHAPRETA_510206,312041.860,2624141.200,125.7500,0.0000,6.6700,0.4262,-1
KHAPRETA_510206,312047.860,2624141.200,125.9000,1.9231,6.5200,0.4166,-1
KHAPRETA_510206,312048.860,2624141.200,125.9300,1.9381,6.4900,0.4147,-1
KHAPRETA_510206,312051.860,2624141.200,125.9600,1.9031,6.4600,0.4128,-1
KHAPRETA_510206,312053.860,2624141.200,126.0800,0.0000,6.3400,0.4051,-1
KHAPRETA_510206,312062.860,2624141.200,127.1100,1.4581,5.3100,0.3393,-1
KHAPRETA_510206,312067.860,2624141.200,127.0700,0.0000,5.3500,0.3419,-1
KHAPRETA_510206,312069.860,2624141.200,127.0200,0.0000,5.4000,0.3450,-1
KHAPRETA_510206,312073.860,2624141.200,127.0500,1.9807,5.3700,0.3431,-1
KHAPRETA_510206,312074.860,2624141.200,126.9800,1.9561,5.4400,0.3476,-1
KHAPRETA_510206,312076.860,2624141.200,127.0300,1.3731,5.3900,0.3444,-1
KHAPRETA_510206,312077.860,2624141.200,127.0300,1.9242,5.3900,0.3444,-1
KHAPRETA_510206,312083.860,2624141.200,127.1100,1.3494,5.3100,0.3393,-1
KHAPRETA_510206,312084.860,2624141.200,127.0800,1.3331,5.3400,0.3412,-1
KHAPRETA_510206,312086.860,2624141.200,127.1600,1.2881,5.2600,0.3361,-1
KHAPRETA_510206,312093.860,2624141.200,127.1900,0.0000,5.2300,0.3342,-1
KHAPRETA_510206,312096.860,2624141.200,127.4500,0.0100,4.9700,0.3176,-1
KHAPRETA_510206,312098.860,2624141.200,127.3700,0.0000,5.0500,0.3227,-1
KHAPRETA_510206,312101.860,2624141.200,127.3800,0.0000,5.0400,0.3220,-1
KHAPRETA_510206,312103.860,2624141.200,127.3700,1.2281,5.0500,0.3227,-1
KHAPRETA_510206,312104.860,2624141.200,127.3200,1.2031,5.1000,0.3259,-1
KHAPRETA_510206,312106.860,2624141.200,127.4000,1.1681,5.0200,0.3208,-1
KHAPRETA_510206,312112.860,2624141.200,127.4300,1.1231,4.9900,0.3188,-1
KHAPRETA_510206,312113.860,2624141.200,127.5300,1.1731,4.8900,0.3125,-1
KHAPRETA_510206,312115.860,2624141.200,127.7300,1.3538,4.6900,0.2997,-1
KHAPRETA_510206,312116.860,2624141.200,127.9800,1.0231,4.4400,0.2837,-1
KHAPRETA_510206,312118.860,2624141.200,128.5600,0.9307,3.8600,0.2466,-1
KHAPRETA_510206,312119.860,2624141.200,128.4800,0.9145,3.9400,0.2518,-1
KHAPRETA_510206,312127.860,2624141.200,128.4400,0.0000,3.9800,0.2543,-1
KHAPRETA_510206,312131.860,2624141.200,128.5800,0.0000,3.8400,0.2454,-1
KHAPRETA_510206,312137.860,2624141.200,128.5600,0.8711,3.8600,0.2466,-1
KHAPRETA_510206,312138.860,2624141.200,128.5000,0.5801,3.9200,0.2505,-1
KHAPRETA_510206,312139.860,2624141.200,128.3800,0.8510,4.0400,0.2581,-1
KHAPRETA_510206,312141.860,2624141.200,128.6100,0.0900,3.8100,0.2435,-1
KHAPRETA_510206,312150.860,2624141.200,128.7200,0.8021,3.7000,0.2364,-1
KHAPRETA_510206,312151.860,2624141.200,128.7300,0.5281,3.6900,0.2358,-1
KHAPRETA_510206,312158.860,2624141.200,128.5300,0.0000,3.8900,0.2486,-1
KHAPRETA_510206,312161.860,2624141.200,128.5900,0.5181,3.8300,0.2447,-1
KHAPRETA_510206,312165.860,2624141.200,128.5100,0.0000,3.9100,0.2498,-1
KHAPRETA_510206,312170.860,2624141.200,128.7200,0.5481,3.7000,0.2364,-1
KHAPRETA_510206,312171.860,2624141.200,128.6800,0.5281,3.7400,0.2390,-1
KHAPRETA_510206,312173.860,2624141.200,128.8800,0.4839,3.5400,0.2262,-1
KHAPRETA_510206,312174.860,2624141.200,128.9600,0.5736,3.4600,0.2211,-1
KHAPRETA_510206,312185.860,2624141.200,128.7400,0.3531,3.6800,0.2351,-1
KHAPRETA_510206,312191.860,2624141.200,129.1300,0.1731,3.2900,0.2102,-1
KHAPRETA_510206,312193.860,2624141.200,129.4500,0.0000,2.9700,0.1898,-1
KHAPRETA_510206,312202.860,2624141.200,129.5400,0.0831,2.8800,0.1840,-1
KHAPRETA_510206,312203.860,2624141.200,129.6100,0.1363,2.8100,0.1796,-1
KHAPRETA_510206,312206.860,2624141.200,129.7000,0.0000,2.7200,0.1738,-1
KHAPRETA_510206,312208.860,2624141.200,129.6400,0.0000,2.7800,0.1776,-1
KHAPRETA_510206,312215.860,2624141.200,129.7300,0.0376,2.6900,0.1719,-1
KHAPRETA_510206,312216.860,2624141.200,129.7200,0.0231,2.7000,0.1725,-1
KHAPRETA_510206,312218.860,2624141.200,129.7700,0.1531,2.6500,0.1693,-1
KHAPRETA_510206,312226.860,2624141.200,129.8700,0.0000,2.5500,0.1629,-1
KHAPRETA_510206,312231.860,2624141.200,129.8000,0.0000,2.6200,0.1674,-1
KHAPRETA_510206,312237.860,2624141.200,129.8500,0.0369,2.5700,0.1642,-1
KHAPRETA_510206,312249.860,2624141.200,129.9800,0.0000,2.4400,0.1559,-1
KHAPRETA_510206,312259.860,2624141.200,129.8200,0.1150,2.6000,0.1661,-1
KHAPRETA_510206,312260.860,2624141.200,129.9000,0.0610,2.5200,0.1610,-1
KHAPRETA_510206,312275.860,2624141.200,130.0000,0.0431,2.4200,0.1546,-1
KHAPRETA_510206,312276.860,2624141.200,129.6900,0.1285,2.7300,0.1744,-1
KHAPRETA_510206,312280.860,2624141.200,130.0400,0.0300,2.3800,0.1521,-1
KHAPRETA_510206,312283.860,2624141.200,129.7200,0.0000,2.7000,0.1725,-1
KHAPRETA_510206,312286.860,2624141.200,130.0700,0.0000,2.3500,0.1502,-1
KHAPRETA_510206,312291.860,2624141.200,130.1000,0.0000,2.3200,0.1482,-1
KHAPRETA_510206,312294.860,2624141.200,129.9900,0.0519,2.4300,0.1553,-1
KHAPRETA_510206,312296.860,2624141.200,130.1100,0.0619,2.3100,0.1476,-1
KHAPRETA_510206,312297.860,2624141.200,129.9000,0.0400,2.5200,0.1610,-1
KHAPRETA_510206,312298.860,2624141.200,130.0300,0.1433,2.3900,0.1527,-1
KHAPRETA_510206,312299.860,2624141.200,129.9400,0.1867,2.4800,0.1585,-1
KHAPRETA_510206,312302.860,2624141.200,130.0500,0.0000,2.3700,0.1514,-1
KHAPRETA_510206,312306.860,2624141.200,130.0600,0.1419,2.3600,0.1508,-1
KHAPRETA_510206,312308.860,2624141.200,129.9900,0.0400,2.4300,0.1553,-1
KHAPRETA_510206,312310.860,2624141.200,130.1200,0.0969,2.3000,0.1470,-1
KHAPRETA_510206,312311.860,2624141.200,129.9700,0.0100,2.4500,0.1565,-1
KHAPRETA_510206,312312.860,2624141.200,130.1400,0.1974,2.2800,0.1457,-1
KHAPRETA_510206,312314.860,2624141.200,130.1400,0.2067,2.2800,0.1457,-1
KHAPRETA_510206,312315.860,2624141.200,130.0200,0.1819,2.4000,0.1534,-1
KHAPRETA_510206,312317.860,2624141.200,130.0000,0.1760,2.4200,0.1546,-1
KHAPRETA_510206,312318.860,2624141.200,130.0200,0.1119,2.4000,0.1534,-1
KHAPRETA_510206,312320.860,2624141.200,130.0600,0.0000,2.3600,0.1508,-1
KHAPRETA_510206,312326.860,2624141.200,130.1900,0.0000,2.2300,0.1425,-1
KHAPRETA_510206,312329.860,2624141.200,130.2000,0.0000,2.2200,0.1419,-1
KHAPRETA_510206,312331.860,2624141.200,130.2100,0.0000,2.2100,0.1412,-1
KHAPRETA_510206,312337.860,2624141.200,130.1100,0.1769,2.3100,0.1476,-1
KHAPRETA_510206,312338.860,2624141.200,130.1300,0.1985,2.2900,0.1463,-1
KHAPRETA_510206,312339.860,2624141.200,130.1600,0.1769,2.2600,0.1444,-1
KHAPRETA_510206,312341.860,2624141.200,130.3000,0.0000,2.1200,0.1355,-1
KHAPRETA_510206,312344.860,2624141.200,130.2500,0.0200,2.1700,0.1387,-1
KHAPRETA_510206,312347.860,2624141.200,130.2500,0.0000,2.1700,0.1387,-1
KHAPRETA_510206,312351.860,2624141.200,130.4200,0.0000,2.0000,0.1278,-1
KHAPRETA_510206,312354.860,2624141.200,130.4500,0.0000,1.9700,0.1259,-1
KHAPRETA_510206,312357.860,2624141.200,130.3100,0.4518,2.1100,0.1348,-1
KHAPRETA_510206,312358.860,2624141.200,130.4200,0.2669,2.0000,0.1278,-1
KHAPRETA_510206,312366.860,2624141.200,130.3300,0.0000,2.0900,0.1335,-1
KHAPRETA_510206,312370.860,2624141.200,130.4900,0.0000,1.9300,0.1233,-1
KHAPRETA_510206,312375.860,2624141.200,130.2100,0.2419,2.2100,0.1412,-1
KHAPRETA_510206,312376.860,2624141.200,130.2600,0.3250,2.1600,0.1380,-1
KHAPRETA_510206,312382.860,2624141.200,130.5300,0.0000,1.8900,0.1208,-1
KHAPRETA_510206,312385.860,2624141.200,130.4200,0.0000,2.0000,0.1278,-1
KHAPRETA_510206,312391.860,2624141.200,130.5300,0.0000,1.8900,0.1208,-1
KHAPRETA_510206,312394.860,2624141.200,130.5800,0.4219,1.8400,0.1176,-1
KHAPRETA_510206,312399.860,2624141.200,130.6400,0.4419,1.7800,0.1137,-1
KHAPRETA_510206,312400.860,2624141.200,130.6600,0.6109,1.7600,0.1125,-1
KHAPRETA_510206,312403.860,2624141.200,130.6800,0.0000,1.7400,0.1112,-1
KHAPRETA_510206,312406.860,2624141.200,130.7200,0.4569,1.7000,0.1086,-1
KHAPRETA_510206,312410.860,2624141.200,130.8300,0.4869,1.5900,0.1016,-1
KHAPRETA_510206,312411.860,2624141.200,130.7500,0.0400,1.6700,0.1067,-1
KHAPRETA_510206,312412.860,2624141.200,130.7500,0.4869,1.6700,0.1067,-1
KHAPRETA_510206,312419.860,2624141.200,130.8100,0.5069,1.6100,0.1029,-1
KHAPRETA_510206,312421.860,2624141.200,130.7900,0.5469,1.6300,0.1042,-1
KHAPRETA_510206,312422.860,2624141.200,130.8700,0.7240,1.5500,0.0990,-1
KHAPRETA_510206,312427.860,2624141.200,130.8300,0.5119,1.5900,0.1016,-1
KHAPRETA_510206,312436.860,2624141.200,130.9300,0.5819,1.4900,0.0952,-1
KHAPRETA_510206,312438.860,2624141.200,130.9500,0.0000,1.4700,0.0939,-1
KHAPRETA_510206,312443.860,2624141.200,131.0400,0.0000,1.3800,0.0882,-1
KHAPRETA_510206,312452.860,2624141.200,131.3100,0.7419,1.1100,0.0709,-1
KHAPRETA_510206,312453.860,2624141.200,131.2600,1.0953,1.1600,0.0741,-1
KHAPRETA_510206,312455.860,2624141.200,131.3700,0.7869,1.0500,0.0671,-1
KHAPRETA_510206,312460.860,2624141.200,131.3100,1.0846,1.1100,0.0709,-1
KHAPRETA_510206,312461.860,2624141.200,131.3200,0.7669,1.1000,0.0703,-1
KHAPRETA_510206,312478.860,2624141.200,131.3900,0.0000,1.0300,0.0658,-1
KHAPRETA_510206,312490.860,2624141.200,130.3300,0.2819,2.0900,0.1335,-1
KHAPRETA_510206,312497.860,2624141.200,130.6900,0.6387,1.7300,0.1105,-1
KHAPRETA_510206,312498.860,2624141.200,130.5400,0.4724,1.8800,0.1201,-1
KHAPRETA_510206,312501.860,2624141.200,130.9600,0.5969,1.4600,0.0933,-1
KHAPRETA_510206,312502.860,2624141.200,130.9700,0.0500,1.4500,0.0927,-1
KHAPRETA_510206,312503.860,2624141.200,131.0600,0.8442,1.3600,0.0869,-1
KHAPRETA_510206,312506.860,2624141.200,130.9200,0.6319,1.5000,0.0958,-1
KHAPRETA_510206,312507.860,2624141.200,131.0400,0.5762,1.3800,0.0882,-1
KHAPRETA_510206,312028.860,2624142.200,125.5600,2.1231,6.8600,0.4383,-1
KHAPRETA_510206,312029.860,2624142.200,125.5300,2.1081,6.8900,0.4403,-1
KHAPRETA_510206,312037.860,2624142.200,125.4800,0.0000,6.9400,0.4435,-1
KHAPRETA_510206,312039.860,2624142.200,125.5900,2.1431,6.8300,0.4364,-1
KHAPRETA_510206,312042.860,2624142.200,125.5900,2.0181,6.8300,0.4364,-1
KHAPRETA_510206,312046.860,2624142.200,125.8500,0.0000,6.5700,0.4198,-1
KHAPRETA_510206,312051.860,2624142.200,125.9700,1.9081,6.4500,0.4121,-1
KHAPRETA_510206,312054.860,2624142.200,126.0300,2.6666,6.3900,0.4083,-1
KHAPRETA_510206,312055.860,2624142.200,126.0300,1.8731,6.3900,0.4083,-1
KHAPRETA_510206,312060.860,2624142.200,126.0900,0.0000,6.3300,0.4045,-1
KHAPRETA_510206,312062.860,2624142.200,126.8600,1.9682,5.5600,0.3553,-1
KHAPRETA_510206,312063.860,2624142.200,126.8800,0.0000,5.5400,0.3540,-1
KHAPRETA_510206,312064.860,2624142.200,126.8600,1.4481,5.5600,0.3553,-1
KHAPRETA_510206,312066.860,2624142.200,127.0800,1.3281,5.3400,0.3412,-1
KHAPRETA_510206,312070.860,2624142.200,127.0900,1.3831,5.3300,0.3406,-1
KHAPRETA_510206,312072.860,2624142.200,127.0100,0.0000,5.4100,0.3457,-1
KHAPRETA_510206,312074.860,2624142.200,126.9700,1.3981,5.4500,0.3482,-1
KHAPRETA_510206,312082.860,2624142.200,126.9100,1.9406,5.5100,0.3521,-1
KHAPRETA_510206,312083.860,2624142.200,127.1700,1.9572,5.2500,0.3355,-1
KHAPRETA_510206,312085.860,2624142.200,127.1600,0.0000,5.2600,0.3361,-1
KHAPRETA_510206,312090.860,2624142.200,127.1400,1.2581,5.2800,0.3374,-1
KHAPRETA_510206,312094.860,2624142.200,127.3200,0.0000,5.1000,0.3259,-1
KHAPRETA_510206,312096.860,2624142.200,127.3900,1.1631,5.0300,0.3214,-1
KHAPRETA_510206,312105.860,2624142.200,127.4000,1.1881,5.0200,0.3208,-1
KHAPRETA_510206,312107.860,2624142.200,127.4200,1.1931,5.0000,0.3195,-1
KHAPRETA_510206,312108.860,2624142.200,127.3900,1.7054,5.0300,0.3214,-1
KHAPRETA_510206,312115.860,2624142.200,127.7500,1.0231,4.6700,0.2984,-1
KHAPRETA_510206,312117.860,2624142.200,128.2000,1.0104,4.2200,0.2696,-1
KHAPRETA_510206,312118.860,2624142.200,128.4400,0.6171,3.9800,0.2543,-1
KHAPRETA_510206,312119.860,2624142.200,128.4100,0.6488,4.0100,0.2562,-1
KHAPRETA_510206,312120.860,2624142.200,128.3800,0.6831,4.0400,0.2581,-1
KHAPRETA_510206,312122.860,2624142.200,128.5500,0.0000,3.8700,0.2473,-1
KHAPRETA_510206,312133.860,2624142.200,128.7300,0.0000,3.6900,0.2358,-1
KHAPRETA_510206,312135.860,2624142.200,128.5100,0.8918,3.9100,0.2498,-1
KHAPRETA_510206,312136.860,2624142.200,128.5300,0.6331,3.8900,0.2486,-1
KHAPRETA_510206,312138.860,2624142.200,128.6300,0.0500,3.7900,0.2422,-1
KHAPRETA_510206,312140.860,2624142.200,128.5100,0.5581,3.9100,0.2498,-1
KHAPRETA_510206,312141.860,2624142.200,128.6600,0.6381,3.7600,0.2403,-1
KHAPRETA_510206,312144.860,2624142.200,128.7300,0.0000,3.6900,0.2358,-1
KHAPRETA_510206,312152.860,2624142.200,128.4300,0.0000,3.9900,0.2550,-1
KHAPRETA_510206,312154.860,2624142.200,128.4500,0.6131,3.9700,0.2537,-1
KHAPRETA_510206,312155.860,2624142.200,128.5500,0.0800,3.8700,0.2473,-1
KHAPRETA_510206,312156.860,2624142.200,128.6100,0.6386,3.8100,0.2435,-1
KHAPRETA_510206,312157.860,2624142.200,128.6000,0.5831,3.8200,0.2441,-1
KHAPRETA_510206,312159.860,2624142.200,128.4500,0.0000,3.9700,0.2537,-1
KHAPRETA_510206,312168.860,2624142.200,128.6800,0.0000,3.7400,0.2390,-1
KHAPRETA_510206,312173.860,2624142.200,129.1400,0.4481,3.2800,0.2096,-1
KHAPRETA_510206,312185.860,2624142.200,129.0700,0.5181,3.3500,0.2141,-1
KHAPRETA_510206,312188.860,2624142.200,129.2700,0.2081,3.1500,0.2013,-1
KHAPRETA_510206,312189.860,2624142.200,129.3600,0.2531,3.0600,0.1955,-1
KHAPRETA_510206,312194.860,2624142.200,129.3600,0.0000,3.0600,0.1955,-1
KHAPRETA_510206,312199.860,2624142.200,129.5400,0.1581,2.8800,0.1840,-1
KHAPRETA_510206,312200.860,2624142.200,129.4600,0.1181,2.9600,0.1891,-1
KHAPRETA_510206,312204.860,2624142.200,129.5800,0.0000,2.8400,0.1815,-1
KHAPRETA_510206,312213.860,2624142.200,129.6100,0.0000,2.8100,0.1796,-1
KHAPRETA_510206,312215.860,2624142.200,129.7100,0.0550,2.7100,0.1732,-1
KHAPRETA_510206,312229.860,2624142.200,129.7100,0.0000,2.7100,0.1732,-1
KHAPRETA_510206,312234.860,2624142.200,129.9100,0.1058,2.5100,0.1604,-1
KHAPRETA_510206,312235.860,2624142.200,129.9100,0.0669,2.5100,0.1604,-1
KHAPRETA_510206,312237.860,2624142.200,129.8500,0.0765,2.5700,0.1642,-1
KHAPRETA_510206,312238.860,2624142.200,129.9100,0.1131,2.5100,0.1604,-1
KHAPRETA_510206,312240.860,2624142.200,130.0300,0.1119,2.3900,0.1527,-1
KHAPRETA_510206,312241.860,2624142.200,130.0000,0.1269,2.4200,0.1546,-1
KHAPRETA_510206,312243.860,2624142.200,130.0200,0.0000,2.4000,0.1534,-1
KHAPRETA_510206,312250.860,2624142.200,129.9400,0.1169,2.4800,0.1585,-1
KHAPRETA_510206,312251.860,2624142.200,130.0100,0.1770,2.4100,0.1540,-1
KHAPRETA_510206,312260.860,2624142.200,129.8900,0.0619,2.5300,0.1617,-1
KHAPRETA_510206,312263.860,2624142.200,130.0400,0.0969,2.3800,0.1521,-1
KHAPRETA_510206,312264.860,2624142.200,129.9700,0.0300,2.4500,0.1565,-1
KHAPRETA_510206,312265.860,2624142.200,129.9800,0.0969,2.4400,0.1559,-1
KHAPRETA_510206,312280.860,2624142.200,129.9400,0.1319,2.4800,0.1585,-1
KHAPRETA_510206,312287.860,2624142.200,130.0200,0.1019,2.4000,0.1534,-1
KHAPRETA_510206,312298.860,2624142.200,130.0600,0.1378,2.3600,0.1508,-1
KHAPRETA_510206,312299.860,2624142.200,130.0500,0.0857,2.3700,0.1514,-1
KHAPRETA_510206,312300.860,2624142.200,130.1100,0.1369,2.3100,0.1476,-1
KHAPRETA_510206,312308.860,2624142.200,130.0300,0.1069,2.3900,0.1527,-1
KHAPRETA_510206,312314.860,2624142.200,130.1100,0.0250,2.3100,0.1476,-1
KHAPRETA_510206,312316.860,2624142.200,130.0800,0.2385,2.3400,0.1495,-1
KHAPRETA_510206,312317.860,2624142.200,130.0300,0.1887,2.3900,0.1527,-1
KHAPRETA_510206,312332.860,2624142.200,130.1800,0.0000,2.2400,0.1431,-1
KHAPRETA_510206,312338.860,2624142.200,130.1700,0.1769,2.2500,0.1438,-1
KHAPRETA_510206,312340.860,2624142.200,130.2500,0.2569,2.1700,0.1387,-1
KHAPRETA_510206,312344.860,2624142.200,130.3200,0.2369,2.1000,0.1342,-1
KHAPRETA_510206,312346.860,2624142.200,130.2100,0.0000,2.2100,0.1412,-1
KHAPRETA_510206,312359.860,2624142.200,130.4500,0.3619,1.9700,0.1259,-1
KHAPRETA_510206,312369.860,2624142.200,130.3100,0.0000,2.1100,0.1348,-1
KHAPRETA_510206,312374.860,2624142.200,130.2800,0.0000,2.1400,0.1367,-1
KHAPRETA_510206,312383.860,2624142.200,130.4600,0.2919,1.9600,0.1252,-1
KHAPRETA_510206,312384.860,2624142.200,130.3600,0.4871,2.0600,0.1316,-1
KHAPRETA_510206,312389.860,2624142.200,130.5200,0.3769,1.9000,0.1214,-1
KHAPRETA_510206,312390.860,2624142.200,130.5300,0.5403,1.8900,0.1208,-1
KHAPRETA_510206,312406.860,2624142.200,130.6900,0.4719,1.7300,0.1105,-1
KHAPRETA_510206,312409.860,2624142.200,130.8100,0.0000,1.6100,0.1029,-1
KHAPRETA_510206,312418.860,2624142.200,130.7900,0.5069,1.6300,0.1042,-1
KHAPRETA_510206,312419.860,2624142.200,130.7900,0.7240,1.6300,0.1042,-1
KHAPRETA_510206,312422.860,2624142.200,130.8100,0.5469,1.6100,0.1029,-1
KHAPRETA_510206,312436.860,2624142.200,130.9400,0.0050,1.4800,0.0946,-1
KHAPRETA_510206,312440.860,2624142.200,130.9600,0.0000,1.4600,0.0933,-1
KHAPRETA_510206,312445.860,2624142.200,131.2100,0.7269,1.2100,0.0773,-1
KHAPRETA_510206,312450.860,2624142.200,131.2800,0.7369,1.1400,0.0728,-1
KHAPRETA_510206,312455.860,2624142.200,131.3500,0.7969,1.0700,0.0684,-1
KHAPRETA_510206,312460.860,2624142.200,131.3000,0.7669,1.1200,0.0716,-1
KHAPRETA_510206,312490.860,2624142.200,130.3400,0.4247,2.0800,0.1329,-1
KHAPRETA_510206,312491.860,2624142.200,130.4200,0.2819,2.0000,0.1278,-1
KHAPRETA_510206,312497.860,2624142.200,130.8000,0.6605,1.6200,0.1035,-1
KHAPRETA_510206,312498.860,2624142.200,130.7300,0.5247,1.6900,0.1080,-1
KHAPRETA_510206,312500.860,2624142.200,131.0300,0.0000,1.3900,0.0888,-1
KHAPRETA_510206,312504.860,2624142.200,130.8600,0.5419,1.5600,0.0997,-1
KHAPRETA_510206,312507.860,2624142.200,130.9000,0.0100,1.5200,0.0971,-1
KHAPRETA_510206,312509.860,2624142.200,131.0200,0.0000,1.4000,0.0895,-1
KHAPRETA_510206,312032.860,2624143.200,125.6900,2.0781,6.7300,0.4300,-1
KHAPRETA_510206,312033.860,2624143.200,125.6200,2.0431,6.8000,0.4345,-1
KHAPRETA_510206,312038.860,2624143.200,125.5400,2.1431,6.8800,0.4396,-1
KHAPRETA_510206,312039.860,2624143.200,125.4900,2.0955,6.9300,0.4428,-1
KHAPRETA_510206,312040.860,2624143.200,125.7400,2.1431,6.6800,0.4268,-1
KHAPRETA_510206,312042.860,2624143.200,125.7400,1.9735,6.6800,0.4268,-1
KHAPRETA_510206,312043.860,2624143.200,125.8300,2.0181,6.5900,0.4211,-1
KHAPRETA_510206,312050.860,2624143.200,125.7200,0.0000,6.7000,0.4281,-1
KHAPRETA_510206,312052.860,2624143.200,125.8700,0.0000,6.5500,0.4185,-1
KHAPRETA_510206,312054.860,2624143.200,125.9800,1.8731,6.4400,0.4115,-1
KHAPRETA_510206,312056.860,2624143.200,126.0500,0.0000,6.3700,0.4070,-1
KHAPRETA_510206,312065.860,2624143.200,127.0200,1.3281,5.4000,0.3450,-1
KHAPRETA_510206,312066.860,2624143.200,127.1200,1.3788,5.3000,0.3387,-1
KHAPRETA_510206,312068.860,2624143.200,127.0700,1.3181,5.3500,0.3419,-1
KHAPRETA_510206,312069.860,2624143.200,127.1400,0.0300,5.2800,0.3374,-1
KHAPRETA_510206,312070.860,2624143.200,127.0100,1.3438,5.4100,0.3457,-1
KHAPRETA_510206,312071.860,2624143.200,127.0500,1.3831,5.3700,0.3431,-1
KHAPRETA_510206,312076.860,2624143.200,127.0200,1.3781,5.4000,0.3450,-1
KHAPRETA_510206,312077.860,2624143.200,127.0200,1.3781,5.4000,0.3450,-1
KHAPRETA_510206,312080.860,2624143.200,127.1000,0.0000,5.3200,0.3399,-1
KHAPRETA_510206,312082.860,2624143.200,126.9000,1.4331,5.5200,0.3527,-1
KHAPRETA_510206,312087.860,2624143.200,127.2500,0.0000,5.1700,0.3304,-1
KHAPRETA_510206,312089.860,2624143.200,127.3100,1.2581,5.1100,0.3265,-1
KHAPRETA_510206,312090.860,2624143.200,127.2600,1.8049,5.1600,0.3297,-1
KHAPRETA_510206,312092.860,2624143.200,127.2800,1.2631,5.1400,0.3284,-1
KHAPRETA_510206,312105.860,2624143.200,127.4000,0.0200,5.0200,0.3208,-1
KHAPRETA_510206,312108.860,2624143.200,127.3100,0.1600,5.1100,0.3265,-1
KHAPRETA_510206,312110.860,2624143.200,127.5600,0.0000,4.8600,0.3105,-1
KHAPRETA_510206,312112.860,2624143.200,127.9600,0.8731,4.4600,0.2850,-1
KHAPRETA_510206,312113.860,2624143.200,128.0300,0.1700,4.3900,0.2805,-1
KHAPRETA_510206,312114.860,2624143.200,127.6200,1.3036,4.8000,0.3067,-1
KHAPRETA_510206,312117.860,2624143.200,128.2600,0.1650,4.1600,0.2658,-1
KHAPRETA_510206,312123.860,2624143.200,128.4900,0.0000,3.9300,0.2511,-1
KHAPRETA_510206,312125.860,2624143.200,128.5500,0.7081,3.8700,0.2473,-1
KHAPRETA_510206,312128.860,2624143.200,128.5100,0.8776,3.9100,0.2498,-1
KHAPRETA_510206,312129.860,2624143.200,128.5300,0.6331,3.8900,0.2486,-1
KHAPRETA_510206,312135.860,2624143.200,128.5000,0.0950,3.9200,0.2505,-1
KHAPRETA_510206,312137.860,2624143.200,128.4700,0.5881,3.9500,0.2524,-1
KHAPRETA_510206,312138.860,2624143.200,128.6000,0.8688,3.8200,0.2441,-1
KHAPRETA_510206,312141.860,2624143.200,128.7700,0.5581,3.6500,0.2332,-1
KHAPRETA_510206,312143.860,2624143.200,128.7300,0.0000,3.6900,0.2358,-1
KHAPRETA_510206,312146.860,2624143.200,128.6200,0.8590,3.8000,0.2428,-1
KHAPRETA_510206,312147.860,2624143.200,128.6600,0.6396,3.7600,0.2403,-1
KHAPRETA_510206,312148.860,2624143.200,128.5300,0.0200,3.8900,0.2486,-1
KHAPRETA_510206,312149.860,2624143.200,128.7000,0.6231,3.7200,0.2377,-1
KHAPRETA_510206,312156.860,2624143.200,128.5000,0.0950,3.9200,0.2505,-1
KHAPRETA_510206,312161.860,2624143.200,128.5400,0.5531,3.8800,0.2479,-1
KHAPRETA_510206,312162.860,2624143.200,128.6700,0.0900,3.7500,0.2396,-1
KHAPRETA_510206,312163.860,2624143.200,128.7200,0.0800,3.7000,0.2364,-1
KHAPRETA_510206,312164.860,2624143.200,128.5100,0.5281,3.9100,0.2498,-1
KHAPRETA_510206,312166.860,2624143.200,128.6500,0.0000,3.7700,0.2409,-1
KHAPRETA_510206,312171.860,2624143.200,128.9300,0.0000,3.4900,0.2230,-1
KHAPRETA_510206,312182.860,2624143.200,130.3800,0.0000,2.0400,0.1304,-1
KHAPRETA_510206,312196.860,2624143.200,129.5400,0.0000,2.8800,0.1840,-1
KHAPRETA_510206,312201.860,2624143.200,129.6800,0.0000,2.7400,0.1751,-1
KHAPRETA_510206,312203.860,2624143.200,129.6700,0.0831,2.7500,0.1757,-1
KHAPRETA_510206,312205.860,2624143.200,129.6900,0.0631,2.7300,0.1744,-1
KHAPRETA_510206,312211.860,2624143.200,129.6300,0.0000,2.7900,0.1783,-1
KHAPRETA_510206,312215.860,2624143.200,129.6200,0.0331,2.8000,0.1789,-1
KHAPRETA_510206,312218.860,2624143.200,129.7300,0.0000,2.6900,0.1719,-1
KHAPRETA_510206,312227.860,2624143.200,129.7300,0.0719,2.6900,0.1719,-1
KHAPRETA_510206,312228.860,2624143.200,129.9200,0.0265,2.5000,0.1597,-1
KHAPRETA_510206,312231.860,2624143.200,129.8800,0.0131,2.5400,0.1623,-1
KHAPRETA_510206,312232.860,2624143.200,129.7500,0.0519,2.6700,0.1706,-1
KHAPRETA_510206,312234.860,2624143.200,129.9400,0.0650,2.4800,0.1585,-1
KHAPRETA_510206,312236.860,2624143.200,129.9500,0.0919,2.4700,0.1578,-1
KHAPRETA_510206,312238.860,2624143.200,129.9900,0.0669,2.4300,0.1553,-1
KHAPRETA_510206,312245.860,2624143.200,130.0500,0.0000,2.3700,0.1514,-1
KHAPRETA_510206,312247.860,2624143.200,129.9900,0.1019,2.4300,0.1553,-1
KHAPRETA_510206,312248.860,2624143.200,129.9800,0.1069,2.4400,0.1559,-1
KHAPRETA_510206,312251.860,2624143.200,130.0900,0.1169,2.3300,0.1489,-1
KHAPRETA_510206,312255.860,2624143.200,129.9400,0.0000,2.4800,0.1585,-1
KHAPRETA_510206,312272.860,2624143.200,130.0700,0.1119,2.3500,0.1502,-1
KHAPRETA_510206,312278.860,2624143.200,129.8400,0.1119,2.5800,0.1649,-1
KHAPRETA_510206,312279.860,2624143.200,130.0000,0.0319,2.4200,0.1546,-1
KHAPRETA_510206,312284.860,2624143.200,129.7500,0.0719,2.6700,0.1706,-1
KHAPRETA_510206,312285.860,2624143.200,129.9200,0.0392,2.5000,0.1597,-1
KHAPRETA_510206,312287.860,2624143.200,129.9800,0.1219,2.4400,0.1559,-1
KHAPRETA_510206,312291.860,2624143.200,130.1000,0.0000,2.3200,0.1482,-1
KHAPRETA_510206,312293.860,2624143.200,129.9800,0.1419,2.4400,0.1559,-1
KHAPRETA_510206,312294.860,2624143.200,130.0600,0.1019,2.3600,0.1508,-1
KHAPRETA_510206,312298.860,2624143.200,130.0600,0.0850,2.3600,0.1508,-1
KHAPRETA_510206,312301.860,2624143.200,130.1600,0.0000,2.2600,0.1444,-1
KHAPRETA_510206,312305.860,2624143.200,130.0200,0.2467,2.4000,0.1534,-1
KHAPRETA_510206,312306.860,2624143.200,130.1200,0.2067,2.3000,0.1470,-1
KHAPRETA_510206,312310.860,2624143.200,130.1200,0.1569,2.3000,0.1470,-1
KHAPRETA_510206,312311.860,2624143.200,130.0900,0.0100,2.3300,0.1489,-1
KHAPRETA_510206,312312.860,2624143.200,130.1400,0.1569,2.2800,0.1457,-1
KHAPRETA_510206,312314.860,2624143.200,130.1900,0.0150,2.2300,0.1425,-1
KHAPRETA_510206,312316.860,2624143.200,130.1800,0.1519,2.2400,0.1431,-1
KHAPRETA_510206,312318.860,2624143.200,130.1000,0.0000,2.3200,0.1482,-1
KHAPRETA_510206,312323.860,2624143.200,130.1700,0.2119,2.2500,0.1438,-1
KHAPRETA_510206,312324.860,2624143.200,130.2000,0.3005,2.2200,0.1419,-1
KHAPRETA_510206,312327.860,2624143.200,130.1300,0.0000,2.2900,0.1463,-1
KHAPRETA_510206,312329.860,2624143.200,130.1400,0.1919,2.2800,0.1457,-1
KHAPRETA_510206,312340.860,2624143.200,130.2900,0.3495,2.1300,0.1361,-1
KHAPRETA_510206,312341.860,2624143.200,130.2900,0.2474,2.1300,0.1361,-1
KHAPRETA_510206,312342.860,2624143.200,130.2600,0.2569,2.1600,0.1380,-1
KHAPRETA_510206,312348.860,2624143.200,130.3400,0.0000,2.0800,0.1329,-1
KHAPRETA_510206,312352.860,2624143.200,130.4300,0.2919,1.9900,0.1272,-1
KHAPRETA_510206,312353.860,2624143.200,130.3600,0.4553,2.0600,0.1316,-1
KHAPRETA_510206,312355.860,2624143.200,130.4500,0.0000,1.9700,0.1259,-1
KHAPRETA_510206,312359.860,2624143.200,130.5000,0.0500,1.9200,0.1227,-1
KHAPRETA_510206,312363.860,2624143.200,130.5200,0.0000,1.9000,0.1214,-1
KHAPRETA_510206,312367.860,2624143.200,130.4400,0.3269,1.9800,0.1265,-1
KHAPRETA_510206,312368.860,2624143.200,130.4300,0.3319,1.9900,0.1272,-1
KHAPRETA_510206,312378.860,2624143.200,130.5000,0.0000,1.9200,0.1227,-1
KHAPRETA_510206,312384.860,2624143.200,130.4700,0.2919,1.9500,0.1246,-1
KHAPRETA_510206,312390.860,2624143.200,130.5600,0.5366,1.8600,0.1188,-1
KHAPRETA_510206,312391.860,2624143.200,130.5400,0.3919,1.8800,0.1201,-1
KHAPRETA_510206,312394.860,2624143.200,130.5900,0.5826,1.8300,0.1169,-1
KHAPRETA_510206,312395.860,2624143.200,130.6000,0.4069,1.8200,0.1163,-1
KHAPRETA_510206,312407.860,2624143.200,130.7500,0.4719,1.6700,0.1067,-1
KHAPRETA_510206,312411.860,2624143.200,130.7700,0.6993,1.6500,0.1054,-1
KHAPRETA_510206,312412.860,2624143.200,130.7500,0.4969,1.6700,0.1067,-1
KHAPRETA_510206,312414.860,2624143.200,130.7600,0.5519,1.6600,0.1061,-1
KHAPRETA_510206,312415.860,2624143.200,130.8800,0.4919,1.5400,0.0984,-1
KHAPRETA_510206,312423.860,2624143.200,130.8800,0.5219,1.5400,0.0984,-1
KHAPRETA_510206,312424.860,2624143.200,130.8200,0.7806,1.6000,0.1022,-1
KHAPRETA_510206,312429.860,2624143.200,130.8900,0.5669,1.5300,0.0978,-1
KHAPRETA_510206,312431.860,2624143.200,130.9500,0.0000,1.4700,0.0939,-1
KHAPRETA_510206,312435.860,2624143.200,130.9400,0.8449,1.4800,0.0946,-1
KHAPRETA_510206,312436.860,2624143.200,130.9200,0.5833,1.5000,0.0958,-1
KHAPRETA_510206,312445.860,2624143.200,131.2300,0.7169,1.1900,0.0760,-1
KHAPRETA_510206,312448.860,2624143.200,131.2400,0.0000,1.1800,0.0754,-1
KHAPRETA_510206,312450.860,2624143.200,131.2500,0.7519,1.1700,0.0748,-1
KHAPRETA_510206,312458.860,2624143.200,131.3500,0.8569,1.0700,0.0684,-1
KHAPRETA_510206,312481.860,2624143.200,130.9800,0.5569,1.4400,0.0920,-1
KHAPRETA_510206,312498.860,2624143.200,130.7700,0.6960,1.6500,0.1054,-1
KHAPRETA_510206,312499.860,2624143.200,130.7900,0.4969,1.6300,0.1042,-1
KHAPRETA_510206,312504.860,2624143.200,130.8600,0.5419,1.5600,0.0997,-1
KHAPRETA_510206,312507.860,2624143.200,131.0200,0.8456,1.4000,0.0895,-1
KHAPRETA_510206,312508.860,2624143.200,131.0400,0.6219,1.3800,0.0882,-1
KHAPRETA_510206,312024.860,2624144.200,125.5200,0.0000,6.9000,0.4409,-1
KHAPRETA_510206,312029.860,2624144.200,125.6500,0.0000,6.7700,0.4326,-1
KHAPRETA_510206,312035.860,2624144.200,125.6400,0.0000,6.7800,0.4332,-1
KHAPRETA_510206,312042.860,2624144.200,125.6700,2.0181,6.7500,0.4313,-1
KHAPRETA_510206,312045.860,2624144.200,125.6900,2.0181,6.7300,0.4300,-1
KHAPRETA_510206,312051.860,2624144.200,126.0300,1.9181,6.3900,0.4083,-1
KHAPRETA_510206,312053.860,2624144.200,125.9800,0.0000,6.4400,0.4115,-1
KHAPRETA_510206,312055.860,2624144.200,126.0900,0.0000,6.3300,0.4045,-1
KHAPRETA_510206,312059.860,2624144.200,126.1100,1.8931,6.3100,0.4032,-1
KHAPRETA_510206,312062.860,2624144.200,126.9900,0.0000,5.4300,0.3470,-1
KHAPRETA_510206,312066.860,2624144.200,126.9900,0.1500,5.4300,0.3470,-1
KHAPRETA_510206,312072.860,2624144.200,127.3400,0.0000,5.0800,0.3246,-1
KHAPRETA_510206,312075.860,2624144.200,127.0200,0.0000,5.4000,0.3450,-1
KHAPRETA_510206,312092.860,2624144.200,127.2500,0.0200,5.1700,0.3304,-1
KHAPRETA_510206,312096.860,2624144.200,127.2800,1.2481,5.1400,0.3284,-1
KHAPRETA_510206,312099.860,2624144.200,127.3300,1.7191,5.0900,0.3252,-1
KHAPRETA_510206,312100.860,2624144.200,127.3500,1.2231,5.0700,0.3240,-1
KHAPRETA_510206,312103.860,2624144.200,127.4600,1.2231,4.9600,0.3169,-1
KHAPRETA_510206,312104.860,2624144.200,127.3300,0.0500,5.0900,0.3252,-1
KHAPRETA_510206,312105.860,2624144.200,127.3600,1.1881,5.0600,0.3233,-1
KHAPRETA_510206,312106.860,2624144.200,127.3400,1.6292,5.0800,0.3246,-1
KHAPRETA_510206,312108.860,2624144.200,127.7100,1.5585,4.7100,0.3010,-1
KHAPRETA_510206,312109.860,2624144.200,127.8700,1.3302,4.5500,0.2907,-1
KHAPRETA_510206,312114.860,2624144.200,127.8400,1.0781,4.5800,0.2927,-1
KHAPRETA_510206,312117.860,2624144.200,127.8700,1.0373,4.5500,0.2907,-1
KHAPRETA_510206,312118.860,2624144.200,128.3600,0.2550,4.0600,0.2594,-1
KHAPRETA_510206,312119.860,2624144.200,128.3800,1.0446,4.0400,0.2581,-1
KHAPRETA_510206,312125.860,2624144.200,128.3600,0.0250,4.0600,0.2594,-1
KHAPRETA_510206,312128.860,2624144.200,128.5400,0.6331,3.8800,0.2479,-1
KHAPRETA_510206,312132.860,2624144.200,128.5500,0.5131,3.8700,0.2473,-1
KHAPRETA_510206,312135.860,2624144.200,128.7000,0.6381,3.7200,0.2377,-1
KHAPRETA_510206,312145.860,2624144.200,128.6200,0.8398,3.8000,0.2428,-1
KHAPRETA_510206,312146.860,2624144.200,128.4700,0.5812,3.9500,0.2524,-1
KHAPRETA_510206,312147.860,2624144.200,128.5000,0.8590,3.9200,0.2505,-1
KHAPRETA_510206,312156.860,2624144.200,128.4200,0.6381,4.0000,0.2556,-1
KHAPRETA_510206,312160.860,2624144.200,128.5000,0.0000,3.9200,0.2505,-1
KHAPRETA_510206,312168.860,2624144.200,128.8200,0.5631,3.6000,0.2300,-1
KHAPRETA_510206,312170.860,2624144.200,128.7100,0.0000,3.7100,0.2371,-1
KHAPRETA_510206,312179.860,2624144.200,131.9100,0.0000,0.5100,0.0326,-1
KHAPRETA_510206,312187.860,2624144.200,128.9000,0.0000,3.5200,0.2249,-1
KHAPRETA_510206,312190.860,2624144.200,129.1500,0.0000,3.2700,0.2089,-1
KHAPRETA_510206,312192.860,2624144.200,129.1400,0.0000,3.2800,0.2096,-1
KHAPRETA_510206,312194.860,2624144.200,129.4000,0.0000,3.0200,0.1930,-1
KHAPRETA_510206,312197.860,2624144.200,129.4500,0.1181,2.9700,0.1898,-1
KHAPRETA_510206,312203.860,2624144.200,129.6100,0.0531,2.8100,0.1796,-1
KHAPRETA_510206,312205.860,2624144.200,129.6500,0.0100,2.7700,0.1770,-1
KHAPRETA_510206,312208.860,2624144.200,129.8300,0.0000,2.5900,0.1655,-1
KHAPRETA_510206,312221.860,2624144.200,129.4400,0.0031,2.9800,0.1904,-1
KHAPRETA_510206,312226.860,2624144.200,129.8900,0.1119,2.5300,0.1617,-1
KHAPRETA_510206,312228.860,2624144.200,129.7500,0.0755,2.6700,0.1706,-1
KHAPRETA_510206,312229.860,2624144.200,129.7300,0.0400,2.6900,0.1719,-1
KHAPRETA_510206,312230.860,2624144.200,129.8300,0.0231,2.5900,0.1655,-1
KHAPRETA_510206,312234.860,2624144.200,130.0400,0.1195,2.3800,0.1521,-1
KHAPRETA_510206,312235.860,2624144.200,129.9500,0.0737,2.4700,0.1578,-1
KHAPRETA_510206,312236.860,2624144.200,129.9600,0.0869,2.4600,0.1572,-1
KHAPRETA_510206,312237.860,2624144.200,129.9500,0.0919,2.4700,0.1578,-1
KHAPRETA_510206,312239.860,2624144.200,129.5900,0.0669,2.8300,0.1808,-1
KHAPRETA_510206,312240.860,2624144.200,129.9100,0.0931,2.5100,0.1604,-1
KHAPRETA_510206,312242.860,2624144.200,130.0300,0.0000,2.3900,0.1527,-1
KHAPRETA_510206,312244.860,2624144.200,130.0100,0.0000,2.4100,0.1540,-1
KHAPRETA_510206,312246.860,2624144.200,130.0200,0.0000,2.4000,0.1534,-1
KHAPRETA_510206,312260.860,2624144.200,130.0000,0.1169,2.4200,0.1546,-1
KHAPRETA_510206,312261.860,2624144.200,130.0100,0.1119,2.4100,0.1540,-1
KHAPRETA_510206,312264.860,2624144.200,130.0800,0.1169,2.3400,0.1495,-1
KHAPRETA_510206,312265.860,2624144.200,130.0100,0.1917,2.4100,0.1540,-1
KHAPRETA_510206,312268.860,2624144.200,129.9600,0.1569,2.4600,0.1572,-1
KHAPRETA_510206,312269.860,2624144.200,130.0900,0.1567,2.3300,0.1489,-1
KHAPRETA_510206,312272.860,2624144.200,130.0000,0.2114,2.4200,0.1546,-1
KHAPRETA_510206,312273.860,2624144.200,130.0800,0.1119,2.3400,0.1495,-1
KHAPRETA_510206,312280.860,2624144.200,129.8800,0.1119,2.5400,0.1623,-1
KHAPRETA_510206,312285.860,2624144.200,129.8500,0.0719,2.5700,0.1642,-1
KHAPRETA_510206,312289.860,2624144.200,130.0600,0.0569,2.3600,0.1508,-1
KHAPRETA_510206,312298.860,2624144.200,129.8900,0.1419,2.5300,0.1617,-1
KHAPRETA_510206,312300.860,2624144.200,130.1400,0.0000,2.2800,0.1457,-1
KHAPRETA_510206,312305.860,2624144.200,130.1300,0.1669,2.2900,0.1463,-1
KHAPRETA_510206,312306.860,2624144.200,130.1100,0.2467,2.3100,0.1476,-1
KHAPRETA_510206,312308.860,2624144.200,129.9600,0.2025,2.4600,0.1572,-1
KHAPRETA_510206,312309.860,2624144.200,130.1200,0.1819,2.3000,0.1470,-1
KHAPRETA_510206,312314.860,2624144.200,130.1400,0.1419,2.2800,0.1457,-1
KHAPRETA_510206,312315.860,2624144.200,130.0600,0.2277,2.3600,0.1508,-1
KHAPRETA_510206,312317.860,2624144.200,129.9800,0.0000,2.4400,0.1559,-1
KHAPRETA_510206,312322.860,2624144.200,129.9200,0.0000,2.5000,0.1597,-1
KHAPRETA_510206,312324.860,2624144.200,130.2300,0.2119,2.1900,0.1399,-1
KHAPRETA_510206,312329.860,2624144.200,130.1600,0.2831,2.2600,0.1444,-1
KHAPRETA_510206,312330.860,2624144.200,130.2100,0.1919,2.2100,0.1412,-1
KHAPRETA_510206,312335.860,2624144.200,130.2500,0.2019,2.1700,0.1387,-1
KHAPRETA_510206,312338.860,2624144.200,130.2000,0.0000,2.2200,0.1419,-1
KHAPRETA_510206,312341.860,2624144.200,130.2700,0.0200,2.1500,0.1374,-1
KHAPRETA_510206,312343.860,2624144.200,130.0700,0.2169,2.3500,0.1502,-1
KHAPRETA_510206,312349.860,2624144.200,130.3000,0.3369,2.1200,0.1355,-1
KHAPRETA_510206,312350.860,2624144.200,130.4500,0.2619,1.9700,0.1259,-1
KHAPRETA_510206,312353.860,2624144.200,130.4100,0.2919,2.0100,0.1284,-1
KHAPRETA_510206,312358.860,2624144.200,130.3700,0.3869,2.0500,0.1310,-1
KHAPRETA_510206,312359.860,2624144.200,130.5500,0.4682,1.8700,0.1195,-1
KHAPRETA_510206,312369.860,2624144.200,130.3200,0.0000,2.1000,0.1342,-1
KHAPRETA_510206,312371.860,2624144.200,130.3700,0.0000,2.0500,0.1310,-1
KHAPRETA_510206,312373.860,2624144.200,130.3400,0.2919,2.0800,0.1329,-1
KHAPRETA_510206,312374.860,2624144.200,130.3600,0.2819,2.0600,0.1316,-1
KHAPRETA_510206,312376.860,2624144.200,130.1300,0.0000,2.2900,0.1463,-1
KHAPRETA_510206,312389.860,2624144.200,130.5400,0.0000,1.8800,0.1201,-1
KHAPRETA_510206,312394.860,2624144.200,130.6000,0.0150,1.8200,0.1163,-1
KHAPRETA_510206,312398.860,2624144.200,130.6700,0.0000,1.7500,0.1118,-1
KHAPRETA_510206,312401.860,2624144.200,130.7000,0.6714,1.7200,0.1099,-1
KHAPRETA_510206,312402.860,2624144.200,130.7600,0.4587,1.6600,0.1061,-1
KHAPRETA_510206,312403.860,2624144.200,130.7800,0.4919,1.6400,0.1048,-1
KHAPRETA_510206,312405.860,2624144.200,130.7200,0.4769,1.7000,0.1086,-1
KHAPRETA_510206,312407.860,2624144.200,130.7200,0.0100,1.7000,0.1086,-1
KHAPRETA_510206,312411.860,2624144.200,130.7800,0.4969,1.6400,0.1048,-1
KHAPRETA_510206,312413.860,2624144.200,130.7900,0.0000,1.6300,0.1042,-1
KHAPRETA_510206,312417.860,2624144.200,130.8300,0.0000,1.5900,0.1016,-1
KHAPRETA_510206,312424.860,2624144.200,130.8800,0.0250,1.5400,0.0984,-1
KHAPRETA_510206,312429.860,2624144.200,130.9100,0.5569,1.5100,0.0965,-1
KHAPRETA_510206,312432.860,2624144.200,130.8900,0.7841,1.5300,0.0978,-1
KHAPRETA_510206,312433.860,2624144.200,130.8800,0.5569,1.5400,0.0984,-1
KHAPRETA_510206,312435.860,2624144.200,131.0200,0.8517,1.4000,0.0895,-1
KHAPRETA_510206,312436.860,2624144.200,131.0200,0.8449,1.4000,0.0895,-1
KHAPRETA_510206,312444.860,2624144.200,131.1800,0.0000,1.2400,0.0792,-1
KHAPRETA_510206,312455.860,2624144.200,131.3700,0.0000,1.0500,0.0671,-1
KHAPRETA_510206,312458.860,2624144.200,131.4900,0.7869,0.9300,0.0594,-1
KHAPRETA_510206,312461.860,2624144.200,131.2600,0.0000,1.1600,0.0741,-1
KHAPRETA_510206,312480.860,2624144.200,130.7400,0.5569,1.6800,0.1073,-1
KHAPRETA_510206,312481.860,2624144.200,130.8900,0.7711,1.5300,0.0978,-1
KHAPRETA_510206,312492.860,2624144.200,130.9200,0.0000,1.5000,0.0958,-1
KHAPRETA_510206,312500.860,2624144.200,130.8800,0.0000,1.5400,0.0984,-1
KHAPRETA_510206,312502.860,2624144.200,130.8500,0.0000,1.5700,0.1003,-1
KHAPRETA_510206,312505.860,2624144.200,130.7100,0.8265,1.7100,0.1093,-1
KHAPRETA_510206,312506.860,2624144.200,130.9500,0.8182,1.4700,0.0939,-1
KHAPRETA_510206,312510.860,2624144.200,130.8300,0.5869,1.5900,0.1016,-1
KHAPRETA_510206,312026.860,2624145.200,125.8400,0.0000,6.5800,0.4204,-1
KHAPRETA_510206,312041.860,2624145.200,125.7400,0.0000,6.6800,0.4268,-1
KHAPRETA_510206,312045.860,2624145.200,125.7400,2.8126,6.6800,0.4268,-1
KHAPRETA_510206,312046.860,2624145.200,125.9100,2.0181,6.5100,0.4160,-1
KHAPRETA_510206,312051.860,2624145.200,125.9400,1.8731,6.4800,0.4141,-1
KHAPRETA_510206,312056.860,2624145.200,125.9600,0.0000,6.4600,0.4128,-1
KHAPRETA_510206,312059.860,2624145.200,125.9900,1.8331,6.4300,0.4109,-1
KHAPRETA_510206,312061.860,2624145.200,126.1500,1.8781,6.2700,0.4006,-1
KHAPRETA_510206,312066.860,2624145.200,126.8200,1.3931,5.6000,0.3578,-1
KHAPRETA_510206,312069.860,2624145.200,127.0300,0.0000,5.3900,0.3444,-1
KHAPRETA_510206,312074.860,2624145.200,127.1800,0.0000,5.2400,0.3348,-1
KHAPRETA_510206,312083.860,2624145.200,127.1200,0.0000,5.3000,0.3387,-1
KHAPRETA_510206,312092.860,2624145.200,127.2400,1.2631,5.1800,0.3310,-1
KHAPRETA_510206,312095.860,2624145.200,127.1900,1.2481,5.2300,0.3342,-1
KHAPRETA_510206,312096.860,2624145.200,127.2800,1.2932,5.1400,0.3284,-1
KHAPRETA_510206,312099.860,2624145.200,127.3400,1.2231,5.0800,0.3246,-1
KHAPRETA_510206,312101.860,2624145.200,127.3400,1.2031,5.0800,0.3246,-1
KHAPRETA_510206,312102.860,2624145.200,127.3700,1.2181,5.0500,0.3227,-1
KHAPRETA_510206,312106.860,2624145.200,127.5900,0.3600,4.8300,0.3086,-1
KHAPRETA_510206,312109.860,2624145.200,128.1000,1.2593,4.3200,0.2760,-1
KHAPRETA_510206,312110.860,2624145.200,128.1300,0.8381,4.2900,0.2741,-1
KHAPRETA_510206,312119.860,2624145.200,128.2400,0.6981,4.1800,0.2671,-1
KHAPRETA_510206,312121.860,2624145.200,128.4600,0.6231,3.9600,0.2530,-1
KHAPRETA_510206,312122.860,2624145.200,128.5300,0.0700,3.8900,0.2486,-1
KHAPRETA_510206,312123.860,2624145.200,128.6000,0.6231,3.8200,0.2441,-1
KHAPRETA_510206,312125.860,2624145.200,128.6000,1.0013,3.8200,0.2441,-1
KHAPRETA_510206,312126.860,2624145.200,128.3600,0.0250,4.0600,0.2594,-1
KHAPRETA_510206,312127.860,2624145.200,128.6500,0.7081,3.7700,0.2409,-1
KHAPRETA_510206,312131.860,2624145.200,128.7300,0.7581,3.6900,0.2358,-1
KHAPRETA_510206,312132.860,2624145.200,128.7500,0.8059,3.6700,0.2345,-1
KHAPRETA_510206,312134.860,2624145.200,128.6000,0.6631,3.8200,0.2441,-1
KHAPRETA_510206,312136.860,2624145.200,128.5600,0.0000,3.8600,0.2466,-1
KHAPRETA_510206,312138.860,2624145.200,128.6100,0.0000,3.8100,0.2435,-1
KHAPRETA_510206,312142.860,2624145.200,128.6200,0.6681,3.8000,0.2428,-1
KHAPRETA_510206,312145.860,2624145.200,128.7200,0.5781,3.7000,0.2364,-1
KHAPRETA_510206,312148.860,2624145.200,128.6800,0.7531,3.7400,0.2390,-1
KHAPRETA_510206,312149.860,2624145.200,128.2700,0.0150,4.1500,0.2652,-1
KHAPRETA_510206,312150.860,2624145.200,128.7100,0.7531,3.7100,0.2371,-1
KHAPRETA_510206,312161.860,2624145.200,128.4100,0.6031,4.0100,0.2562,-1
KHAPRETA_510206,312162.860,2624145.200,128.5700,0.6831,3.8500,0.2460,-1
KHAPRETA_510206,312164.860,2624145.200,128.7400,0.0000,3.6800,0.2351,-1
KHAPRETA_510206,312166.860,2624145.200,128.8100,0.8741,3.6100,0.2307,-1
KHAPRETA_510206,312167.860,2624145.200,128.5300,0.4404,3.8900,0.2486,-1
KHAPRETA_510206,312168.860,2624145.200,128.6500,0.7853,3.7700,0.2409,-1
KHAPRETA_510206,312180.860,2624145.200,129.9900,0.1881,2.4300,0.1553,-1
KHAPRETA_510206,312183.860,2624145.200,129.2700,0.0000,3.1500,0.2013,-1
KHAPRETA_510206,312196.860,2624145.200,129.3700,0.1181,3.0500,0.1949,-1
KHAPRETA_510206,312197.860,2624145.200,129.5400,0.2040,2.8800,0.1840,-1
KHAPRETA_510206,312199.860,2624145.200,129.4500,0.0000,2.9700,0.1898,-1
KHAPRETA_510206,312201.860,2624145.200,129.5500,0.0731,2.8700,0.1834,-1
KHAPRETA_510206,312202.860,2624145.200,129.6300,0.1193,2.7900,0.1783,-1
KHAPRETA_510206,312205.860,2624145.200,129.6700,0.0631,2.7500,0.1757,-1
KHAPRETA_510206,312218.860,2624145.200,129.6300,0.0000,2.7900,0.1783,-1
KHAPRETA_510206,312221.860,2624145.200,129.7700,0.1681,2.6500,0.1693,-1
KHAPRETA_510206,312223.860,2624145.200,129.6200,0.0000,2.8000,0.1789,-1
KHAPRETA_510206,312226.860,2624145.200,130.0000,0.0000,2.4200,0.1546,-1
KHAPRETA_510206,312235.860,2624145.200,129.9000,0.0250,2.5200,0.1610,-1
KHAPRETA_510206,312241.860,2624145.200,130.0100,0.0000,2.4100,0.1540,-1
KHAPRETA_510206,312249.860,2624145.200,130.0200,0.1469,2.4000,0.1534,-1
KHAPRETA_510206,312250.860,2624145.200,130.0700,0.0300,2.3500,0.1502,-1
KHAPRETA_510206,312251.860,2624145.200,130.0800,0.1769,2.3400,0.1495,-1
KHAPRETA_510206,312252.860,2624145.200,130.0700,0.1519,2.3500,0.1502,-1
KHAPRETA_510206,312265.860,2624145.200,130.0100,0.0150,2.4100,0.1540,-1
KHAPRETA_510206,312267.860,2624145.200,130.0100,0.0000,2.4100,0.1540,-1
KHAPRETA_510206,312269.860,2624145.200,130.0300,0.1569,2.3900,0.1527,-1
KHAPRETA_510206,312274.860,2624145.200,130.0800,0.1519,2.3400,0.1495,-1
KHAPRETA_510206,312277.860,2624145.200,129.9800,0.0331,2.4400,0.1559,-1
KHAPRETA_510206,312278.860,2624145.200,129.7100,0.1019,2.7100,0.1732,-1
KHAPRETA_510206,312280.860,2624145.200,130.0000,0.0250,2.4200,0.1546,-1
KHAPRETA_510206,312286.860,2624145.200,129.8300,0.0000,2.5900,0.1655,-1
KHAPRETA_510206,312288.860,2624145.200,130.1200,0.0569,2.3000,0.1470,-1
KHAPRETA_510206,312289.860,2624145.200,129.8900,0.1722,2.5300,0.1617,-1
KHAPRETA_510206,312292.860,2624145.200,129.8700,0.0669,2.5500,0.1629,-1
KHAPRETA_510206,312297.860,2624145.200,130.0100,0.0000,2.4100,0.1540,-1
KHAPRETA_510206,312299.860,2624145.200,129.8700,0.0000,2.5500,0.1629,-1
KHAPRETA_510206,312305.860,2624145.200,130.0200,0.1769,2.4000,0.1534,-1
KHAPRETA_510206,312308.860,2624145.200,129.9900,0.1819,2.4300,0.1553,-1
KHAPRETA_510206,312309.860,2624145.200,130.0900,0.1366,2.3300,0.1489,-1
KHAPRETA_510206,312314.860,2624145.200,130.1900,0.2277,2.2300,0.1425,-1
KHAPRETA_510206,312315.860,2624145.200,130.0500,0.2155,2.3700,0.1514,-1
KHAPRETA_510206,312319.860,2624145.200,129.9800,0.0000,2.4400,0.1559,-1
KHAPRETA_510206,312323.860,2624145.200,130.0300,0.1919,2.3900,0.1527,-1
KHAPRETA_510206,312326.860,2624145.200,130.1100,0.2262,2.3100,0.1476,-1
KHAPRETA_510206,312327.860,2624145.200,130.1200,0.1669,2.3000,0.1470,-1
KHAPRETA_510206,312331.860,2624145.200,130.1700,0.0000,2.2500,0.1438,-1
KHAPRETA_510206,312335.860,2624145.200,130.1800,0.2369,2.2400,0.1431,-1
KHAPRETA_510206,312339.860,2624145.200,130.2000,0.0000,2.2200,0.1419,-1
KHAPRETA_510206,312341.860,2624145.200,130.3300,0.0550,2.0900,0.1335,-1
KHAPRETA_510206,312343.860,2624145.200,130.2100,0.1469,2.2100,0.1412,-1
KHAPRETA_510206,312352.860,2624145.200,130.4000,0.2519,2.0200,0.1291,-1
KHAPRETA_510206,312355.860,2624145.200,130.5000,0.2919,1.9200,0.1227,-1
KHAPRETA_510206,312362.860,2624145.200,130.5500,0.3669,1.8700,0.1195,-1
KHAPRETA_510206,312370.860,2624145.200,130.5200,0.3569,1.9000,0.1214,-1
KHAPRETA_510206,312372.860,2624145.200,130.3100,0.2769,2.1100,0.1348,-1
KHAPRETA_510206,312377.860,2624145.200,130.6200,0.6630,1.8000,0.1150,-1
KHAPRETA_510206,312378.860,2624145.200,130.8600,0.4219,1.5600,0.0997,-1
KHAPRETA_510206,312380.860,2624145.200,130.4300,0.3469,1.9900,0.1272,-1
KHAPRETA_510206,312392.860,2624145.200,130.5900,0.4669,1.8300,0.1169,-1
KHAPRETA_510206,312394.860,2624145.200,130.6200,0.4119,1.8000,0.1150,-1
KHAPRETA_510206,312396.860,2624145.200,130.5900,0.0000,1.8300,0.1169,-1
KHAPRETA_510206,312401.860,2624145.200,130.6900,0.6498,1.7300,0.1105,-1
KHAPRETA_510206,312402.860,2624145.200,130.6900,0.6714,1.7300,0.1105,-1
KHAPRETA_510206,312405.860,2624145.200,130.7300,0.4719,1.6900,0.1080,-1
KHAPRETA_510206,312407.860,2624145.200,130.7300,0.4719,1.6900,0.1080,-1
KHAPRETA_510206,312409.860,2624145.200,130.7800,0.0000,1.6400,0.1048,-1
KHAPRETA_510206,312412.860,2624145.200,130.9000,0.0000,1.5200,0.0971,-1
KHAPRETA_510206,312424.860,2624145.200,130.8700,0.5471,1.5500,0.0990,-1
KHAPRETA_510206,312425.860,2624145.200,130.8700,0.0250,1.5500,0.0990,-1
KHAPRETA_510206,312426.860,2624145.200,130.9200,0.0250,1.5000,0.0958,-1
KHAPRETA_510206,312427.860,2624145.200,130.9200,0.5719,1.5000,0.0958,-1
KHAPRETA_510206,312432.860,2624145.200,130.8900,0.5569,1.5300,0.0978,-1
KHAPRETA_510206,312445.860,2624145.200,131.2900,0.0000,1.1300,0.0722,-1
KHAPRETA_510206,312447.860,2624145.200,131.2400,0.7719,1.1800,0.0754,-1
KHAPRETA_510206,312450.860,2624145.200,131.2900,0.0000,1.1300,0.0722,-1
KHAPRETA_510206,312452.860,2624145.200,131.3200,0.0000,1.1000,0.0703,-1
KHAPRETA_510206,312457.860,2624145.200,131.2700,0.0000,1.1500,0.0735,-1
KHAPRETA_510206,312462.860,2624145.200,132.0000,1.0469,0.4200,0.0268,-1
KHAPRETA_510206,312478.860,2624145.200,131.2000,0.6469,1.2200,0.0780,-1
KHAPRETA_510206,312479.860,2624145.200,131.0700,0.9291,1.3500,0.0863,-1
KHAPRETA_510206,312495.860,2624145.200,130.6900,0.0000,1.7300,0.1105,-1
KHAPRETA_510206,312497.860,2624145.200,130.9500,0.0000,1.4700,0.0939,-1
KHAPRETA_510206,312505.860,2624145.200,130.9400,0.8182,1.4800,0.0946,-1
KHAPRETA_510206,312506.860,2624145.200,131.1200,0.5870,1.3000,0.0831,-1
KHAPRETA_510206,312507.860,2624145.200,130.9600,0.9362,1.4600,0.0933,-1
KHAPRETA_510206,312509.860,2624145.200,130.8500,0.5869,1.5700,0.1003,-1
KHAPRETA_510206,312510.860,2624145.200,130.9500,0.7523,1.4700,0.0939,-1
KHAPRETA_510206,312030.860,2624146.200,125.6700,2.2081,6.7500,0.4313,-1
KHAPRETA_510206,312031.860,2624146.200,125.3600,2.0618,7.0600,0.4511,-1
KHAPRETA_510206,312032.860,2624146.200,125.2900,0.1300,7.1300,0.4556,-1
KHAPRETA_510206,312033.860,2624146.200,125.6200,3.0475,6.8000,0.4345,-1
KHAPRETA_510206,312038.860,2624146.200,125.6800,0.0000,6.7400,0.4307,-1
KHAPRETA_510206,312048.860,2624146.200,125.8900,2.7727,6.5300,0.4173,-1
KHAPRETA_510206,312049.860,2624146.200,125.8500,1.9431,6.5700,0.4198,-1
KHAPRETA_510206,312053.860,2624146.200,125.8000,0.0000,6.6200,0.4230,-1
KHAPRETA_510206,312055.860,2624146.200,126.0000,1.8981,6.4200,0.4102,-1
KHAPRETA_510206,312061.860,2624146.200,126.0200,1.8131,6.4000,0.4089,-1
KHAPRETA_510206,312063.860,2624146.200,126.9400,1.4331,5.4800,0.3502,-1
KHAPRETA_510206,312064.860,2624146.200,126.9100,1.4603,5.5100,0.3521,-1
KHAPRETA_510206,312065.860,2624146.200,126.7800,1.4331,5.6400,0.3604,-1
KHAPRETA_510206,312076.860,2624146.200,127.0800,1.3381,5.3400,0.3412,-1
KHAPRETA_510206,312077.860,2624146.200,127.1000,1.3481,5.3200,0.3399,-1
KHAPRETA_510206,312079.860,2624146.200,127.0500,1.3131,5.3700,0.3431,-1
KHAPRETA_510206,312081.860,2624146.200,127.2000,1.3831,5.2200,0.3335,-1
KHAPRETA_510206,312082.860,2624146.200,127.0100,1.8465,5.4100,0.3457,-1
KHAPRETA_510206,312090.860,2624146.200,127.3000,1.8534,5.1200,0.3272,-1
KHAPRETA_510206,312091.860,2624146.200,127.1500,1.2381,5.2700,0.3367,-1
KHAPRETA_510206,312093.860,2624146.200,127.1300,0.0000,5.2900,0.3380,-1
KHAPRETA_510206,312096.860,2624146.200,127.3200,1.2481,5.1000,0.3259,-1
KHAPRETA_510206,312100.860,2624146.200,127.3500,0.0000,5.0700,0.3240,-1
KHAPRETA_510206,312104.860,2624146.200,127.4200,1.0731,5.0000,0.3195,-1
KHAPRETA_510206,312105.860,2624146.200,127.6300,0.3200,4.7900,0.3061,-1
KHAPRETA_510206,312106.860,2624146.200,128.0600,1.5317,4.3600,0.2786,-1
KHAPRETA_510206,312108.860,2624146.200,128.2100,0.0000,4.2100,0.2690,-1
KHAPRETA_510206,312115.860,2624146.200,128.2600,0.0000,4.1600,0.2658,-1
KHAPRETA_510206,312117.860,2624146.200,127.7100,0.0000,4.7100,0.3010,-1
KHAPRETA_510206,312128.860,2624146.200,128.4700,0.6731,3.9500,0.2524,-1
KHAPRETA_510206,312129.860,2624146.200,128.4300,0.6531,3.9900,0.2550,-1
KHAPRETA_510206,312131.860,2624146.200,128.6600,0.0900,3.7600,0.2403,-1
KHAPRETA_510206,312134.860,2624146.200,128.4500,0.1600,3.9700,0.2537,-1
KHAPRETA_510206,312141.860,2624146.200,128.6500,0.6681,3.7700,0.2409,-1
KHAPRETA_510206,312142.860,2624146.200,128.4400,0.8070,3.9800,0.2543,-1
KHAPRETA_510206,312144.860,2624146.200,128.5900,0.0000,3.8300,0.2447,-1
KHAPRETA_510206,312146.860,2624146.200,128.8200,0.0000,3.6000,0.2300,-1
KHAPRETA_510206,312153.860,2624146.200,128.4200,0.0000,4.0000,0.2556,-1
KHAPRETA_510206,312155.860,2624146.200,128.3400,0.0000,4.0800,0.2607,-1
KHAPRETA_510206,312160.860,2624146.200,128.4200,0.0000,4.0000,0.2556,-1
KHAPRETA_510206,312166.860,2624146.200,128.5500,0.6488,3.8700,0.2473,-1
KHAPRETA_510206,312167.860,2624146.200,128.9100,0.6548,3.5100,0.2243,-1
KHAPRETA_510206,312169.860,2624146.200,128.9500,0.0000,3.4700,0.2217,-1
KHAPRETA_510206,312180.860,2624146.200,129.4000,0.1069,3.0200,0.1930,-1
KHAPRETA_510206,312184.860,2624146.200,129.3100,0.1981,3.1100,0.1987,-1
KHAPRETA_510206,312185.860,2624146.200,129.3800,0.0000,3.0400,0.1942,-1
KHAPRETA_510206,312186.860,2624146.200,129.3100,0.3373,3.1100,0.1987,-1
KHAPRETA_510206,312188.860,2624146.200,129.3000,0.2331,3.1200,0.1994,-1
KHAPRETA_510206,312189.860,2624146.200,129.3100,0.2381,3.1100,0.1987,-1
KHAPRETA_510206,312194.860,2624146.200,129.2500,0.0000,3.1700,0.2026,-1
KHAPRETA_510206,312197.860,2624146.200,129.4100,0.1181,3.0100,0.1923,-1
KHAPRETA_510206,312202.860,2624146.200,129.7000,0.0731,2.7200,0.1738,-1
KHAPRETA_510206,312206.860,2624146.200,129.6700,0.0000,2.7500,0.1757,-1
KHAPRETA_510206,312208.860,2624146.200,129.5900,0.0631,2.8300,0.1808,-1
KHAPRETA_510206,312211.860,2624146.200,129.6600,0.0731,2.7600,0.1764,-1
KHAPRETA_510206,312212.860,2624146.200,129.6300,0.0581,2.7900,0.1783,-1
KHAPRETA_510206,312214.860,2624146.200,129.5400,0.0781,2.8800,0.1840,-1
KHAPRETA_510206,312215.860,2624146.200,129.6200,0.0650,2.8000,0.1789,-1
KHAPRETA_510206,312216.860,2624146.200,129.6700,0.0050,2.7500,0.1757,-1
KHAPRETA_510206,312217.860,2624146.200,129.6100,0.0531,2.8100,0.1796,-1
KHAPRETA_510206,312220.860,2624146.200,129.6000,0.0000,2.8200,0.1802,-1
KHAPRETA_510206,312225.860,2624146.200,129.9000,0.0841,2.5200,0.1610,-1
KHAPRETA_510206,312226.860,2624146.200,129.8900,0.1124,2.5300,0.1617,-1
KHAPRETA_510206,312227.860,2624146.200,129.8800,0.0250,2.5400,0.1623,-1
KHAPRETA_510206,312228.860,2624146.200,129.8400,0.0519,2.5800,0.1649,-1
KHAPRETA_510206,312235.860,2624146.200,130.0000,0.0619,2.4200,0.1546,-1
KHAPRETA_510206,312239.860,2624146.200,130.0100,0.0000,2.4100,0.1540,-1
KHAPRETA_510206,312246.860,2624146.200,130.0400,0.0000,2.3800,0.1521,-1
KHAPRETA_510206,312251.860,2624146.200,130.1300,0.1519,2.2900,0.1463,-1
KHAPRETA_510206,312254.860,2624146.200,130.0700,0.0000,2.3500,0.1502,-1
KHAPRETA_510206,312262.860,2624146.200,129.9600,0.1269,2.4600,0.1572,-1
KHAPRETA_510206,312264.860,2624146.200,130.0200,0.1319,2.4000,0.1534,-1
KHAPRETA_510206,312265.860,2624146.200,130.0400,0.0403,2.3800,0.1521,-1
KHAPRETA_510206,312266.860,2624146.200,130.1000,0.1319,2.3200,0.1482,-1
KHAPRETA_510206,312274.860,2624146.200,130.0800,0.1519,2.3400,0.1495,-1
KHAPRETA_510206,312279.860,2624146.200,129.8300,0.0769,2.5900,0.1655,-1
KHAPRETA_510206,312280.860,2624146.200,129.9300,0.1151,2.4900,0.1591,-1
KHAPRETA_510206,312285.860,2624146.200,130.0400,0.0000,2.3800,0.1521,-1
KHAPRETA_510206,312289.860,2624146.200,130.0800,0.1346,2.3400,0.1495,-1
KHAPRETA_510206,312290.860,2624146.200,130.0200,0.1519,2.4000,0.1534,-1
KHAPRETA_510206,312292.860,2624146.200,129.9100,0.0469,2.5100,0.1604,-1
KHAPRETA_510206,312298.860,2624146.200,129.9700,0.0000,2.4500,0.1565,-1
KHAPRETA_510206,312303.860,2624146.200,130.1500,0.0000,2.2700,0.1450,-1
KHAPRETA_510206,312306.860,2624146.200,130.1200,0.0000,2.3000,0.1470,-1
KHAPRETA_510206,312309.860,2624146.200,129.9500,0.1569,2.4700,0.1578,-1
KHAPRETA_510206,312313.860,2624146.200,130.2000,0.0000,2.2200,0.1419,-1
KHAPRETA_510206,312315.860,2624146.200,130.1800,0.0500,2.2400,0.1431,-1
KHAPRETA_510206,312321.860,2624146.200,130.0800,0.1069,2.3400,0.1495,-1
KHAPRETA_510206,312322.860,2624146.200,129.9900,0.0400,2.4300,0.1553,-1
KHAPRETA_510206,312323.860,2624146.200,130.1600,0.1660,2.2600,0.1444,-1
KHAPRETA_510206,312325.860,2624146.200,130.1100,0.1469,2.3100,0.1476,-1
KHAPRETA_510206,312326.860,2624146.200,130.0700,0.2361,2.3500,0.1502,-1
KHAPRETA_510206,312333.860,2624146.200,130.2600,0.0000,2.1600,0.1380,-1
KHAPRETA_510206,312336.860,2624146.200,130.1700,0.0000,2.2500,0.1438,-1
KHAPRETA_510206,312341.860,2624146.200,130.3800,0.2769,2.0400,0.1304,-1
KHAPRETA_510206,312346.860,2624146.200,130.2400,0.3069,2.1800,0.1393,-1
KHAPRETA_510206,312347.860,2624146.200,130.3900,0.2319,2.0300,0.1297,-1
KHAPRETA_510206,312350.860,2624146.200,130.3500,0.0000,2.0700,0.1323,-1
KHAPRETA_510206,312352.860,2624146.200,130.2800,0.0100,2.1400,0.1367,-1
KHAPRETA_510206,312355.860,2624146.200,130.3600,0.3619,2.0600,0.1316,-1
KHAPRETA_510206,312357.860,2624146.200,130.3500,0.0000,2.0700,0.1323,-1
KHAPRETA_510206,312361.860,2624146.200,130.4100,0.5084,2.0100,0.1284,-1
KHAPRETA_510206,312362.860,2624146.200,130.5100,0.5002,1.9100,0.1220,-1
KHAPRETA_510206,312366.860,2624146.200,130.3700,0.0000,2.0500,0.1310,-1
KHAPRETA_510206,312370.860,2624146.200,130.4900,0.3719,1.9300,0.1233,-1
KHAPRETA_510206,312372.860,2624146.200,130.3300,0.0100,2.0900,0.1335,-1
KHAPRETA_510206,312377.860,2624146.200,130.5400,0.4219,1.8800,0.1201,-1
KHAPRETA_510206,312380.860,2624146.200,130.4700,0.3269,1.9500,0.1246,-1
KHAPRETA_510206,312382.860,2624146.200,130.4500,0.0000,1.9700,0.1259,-1
KHAPRETA_510206,312384.860,2624146.200,130.4600,0.0000,1.9600,0.1252,-1
KHAPRETA_510206,312389.860,2624146.200,130.5400,0.0000,1.8800,0.1201,-1
KHAPRETA_510206,312391.860,2624146.200,130.7100,0.4669,1.7100,0.1093,-1
KHAPRETA_510206,312392.860,2624146.200,130.7100,0.4080,1.7100,0.1093,-1
KHAPRETA_510206,312393.860,2624146.200,130.6500,0.4669,1.7700,0.1131,-1
KHAPRETA_510206,312395.860,2624146.200,130.7100,0.0000,1.7100,0.1093,-1
KHAPRETA_510206,312406.860,2624146.200,130.7200,0.0000,1.7000,0.1086,-1
KHAPRETA_510206,312416.860,2624146.200,130.7900,0.5169,1.6300,0.1042,-1
KHAPRETA_510206,312417.860,2624146.200,130.8100,0.0300,1.6100,0.1029,-1
KHAPRETA_510206,312418.860,2624146.200,130.8500,0.5169,1.5700,0.1003,-1
KHAPRETA_510206,312420.860,2624146.200,130.7900,0.0000,1.6300,0.1042,-1
KHAPRETA_510206,312424.860,2624146.200,130.8500,0.5469,1.5700,0.1003,-1
KHAPRETA_510206,312433.860,2624146.200,130.9300,0.0000,1.4900,0.0952,-1
KHAPRETA_510206,312440.860,2624146.200,131.3000,0.7069,1.1200,0.0716,-1
KHAPRETA_510206,312442.860,2624146.200,131.2100,0.0000,1.2100,0.0773,-1
KHAPRETA_510206,312447.860,2624146.200,131.3200,0.7319,1.1000,0.0703,-1
KHAPRETA_510206,312461.860,2624146.200,131.9600,1.5272,0.4600,0.0294,-1
KHAPRETA_510206,312462.860,2624146.200,131.8700,1.1281,0.5500,0.0351,-1
KHAPRETA_510206,312463.860,2624146.200,131.5800,1.0469,0.8400,0.0537,-1
KHAPRETA_510206,312479.860,2624146.200,130.9700,0.6469,1.4500,0.0927,-1
KHAPRETA_510206,312492.860,2624146.200,130.9800,1.1069,1.4400,0.0920,-1
KHAPRETA_510206,312498.860,2624146.200,130.9700,0.0000,1.4500,0.0927,-1
KHAPRETA_510206,312501.860,2624146.200,130.8400,0.4669,1.5800,0.1010,-1
KHAPRETA_510206,312502.860,2624146.200,130.7100,0.0200,1.7100,0.1093,-1
KHAPRETA_510206,312503.860,2624146.200,130.8800,0.0700,1.5400,0.0984,-1
KHAPRETA_510206,312504.860,2624146.200,130.8500,0.5519,1.5700,0.1003,-1
KHAPRETA_510206,312507.860,2624146.200,131.0800,0.8732,1.3400,0.0856,-1
KHAPRETA_510206,312508.860,2624146.200,131.0600,0.6519,1.3600,0.0869,-1
KHAPRETA_510206,312511.860,2624146.200,131.1200,0.0000,1.3000,0.0831,-1
KHAPRETA_510206,312029.860,2624147.200,125.6600,0.0000,6.7600,0.4319,-1
KHAPRETA_510206,312031.860,2624147.200,125.6700,2.2081,6.7500,0.4313,-1
KHAPRETA_510206,312033.860,2624147.200,125.6500,2.0781,6.7700,0.4326,-1
KHAPRETA_510206,312037.860,2624147.200,125.6100,0.0000,6.8100,0.4351,-1
KHAPRETA_510206,312039.860,2624147.200,125.6100,2.0631,6.8100,0.4351,-1
KHAPRETA_510206,312042.860,2624147.200,125.6900,0.0000,6.7300,0.4300,-1
KHAPRETA_510206,312046.860,2624147.200,125.7400,2.0431,6.6800,0.4268,-1
KHAPRETA_510206,312047.860,2624147.200,125.6900,1.9040,6.7300,0.4300,-1
KHAPRETA_510206,312048.860,2624147.200,125.8600,2.8195,6.5600,0.4192,-1
KHAPRETA_510206,312054.860,2624147.200,125.8400,1.8981,6.5800,0.4204,-1
KHAPRETA_510206,312055.860,2624147.200,125.9800,2.7273,6.4400,0.4115,-1
KHAPRETA_510206,312059.860,2624147.200,126.0300,0.0000,6.3900,0.4083,-1
KHAPRETA_510206,312064.860,2624147.200,126.8600,1.4331,5.5600,0.3553,-1
KHAPRETA_510206,312069.860,2624147.200,127.0000,0.0000,5.4200,0.3463,-1
KHAPRETA_510206,312071.860,2624147.200,127.1200,0.0000,5.3000,0.3387,-1
KHAPRETA_510206,312074.860,2624147.200,127.0400,0.0000,5.3800,0.3438,-1
KHAPRETA_510206,312079.860,2624147.200,127.1500,0.0000,5.2700,0.3367,-1
KHAPRETA_510206,312082.860,2624147.200,127.1300,1.3831,5.2900,0.3380,-1
KHAPRETA_510206,312085.860,2624147.200,127.2400,1.3181,5.1800,0.3310,-1
KHAPRETA_510206,312090.860,2624147.200,127.1600,0.0150,5.2600,0.3361,-1
KHAPRETA_510206,312097.860,2624147.200,127.3300,0.0000,5.0900,0.3252,-1
KHAPRETA_510206,312101.860,2624147.200,127.2500,1.1681,5.1700,0.3304,-1
KHAPRETA_510206,312111.860,2624147.200,128.0800,0.0000,4.3400,0.2773,-1
KHAPRETA_510206,312114.860,2624147.200,128.0900,0.0000,4.3300,0.2767,-1
KHAPRETA_510206,312116.860,2624147.200,128.2300,0.0000,4.1900,0.2677,-1
KHAPRETA_510206,312118.860,2624147.200,127.7400,0.0000,4.6800,0.2990,-1
KHAPRETA_510206,312121.860,2624147.200,128.4200,0.0000,4.0000,0.2556,-1
KHAPRETA_510206,312126.860,2624147.200,128.6400,0.0000,3.7800,0.2415,-1
KHAPRETA_510206,312131.860,2624147.200,128.5500,0.5581,3.8700,0.2473,-1
KHAPRETA_510206,312133.860,2624147.200,128.6300,0.7481,3.7900,0.2422,-1
KHAPRETA_510206,312134.860,2624147.200,128.2800,0.0838,4.1400,0.2645,-1
KHAPRETA_510206,312135.860,2624147.200,128.4700,0.7481,3.9500,0.2524,-1
KHAPRETA_510206,312140.860,2624147.200,128.6400,0.0000,3.7800,0.2415,-1
KHAPRETA_510206,312143.860,2624147.200,128.4800,0.5231,3.9400,0.2518,-1
KHAPRETA_510206,312145.860,2624147.200,128.8600,0.5631,3.5600,0.2275,-1
KHAPRETA_510206,312158.860,2624147.200,128.3300,0.6631,4.0900,0.2613,-1
KHAPRETA_510206,312159.860,2624147.200,128.4500,0.7231,3.9700,0.2537,-1
KHAPRETA_510206,312161.860,2624147.200,128.5400,0.0000,3.8800,0.2479,-1
KHAPRETA_510206,312167.860,2624147.200,128.9900,0.0600,3.4300,0.2192,-1
KHAPRETA_510206,312171.860,2624147.200,128.7200,0.4931,3.7000,0.2364,-1
KHAPRETA_510206,312181.860,2624147.200,129.3100,0.0000,3.1100,0.1987,-1
KHAPRETA_510206,312186.860,2624147.200,129.2300,0.3296,3.1900,0.2038,-1
KHAPRETA_510206,312187.860,2624147.200,129.3100,0.2731,3.1100,0.1987,-1
KHAPRETA_510206,312192.860,2624147.200,129.1300,0.3231,3.2900,0.2102,-1
KHAPRETA_510206,312203.860,2624147.200,129.6500,0.0831,2.7700,0.1770,-1
KHAPRETA_510206,312207.860,2624147.200,129.6400,0.0965,2.7800,0.1776,-1
KHAPRETA_510206,312208.860,2624147.200,129.6500,0.1153,2.7700,0.1770,-1
KHAPRETA_510206,312210.860,2624147.200,129.6600,0.1031,2.7600,0.1764,-1
KHAPRETA_510206,312219.860,2624147.200,129.5900,0.0531,2.8300,0.1808,-1
KHAPRETA_510206,312221.860,2624147.200,129.7400,0.0875,2.6800,0.1712,-1
KHAPRETA_510206,312222.860,2624147.200,129.6800,0.0181,2.7400,0.1751,-1
KHAPRETA_510206,312225.860,2624147.200,129.9000,0.0619,2.5200,0.1610,-1
KHAPRETA_510206,312229.860,2624147.200,129.7500,0.0081,2.6700,0.1706,-1
KHAPRETA_510206,312230.860,2624147.200,129.7600,0.0154,2.6600,0.1700,-1
KHAPRETA_510206,312232.860,2624147.200,129.7400,0.0000,2.6800,0.1712,-1
KHAPRETA_510206,312234.860,2624147.200,129.8800,0.1019,2.5400,0.1623,-1
KHAPRETA_510206,312241.860,2624147.200,129.7200,0.1169,2.7000,0.1725,-1
KHAPRETA_510206,312243.860,2624147.200,130.0100,0.1169,2.4100,0.1540,-1
KHAPRETA_510206,312244.860,2624147.200,130.0100,0.1169,2.4100,0.1540,-1
KHAPRETA_510206,312247.860,2624147.200,130.1100,0.0000,2.3100,0.1476,-1
KHAPRETA_510206,312259.860,2624147.200,129.7400,0.0000,2.6800,0.1712,-1
KHAPRETA_510206,312261.860,2624147.200,129.9000,0.1269,2.5200,0.1610,-1
KHAPRETA_510206,312262.860,2624147.200,130.0300,0.1109,2.3900,0.1527,-1
KHAPRETA_510206,312265.860,2624147.200,130.0000,0.0050,2.4200,0.1546,-1
KHAPRETA_510206,312271.860,2624147.200,130.1300,0.0000,2.2900,0.1463,-1
KHAPRETA_510206,312275.860,2624147.200,130.0800,0.0000,2.3400,0.1495,-1
KHAPRETA_510206,312283.860,2624147.200,129.9900,0.0000,2.4300,0.1553,-1
KHAPRETA_510206,312286.860,2624147.200,129.9100,0.0000,2.5100,0.1604,-1
KHAPRETA_510206,312296.860,2624147.200,130.0600,0.0000,2.3600,0.1508,-1
KHAPRETA_510206,312300.860,2624147.200,129.9100,0.0000,2.5100,0.1604,-1
KHAPRETA_510206,312304.860,2624147.200,130.1900,0.2647,2.2300,0.1425,-1
KHAPRETA_510206,312305.860,2624147.200,130.1300,0.2069,2.2900,0.1463,-1
KHAPRETA_510206,312308.860,2624147.200,130.1100,0.0000,2.3100,0.1476,-1
KHAPRETA_510206,312310.860,2624147.200,130.1500,0.1219,2.2700,0.1450,-1
KHAPRETA_510206,312315.860,2624147.200,130.1500,0.2019,2.2700,0.1450,-1
KHAPRETA_510206,312318.860,2624147.200,130.2100,0.0000,2.2100,0.1412,-1
KHAPRETA_510206,312328.860,2624147.200,130.1700,0.0000,2.2500,0.1438,-1
KHAPRETA_510206,312331.860,2624147.200,130.1700,0.0000,2.2500,0.1438,-1
KHAPRETA_510206,312335.860,2624147.200,130.2900,0.2669,2.1300,0.1361,-1
KHAPRETA_510206,312339.860,2624147.200,130.2300,0.1669,2.1900,0.1399,-1
KHAPRETA_510206,312344.860,2624147.200,130.2500,0.2069,2.1700,0.1387,-1
KHAPRETA_510206,312352.860,2624147.200,130.4200,0.0450,2.0000,0.1278,-1
KHAPRETA_510206,312361.860,2624147.200,130.4800,0.3169,1.9400,0.1240,-1
KHAPRETA_510206,312371.860,2624147.200,130.4100,0.2769,2.0100,0.1284,-1
KHAPRETA_510206,312372.860,2624147.200,130.3300,0.0559,2.0900,0.1335,-1
KHAPRETA_510206,312373.860,2624147.200,130.3100,0.2769,2.1100,0.1348,-1
KHAPRETA_510206,312387.860,2624147.200,130.5300,0.0000,1.8900,0.1208,-1
KHAPRETA_510206,312400.860,2624147.200,130.7000,0.0000,1.7200,0.1099,-1
KHAPRETA_510206,312423.860,2624147.200,130.8600,0.0000,1.5600,0.0997,-1
KHAPRETA_510206,312426.860,2624147.200,130.8900,0.0000,1.5300,0.0978,-1
KHAPRETA_510206,312434.860,2624147.200,130.9400,0.5619,1.4800,0.0946,-1
KHAPRETA_510206,312435.860,2624147.200,130.9000,0.0450,1.5200,0.0971,-1
KHAPRETA_510206,312436.860,2624147.200,131.0300,0.5619,1.3900,0.0888,-1
KHAPRETA_510206,312440.860,2624147.200,131.1900,0.7619,1.2300,0.0786,-1
KHAPRETA_510206,312450.860,2624147.200,131.4300,0.0000,0.9900,0.0633,-1
KHAPRETA_510206,312452.860,2624147.200,131.4200,0.0000,1.0000,0.0639,-1
KHAPRETA_510206,312459.860,2624147.200,132.0700,0.0000,0.3500,0.0224,-1
KHAPRETA_510206,312461.860,2624147.200,132.0000,1.0919,0.4200,0.0268,-1
KHAPRETA_510206,312492.860,2624147.200,131.9900,1.3936,0.4300,0.0275,-1
KHAPRETA_510206,312493.860,2624147.200,132.2900,1.1069,0.1300,0.0083,-1
KHAPRETA_510206,312499.860,2624147.200,130.8000,0.0000,1.6200,0.1035,-1
KHAPRETA_510206,312506.860,2624147.200,131.0300,0.6419,1.3900,0.0888,-1
KHAPRETA_510206,312510.860,2624147.200,131.1100,0.0000,1.3100,0.0837,-1
KHAPRETA_510206,312034.860,2624148.200,125.6000,2.1681,6.8200,0.4358,-1
KHAPRETA_510206,312036.860,2624148.200,125.8200,2.0331,6.6000,0.4217,-1
KHAPRETA_510206,312038.860,2624148.200,125.6900,2.9353,6.7300,0.4300,-1
KHAPRETA_510206,312039.860,2624148.200,125.6500,2.0435,6.7700,0.4326,-1
KHAPRETA_510206,312045.860,2624148.200,125.7800,0.0000,6.6400,0.4243,-1
KHAPRETA_510206,312047.860,2624148.200,125.9700,2.0431,6.4500,0.4121,-1
KHAPRETA_510206,312049.860,2624148.200,126.0100,1.9681,6.4100,0.4096,-1
KHAPRETA_510206,312058.860,2624148.200,126.0300,0.0000,6.3900,0.4083,-1
KHAPRETA_510206,312062.860,2624148.200,126.1800,1.8481,6.2400,0.3987,-1
KHAPRETA_510206,312066.860,2624148.200,126.9900,0.0000,5.4300,0.3470,-1
KHAPRETA_510206,312068.860,2624148.200,127.0000,0.0000,5.4200,0.3463,-1
KHAPRETA_510206,312072.860,2624148.200,127.1400,0.0000,5.2800,0.3374,-1
KHAPRETA_510206,312079.860,2624148.200,127.0500,1.3131,5.3700,0.3431,-1
KHAPRETA_510206,312083.860,2624148.200,127.0900,0.0000,5.3300,0.3406,-1
KHAPRETA_510206,312085.860,2624148.200,127.1400,1.2681,5.2800,0.3374,-1
KHAPRETA_510206,312087.860,2624148.200,127.2200,0.0000,5.2000,0.3323,-1
KHAPRETA_510206,312089.860,2624148.200,127.2200,1.2531,5.2000,0.3323,-1
KHAPRETA_510206,312090.860,2624148.200,127.2700,1.8288,5.1500,0.3291,-1
KHAPRETA_510206,312093.860,2624148.200,127.3000,1.2731,5.1200,0.3272,-1
KHAPRETA_510206,312095.860,2624148.200,127.2700,1.2181,5.1500,0.3291,-1
KHAPRETA_510206,312099.860,2624148.200,127.2900,0.0000,5.1300,0.3278,-1
KHAPRETA_510206,312101.860,2624148.200,127.4400,1.2631,4.9800,0.3182,-1
KHAPRETA_510206,312107.860,2624148.200,128.1100,0.0000,4.3100,0.2754,-1
KHAPRETA_510206,312127.860,2624148.200,128.5000,0.8805,3.9200,0.2505,-1
KHAPRETA_510206,312128.860,2624148.200,128.6900,0.0250,3.7300,0.2383,-1
KHAPRETA_510206,312129.860,2624148.200,128.4500,0.0850,3.9700,0.2537,-1
KHAPRETA_510206,312130.860,2624148.200,128.5200,0.6631,3.9000,0.2492,-1
KHAPRETA_510206,312134.860,2624148.200,128.5000,0.1300,3.9200,0.2505,-1
KHAPRETA_510206,312136.860,2624148.200,128.4800,0.6831,3.9400,0.2518,-1
KHAPRETA_510206,312139.860,2624148.200,128.4300,0.0000,3.9900,0.2550,-1
KHAPRETA_510206,312142.860,2624148.200,128.6600,0.5231,3.7600,0.2403,-1
KHAPRETA_510206,312143.860,2624148.200,128.7300,0.2023,3.6900,0.2358,-1
KHAPRETA_510206,312144.860,2624148.200,128.4000,0.6144,4.0200,0.2569,-1
KHAPRETA_510206,312145.860,2624148.200,128.6500,0.8266,3.7700,0.2409,-1
KHAPRETA_510206,312163.860,2624148.200,128.6800,0.0000,3.7400,0.2390,-1
KHAPRETA_510206,312167.860,2624148.200,129.0300,0.3931,3.3900,0.2166,-1
KHAPRETA_510206,312170.860,2624148.200,128.9100,0.4931,3.5100,0.2243,-1
KHAPRETA_510206,312171.860,2624148.200,128.7900,0.6829,3.6300,0.2319,-1
KHAPRETA_510206,312182.860,2624148.200,129.1800,0.0000,3.2400,0.2070,-1
KHAPRETA_510206,312189.860,2624148.200,129.3700,0.0000,3.0500,0.1949,-1
KHAPRETA_510206,312192.860,2624148.200,129.1300,0.3231,3.2900,0.2102,-1
KHAPRETA_510206,312194.860,2624148.200,129.2100,0.0000,3.2100,0.2051,-1
KHAPRETA_510206,312197.860,2624148.200,129.4700,0.0000,2.9500,0.1885,-1
KHAPRETA_510206,312203.860,2624148.200,129.6100,0.0631,2.8100,0.1796,-1
KHAPRETA_510206,312207.860,2624148.200,129.6300,0.0681,2.7900,0.1783,-1
KHAPRETA_510206,312209.860,2624148.200,129.7100,0.1031,2.7100,0.1732,-1
KHAPRETA_510206,312210.860,2624148.200,129.5700,0.0334,2.8500,0.1821,-1
KHAPRETA_510206,312212.860,2624148.200,129.6600,0.0581,2.7600,0.1764,-1
KHAPRETA_510206,312215.860,2624148.200,129.5900,0.0000,2.8300,0.1808,-1
KHAPRETA_510206,312217.860,2624148.200,129.6700,0.0131,2.7500,0.1757,-1
KHAPRETA_510206,312218.860,2624148.200,129.7500,0.1431,2.6700,0.1706,-1
KHAPRETA_510206,312219.860,2624148.200,129.6700,0.0614,2.7500,0.1757,-1
KHAPRETA_510206,312221.860,2624148.200,129.6300,0.0181,2.7900,0.1783,-1
KHAPRETA_510206,312228.860,2624148.200,129.8200,0.0000,2.6000,0.1661,-1
KHAPRETA_510206,312230.860,2624148.200,129.7600,0.0800,2.6600,0.1700,-1
KHAPRETA_510206,312233.860,2624148.200,129.8500,0.1019,2.5700,0.1642,-1
KHAPRETA_510206,312234.860,2624148.200,129.9800,0.0637,2.4400,0.1559,-1
KHAPRETA_510206,312237.860,2624148.200,129.9200,0.0919,2.5000,0.1597,-1
KHAPRETA_510206,312241.860,2624148.200,130.0100,0.0281,2.4100,0.1540,-1
KHAPRETA_510206,312245.860,2624148.200,130.0000,0.1319,2.4200,0.1546,-1
KHAPRETA_510206,312248.860,2624148.200,130.1100,0.0000,2.3100,0.1476,-1
KHAPRETA_510206,312252.860,2624148.200,130.0700,0.0000,2.3500,0.1502,-1
KHAPRETA_510206,312256.860,2624148.200,130.1100,0.0000,2.3100,0.1476,-1
KHAPRETA_510206,312263.860,2624148.200,130.0200,0.0869,2.4000,0.1534,-1
KHAPRETA_510206,312264.860,2624148.200,129.9500,0.0050,2.4700,0.1578,-1
KHAPRETA_510206,312265.860,2624148.200,130.0300,0.1417,2.3900,0.1527,-1
KHAPRETA_510206,312272.860,2624148.200,130.1700,0.0000,2.2500,0.1438,-1
KHAPRETA_510206,312279.860,2624148.200,129.8100,0.0319,2.6100,0.1668,-1
KHAPRETA_510206,312280.860,2624148.200,129.8400,0.0450,2.5800,0.1649,-1
KHAPRETA_510206,312281.860,2624148.200,129.9000,0.0100,2.5200,0.1610,-1
KHAPRETA_510206,312282.860,2624148.200,129.8600,0.0619,2.5600,0.1636,-1
KHAPRETA_510206,312288.860,2624148.200,129.9400,0.0000,2.4800,0.1585,-1
KHAPRETA_510206,312291.860,2624148.200,129.9100,0.1719,2.5100,0.1604,-1
KHAPRETA_510206,312295.860,2624148.200,130.0800,0.0000,2.3400,0.1495,-1
KHAPRETA_510206,312301.860,2624148.200,130.0800,0.0000,2.3400,0.1495,-1
KHAPRETA_510206,312304.860,2624148.200,130.1700,0.2069,2.2500,0.1438,-1
KHAPRETA_510206,312306.860,2624148.200,130.1400,0.0000,2.2800,0.1457,-1
KHAPRETA_510206,312309.860,2624148.200,130.1600,0.1219,2.2600,0.1444,-1
KHAPRETA_510206,312310.860,2624148.200,130.0200,0.1875,2.4000,0.1534,-1
KHAPRETA_510206,312311.860,2624148.200,130.1900,0.2316,2.2300,0.1425,-1
KHAPRETA_510206,312316.860,2624148.200,130.1600,0.0000,2.2600,0.1444,-1
KHAPRETA_510206,312319.860,2624148.200,130.2900,0.2269,2.1300,0.1361,-1
KHAPRETA_510206,312320.860,2624148.200,130.2300,0.1450,2.1900,0.1399,-1
KHAPRETA_510206,312321.860,2624148.200,130.0000,0.2420,2.4200,0.1546,-1
KHAPRETA_510206,312322.860,2624148.200,130.2400,0.1119,2.1800,0.1393,-1
KHAPRETA_510206,312335.860,2624148.200,130.3100,0.2569,2.1100,0.1348,-1
KHAPRETA_510206,312339.860,2624148.200,130.1100,0.2119,2.3100,0.1476,-1
KHAPRETA_510206,312340.860,2624148.200,130.2000,0.1669,2.2200,0.1419,-1
KHAPRETA_510206,312343.860,2624148.200,130.4100,0.2069,2.0100,0.1284,-1
KHAPRETA_510206,312344.860,2624148.200,130.1900,0.3957,2.2300,0.1425,-1
KHAPRETA_510206,312352.860,2624148.200,130.3700,0.4770,2.0500,0.1310,-1
KHAPRETA_510206,312353.860,2624148.200,130.4800,0.2969,1.9400,0.1240,-1
KHAPRETA_510206,312356.860,2624148.200,130.3800,0.2919,2.0400,0.1304,-1
KHAPRETA_510206,312362.860,2624148.200,130.3800,0.3919,2.0400,0.1304,-1
KHAPRETA_510206,312363.860,2624148.200,130.5600,0.0850,1.8600,0.1188,-1
KHAPRETA_510206,312364.860,2624148.200,130.5500,0.3919,1.8700,0.1195,-1
KHAPRETA_510206,312366.860,2624148.200,130.5200,0.0000,1.9000,0.1214,-1
KHAPRETA_510206,312372.860,2624148.200,130.3800,0.2769,2.0400,0.1304,-1
KHAPRETA_510206,312375.860,2624148.200,130.5000,0.0000,1.9200,0.1227,-1
KHAPRETA_510206,312377.860,2624148.200,130.4300,0.0000,1.9900,0.1272,-1
KHAPRETA_510206,312379.860,2624148.200,130.5200,0.3319,1.9000,0.1214,-1
KHAPRETA_510206,312382.860,2624148.200,130.4800,0.0000,1.9400,0.1240,-1
KHAPRETA_510206,312385.860,2624148.200,130.5200,0.3869,1.9000,0.1214,-1
KHAPRETA_510206,312386.860,2624148.200,130.5500,0.3719,1.8700,0.1195,-1
KHAPRETA_510206,312388.860,2624148.200,130.6000,0.0000,1.8200,0.1163,-1
KHAPRETA_510206,312392.860,2624148.200,130.6600,0.0000,1.7600,0.1125,-1
KHAPRETA_510206,312397.860,2624148.200,130.6500,0.4469,1.7700,0.1131,-1
KHAPRETA_510206,312399.860,2624148.200,130.6600,0.0000,1.7600,0.1125,-1
KHAPRETA_510206,312404.860,2624148.200,130.8500,0.0000,1.5700,0.1003,-1
KHAPRETA_510206,312406.860,2624148.200,130.7400,0.0000,1.6800,0.1073,-1
KHAPRETA_510206,312410.860,2624148.200,130.7900,0.5619,1.6300,0.1042,-1
KHAPRETA_510206,312414.860,2624148.200,130.8200,0.5569,1.6000,0.1022,-1
KHAPRETA_510206,312417.860,2624148.200,130.8400,0.5569,1.5800,0.1010,-1
KHAPRETA_510206,312418.860,2624148.200,130.8900,0.5319,1.5300,0.0978,-1
KHAPRETA_510206,312420.860,2624148.200,130.8500,0.5319,1.5700,0.1003,-1
KHAPRETA_510206,312421.860,2624148.200,130.8400,0.5369,1.5800,0.1010,-1
KHAPRETA_510206,312427.860,2624148.200,130.9200,0.0000,1.5000,0.0958,-1
KHAPRETA_510206,312433.860,2624148.200,130.8800,0.0000,1.5400,0.0984,-1
KHAPRETA_510206,312437.860,2624148.200,131.1800,0.6819,1.2400,0.0792,-1
KHAPRETA_510206,312438.860,2624148.200,131.1400,0.9752,1.2800,0.0818,-1
KHAPRETA_510206,312442.860,2624148.200,131.1500,0.0000,1.2700,0.0812,-1
KHAPRETA_510206,312445.860,2624148.200,131.2100,0.0000,1.2100,0.0773,-1
KHAPRETA_510206,312448.860,2624148.200,131.2900,0.0000,1.1300,0.0722,-1
KHAPRETA_510206,312456.860,2624148.200,131.9200,1.0869,0.5000,0.0319,-1
KHAPRETA_510206,312462.860,2624148.200,132.0600,0.0000,0.3600,0.0230,-1
KHAPRETA_510206,312464.860,2624148.200,131.8700,0.0000,0.5500,0.0351,-1
KHAPRETA_510206,312472.860,2624148.200,132.0200,0.9919,0.4000,0.0256,-1
KHAPRETA_510206,312473.860,2624148.200,131.7600,0.4150,0.6600,0.0422,-1
KHAPRETA_510206,312474.860,2624148.200,131.1900,1.2662,1.2300,0.0786,-1
KHAPRETA_510206,312479.860,2624148.200,131.4800,0.0000,0.9400,0.0601,-1
KHAPRETA_510206,312501.860,2624148.200,130.7800,0.0000,1.6400,0.1048,-1
KHAPRETA_510206,312505.860,2624148.200,131.0100,0.6419,1.4100,0.0901,-1
KHAPRETA_510206,312506.860,2624148.200,131.0600,0.8796,1.3600,0.0869,-1
KHAPRETA_510206,312509.860,2624148.200,131.0600,0.0000,1.3600,0.0869,-1
KHAPRETA_510206,312512.860,2624148.200,131.0100,0.0000,1.4100,0.0901,-1
KHAPRETA_510206,312034.860,2624149.200,125.4400,2.0881,6.9800,0.4460,-1
KHAPRETA_510206,312036.860,2624149.200,125.7100,0.1650,6.7100,0.4288,-1
KHAPRETA_510206,312038.860,2624149.200,125.6000,2.0431,6.8200,0.4358,-1
KHAPRETA_510206,312039.860,2624149.200,125.6900,2.9353,6.7300,0.4300,-1
KHAPRETA_510206,312041.860,2624149.200,125.6200,2.0381,6.8000,0.4345,-1
KHAPRETA_510206,312048.860,2624149.200,125.8700,2.8046,6.5500,0.4185,-1
KHAPRETA_510206,312049.860,2624149.200,125.8400,1.9588,6.5800,0.4204,-1
KHAPRETA_510206,312051.860,2624149.200,125.9200,0.0000,6.5000,0.4153,-1
KHAPRETA_510206,312054.860,2624149.200,125.9300,1.9031,6.4900,0.4147,-1
KHAPRETA_510206,312055.860,2624149.200,125.9700,1.9231,6.4500,0.4121,-1
KHAPRETA_510206,312062.860,2624149.200,126.0800,1.7981,6.3400,0.4051,-1
KHAPRETA_510206,312064.860,2624149.200,126.8600,0.0000,5.5600,0.3553,-1
KHAPRETA_510206,312067.860,2624149.200,127.1000,0.0000,5.3200,0.3399,-1
KHAPRETA_510206,312074.860,2624149.200,127.2900,1.3881,5.1300,0.3278,-1
KHAPRETA_510206,312075.860,2624149.200,127.0000,1.7650,5.4200,0.3463,-1
KHAPRETA_510206,312078.860,2624149.200,127.1400,1.4481,5.2800,0.3374,-1
KHAPRETA_510206,312086.860,2624149.200,127.1600,0.0000,5.2600,0.3361,-1
KHAPRETA_510206,312088.860,2624149.200,127.1900,0.0000,5.2300,0.3342,-1
KHAPRETA_510206,312093.860,2624149.200,127.2300,1.7438,5.1900,0.3316,-1
KHAPRETA_510206,312094.860,2624149.200,127.3200,1.2543,5.1000,0.3259,-1
KHAPRETA_510206,312095.860,2624149.200,127.3400,1.7545,5.0800,0.3246,-1
KHAPRETA_510206,312097.860,2624149.200,127.3400,1.2481,5.0800,0.3246,-1
KHAPRETA_510206,312100.860,2624149.200,127.3600,0.0000,5.0600,0.3233,-1
KHAPRETA_510206,312102.860,2624149.200,128.0200,0.0000,4.4000,0.2811,-1
KHAPRETA_510206,312105.860,2624149.200,128.1800,1.2102,4.2400,0.2709,-1
KHAPRETA_510206,312106.860,2624149.200,128.0300,0.7981,4.3900,0.2805,-1
KHAPRETA_510206,312108.860,2624149.200,128.1300,0.9231,4.2900,0.2741,-1
KHAPRETA_510206,312109.860,2624149.200,127.9300,0.0350,4.4900,0.2869,-1
KHAPRETA_510206,312110.860,2624149.200,128.2000,0.9231,4.2200,0.2696,-1
KHAPRETA_510206,312113.860,2624149.200,128.0300,0.8281,4.3900,0.2805,-1
KHAPRETA_510206,312114.860,2624149.200,128.1200,0.8731,4.3000,0.2748,-1
KHAPRETA_510206,312121.860,2624149.200,128.3900,0.0000,4.0300,0.2575,-1
KHAPRETA_510206,312127.860,2624149.200,128.3900,0.6381,4.0300,0.2575,-1
KHAPRETA_510206,312134.860,2624149.200,128.5400,0.6381,3.8800,0.2479,-1
KHAPRETA_510206,312136.860,2624149.200,128.4100,0.0750,4.0100,0.2562,-1
KHAPRETA_510206,312143.860,2624149.200,128.7900,0.8059,3.6300,0.2319,-1
KHAPRETA_510206,312144.860,2624149.200,128.5500,0.5052,3.8700,0.2473,-1
KHAPRETA_510206,312157.860,2624149.200,128.3200,0.6831,4.1000,0.2620,-1
KHAPRETA_510206,312158.860,2624149.200,128.4100,0.7281,4.0100,0.2562,-1
KHAPRETA_510206,312162.860,2624149.200,128.7400,0.0000,3.6800,0.2351,-1
KHAPRETA_510206,312188.860,2624149.200,129.2900,0.0000,3.1300,0.2000,-1
KHAPRETA_510206,312190.860,2624149.200,129.2100,0.0000,3.2100,0.2051,-1
KHAPRETA_510206,312201.860,2624149.200,129.6200,0.1181,2.8000,0.1789,-1
KHAPRETA_510206,312205.860,2624149.200,129.6100,0.0781,2.8100,0.1796,-1
KHAPRETA_510206,312208.860,2624149.200,129.6100,0.0000,2.8100,0.1796,-1
KHAPRETA_510206,312210.860,2624149.200,129.6700,0.0877,2.7500,0.1757,-1
KHAPRETA_510206,312211.860,2624149.200,129.6200,0.0050,2.8000,0.1789,-1
KHAPRETA_510206,312212.860,2624149.200,129.6600,0.0973,2.7600,0.1764,-1
KHAPRETA_510206,312214.860,2624149.200,129.6600,0.0000,2.7600,0.1764,-1
KHAPRETA_510206,312218.860,2624149.200,129.4900,0.1536,2.9300,0.1872,-1
KHAPRETA_510206,312219.860,2624149.200,129.4700,0.0540,2.9500,0.1885,-1
KHAPRETA_510206,312220.860,2624149.200,129.5100,0.1531,2.9100,0.1859,-1
KHAPRETA_510206,312224.860,2624149.200,129.7600,0.0181,2.6600,0.1700,-1
KHAPRETA_510206,312230.860,2624149.200,129.9200,0.0081,2.5000,0.1597,-1
KHAPRETA_510206,312236.860,2624149.200,130.0000,0.1300,2.4200,0.1546,-1
KHAPRETA_510206,312237.860,2624149.200,129.9600,0.1331,2.4600,0.1572,-1
KHAPRETA_510206,312239.860,2624149.200,130.0100,0.0000,2.4100,0.1540,-1
KHAPRETA_510206,312245.860,2624149.200,130.0400,0.0400,2.3800,0.1521,-1
KHAPRETA_510206,312251.860,2624149.200,130.0700,0.0000,2.3500,0.1502,-1
KHAPRETA_510206,312253.860,2624149.200,130.1500,0.0000,2.2700,0.1450,-1
KHAPRETA_510206,312260.860,2624149.200,129.6600,0.0000,2.7600,0.1764,-1
KHAPRETA_510206,312268.860,2624149.200,130.0800,0.0000,2.3400,0.1495,-1
KHAPRETA_510206,312273.860,2624149.200,130.0800,0.1369,2.3400,0.1495,-1
KHAPRETA_510206,312274.860,2624149.200,130.0500,0.1519,2.3700,0.1514,-1
KHAPRETA_510206,312278.860,2624149.200,130.1700,0.0000,2.2500,0.1438,-1
KHAPRETA_510206,312280.860,2624149.200,129.7800,0.0319,2.6400,0.1687,-1
KHAPRETA_510206,312283.860,2624149.200,129.9500,0.0131,2.4700,0.1578,-1
KHAPRETA_510206,312290.860,2624149.200,130.1700,0.2652,2.2500,0.1438,-1
KHAPRETA_510206,312291.860,2624149.200,130.1200,0.2080,2.3000,0.1470,-1
KHAPRETA_510206,312294.860,2624149.200,130.1200,0.0000,2.3000,0.1470,-1
KHAPRETA_510206,312296.860,2624149.200,129.9600,0.0000,2.4600,0.1572,-1
KHAPRETA_510206,312299.860,2624149.200,129.9600,0.0000,2.4600,0.1572,-1
KHAPRETA_510206,312302.860,2624149.200,130.0800,0.0000,2.3400,0.1495,-1
KHAPRETA_510206,312311.860,2624149.200,130.1700,0.2069,2.2500,0.1438,-1
KHAPRETA_510206,312321.860,2624149.200,130.2600,0.1119,2.1600,0.1380,-1
KHAPRETA_510206,312323.860,2624149.200,130.2900,0.2419,2.1300,0.1361,-1
KHAPRETA_510206,312328.860,2624149.200,130.2100,0.2269,2.2100,0.1412,-1
KHAPRETA_510206,312329.860,2624149.200,130.2300,0.2169,2.1900,0.1399,-1
KHAPRETA_510206,312331.860,2624149.200,130.2100,0.0000,2.2100,0.1412,-1
KHAPRETA_510206,312339.860,2624149.200,130.2300,0.1669,2.1900,0.1399,-1
KHAPRETA_510206,312342.860,2624149.200,130.2200,0.0000,2.2000,0.1406,-1
KHAPRETA_510206,312349.860,2624149.200,130.2700,0.4730,2.1500,0.1374,-1
KHAPRETA_510206,312350.860,2624149.200,130.4400,0.3786,1.9800,0.1265,-1
KHAPRETA_510206,312356.860,2624149.200,130.3600,0.3275,2.0600,0.1316,-1
KHAPRETA_510206,312357.860,2624149.200,130.4300,0.4200,1.9900,0.1272,-1
KHAPRETA_510206,312361.860,2624149.200,130.5000,0.0000,1.9200,0.1227,-1
KHAPRETA_510206,312368.860,2624149.200,130.3500,0.3219,2.0700,0.1323,-1
KHAPRETA_510206,312369.860,2624149.200,130.4200,0.2869,2.0000,0.1278,-1
KHAPRETA_510206,312376.860,2624149.200,130.4400,0.0000,1.9800,0.1265,-1
KHAPRETA_510206,312378.860,2624149.200,130.4200,0.3319,2.0000,0.1278,-1
KHAPRETA_510206,312379.860,2624149.200,130.4400,0.3233,1.9800,0.1265,-1
KHAPRETA_510206,312387.860,2624149.200,130.6200,0.0000,1.8000,0.1150,-1
KHAPRETA_510206,312394.860,2624149.200,130.6200,0.0000,1.8000,0.1150,-1
KHAPRETA_510206,312397.860,2624149.200,130.6700,0.4369,1.7500,0.1118,-1
KHAPRETA_510206,312402.860,2624149.200,130.8000,0.4819,1.6200,0.1035,-1
KHAPRETA_510206,312403.860,2624149.200,130.7400,0.5119,1.6800,0.1073,-1
KHAPRETA_510206,312408.860,2624149.200,130.7300,0.0000,1.6900,0.1080,-1
KHAPRETA_510206,312410.860,2624149.200,130.9000,0.5120,1.5200,0.0971,-1
KHAPRETA_510206,312411.860,2624149.200,130.8000,0.5619,1.6200,0.1035,-1
KHAPRETA_510206,312414.860,2624149.200,130.8900,0.5219,1.5300,0.0978,-1
KHAPRETA_510206,312419.860,2624149.200,130.8900,0.5369,1.5300,0.0978,-1
KHAPRETA_510206,312422.860,2624149.200,130.8800,0.0000,1.5400,0.0984,-1
KHAPRETA_510206,312430.860,2624149.200,130.9400,0.0000,1.4800,0.0946,-1
KHAPRETA_510206,312435.860,2624149.200,131.1800,0.0000,1.2400,0.0792,-1
KHAPRETA_510206,312438.860,2624149.200,131.1300,0.6819,1.2900,0.0824,-1
KHAPRETA_510206,312444.860,2624149.200,131.2600,0.0000,1.1600,0.0741,-1
KHAPRETA_510206,312455.860,2624149.200,131.9500,1.0869,0.4700,0.0300,-1
KHAPRETA_510206,312456.860,2624149.200,131.9500,1.5266,0.4700,0.0300,-1
KHAPRETA_510206,312461.860,2624149.200,131.6500,0.0000,0.7700,0.0492,-1
KHAPRETA_510206,312463.860,2624149.200,131.7200,1.1369,0.7000,0.0447,-1
KHAPRETA_510206,312465.860,2624149.200,131.7900,0.7969,0.6300,0.0403,-1
KHAPRETA_510206,312466.860,2624149.200,131.3700,1.0069,1.0500,0.0671,-1
KHAPRETA_510206,312474.860,2624149.200,131.3500,0.8670,1.0700,0.0684,-1
KHAPRETA_510206,312475.860,2624149.200,130.7800,0.7869,1.6400,0.1048,-1
KHAPRETA_510206,312480.860,2624149.200,131.0100,0.7569,1.4100,0.0901,-1
KHAPRETA_510206,312032.860,2624150.200,125.7800,1.9831,6.6400,0.4243,-1
KHAPRETA_510206,312033.860,2624150.200,125.8100,1.9981,6.6100,0.4224,-1
KHAPRETA_510206,312036.860,2624150.200,125.4900,2.8716,6.9300,0.4428,-1
KHAPRETA_510206,312037.860,2624150.200,125.7200,0.1050,6.7000,0.4281,-1
KHAPRETA_510206,312038.860,2624150.200,125.7000,2.9108,6.7200,0.4294,-1
KHAPRETA_510206,312040.860,2624150.200,125.6900,2.8858,6.7300,0.4300,-1
KHAPRETA_510206,312041.860,2624150.200,125.7000,0.0412,6.7200,0.4294,-1
KHAPRETA_510206,312042.860,2624150.200,125.6100,2.0582,6.8100,0.4351,-1
KHAPRETA_510206,312043.860,2624150.200,125.7400,2.0182,6.6800,0.4268,-1
KHAPRETA_510206,312044.860,2624150.200,125.6600,2.0181,6.7600,0.4319,-1
KHAPRETA_510206,312048.860,2624150.200,125.7800,2.0331,6.6400,0.4243,-1
KHAPRETA_510206,312049.860,2624150.200,125.7100,0.0206,6.7100,0.4288,-1
KHAPRETA_510206,312050.860,2624150.200,125.8200,2.0331,6.6000,0.4217,-1
KHAPRETA_510206,312052.860,2624150.200,125.9600,2.0031,6.4600,0.4128,-1
KHAPRETA_510206,312057.860,2624150.200,125.9100,0.0000,6.5100,0.4160,-1
KHAPRETA_510206,312059.860,2624150.200,126.0100,1.8831,6.4100,0.4096,-1
KHAPRETA_510206,312060.860,2624150.200,126.0100,2.6349,6.4100,0.4096,-1
KHAPRETA_510206,312063.860,2624150.200,126.3900,0.0000,6.0300,0.3853,-1
KHAPRETA_510206,312066.860,2624150.200,126.8300,0.0000,5.5900,0.3572,-1
KHAPRETA_510206,312068.860,2624150.200,126.7900,1.4031,5.6300,0.3597,-1
KHAPRETA_510206,312070.860,2624150.200,126.9200,2.0019,5.5000,0.3514,-1
KHAPRETA_510206,312071.860,2624150.200,126.9600,1.4281,5.4600,0.3489,-1
KHAPRETA_510206,312075.860,2624150.200,127.2700,1.3881,5.1500,0.3291,-1
KHAPRETA_510206,312077.860,2624150.200,127.1300,1.9750,5.2900,0.3380,-1
KHAPRETA_510206,312078.860,2624150.200,126.8800,1.8676,5.5400,0.3540,-1
KHAPRETA_510206,312081.860,2624150.200,127.0400,1.3381,5.3800,0.3438,-1
KHAPRETA_510206,312082.860,2624150.200,127.1000,1.3681,5.3200,0.3399,-1
KHAPRETA_510206,312094.860,2624150.200,127.2700,1.2281,5.1500,0.3291,-1
KHAPRETA_510206,312097.860,2624150.200,127.2800,0.0000,5.1400,0.3284,-1
KHAPRETA_510206,312101.860,2624150.200,128.0000,0.0000,4.4200,0.2824,-1
KHAPRETA_510206,312105.860,2624150.200,128.1000,0.7981,4.3200,0.2760,-1
KHAPRETA_510206,312116.860,2624150.200,127.9500,0.0000,4.4700,0.2856,-1
KHAPRETA_510206,312118.860,2624150.200,127.5900,1.2517,4.8300,0.3086,-1
KHAPRETA_510206,312119.860,2624150.200,127.8900,0.1500,4.5300,0.2895,-1
KHAPRETA_510206,312120.860,2624150.200,127.8900,1.3092,4.5300,0.2895,-1
KHAPRETA_510206,312124.860,2624150.200,128.4900,0.6431,3.9300,0.2511,-1
KHAPRETA_510206,312125.860,2624150.200,128.4900,0.0450,3.9300,0.2511,-1
KHAPRETA_510206,312126.860,2624150.200,128.4000,0.6431,4.0200,0.2569,-1
KHAPRETA_510206,312131.860,2624150.200,128.1700,0.0000,4.2500,0.2716,-1
KHAPRETA_510206,312136.860,2624150.200,128.6300,0.6263,3.7900,0.2422,-1
KHAPRETA_510206,312137.860,2624150.200,128.5600,0.5731,3.8600,0.2466,-1
KHAPRETA_510206,312144.860,2624150.200,128.6200,0.6131,3.8000,0.2428,-1
KHAPRETA_510206,312166.860,2624150.200,128.7700,0.5181,3.6500,0.2332,-1
KHAPRETA_510206,312177.860,2624150.200,129.2300,0.2881,3.1900,0.2038,-1
KHAPRETA_510206,312178.860,2624150.200,129.2000,0.2731,3.2200,0.2058,-1
KHAPRETA_510206,312181.860,2624150.200,129.3400,0.0000,3.0800,0.1968,-1
KHAPRETA_510206,312184.860,2624150.200,129.3000,0.3181,3.1200,0.1994,-1
KHAPRETA_510206,312185.860,2624150.200,129.1400,0.0500,3.2800,0.2096,-1
KHAPRETA_510206,312186.860,2624150.200,129.2000,0.3181,3.2200,0.2058,-1
KHAPRETA_510206,312191.860,2624150.200,129.2700,0.2031,3.1500,0.2013,-1
KHAPRETA_510206,312193.860,2624150.200,129.4100,0.2554,3.0100,0.1923,-1
KHAPRETA_510206,312194.860,2624150.200,129.4800,0.1831,2.9400,0.1879,-1
KHAPRETA_510206,312198.860,2624150.200,129.4800,0.2781,2.9400,0.1879,-1
KHAPRETA_510206,312201.860,2624150.200,129.5400,0.0450,2.8800,0.1840,-1
KHAPRETA_510206,312203.860,2624150.200,129.6300,0.0000,2.7900,0.1783,-1
KHAPRETA_510206,312205.860,2624150.200,129.6200,0.0831,2.8000,0.1789,-1
KHAPRETA_510206,312207.860,2624150.200,129.6700,0.0000,2.7500,0.1757,-1
KHAPRETA_510206,312210.860,2624150.200,129.6500,0.0531,2.7700,0.1770,-1
KHAPRETA_510206,312213.860,2624150.200,129.6600,0.0000,2.7600,0.1764,-1
KHAPRETA_510206,312221.860,2624150.200,129.6000,0.0000,2.8200,0.1802,-1
KHAPRETA_510206,312224.860,2624150.200,129.7400,0.0081,2.6800,0.1712,-1
KHAPRETA_510206,312227.860,2624150.200,129.8500,0.0000,2.5700,0.1642,-1
KHAPRETA_510206,312229.860,2624150.200,129.7900,0.0000,2.6300,0.1681,-1
KHAPRETA_510206,312231.860,2624150.200,129.8100,0.0000,2.6100,0.1668,-1
KHAPRETA_510206,312236.860,2624150.200,129.9600,0.0550,2.4600,0.1572,-1
KHAPRETA_510206,312242.860,2624150.200,129.8900,0.0231,2.5300,0.1617,-1
KHAPRETA_510206,312243.860,2624150.200,129.7300,0.0569,2.6900,0.1719,-1
KHAPRETA_510206,312245.860,2624150.200,130.0800,0.1319,2.3400,0.1495,-1
KHAPRETA_510206,312247.860,2624150.200,130.0200,0.0000,2.4000,0.1534,-1
KHAPRETA_510206,312256.860,2624150.200,130.1300,0.1619,2.2900,0.1463,-1
KHAPRETA_510206,312257.860,2624150.200,130.1000,0.2332,2.3200,0.1482,-1
KHAPRETA_510206,312261.860,2624150.200,129.8400,0.0919,2.5800,0.1649,-1
KHAPRETA_510206,312262.860,2624150.200,129.9600,0.0319,2.4600,0.1572,-1
KHAPRETA_510206,312265.860,2624150.200,130.1100,0.1469,2.3100,0.1476,-1
KHAPRETA_510206,312266.860,2624150.200,130.0700,0.0250,2.3500,0.1502,-1
KHAPRETA_510206,312267.860,2624150.200,130.0600,0.1469,2.3600,0.1508,-1
KHAPRETA_510206,312276.860,2624150.200,130.1300,0.1469,2.2900,0.1463,-1
KHAPRETA_510206,312277.860,2624150.200,130.0700,0.1769,2.3500,0.1502,-1
KHAPRETA_510206,312283.860,2624150.200,129.7500,0.1707,2.6700,0.1706,-1
KHAPRETA_510206,312284.860,2624150.200,130.0700,0.1474,2.3500,0.1502,-1
KHAPRETA_510206,312285.860,2624150.200,129.9000,0.1469,2.5200,0.1610,-1
KHAPRETA_510206,312289.860,2624150.200,129.9500,0.2019,2.4700,0.1578,-1
KHAPRETA_510206,312290.860,2624150.200,130.1800,0.2153,2.2400,0.1431,-1
KHAPRETA_510206,312293.860,2624150.200,130.1200,0.0000,2.3000,0.1470,-1
KHAPRETA_510206,312295.860,2624150.200,130.1200,0.1769,2.3000,0.1470,-1
KHAPRETA_510206,312301.860,2624150.200,130.0900,0.0000,2.3300,0.1489,-1
KHAPRETA_510206,312304.860,2624150.200,130.1200,0.0000,2.3000,0.1470,-1
KHAPRETA_510206,312306.860,2624150.200,130.1000,0.0000,2.3200,0.1482,-1
KHAPRETA_510206,312310.860,2624150.200,130.1900,0.1919,2.2300,0.1425,-1
KHAPRETA_510206,312313.860,2624150.200,130.1900,0.0000,2.2300,0.1425,-1
KHAPRETA_510206,312323.860,2624150.200,130.2600,0.0700,2.1600,0.1380,-1
KHAPRETA_510206,312349.860,2624150.200,130.4500,0.3786,1.9700,0.1259,-1
KHAPRETA_510206,312350.860,2624150.200,130.3500,0.4730,2.0700,0.1323,-1
KHAPRETA_510206,312352.860,2624150.200,130.3600,0.3219,2.0600,0.1316,-1
KHAPRETA_510206,312356.860,2624150.200,130.4200,0.3089,2.0000,0.1278,-1
KHAPRETA_510206,312357.860,2624150.200,130.3800,0.4588,2.0400,0.1304,-1
KHAPRETA_510206,312360.860,2624150.200,130.5800,0.0000,1.8400,0.1176,-1
KHAPRETA_510206,312362.860,2624150.200,130.5700,0.0000,1.8500,0.1182,-1
KHAPRETA_510206,312365.860,2624150.200,130.5200,0.3419,1.9000,0.1214,-1
KHAPRETA_510206,312374.860,2624150.200,130.4800,0.0000,1.9400,0.1240,-1
KHAPRETA_510206,312377.860,2624150.200,130.4400,0.0000,1.9800,0.1265,-1
KHAPRETA_510206,312379.860,2624150.200,130.4600,0.4802,1.9600,0.1252,-1
KHAPRETA_510206,312380.860,2624150.200,130.4700,0.3419,1.9500,0.1246,-1
KHAPRETA_510206,312383.860,2624150.200,130.5300,0.3719,1.8900,0.1208,-1
KHAPRETA_510206,312386.860,2624150.200,130.6500,0.0000,1.7700,0.1131,-1
KHAPRETA_510206,312388.860,2624150.200,130.6000,0.0000,1.8200,0.1163,-1
KHAPRETA_510206,312392.860,2624150.200,130.6300,0.0000,1.7900,0.1144,-1
KHAPRETA_510206,312404.860,2624150.200,130.7200,0.0000,1.7000,0.1086,-1
KHAPRETA_510206,312406.860,2624150.200,130.7600,0.0000,1.6600,0.1061,-1
KHAPRETA_510206,312410.860,2624150.200,130.7800,0.5619,1.6400,0.1048,-1
KHAPRETA_510206,312419.860,2624150.200,130.8500,0.5569,1.5700,0.1003,-1
KHAPRETA_510206,312421.860,2624150.200,130.9000,0.0000,1.5200,0.0971,-1
KHAPRETA_510206,312425.860,2624150.200,130.8600,0.0000,1.5600,0.0997,-1
KHAPRETA_510206,312429.860,2624150.200,130.9400,0.0000,1.4800,0.0946,-1
KHAPRETA_510206,312432.860,2624150.200,130.9600,0.0000,1.4600,0.0933,-1
KHAPRETA_510206,312442.860,2624150.200,131.1800,0.0000,1.2400,0.0792,-1
KHAPRETA_510206,312453.860,2624150.200,131.5400,0.0000,0.8800,0.0562,-1
KHAPRETA_510206,312462.860,2624150.200,132.0000,1.6114,0.4200,0.0268,-1
KHAPRETA_510206,312463.860,2624150.200,132.0500,1.1201,0.3700,0.0236,-1
KHAPRETA_510206,312473.860,2624150.200,131.8100,0.0000,0.6100,0.0390,-1
KHAPRETA_510206,312480.860,2624150.200,131.2900,0.6169,1.1300,0.0722,-1
KHAPRETA_510206,312500.860,2624150.200,130.9400,0.0000,1.4800,0.0946,-1
KHAPRETA_510206,312507.860,2624150.200,131.1200,0.6719,1.3000,0.0831,-1
KHAPRETA_510206,312510.860,2624150.200,131.0500,0.0000,1.3700,0.0875,-1
KHAPRETA_510206,312040.860,2624151.200,125.6900,2.9213,6.7300,0.4300,-1
KHAPRETA_510206,312041.860,2624151.200,125.6000,2.0381,6.8200,0.4358,-1
KHAPRETA_510206,312042.860,2624151.200,125.6600,0.0700,6.7600,0.4319,-1
KHAPRETA_510206,312043.860,2624151.200,125.7400,2.0605,6.6800,0.4268,-1
KHAPRETA_510206,312047.860,2624151.200,125.6600,1.9381,6.7600,0.4319,-1
KHAPRETA_510206,312048.860,2624151.200,125.9000,0.0919,6.5200,0.4166,-1
KHAPRETA_510206,312049.860,2624151.200,125.8300,1.9406,6.5900,0.4211,-1
KHAPRETA_510206,312052.860,2624151.200,125.7700,1.9081,6.6500,0.4249,-1
KHAPRETA_510206,312054.860,2624151.200,125.8900,1.9481,6.5300,0.4173,-1
KHAPRETA_510206,312055.860,2624151.200,125.8800,1.9033,6.5400,0.4179,-1
KHAPRETA_510206,312056.860,2624151.200,125.9500,2.7479,6.4700,0.4134,-1
KHAPRETA_510206,312060.860,2624151.200,126.0900,2.6279,6.3300,0.4045,-1
KHAPRETA_510206,312061.860,2624151.200,126.1100,1.8431,6.3100,0.4032,-1
KHAPRETA_510206,312068.860,2624151.200,126.9700,1.4931,5.4500,0.3482,-1
KHAPRETA_510206,312070.860,2624151.200,126.9300,0.0150,5.4900,0.3508,-1
KHAPRETA_510206,312077.860,2624151.200,127.0900,0.0300,5.3300,0.3406,-1
KHAPRETA_510206,312079.860,2624151.200,127.0800,0.0000,5.3400,0.3412,-1
KHAPRETA_510206,312089.860,2624151.200,127.2500,1.2481,5.1700,0.3304,-1
KHAPRETA_510206,312090.860,2624151.200,127.2800,1.2631,5.1400,0.3284,-1
KHAPRETA_510206,312092.860,2624151.200,127.3300,1.2281,5.0900,0.3252,-1
KHAPRETA_510206,312096.860,2624151.200,127.2500,1.5559,5.1700,0.3304,-1
KHAPRETA_510206,312097.860,2624151.200,127.3400,1.7757,5.0800,0.3246,-1
KHAPRETA_510206,312099.860,2624151.200,128.0700,0.0000,4.3500,0.2780,-1
KHAPRETA_510206,312104.860,2624151.200,128.0200,0.8381,4.4000,0.2811,-1
KHAPRETA_510206,312107.860,2624151.200,128.0000,0.0000,4.4200,0.2824,-1
KHAPRETA_510206,312113.860,2624151.200,128.0700,1.0031,4.3500,0.2780,-1
KHAPRETA_510206,312115.860,2624151.200,127.9300,0.0000,4.4900,0.2869,-1
KHAPRETA_510206,312117.860,2624151.200,128.1800,0.8231,4.2400,0.2709,-1
KHAPRETA_510206,312118.860,2624151.200,128.1300,0.8394,4.2900,0.2741,-1
KHAPRETA_510206,312120.860,2624151.200,127.9600,0.1050,4.4600,0.2850,-1
KHAPRETA_510206,312123.860,2624151.200,128.5500,0.0000,3.8700,0.2473,-1
KHAPRETA_510206,312127.860,2624151.200,128.4800,0.7381,3.9400,0.2518,-1
KHAPRETA_510206,312129.860,2624151.200,128.5600,0.0000,3.8600,0.2466,-1
KHAPRETA_510206,312135.860,2624151.200,128.5500,0.5331,3.8700,0.2473,-1
KHAPRETA_510206,312136.860,2624151.200,128.7100,0.6132,3.7100,0.2371,-1
KHAPRETA_510206,312138.860,2624151.200,128.4900,0.0000,3.9300,0.2511,-1
KHAPRETA_510206,312166.860,2624151.200,128.7400,0.1350,3.6800,0.2351,-1
KHAPRETA_510206,312172.860,2624151.200,132.0400,0.0000,0.3800,0.0243,-1
KHAPRETA_510206,312176.860,2624151.200,129.0800,0.0000,3.3400,0.2134,-1
KHAPRETA_510206,312187.860,2624151.200,129.1300,0.0000,3.2900,0.2102,-1
KHAPRETA_510206,312189.860,2624151.200,129.1900,0.0000,3.2300,0.2064,-1
KHAPRETA_510206,312191.860,2624151.200,129.3700,0.0150,3.0500,0.1949,-1
KHAPRETA_510206,312193.860,2624151.200,129.3600,0.1831,3.0600,0.1955,-1
KHAPRETA_510206,312196.860,2624151.200,129.0900,0.3381,3.3300,0.2128,-1
KHAPRETA_510206,312197.860,2624151.200,129.1000,0.2468,3.3200,0.2121,-1
KHAPRETA_510206,312198.860,2624151.200,129.2200,0.3691,3.2000,0.2045,-1
KHAPRETA_510206,312201.860,2624151.200,129.5300,0.1181,2.8900,0.1847,-1
KHAPRETA_510206,312208.860,2624151.200,129.6700,0.0000,2.7500,0.1757,-1
KHAPRETA_510206,312212.860,2624151.200,129.6500,0.0731,2.7700,0.1770,-1
KHAPRETA_510206,312217.860,2624151.200,129.3800,0.0000,3.0400,0.1942,-1
KHAPRETA_510206,312219.860,2624151.200,129.6000,0.0000,2.8200,0.1802,-1
KHAPRETA_510206,312233.860,2624151.200,129.9100,0.0819,2.5100,0.1604,-1
KHAPRETA_510206,312236.860,2624151.200,129.8900,0.1488,2.5300,0.1617,-1
KHAPRETA_510206,312237.860,2624151.200,130.0100,0.0569,2.4100,0.1540,-1
KHAPRETA_510206,312240.860,2624151.200,129.9900,0.0000,2.4300,0.1553,-1
KHAPRETA_510206,312244.860,2624151.200,130.0300,0.0000,2.3900,0.1527,-1
KHAPRETA_510206,312251.860,2624151.200,130.1000,0.0000,2.3200,0.1482,-1
KHAPRETA_510206,312257.860,2624151.200,130.0800,0.1619,2.3400,0.1495,-1
KHAPRETA_510206,312259.860,2624151.200,130.0800,0.0000,2.3400,0.1495,-1
KHAPRETA_510206,312263.860,2624151.200,130.0600,0.0000,2.3600,0.1508,-1
KHAPRETA_510206,312269.860,2624151.200,130.0200,0.1169,2.4000,0.1534,-1
KHAPRETA_510206,312270.860,2624151.200,130.0100,0.1219,2.4100,0.1540,-1
KHAPRETA_510206,312280.860,2624151.200,130.1400,0.1169,2.2800,0.1457,-1
KHAPRETA_510206,312281.860,2624151.200,130.0100,0.2136,2.4100,0.1540,-1
KHAPRETA_510206,312284.860,2624151.200,130.0300,0.1469,2.3900,0.1527,-1
KHAPRETA_510206,312287.860,2624151.200,130.0300,0.0000,2.3900,0.1527,-1
KHAPRETA_510206,312295.860,2624151.200,130.1300,0.1719,2.2900,0.1463,-1
KHAPRETA_510206,312298.860,2624151.200,130.0700,0.1119,2.3500,0.1502,-1
KHAPRETA_510206,312299.860,2624151.200,130.0000,0.1469,2.4200,0.1546,-1
KHAPRETA_510206,312303.860,2624151.200,130.1200,0.0000,2.3000,0.1470,-1
KHAPRETA_510206,312305.860,2624151.200,130.1500,0.0000,2.2700,0.1450,-1
KHAPRETA_510206,312309.860,2624151.200,130.1000,0.1919,2.3200,0.1482,-1
KHAPRETA_510206,312310.860,2624151.200,130.1600,0.2072,2.2600,0.1444,-1
KHAPRETA_510206,312311.860,2624151.200,130.0800,0.1919,2.3400,0.1495,-1
KHAPRETA_510206,312316.860,2624151.200,130.2300,0.0000,2.1900,0.1399,-1
KHAPRETA_510206,312318.860,2624151.200,130.2400,0.2419,2.1800,0.1393,-1
KHAPRETA_510206,312323.860,2624151.200,130.1500,0.2419,2.2700,0.1450,-1
KHAPRETA_510206,312329.860,2624151.200,130.2300,0.0000,2.1900,0.1399,-1
KHAPRETA_510206,312332.860,2624151.200,130.2000,0.2869,2.2200,0.1419,-1
KHAPRETA_510206,312333.860,2624151.200,130.3500,0.0700,2.0700,0.1323,-1
KHAPRETA_510206,312334.860,2624151.200,130.3400,0.3988,2.0800,0.1329,-1
KHAPRETA_510206,312341.860,2624151.200,130.1900,0.0000,2.2300,0.1425,-1
KHAPRETA_510206,312352.860,2624151.200,130.4200,0.2919,2.0000,0.1278,-1
KHAPRETA_510206,312355.860,2624151.200,130.4700,0.5083,1.9500,0.1246,-1
KHAPRETA_510206,312356.860,2624151.200,130.4900,0.4733,1.9300,0.1233,-1
KHAPRETA_510206,312361.860,2624151.200,130.5500,0.0000,1.8700,0.1195,-1
KHAPRETA_510206,312363.860,2624151.200,130.4700,0.3569,1.9500,0.1246,-1
KHAPRETA_510206,312365.860,2624151.200,130.4600,0.0200,1.9600,0.1252,-1
KHAPRETA_510206,312369.860,2624151.200,130.4900,0.0000,1.9300,0.1233,-1
KHAPRETA_510206,312371.860,2624151.200,130.2100,0.5366,2.2100,0.1412,-1
KHAPRETA_510206,312372.860,2624151.200,130.5300,0.1650,1.8900,0.1208,-1
KHAPRETA_510206,312373.860,2624151.200,130.5400,0.3769,1.8800,0.1201,-1
KHAPRETA_510206,312378.860,2624151.200,130.4800,0.0000,1.9400,0.1240,-1
KHAPRETA_510206,312383.860,2624151.200,130.5200,0.3769,1.9000,0.1214,-1
KHAPRETA_510206,312387.860,2624151.200,130.6400,0.0000,1.7800,0.1137,-1
KHAPRETA_510206,312390.860,2624151.200,130.6900,0.5932,1.7300,0.1105,-1
KHAPRETA_510206,312391.860,2624151.200,130.6200,0.4569,1.8000,0.1150,-1
KHAPRETA_510206,312395.860,2624151.200,130.7200,0.0000,1.7000,0.1086,-1
KHAPRETA_510206,312398.860,2624151.200,130.6800,0.4669,1.7400,0.1112,-1
KHAPRETA_510206,312405.860,2624151.200,130.7600,0.0000,1.6600,0.1061,-1
KHAPRETA_510206,312412.860,2624151.200,130.7900,0.5169,1.6300,0.1042,-1
KHAPRETA_510206,312417.860,2624151.200,130.8500,0.0000,1.5700,0.1003,-1
KHAPRETA_510206,312431.860,2624151.200,131.8900,0.0000,0.5300,0.0339,-1
KHAPRETA_510206,312440.860,2624151.200,131.2500,0.7219,1.1700,0.0748,-1
KHAPRETA_510206,312443.860,2624151.200,131.2300,0.0000,1.1900,0.0760,-1
KHAPRETA_510206,312454.860,2624151.200,132.0300,1.0969,0.3900,0.0249,-1
KHAPRETA_510206,312456.860,2624151.200,131.9700,0.0000,0.4500,0.0288,-1
KHAPRETA_510206,312462.860,2624151.200,132.0600,1.1070,0.3600,0.0230,-1
KHAPRETA_510206,312463.860,2624151.200,131.9900,1.6114,0.4300,0.0275,-1
KHAPRETA_510206,312468.860,2624151.200,131.6500,0.9119,0.7700,0.0492,-1
KHAPRETA_510206,312482.860,2624151.200,131.1900,0.7369,1.2300,0.0786,-1
KHAPRETA_510206,312503.860,2624151.200,131.0300,0.0000,1.3900,0.0888,-1
KHAPRETA_510206,312507.860,2624151.200,131.1200,0.6719,1.3000,0.0831,-1
KHAPRETA_510206,312512.860,2624151.200,131.0100,0.0000,1.4100,0.0901,-1
KHAPRETA_510206,312515.860,2624151.200,130.8000,0.0000,1.6200,0.1035,-1
KHAPRETA_510206,312042.860,2624152.200,125.6100,2.9533,6.8100,0.4351,-1
KHAPRETA_510206,312043.860,2624152.200,125.5400,2.9003,6.8800,0.4396,-1
KHAPRETA_510206,312046.860,2624152.200,125.8500,1.9931,6.5700,0.4198,-1
KHAPRETA_510206,312048.860,2624152.200,125.8500,2.7373,6.5700,0.4198,-1
KHAPRETA_510206,312049.860,2624152.200,125.9100,2.7833,6.5100,0.4160,-1
KHAPRETA_510206,312053.860,2624152.200,125.8600,0.0000,6.5600,0.4192,-1
KHAPRETA_510206,312055.860,2624152.200,125.9700,2.7479,6.4500,0.4121,-1
KHAPRETA_510206,312056.860,2624152.200,125.9000,1.9031,6.5200,0.4166,-1
KHAPRETA_510206,312058.860,2624152.200,125.9400,1.8431,6.4800,0.4141,-1
KHAPRETA_510206,312059.860,2624152.200,126.0900,1.9181,6.3300,0.4045,-1
KHAPRETA_510206,312070.860,2624152.200,126.9500,0.1100,5.4700,0.3495,-1
KHAPRETA_510206,312073.860,2624152.200,126.9500,0.0000,5.4700,0.3495,-1
KHAPRETA_510206,312077.860,2624152.200,127.0700,0.0050,5.3500,0.3419,-1
KHAPRETA_510206,312082.860,2624152.200,127.2400,1.2531,5.1800,0.3310,-1
KHAPRETA_510206,312083.860,2624152.200,127.2700,1.2681,5.1500,0.3291,-1
KHAPRETA_510206,312085.860,2624152.200,127.1100,1.3081,5.3100,0.3393,-1
KHAPRETA_510206,312092.860,2624152.200,127.3200,1.2231,5.1000,0.3259,-1
KHAPRETA_510206,312095.860,2624152.200,127.6900,0.9681,4.7300,0.3022,-1
KHAPRETA_510206,312096.860,2624152.200,127.8400,1.6381,4.5800,0.2927,-1
KHAPRETA_510206,312100.860,2624152.200,128.0200,0.0000,4.4000,0.2811,-1
KHAPRETA_510206,312104.860,2624152.200,128.1000,0.8886,4.3200,0.2760,-1
KHAPRETA_510206,312105.860,2624152.200,128.0000,1.2467,4.4200,0.2824,-1
KHAPRETA_510206,312108.860,2624152.200,127.9400,0.0000,4.4800,0.2863,-1
KHAPRETA_510206,312110.860,2624152.200,127.9700,0.0000,4.4500,0.2843,-1
KHAPRETA_510206,312112.860,2624152.200,127.9400,1.0031,4.4800,0.2863,-1
KHAPRETA_510206,312113.860,2624152.200,127.7700,1.2532,4.6500,0.2971,-1
KHAPRETA_510206,312116.860,2624152.200,128.1800,0.0000,4.2400,0.2709,-1
KHAPRETA_510206,312118.860,2624152.200,128.1100,0.8231,4.3100,0.2754,-1
KHAPRETA_510206,312120.860,2624152.200,128.1000,0.9081,4.3200,0.2760,-1
KHAPRETA_510206,312122.860,2624152.200,127.9100,0.0000,4.5100,0.2882,-1
KHAPRETA_510206,312124.860,2624152.200,128.4000,0.6031,4.0200,0.2569,-1
KHAPRETA_510206,312125.860,2624152.200,128.5700,0.6881,3.8500,0.2460,-1
KHAPRETA_510206,312127.860,2624152.200,128.3000,0.6481,4.1200,0.2633,-1
KHAPRETA_510206,312130.860,2624152.200,128.5600,0.5881,3.8600,0.2466,-1
KHAPRETA_510206,312131.860,2624152.200,128.6000,0.6081,3.8200,0.2441,-1
KHAPRETA_510206,312133.860,2624152.200,128.5500,0.0000,3.8700,0.2473,-1
KHAPRETA_510206,312136.860,2624152.200,128.6600,0.5331,3.7600,0.2403,-1
KHAPRETA_510206,312142.860,2624152.200,128.4300,0.0000,3.9900,0.2550,-1
KHAPRETA_510206,312144.860,2624152.200,128.5000,0.5081,3.9200,0.2505,-1
KHAPRETA_510206,312166.860,2624152.200,128.5000,0.5181,3.9200,0.2505,-1
KHAPRETA_510206,312174.860,2624152.200,128.8500,0.0000,3.5700,0.2281,-1
KHAPRETA_510206,312188.860,2624152.200,129.3300,0.0000,3.0900,0.1974,-1
KHAPRETA_510206,312191.860,2624152.200,129.2400,0.3245,3.1800,0.2032,-1
KHAPRETA_510206,312192.860,2624152.200,129.2700,0.2681,3.1500,0.2013,-1
KHAPRETA_510206,312194.860,2624152.200,129.1300,0.0000,3.2900,0.2102,-1
KHAPRETA_510206,312197.860,2624152.200,129.3000,0.0200,3.1200,0.1994,-1
KHAPRETA_510206,312200.860,2624152.200,129.4500,0.1681,2.9700,0.1898,-1
KHAPRETA_510206,312202.860,2624152.200,129.5500,0.0000,2.8700,0.1834,-1
KHAPRETA_510206,312204.860,2624152.200,129.6300,0.0000,2.7900,0.1783,-1
KHAPRETA_510206,312209.860,2624152.200,129.5700,0.0931,2.8500,0.1821,-1
KHAPRETA_510206,312210.860,2624152.200,129.5900,0.0805,2.8300,0.1808,-1
KHAPRETA_510206,312211.860,2624152.200,129.6700,0.0200,2.7500,0.1757,-1
KHAPRETA_510206,312212.860,2624152.200,129.6300,0.0878,2.7900,0.1783,-1
KHAPRETA_510206,312227.860,2624152.200,129.7700,0.0319,2.6500,0.1693,-1
KHAPRETA_510206,312233.860,2624152.200,129.9400,0.0680,2.4800,0.1585,-1
KHAPRETA_510206,312234.860,2624152.200,129.8000,0.0819,2.6200,0.1674,-1
KHAPRETA_510206,312238.860,2624152.200,129.9500,0.0000,2.4700,0.1578,-1
KHAPRETA_510206,312245.860,2624152.200,130.0600,0.2582,2.3600,0.1508,-1
KHAPRETA_510206,312246.860,2624152.200,130.1700,0.1419,2.2500,0.1438,-1
KHAPRETA_510206,312249.860,2624152.200,130.0900,0.1669,2.3300,0.1489,-1
KHAPRETA_510206,312250.860,2624152.200,130.1100,0.1569,2.3100,0.1476,-1
KHAPRETA_510206,312260.860,2624152.200,130.1900,0.2269,2.2300,0.1425,-1
KHAPRETA_510206,312262.860,2624152.200,129.7200,0.0000,2.7000,0.1725,-1
KHAPRETA_510206,312267.860,2624152.200,130.0600,0.1569,2.3600,0.1508,-1
KHAPRETA_510206,312268.860,2624152.200,130.0900,0.1569,2.3300,0.1489,-1
KHAPRETA_510206,312281.860,2624152.200,130.0000,0.1169,2.4200,0.1546,-1
KHAPRETA_510206,312283.860,2624152.200,129.8800,0.0000,2.5400,0.1623,-1
KHAPRETA_510206,312290.860,2624152.200,130.1400,0.0000,2.2800,0.1457,-1
KHAPRETA_510206,312307.860,2624152.200,130.1000,0.0000,2.3200,0.1482,-1
KHAPRETA_510206,312318.860,2624152.200,130.2600,0.2571,2.1600,0.1380,-1
KHAPRETA_510206,312319.860,2624152.200,130.2900,0.2419,2.1300,0.1361,-1
KHAPRETA_510206,312324.860,2624152.200,130.1600,0.2169,2.2600,0.1444,-1
KHAPRETA_510206,312326.860,2624152.200,130.1900,0.0000,2.2300,0.1425,-1
KHAPRETA_510206,312334.860,2624152.200,130.3300,0.3848,2.0900,0.1335,-1
KHAPRETA_510206,312335.860,2624152.200,130.3000,0.0500,2.1200,0.1355,-1
KHAPRETA_510206,312336.860,2624152.200,130.2300,0.0550,2.1900,0.1399,-1
KHAPRETA_510206,312337.860,2624152.200,130.1900,0.0400,2.2300,0.1425,-1
KHAPRETA_510206,312338.860,2624152.200,130.3100,0.3034,2.1100,0.1348,-1
KHAPRETA_510206,312343.860,2624152.200,130.1900,0.0000,2.2300,0.1425,-1
KHAPRETA_510206,312346.860,2624152.200,130.4300,0.0000,1.9900,0.1272,-1
KHAPRETA_510206,312355.860,2624152.200,130.5000,0.3469,1.9200,0.1227,-1
KHAPRETA_510206,312363.860,2624152.200,130.4900,0.4027,1.9300,0.1233,-1
KHAPRETA_510206,312364.860,2624152.200,130.5800,0.4035,1.8400,0.1176,-1
KHAPRETA_510206,312365.860,2624152.200,130.5600,0.0695,1.8600,0.1188,-1
KHAPRETA_510206,312366.860,2624152.200,130.5100,0.3919,1.9100,0.1220,-1
KHAPRETA_510206,312368.860,2624152.200,130.5100,0.0000,1.9100,0.1220,-1
KHAPRETA_510206,312371.860,2624152.200,130.5400,0.1300,1.8800,0.1201,-1
KHAPRETA_510206,312375.860,2624152.200,130.4400,0.4874,1.9800,0.1265,-1
KHAPRETA_510206,312376.860,2624152.200,130.4400,0.3319,1.9800,0.1265,-1
KHAPRETA_510206,312390.860,2624152.200,130.6100,0.4569,1.8100,0.1157,-1
KHAPRETA_510206,312398.860,2624152.200,130.7100,0.0150,1.7100,0.1093,-1
KHAPRETA_510206,312400.860,2624152.200,130.7000,0.0000,1.7200,0.1099,-1
KHAPRETA_510206,312402.860,2624152.200,130.7900,0.0000,1.6300,0.1042,-1
KHAPRETA_510206,312408.860,2624152.200,130.8600,0.0000,1.5600,0.0997,-1
KHAPRETA_510206,312411.860,2624152.200,130.7800,0.5169,1.6400,0.1048,-1
KHAPRETA_510206,312412.860,2624152.200,130.8100,0.5073,1.6100,0.1029,-1
KHAPRETA_510206,312413.860,2624152.200,130.8200,0.5169,1.6000,0.1022,-1
KHAPRETA_510206,312418.860,2624152.200,130.8900,0.5319,1.5300,0.0978,-1
KHAPRETA_510206,312419.860,2624152.200,130.8400,0.5569,1.5800,0.1010,-1
KHAPRETA_510206,312425.860,2624152.200,130.9100,0.6219,1.5100,0.0965,-1
KHAPRETA_510206,312426.860,2624152.200,131.0200,0.5669,1.4000,0.0895,-1
KHAPRETA_510206,312428.860,2624152.200,130.9400,1.0792,1.4800,0.0946,-1
KHAPRETA_510206,312429.860,2624152.200,131.5400,0.5819,0.8800,0.0562,-1
KHAPRETA_510206,312436.860,2624152.200,131.7700,0.0000,0.6500,0.0415,-1
KHAPRETA_510206,312440.860,2624152.200,131.2200,0.0250,1.2000,0.0767,-1
KHAPRETA_510206,312447.860,2624152.200,131.2500,0.0000,1.1700,0.0748,-1
KHAPRETA_510206,312451.860,2624152.200,131.8700,0.0000,0.5500,0.0351,-1
KHAPRETA_510206,312454.860,2624152.200,131.9700,1.5832,0.4500,0.0288,-1
KHAPRETA_510206,312455.860,2624152.200,132.0000,1.0969,0.4200,0.0268,-1
KHAPRETA_510206,312457.860,2624152.200,132.0100,0.0000,0.4100,0.0262,-1
KHAPRETA_510206,312460.860,2624152.200,132.0400,0.0000,0.3800,0.0243,-1
KHAPRETA_510206,312462.860,2624152.200,132.0200,1.1419,0.4000,0.0256,-1
KHAPRETA_510206,312467.860,2624152.200,131.6000,0.9119,0.8200,0.0524,-1
KHAPRETA_510206,312468.860,2624152.200,131.6000,1.3075,0.8200,0.0524,-1
KHAPRETA_510206,312471.860,2624152.200,131.2700,0.0000,1.1500,0.0735,-1
KHAPRETA_510206,312479.860,2624152.200,131.5900,0.9619,0.8300,0.0530,-1
KHAPRETA_510206,312480.860,2624152.200,131.7000,0.9069,0.7200,0.0460,-1
KHAPRETA_510206,312482.860,2624152.200,131.2500,0.9753,1.1700,0.0748,-1
KHAPRETA_510206,312483.860,2624152.200,131.1200,1.0316,1.3000,0.0831,-1
KHAPRETA_510206,312505.860,2624152.200,131.0700,0.0000,1.3500,0.0863,-1
KHAPRETA_510206,312509.860,2624152.200,130.9500,0.0000,1.4700,0.0939,-1
KHAPRETA_510206,312514.860,2624152.200,130.8600,0.0000,1.5600,0.0997,-1
KHAPRETA_510206,312046.860,2624153.200,125.7900,0.0900,6.6300,0.4236,-1
KHAPRETA_510206,312054.860,2624153.200,125.8200,0.0000,6.6000,0.4217,-1
KHAPRETA_510206,312056.860,2624153.200,125.9700,1.9531,6.4500,0.4121,-1
KHAPRETA_510206,312057.860,2624153.200,125.8700,1.9031,6.5500,0.4185,-1
KHAPRETA_510206,312061.860,2624153.200,126.0000,0.0000,6.4200,0.4102,-1
KHAPRETA_510206,312063.860,2624153.200,126.1000,1.9081,6.3200,0.4038,-1
KHAPRETA_510206,312066.860,2624153.200,126.8300,1.4431,5.5900,0.3572,-1
KHAPRETA_510206,312067.860,2624153.200,126.8900,1.4731,5.5300,0.3534,-1
KHAPRETA_510206,312070.860,2624153.200,127.1500,1.4131,5.2700,0.3367,-1
KHAPRETA_510206,312077.860,2624153.200,127.0800,1.3531,5.3400,0.3412,-1
KHAPRETA_510206,312079.860,2624153.200,127.1600,1.4581,5.2600,0.3361,-1
KHAPRETA_510206,312084.860,2624153.200,127.2600,1.3081,5.1600,0.3297,-1
KHAPRETA_510206,312085.860,2624153.200,127.1600,1.8330,5.2600,0.3361,-1
KHAPRETA_510206,312099.860,2624153.200,127.9700,0.0000,4.4500,0.2843,-1
KHAPRETA_510206,312101.860,2624153.200,127.9300,0.0000,4.4900,0.2869,-1
KHAPRETA_510206,312104.860,2624153.200,127.9600,1.2467,4.4600,0.2850,-1
KHAPRETA_510206,312105.860,2624153.200,127.9300,1.2701,4.4900,0.2869,-1
KHAPRETA_510206,312107.860,2624153.200,128.2400,0.8781,4.1800,0.2671,-1
KHAPRETA_510206,312111.860,2624153.200,127.7600,0.0000,4.6600,0.2978,-1
KHAPRETA_510206,312119.860,2624153.200,128.1600,0.8431,4.2600,0.2722,-1
KHAPRETA_510206,312132.860,2624153.200,128.4300,0.0000,3.9900,0.2550,-1
KHAPRETA_510206,312137.860,2624153.200,128.6000,0.0000,3.8200,0.2441,-1
KHAPRETA_510206,312144.860,2624153.200,128.7600,0.6381,3.6600,0.2339,-1
KHAPRETA_510206,312160.860,2624153.200,129.9800,0.0000,2.4400,0.1559,-1
KHAPRETA_510206,312170.860,2624153.200,129.0800,0.6619,3.3400,0.2134,-1
KHAPRETA_510206,312171.860,2624153.200,131.1000,0.0350,1.3200,0.0843,-1
KHAPRETA_510206,312172.860,2624153.200,129.0100,0.6619,3.4100,0.2179,-1
KHAPRETA_510206,312179.860,2624153.200,129.3300,0.2531,3.0900,0.1974,-1
KHAPRETA_510206,312180.860,2624153.200,129.2700,0.0550,3.1500,0.2013,-1
KHAPRETA_510206,312181.860,2624153.200,129.2200,0.3760,3.2000,0.2045,-1
KHAPRETA_510206,312184.860,2624153.200,129.2900,0.0000,3.1300,0.2000,-1
KHAPRETA_510206,312189.860,2624153.200,129.3600,0.0000,3.0600,0.1955,-1
KHAPRETA_510206,312193.860,2624153.200,129.2100,0.0000,3.2100,0.2051,-1
KHAPRETA_510206,312197.860,2624153.200,129.1400,0.2381,3.2800,0.2096,-1
KHAPRETA_510206,312200.860,2624153.200,129.4400,0.1631,2.9800,0.1904,-1
KHAPRETA_510206,312208.860,2624153.200,129.7100,0.0000,2.7100,0.1732,-1
KHAPRETA_510206,312210.860,2624153.200,129.6500,0.0300,2.7700,0.1770,-1
KHAPRETA_510206,312212.860,2624153.200,129.5100,0.1534,2.9100,0.1859,-1
KHAPRETA_510206,312213.860,2624153.200,129.4700,0.1331,2.9500,0.1885,-1
KHAPRETA_510206,312219.860,2624153.200,129.7200,0.0000,2.7000,0.1725,-1
KHAPRETA_510206,312222.860,2624153.200,129.5800,0.0000,2.8400,0.1815,-1
KHAPRETA_510206,312227.860,2624153.200,129.8400,0.0031,2.5800,0.1649,-1
KHAPRETA_510206,312231.860,2624153.200,129.8500,0.0000,2.5700,0.1642,-1
KHAPRETA_510206,312235.860,2624153.200,129.8600,0.0392,2.5600,0.1636,-1
KHAPRETA_510206,312236.860,2624153.200,129.7500,0.0419,2.6700,0.1706,-1
KHAPRETA_510206,312239.860,2624153.200,130.0600,0.0000,2.3600,0.1508,-1
KHAPRETA_510206,312241.860,2624153.200,129.9800,0.0000,2.4400,0.1559,-1
KHAPRETA_510206,312244.860,2624153.200,129.7900,0.1669,2.6300,0.1681,-1
KHAPRETA_510206,312245.860,2624153.200,130.1100,0.1701,2.3100,0.1476,-1
KHAPRETA_510206,312253.860,2624153.200,130.1200,0.0000,2.3000,0.1470,-1
KHAPRETA_510206,312257.860,2624153.200,130.1600,0.2069,2.2600,0.1444,-1
KHAPRETA_510206,312258.860,2624153.200,130.1900,0.0200,2.2300,0.1425,-1
KHAPRETA_510206,312259.860,2624153.200,130.1200,0.1930,2.3000,0.1470,-1
KHAPRETA_510206,312260.860,2624153.200,130.2300,0.2690,2.1900,0.1399,-1
KHAPRETA_510206,312265.860,2624153.200,130.1200,0.0000,2.3000,0.1470,-1
KHAPRETA_510206,312268.860,2624153.200,129.9100,0.1569,2.5100,0.1604,-1
KHAPRETA_510206,312271.860,2624153.200,129.9900,0.0000,2.4300,0.1553,-1
KHAPRETA_510206,312274.860,2624153.200,130.2400,0.2169,2.1800,0.1393,-1
KHAPRETA_510206,312287.860,2624153.200,130.0900,0.0000,2.3300,0.1489,-1
KHAPRETA_510206,312289.860,2624153.200,130.0400,0.1519,2.3800,0.1521,-1
KHAPRETA_510206,312292.860,2624153.200,130.1000,0.0000,2.3200,0.1482,-1
KHAPRETA_510206,312295.860,2624153.200,130.2100,0.0000,2.2100,0.1412,-1
KHAPRETA_510206,312298.860,2624153.200,130.2500,0.0000,2.1700,0.1387,-1
KHAPRETA_510206,312303.860,2624153.200,130.0900,0.2219,2.3300,0.1489,-1
KHAPRETA_510206,312304.860,2624153.200,130.2200,0.2328,2.2000,0.1406,-1
KHAPRETA_510206,312309.860,2624153.200,130.1900,0.1019,2.2300,0.1425,-1
KHAPRETA_510206,312311.860,2624153.200,130.1800,0.0000,2.2400,0.1431,-1
KHAPRETA_510206,312314.860,2624153.200,130.2600,0.2169,2.1600,0.1380,-1
KHAPRETA_510206,312318.860,2624153.200,130.2600,0.0500,2.1600,0.1380,-1
KHAPRETA_510206,312320.860,2624153.200,130.3400,0.2619,2.0800,0.1329,-1
KHAPRETA_510206,312321.860,2624153.200,130.3000,0.4023,2.1200,0.1355,-1
KHAPRETA_510206,312324.860,2624153.200,130.2100,0.3128,2.2100,0.1412,-1
KHAPRETA_510206,312325.860,2624153.200,130.2700,0.2169,2.1500,0.1374,-1
KHAPRETA_510206,312327.860,2624153.200,130.1700,0.0000,2.2500,0.1438,-1
KHAPRETA_510206,312333.860,2624153.200,130.2300,0.0000,2.1900,0.1399,-1
KHAPRETA_510206,312338.860,2624153.200,130.2200,0.2669,2.2000,0.1406,-1
KHAPRETA_510206,312349.860,2624153.200,130.3600,0.0000,2.0600,0.1316,-1
KHAPRETA_510206,312363.860,2624153.200,130.4200,0.5376,2.0000,0.1278,-1
KHAPRETA_510206,312364.860,2624153.200,130.5800,0.4098,1.8400,0.1176,-1
KHAPRETA_510206,312365.860,2624153.200,130.5800,0.5614,1.8400,0.1176,-1
KHAPRETA_510206,312370.860,2624153.200,130.2600,0.4408,2.1600,0.1380,-1
KHAPRETA_510206,312371.860,2624153.200,130.4700,0.4122,1.9500,0.1246,-1
KHAPRETA_510206,312372.860,2624153.200,130.5700,0.3872,1.8500,0.1182,-1
KHAPRETA_510206,312373.860,2624153.200,130.5000,0.3969,1.9200,0.1227,-1
KHAPRETA_510206,312375.860,2624153.200,130.4900,0.3319,1.9300,0.1233,-1
KHAPRETA_510206,312381.860,2624153.200,130.5200,0.0000,1.9000,0.1214,-1
KHAPRETA_510206,312388.860,2624153.200,130.6600,0.4369,1.7600,0.1125,-1
KHAPRETA_510206,312391.860,2624153.200,130.6200,0.0000,1.8000,0.1150,-1
KHAPRETA_510206,312393.860,2624153.200,130.6500,0.0000,1.7700,0.1131,-1
KHAPRETA_510206,312397.860,2624153.200,130.6800,0.6892,1.7400,0.1112,-1
KHAPRETA_510206,312398.860,2624153.200,130.7100,0.6498,1.7100,0.1093,-1
KHAPRETA_510206,312409.860,2624153.200,130.7900,0.5469,1.6300,0.1042,-1
KHAPRETA_510206,312416.860,2624153.200,130.8400,0.5369,1.5800,0.1010,-1
KHAPRETA_510206,312417.860,2624153.200,130.8500,0.5319,1.5700,0.1003,-1
KHAPRETA_510206,312422.860,2624153.200,130.9400,0.0000,1.4800,0.0946,-1
KHAPRETA_510206,312424.860,2624153.200,130.9300,0.0000,1.4900,0.0952,-1
KHAPRETA_510206,312427.860,2624153.200,130.9600,1.2350,1.4600,0.0933,-1
KHAPRETA_510206,312428.860,2624153.200,131.0200,0.8301,1.4000,0.0895,-1
KHAPRETA_510206,312437.860,2624153.200,131.2600,0.7369,1.1600,0.0741,-1
KHAPRETA_510206,312438.860,2624153.200,131.2500,1.1036,1.1700,0.0748,-1
KHAPRETA_510206,312440.860,2624153.200,131.3000,0.7169,1.1200,0.0716,-1
KHAPRETA_510206,312441.860,2624153.200,131.2100,0.7619,1.2100,0.0773,-1
KHAPRETA_510206,312444.860,2624153.200,131.2600,0.0000,1.1600,0.0741,-1
KHAPRETA_510206,312448.860,2624153.200,131.5400,0.0000,0.8800,0.0562,-1
KHAPRETA_510206,312452.860,2624153.200,131.9300,1.1269,0.4900,0.0313,-1
KHAPRETA_510206,312459.860,2624153.200,131.9000,0.0000,0.5200,0.0332,-1
KHAPRETA_510206,312463.860,2624153.200,132.0400,1.1319,0.3800,0.0243,-1
KHAPRETA_510206,312464.860,2624153.200,132.0400,1.6150,0.3800,0.0243,-1
KHAPRETA_510206,312483.860,2624153.200,131.2200,0.6719,1.2000,0.0767,-1
KHAPRETA_510206,312504.860,2624153.200,130.8600,0.0000,1.5600,0.0997,-1
KHAPRETA_510206,312507.860,2624153.200,130.9100,0.0000,1.5100,0.0965,-1
KHAPRETA_510206,312511.860,2624153.200,130.8000,0.5469,1.6200,0.1035,-1
KHAPRETA_510206,312513.860,2624153.200,130.9400,0.0000,1.4800,0.0946,-1
KHAPRETA_510206,312516.860,2624153.200,131.0500,0.5969,1.3700,0.0875,-1
KHAPRETA_510206,312007.860,2624154.200,124.0900,2.8431,8.3300,0.5323,-1
KHAPRETA_510206,312008.860,2624154.200,124.0900,0.1500,8.3300,0.5323,-1
KHAPRETA_510206,312009.860,2624154.200,123.7900,4.0812,8.6300,0.5514,-1
KHAPRETA_510206,312046.860,2624154.200,126.0300,0.1000,6.3900,0.4083,-1
KHAPRETA_510206,312053.860,2624154.200,125.7900,0.0000,6.6300,0.4236,-1
KHAPRETA_510206,312056.860,2624154.200,125.8900,0.0000,6.5300,0.4173,-1
KHAPRETA_510206,312062.860,2624154.200,126.1000,1.9081,6.3200,0.4038,-1
KHAPRETA_510206,312063.860,2624154.200,125.9600,2.5994,6.4600,0.4128,-1
KHAPRETA_510206,312076.860,2624154.200,127.0800,0.0000,5.3400,0.3412,-1
KHAPRETA_510206,312078.860,2624154.200,127.1600,1.4581,5.2600,0.3361,-1
KHAPRETA_510206,312079.860,2624154.200,126.8600,1.3085,5.5600,0.3553,-1
KHAPRETA_510206,312081.860,2624154.200,127.2500,1.3631,5.1700,0.3304,-1
KHAPRETA_510206,312087.860,2624154.200,127.2400,1.2981,5.1800,0.3310,-1
KHAPRETA_510206,312089.860,2624154.200,127.1500,1.2231,5.2700,0.3367,-1
KHAPRETA_510206,312092.860,2624154.200,127.7000,0.0000,4.7200,0.3016,-1
KHAPRETA_510206,312094.860,2624154.200,127.8900,0.0000,4.5300,0.2895,-1
KHAPRETA_510206,312096.860,2624154.200,127.7800,1.3731,4.6400,0.2965,-1
KHAPRETA_510206,312097.860,2624154.200,127.8900,0.9981,4.5300,0.2895,-1
KHAPRETA_510206,312100.860,2624154.200,127.8500,1.0881,4.5700,0.2920,-1
KHAPRETA_510206,312102.860,2624154.200,127.8800,0.0000,4.5400,0.2901,-1
KHAPRETA_510206,312107.860,2624154.200,128.0200,0.2400,4.4000,0.2811,-1
KHAPRETA_510206,312112.860,2624154.200,127.8600,0.8731,4.5600,0.2914,-1
KHAPRETA_510206,312113.860,2624154.200,128.0300,0.9581,4.3900,0.2805,-1
KHAPRETA_510206,312117.860,2624154.200,128.0800,0.8781,4.3400,0.2773,-1
KHAPRETA_510206,312119.860,2624154.200,128.0900,0.8081,4.3300,0.2767,-1
KHAPRETA_510206,312122.860,2624154.200,128.0200,1.3132,4.4000,0.2811,-1
KHAPRETA_510206,312123.860,2624154.200,127.8600,0.2050,4.5600,0.2914,-1
KHAPRETA_510206,312124.860,2624154.200,128.4300,1.2124,3.9900,0.2550,-1
KHAPRETA_510206,312126.860,2624154.200,128.2900,0.0000,4.1300,0.2639,-1
KHAPRETA_510206,312135.860,2624154.200,128.6000,0.0000,3.8200,0.2441,-1
KHAPRETA_510206,312152.860,2624154.200,128.4100,0.0000,4.0100,0.2562,-1
KHAPRETA_510206,312154.860,2624154.200,128.4400,0.0000,3.9800,0.2543,-1
KHAPRETA_510206,312157.860,2624154.200,128.3300,0.0000,4.0900,0.2613,-1
KHAPRETA_510206,312168.860,2624154.200,129.4100,1.1469,3.0100,0.1923,-1
KHAPRETA_510206,312181.860,2624154.200,129.2200,0.2781,3.2000,0.2045,-1
KHAPRETA_510206,312188.860,2624154.200,129.1500,0.0000,3.2700,0.2089,-1
KHAPRETA_510206,312198.860,2624154.200,129.2500,0.0000,3.1700,0.2026,-1
KHAPRETA_510206,312202.860,2624154.200,129.5800,0.1131,2.8400,0.1815,-1
KHAPRETA_510206,312203.860,2624154.200,129.5500,0.0981,2.8700,0.1834,-1
KHAPRETA_510206,312210.860,2624154.200,129.5300,0.0631,2.8900,0.1847,-1
KHAPRETA_510206,312212.860,2624154.200,129.6500,0.1331,2.7700,0.1770,-1
KHAPRETA_510206,312224.860,2624154.200,129.6100,0.0531,2.8100,0.1796,-1
KHAPRETA_510206,312233.860,2624154.200,129.8900,0.0000,2.5300,0.1617,-1
KHAPRETA_510206,312235.860,2624154.200,129.8500,0.0050,2.5700,0.1642,-1
KHAPRETA_510206,312242.860,2624154.200,130.0700,0.0000,2.3500,0.1502,-1
KHAPRETA_510206,312245.860,2624154.200,129.7200,0.2469,2.7000,0.1725,-1
KHAPRETA_510206,312246.860,2624154.200,130.1400,0.2527,2.2800,0.1457,-1
KHAPRETA_510206,312247.860,2624154.200,130.2200,0.2870,2.2000,0.1406,-1
KHAPRETA_510206,312250.860,2624154.200,130.1300,0.0000,2.2900,0.1463,-1
KHAPRETA_510206,312255.860,2624154.200,130.1400,0.0000,2.2800,0.1457,-1
KHAPRETA_510206,312259.860,2624154.200,130.1600,0.1719,2.2600,0.1444,-1
KHAPRETA_510206,312267.860,2624154.200,130.0000,0.0000,2.4200,0.1546,-1
KHAPRETA_510206,312274.860,2624154.200,130.2100,0.0350,2.2100,0.1412,-1
KHAPRETA_510206,312277.860,2624154.200,130.1400,0.2659,2.2800,0.1457,-1
KHAPRETA_510206,312278.860,2624154.200,130.1100,0.2573,2.3100,0.1476,-1
KHAPRETA_510206,312285.860,2624154.200,130.0100,0.0419,2.4100,0.1540,-1
KHAPRETA_510206,312289.860,2624154.200,130.0800,0.0650,2.3400,0.1495,-1
KHAPRETA_510206,312291.860,2624154.200,130.0800,0.0000,2.3400,0.1495,-1
KHAPRETA_510206,312304.860,2624154.200,130.1200,0.0300,2.3000,0.1470,-1
KHAPRETA_510206,312309.860,2624154.200,129.9800,0.2069,2.4400,0.1559,-1
KHAPRETA_510206,312313.860,2624154.200,130.1300,0.2169,2.2900,0.1463,-1
KHAPRETA_510206,312314.860,2624154.200,130.2100,0.1031,2.2100,0.1412,-1
KHAPRETA_510206,312315.860,2624154.200,130.0800,0.2169,2.3400,0.1495,-1
KHAPRETA_510206,312317.860,2624154.200,130.3100,0.1919,2.1100,0.1348,-1
KHAPRETA_510206,312318.860,2624154.200,130.1600,0.2686,2.2600,0.1444,-1
KHAPRETA_510206,312321.860,2624154.200,130.3500,0.3848,2.0700,0.1323,-1
KHAPRETA_510206,312322.860,2624154.200,130.3400,0.2869,2.0800,0.1329,-1
KHAPRETA_510206,312329.860,2624154.200,130.1900,0.0000,2.2300,0.1425,-1
KHAPRETA_510206,312340.860,2624154.200,130.3500,0.0000,2.0700,0.1323,-1
KHAPRETA_510206,312347.860,2624154.200,130.4400,0.0000,1.9800,0.1265,-1
KHAPRETA_510206,312353.860,2624154.200,130.5000,0.0000,1.9200,0.1227,-1
KHAPRETA_510206,312357.860,2624154.200,130.5100,0.0000,1.9100,0.1220,-1
KHAPRETA_510206,312366.860,2624154.200,130.5400,0.0000,1.8800,0.1201,-1
KHAPRETA_510206,312370.860,2624154.200,130.3200,0.0250,2.1000,0.1342,-1
KHAPRETA_510206,312372.860,2624154.200,130.5500,0.0050,1.8700,0.1195,-1
KHAPRETA_510206,312376.860,2624154.200,130.5300,0.0000,1.8900,0.1208,-1
KHAPRETA_510206,312382.860,2624154.200,130.5600,0.4019,1.8600,0.1188,-1
KHAPRETA_510206,312385.860,2624154.200,130.6000,0.4769,1.8200,0.1163,-1
KHAPRETA_510206,312386.860,2624154.200,130.7300,0.4119,1.6900,0.1080,-1
KHAPRETA_510206,312388.860,2624154.200,130.6500,0.6285,1.7700,0.1131,-1
KHAPRETA_510206,312389.860,2624154.200,130.6700,0.4369,1.7500,0.1118,-1
KHAPRETA_510206,312394.860,2624154.200,130.7500,0.4519,1.6700,0.1067,-1
KHAPRETA_510206,312395.860,2624154.200,130.6800,0.6678,1.7400,0.1112,-1
KHAPRETA_510206,312397.860,2624154.200,130.7900,0.0200,1.6300,0.1042,-1
KHAPRETA_510206,312400.860,2624154.200,130.7400,0.0000,1.6800,0.1073,-1
KHAPRETA_510206,312404.860,2624154.200,130.7800,0.0000,1.6400,0.1048,-1
KHAPRETA_510206,312407.860,2624154.200,130.8100,0.0000,1.6100,0.1029,-1
KHAPRETA_510206,312409.860,2624154.200,130.8700,0.0100,1.5500,0.0990,-1
KHAPRETA_510206,312411.860,2624154.200,130.8100,0.0000,1.6100,0.1029,-1
KHAPRETA_510206,312420.860,2624154.200,131.0100,0.5669,1.4100,0.0901,-1
KHAPRETA_510206,312427.860,2624154.200,131.9100,0.5919,0.5100,0.0326,-1
KHAPRETA_510206,312438.860,2624154.200,131.4100,0.7369,1.0100,0.0645,-1
KHAPRETA_510206,312440.860,2624154.200,131.2200,0.7619,1.2000,0.0767,-1
KHAPRETA_510206,312450.860,2624154.200,131.9400,1.0369,0.4800,0.0307,-1
KHAPRETA_510206,312452.860,2624154.200,132.0300,1.0769,0.3900,0.0249,-1
KHAPRETA_510206,312455.860,2624154.200,132.0000,0.0000,0.4200,0.0268,-1
KHAPRETA_510206,312462.860,2624154.200,132.0800,0.0000,0.3400,0.0217,-1
KHAPRETA_510206,312464.860,2624154.200,132.0800,1.1970,0.3400,0.0217,-1
KHAPRETA_510206,312465.860,2624154.200,132.1700,1.1519,0.2500,0.0160,-1
KHAPRETA_510206,312467.860,2624154.200,131.6900,1.0519,0.7300,0.0466,-1
KHAPRETA_510206,312469.860,2624154.200,131.6700,0.0000,0.7500,0.0479,-1
KHAPRETA_510206,312471.860,2624154.200,130.9500,0.0000,1.4700,0.0939,-1
KHAPRETA_510206,312479.860,2624154.200,131.4900,0.8369,0.9300,0.0594,-1
KHAPRETA_510206,312480.860,2624154.200,131.4500,0.8569,0.9700,0.0620,-1
KHAPRETA_510206,312482.860,2624154.200,131.4100,0.0000,1.0100,0.0645,-1
KHAPRETA_510206,312502.860,2624154.200,130.8700,0.4719,1.5500,0.0990,-1
KHAPRETA_510206,312503.860,2624154.200,130.7200,0.5469,1.7000,0.1086,-1
KHAPRETA_510206,312506.860,2624154.200,130.7200,0.0000,1.7000,0.1086,-1
KHAPRETA_510206,312511.860,2624154.200,130.8700,0.5119,1.5500,0.0990,-1
KHAPRETA_510206,312514.860,2624154.200,130.9600,0.8552,1.4600,0.0933,-1
KHAPRETA_510206,312515.860,2624154.200,131.0200,0.0050,1.4000,0.0895,-1
KHAPRETA_510206,312516.860,2624154.200,130.9700,0.0602,1.4500,0.0927,-1
KHAPRETA_510206,312517.860,2624154.200,131.1400,0.9101,1.2800,0.0818,-1
KHAPRETA_510206,312009.860,2624155.200,123.9200,0.9000,8.5000,0.5431,-1
KHAPRETA_510206,312045.860,2624155.200,125.6000,2.0931,6.8200,0.4358,-1
KHAPRETA_510206,312046.860,2624155.200,125.5900,2.1024,6.8300,0.4364,-1
KHAPRETA_510206,312051.860,2624155.200,125.8300,0.0000,6.5900,0.4211,-1
KHAPRETA_510206,312056.860,2624155.200,125.9700,0.0450,6.4500,0.4121,-1
KHAPRETA_510206,312071.860,2624155.200,126.9200,0.0000,5.5000,0.3514,-1
KHAPRETA_510206,312075.860,2624155.200,127.0200,0.0000,5.4000,0.3450,-1
KHAPRETA_510206,312079.860,2624155.200,127.2300,0.1700,5.1900,0.3316,-1
KHAPRETA_510206,312081.860,2624155.200,127.0500,1.2631,5.3700,0.3431,-1
KHAPRETA_510206,312085.860,2624155.200,127.1800,0.0000,5.2400,0.3348,-1
KHAPRETA_510206,312087.860,2624155.200,127.1800,1.2681,5.2400,0.3348,-1
KHAPRETA_510206,312089.860,2624155.200,127.3300,1.3131,5.0900,0.3252,-1
KHAPRETA_510206,312096.860,2624155.200,127.7800,0.0850,4.6400,0.2965,-1
KHAPRETA_510206,312100.860,2624155.200,127.6000,0.1150,4.8200,0.3080,-1
KHAPRETA_510206,312107.860,2624155.200,127.7600,0.8781,4.6600,0.2978,-1
KHAPRETA_510206,312114.860,2624155.200,127.9100,0.8131,4.5100,0.2882,-1
KHAPRETA_510206,312117.860,2624155.200,128.0200,0.0750,4.4000,0.2811,-1
KHAPRETA_510206,312121.860,2624155.200,128.0300,0.8981,4.3900,0.2805,-1
KHAPRETA_510206,312122.860,2624155.200,127.9800,1.2382,4.4400,0.2837,-1
KHAPRETA_510206,312124.860,2624155.200,128.2900,0.7209,4.1300,0.2639,-1
KHAPRETA_510206,312125.860,2624155.200,128.3800,0.7431,4.0400,0.2581,-1
KHAPRETA_510206,312163.860,2624155.200,130.3900,0.0000,2.0300,0.1297,-1
KHAPRETA_510206,312167.860,2624155.200,129.0600,1.1469,3.3600,0.2147,-1
KHAPRETA_510206,312168.860,2624155.200,132.0700,1.0674,0.3500,0.0224,-1
KHAPRETA_510206,312169.860,2624155.200,131.1200,1.1469,1.3000,0.0831,-1
KHAPRETA_510206,312172.860,2624155.200,129.0800,0.2781,3.3400,0.2134,-1
KHAPRETA_510206,312178.860,2624155.200,129.1500,0.3594,3.2700,0.2089,-1
KHAPRETA_510206,312179.860,2624155.200,129.3600,0.4288,3.0600,0.1955,-1
KHAPRETA_510206,312184.860,2624155.200,129.3200,0.3231,3.1000,0.1981,-1
KHAPRETA_510206,312193.860,2624155.200,129.3400,0.2581,3.0800,0.1968,-1
KHAPRETA_510206,312194.860,2624155.200,129.2600,0.2181,3.1600,0.2019,-1
KHAPRETA_510206,312199.860,2624155.200,129.0200,0.0000,3.4000,0.2173,-1
KHAPRETA_510206,312213.860,2624155.200,129.5300,0.0000,2.8900,0.1847,-1
KHAPRETA_510206,312215.860,2624155.200,129.7500,0.0081,2.6700,0.1706,-1
KHAPRETA_510206,312216.860,2624155.200,129.7600,0.0131,2.6600,0.1700,-1
KHAPRETA_510206,312224.860,2624155.200,129.6700,0.0831,2.7500,0.1757,-1
KHAPRETA_510206,312227.860,2624155.200,129.4800,0.0000,2.9400,0.1879,-1
KHAPRETA_510206,312234.860,2624155.200,129.7900,0.0457,2.6300,0.1681,-1
KHAPRETA_510206,312235.860,2624155.200,129.8500,0.0376,2.5700,0.1642,-1
KHAPRETA_510206,312237.860,2624155.200,129.7400,0.0000,2.6800,0.1712,-1
KHAPRETA_510206,312244.860,2624155.200,129.9500,0.0000,2.4700,0.1578,-1
KHAPRETA_510206,312246.860,2624155.200,129.8500,0.3055,2.5700,0.1642,-1
KHAPRETA_510206,312247.860,2624155.200,130.2200,0.2736,2.2000,0.1406,-1
KHAPRETA_510206,312248.860,2624155.200,130.1700,0.2777,2.2500,0.1438,-1
KHAPRETA_510206,312251.860,2624155.200,130.1400,0.0000,2.2800,0.1457,-1
KHAPRETA_510206,312253.860,2624155.200,130.0900,0.1819,2.3300,0.1489,-1
KHAPRETA_510206,312254.860,2624155.200,130.1400,0.2365,2.2800,0.1457,-1
KHAPRETA_510206,312256.860,2624155.200,130.1800,0.1869,2.2400,0.1431,-1
KHAPRETA_510206,312257.860,2624155.200,130.1500,0.2927,2.2700,0.1450,-1
KHAPRETA_510206,312261.860,2624155.200,130.1800,0.0000,2.2400,0.1431,-1
KHAPRETA_510206,312269.860,2624155.200,130.1300,0.1869,2.2900,0.1463,-1
KHAPRETA_510206,312271.860,2624155.200,130.0000,0.0000,2.4200,0.1546,-1
KHAPRETA_510206,312274.860,2624155.200,130.1700,0.2169,2.2500,0.1438,-1
KHAPRETA_510206,312277.860,2624155.200,130.1900,0.1844,2.2300,0.1425,-1
KHAPRETA_510206,312278.860,2624155.200,130.1400,0.2659,2.2800,0.1457,-1
KHAPRETA_510206,312283.860,2624155.200,129.7900,0.0000,2.6300,0.1681,-1
KHAPRETA_510206,312285.860,2624155.200,129.8600,0.0300,2.5600,0.1636,-1
KHAPRETA_510206,312287.860,2624155.200,130.1500,0.0000,2.2700,0.1450,-1
KHAPRETA_510206,312289.860,2624155.200,130.1700,0.0750,2.2500,0.1438,-1
KHAPRETA_510206,312294.860,2624155.200,130.1900,0.0000,2.2300,0.1425,-1
KHAPRETA_510206,312297.860,2624155.200,130.2300,0.2269,2.1900,0.1399,-1
KHAPRETA_510206,312298.860,2624155.200,130.2300,0.2530,2.1900,0.1399,-1
KHAPRETA_510206,312301.860,2624155.200,130.2800,0.0000,2.1400,0.1367,-1
KHAPRETA_510206,312304.860,2624155.200,130.2800,0.1719,2.1400,0.1367,-1
KHAPRETA_510206,312312.860,2624155.200,130.3300,0.2169,2.0900,0.1335,-1
KHAPRETA_510206,312314.860,2624155.200,130.0600,0.2169,2.3600,0.1508,-1
KHAPRETA_510206,312316.860,2624155.200,130.2500,0.2169,2.1700,0.1387,-1
KHAPRETA_510206,312318.860,2624155.200,130.3200,0.0750,2.1000,0.1342,-1
KHAPRETA_510206,312320.860,2624155.200,130.3700,0.0000,2.0500,0.1310,-1
KHAPRETA_510206,312324.860,2624155.200,130.2400,0.0000,2.1800,0.1393,-1
KHAPRETA_510206,312326.860,2624155.200,130.1800,0.0000,2.2400,0.1431,-1
KHAPRETA_510206,312330.860,2624155.200,130.2900,0.0000,2.1300,0.1361,-1
KHAPRETA_510206,312332.860,2624155.200,130.3500,0.2819,2.0700,0.1323,-1
KHAPRETA_510206,312333.860,2624155.200,130.3400,0.2869,2.0800,0.1329,-1
KHAPRETA_510206,312339.860,2624155.200,130.2700,0.0000,2.1500,0.1374,-1
KHAPRETA_510206,312345.860,2624155.200,130.3300,0.0000,2.0900,0.1335,-1
KHAPRETA_510206,312348.860,2624155.200,130.3000,0.0000,2.1200,0.1355,-1
KHAPRETA_510206,312351.860,2624155.200,130.4600,0.3319,1.9600,0.1252,-1
KHAPRETA_510206,312352.860,2624155.200,130.4400,0.3419,1.9800,0.1265,-1
KHAPRETA_510206,312364.860,2624155.200,130.6000,0.0000,1.8200,0.1163,-1
KHAPRETA_510206,312370.860,2624155.200,130.2100,0.2719,2.2100,0.1412,-1
KHAPRETA_510206,312372.860,2624155.200,130.5800,0.5333,1.8400,0.1176,-1
KHAPRETA_510206,312373.860,2624155.200,130.5100,0.4019,1.9100,0.1220,-1
KHAPRETA_510206,312375.860,2624155.200,130.5200,0.0000,1.9000,0.1214,-1
KHAPRETA_510206,312382.860,2624155.200,130.5800,0.3919,1.8400,0.1176,-1
KHAPRETA_510206,312395.860,2624155.200,130.6900,0.4922,1.7300,0.1105,-1
KHAPRETA_510206,312396.860,2624155.200,130.7600,0.0150,1.6600,0.1061,-1
KHAPRETA_510206,312397.860,2624155.200,130.7200,0.5072,1.7000,0.1086,-1
KHAPRETA_510206,312398.860,2624155.200,130.7300,0.0050,1.6900,0.1080,-1
KHAPRETA_510206,312399.860,2624155.200,130.7300,0.4769,1.6900,0.1080,-1
KHAPRETA_510206,312401.860,2624155.200,130.7200,0.4819,1.7000,0.1086,-1
KHAPRETA_510206,312402.860,2624155.200,130.7400,0.5070,1.6800,0.1073,-1
KHAPRETA_510206,312403.860,2624155.200,130.7400,0.6851,1.6800,0.1073,-1
KHAPRETA_510206,312408.860,2624155.200,130.7900,0.4969,1.6300,0.1042,-1
KHAPRETA_510206,312409.860,2624155.200,130.7700,0.7457,1.6500,0.1054,-1
KHAPRETA_510206,312417.860,2624155.200,130.8800,0.5469,1.5400,0.0984,-1
KHAPRETA_510206,312418.860,2624155.200,130.8700,0.5519,1.5500,0.0990,-1
KHAPRETA_510206,312420.860,2624155.200,130.9100,0.6169,1.5100,0.0965,-1
KHAPRETA_510206,312437.860,2624155.200,131.9800,0.0000,0.4400,0.0281,-1
KHAPRETA_510206,312445.860,2624155.200,131.5600,0.0000,0.8600,0.0550,-1
KHAPRETA_510206,312450.860,2624155.200,131.8500,1.0819,0.5700,0.0364,-1
KHAPRETA_510206,312464.860,2624155.200,132.0700,1.1519,0.3500,0.0224,-1
KHAPRETA_510206,312467.860,2624155.200,131.8800,0.9569,0.5400,0.0345,-1
KHAPRETA_510206,312470.860,2624155.200,131.4100,0.0000,1.0100,0.0645,-1
KHAPRETA_510206,312484.860,2624155.200,131.0000,0.8269,1.4200,0.0907,-1
KHAPRETA_510206,312509.860,2624155.200,130.8400,0.5869,1.5800,0.1010,-1
KHAPRETA_510206,312510.860,2624155.200,130.9500,0.7774,1.4700,0.0939,-1
KHAPRETA_510206,312514.860,2624155.200,130.9500,0.5919,1.4700,0.0939,-1
KHAPRETA_510206,312516.860,2624155.200,131.0600,0.9101,1.3600,0.0869,-1
KHAPRETA_510206,312517.860,2624155.200,131.1500,0.9365,1.2700,0.0812,-1
KHAPRETA_510206,312009.860,2624156.200,125.5900,2.9281,6.8300,0.4364,-1
KHAPRETA_510206,312011.860,2624156.200,124.0200,0.0000,8.4000,0.5367,-1
KHAPRETA_510206,312044.860,2624156.200,126.6500,0.0000,5.7700,0.3687,-1
KHAPRETA_510206,312046.860,2624156.200,125.5400,2.0931,6.8800,0.4396,-1
KHAPRETA_510206,312053.860,2624156.200,125.9700,0.0000,6.4500,0.4121,-1
KHAPRETA_510206,312055.860,2624156.200,126.0600,1.8981,6.3600,0.4064,-1
KHAPRETA_510206,312056.860,2624156.200,125.9800,2.6597,6.4400,0.4115,-1
KHAPRETA_510206,312059.860,2624156.200,125.9700,2.5502,6.4500,0.4121,-1
KHAPRETA_510206,312060.860,2624156.200,126.1200,1.9031,6.3000,0.4026,-1
KHAPRETA_510206,312068.860,2624156.200,126.9100,1.4931,5.5100,0.3521,-1
KHAPRETA_510206,312072.860,2624156.200,127.0300,1.3231,5.3900,0.3444,-1
KHAPRETA_510206,312077.860,2624156.200,127.1800,0.0000,5.2400,0.3348,-1
KHAPRETA_510206,312079.860,2624156.200,127.2000,1.2731,5.2200,0.3335,-1
KHAPRETA_510206,312095.860,2624156.200,127.7800,1.3126,4.6400,0.2965,-1
KHAPRETA_510206,312096.860,2624156.200,127.9500,1.4115,4.4700,0.2856,-1
KHAPRETA_510206,312100.860,2624156.200,127.6200,1.0881,4.8000,0.3067,-1
KHAPRETA_510206,312112.860,2624156.200,127.9600,0.8831,4.4600,0.2850,-1
KHAPRETA_510206,312114.860,2624156.200,128.1500,0.2100,4.2700,0.2728,-1
KHAPRETA_510206,312117.860,2624156.200,128.2300,0.8781,4.1900,0.2677,-1
KHAPRETA_510206,312120.860,2624156.200,127.8600,0.0000,4.5600,0.2914,-1
KHAPRETA_510206,312123.860,2624156.200,128.2000,1.1994,4.2200,0.2696,-1
KHAPRETA_510206,312124.860,2624156.200,128.0700,1.0831,4.3500,0.2780,-1
KHAPRETA_510206,312126.860,2624156.200,128.4400,0.9593,3.9800,0.2543,-1
KHAPRETA_510206,312127.860,2624156.200,128.4600,0.6681,3.9600,0.2530,-1
KHAPRETA_510206,312132.860,2624156.200,128.3800,0.7031,4.0400,0.2581,-1
KHAPRETA_510206,312135.860,2624156.200,128.4300,0.0000,3.9900,0.2550,-1
KHAPRETA_510206,312143.860,2624156.200,128.4200,0.0000,4.0000,0.2556,-1
KHAPRETA_510206,312149.860,2624156.200,128.4400,0.5631,3.9800,0.2543,-1
KHAPRETA_510206,312164.860,2624156.200,129.8400,0.4781,2.5800,0.1649,-1
KHAPRETA_510206,312168.860,2624156.200,128.8500,1.1469,3.5700,0.2281,-1
KHAPRETA_510206,312171.860,2624156.200,129.0400,0.2781,3.3800,0.2160,-1
KHAPRETA_510206,312172.860,2624156.200,129.2200,0.5066,3.2000,0.2045,-1
KHAPRETA_510206,312176.860,2624156.200,129.0700,0.3481,3.3500,0.2141,-1
KHAPRETA_510206,312177.860,2624156.200,129.0800,0.0600,3.3400,0.2134,-1
KHAPRETA_510206,312178.860,2624156.200,129.1900,0.0778,3.2300,0.2064,-1
KHAPRETA_510206,312179.860,2624156.200,129.1900,0.2195,3.2300,0.2064,-1
KHAPRETA_510206,312180.860,2624156.200,129.3300,0.2785,3.0900,0.1974,-1
KHAPRETA_510206,312181.860,2624156.200,129.3000,0.2231,3.1200,0.1994,-1
KHAPRETA_510206,312184.860,2624156.200,129.1300,0.1300,3.2900,0.2102,-1
KHAPRETA_510206,312187.860,2624156.200,129.0700,0.0000,3.3500,0.2141,-1
KHAPRETA_510206,312192.860,2624156.200,129.2700,0.3131,3.1500,0.2013,-1
KHAPRETA_510206,312195.860,2624156.200,129.1200,0.3131,3.3000,0.2109,-1
KHAPRETA_510206,312200.860,2624156.200,129.2400,0.2331,3.1800,0.2032,-1
KHAPRETA_510206,312201.860,2624156.200,129.3100,0.4009,3.1100,0.1987,-1
KHAPRETA_510206,312207.860,2624156.200,129.6700,0.0881,2.7500,0.1757,-1
KHAPRETA_510206,312208.860,2624156.200,129.6000,0.0567,2.8200,0.1802,-1
KHAPRETA_510206,312209.860,2624156.200,129.7100,0.0881,2.7100,0.1732,-1
KHAPRETA_510206,312219.860,2624156.200,129.7800,0.0000,2.6400,0.1687,-1
KHAPRETA_510206,312229.860,2624156.200,129.7400,0.0000,2.6800,0.1712,-1
KHAPRETA_510206,312232.860,2624156.200,129.9100,0.0000,2.5100,0.1604,-1
KHAPRETA_510206,312234.860,2624156.200,129.8300,0.0069,2.5900,0.1655,-1
KHAPRETA_510206,312236.860,2624156.200,130.0200,0.0281,2.4000,0.1534,-1
KHAPRETA_510206,312239.860,2624156.200,129.9800,0.0969,2.4400,0.1559,-1
KHAPRETA_510206,312240.860,2624156.200,129.9700,0.1019,2.4500,0.1565,-1
KHAPRETA_510206,312245.860,2624156.200,129.9300,0.0281,2.4900,0.1591,-1
KHAPRETA_510206,312246.860,2624156.200,129.7200,0.0853,2.7000,0.1725,-1
KHAPRETA_510206,312248.860,2624156.200,130.1100,0.1969,2.3100,0.1476,-1
KHAPRETA_510206,312252.860,2624156.200,130.0600,0.1569,2.3600,0.1508,-1
KHAPRETA_510206,312254.860,2624156.200,130.1300,0.1819,2.2900,0.1463,-1
KHAPRETA_510206,312257.860,2624156.200,130.2000,0.2715,2.2200,0.1419,-1
KHAPRETA_510206,312258.860,2624156.200,130.1700,0.2119,2.2500,0.1438,-1
KHAPRETA_510206,312263.860,2624156.200,129.9900,0.0000,2.4300,0.1553,-1
KHAPRETA_510206,312269.860,2624156.200,130.1500,0.2723,2.2700,0.1450,-1
KHAPRETA_510206,312270.860,2624156.200,130.1900,0.1869,2.2300,0.1425,-1
KHAPRETA_510206,312275.860,2624156.200,130.1500,0.1969,2.2700,0.1450,-1
KHAPRETA_510206,312277.860,2624156.200,130.2000,0.2069,2.2200,0.1419,-1
KHAPRETA_510206,312280.860,2624156.200,130.0900,0.1469,2.3300,0.1489,-1
KHAPRETA_510206,312281.860,2624156.200,130.0700,0.1569,2.3500,0.1502,-1
KHAPRETA_510206,312285.860,2624156.200,130.0700,0.0419,2.3500,0.1502,-1
KHAPRETA_510206,312288.860,2624156.200,130.0800,0.2366,2.3400,0.1495,-1
KHAPRETA_510206,312289.860,2624156.200,130.2300,0.2059,2.1900,0.1399,-1
KHAPRETA_510206,312290.860,2624156.200,129.9600,0.2402,2.4600,0.1572,-1
KHAPRETA_510206,312291.860,2624156.200,129.9700,0.0919,2.4500,0.1565,-1
KHAPRETA_510206,312298.860,2624156.200,130.0000,0.2269,2.4200,0.1546,-1
KHAPRETA_510206,312309.860,2624156.200,130.2700,0.0000,2.1500,0.1374,-1
KHAPRETA_510206,312312.860,2624156.200,130.2100,0.3988,2.2100,0.1412,-1
KHAPRETA_510206,312313.860,2624156.200,130.3500,0.2169,2.0700,0.1323,-1
KHAPRETA_510206,312316.860,2624156.200,130.2100,0.3179,2.2100,0.1412,-1
KHAPRETA_510206,312317.860,2624156.200,130.2000,0.0500,2.2200,0.1419,-1
KHAPRETA_510206,312318.860,2624156.200,130.3100,0.3448,2.1100,0.1348,-1
KHAPRETA_510206,312340.860,2624156.200,130.3700,0.2869,2.0500,0.1310,-1
KHAPRETA_510206,312343.860,2624156.200,130.4000,0.0000,2.0200,0.1291,-1
KHAPRETA_510206,312350.860,2624156.200,130.3500,0.0000,2.0700,0.1323,-1
KHAPRETA_510206,312357.860,2624156.200,130.4400,0.3869,1.9800,0.1265,-1
KHAPRETA_510206,312359.860,2624156.200,130.5400,0.0000,1.8800,0.1201,-1
KHAPRETA_510206,312362.860,2624156.200,130.5400,0.0000,1.8800,0.1201,-1
KHAPRETA_510206,312368.860,2624156.200,130.5300,0.3269,1.8900,0.1208,-1
KHAPRETA_510206,312381.860,2624156.200,130.5800,0.0000,1.8400,0.1176,-1
KHAPRETA_510206,312386.860,2624156.200,130.6200,0.0000,1.8000,0.1150,-1
KHAPRETA_510206,312390.860,2624156.200,130.6700,0.4819,1.7500,0.1118,-1
KHAPRETA_510206,312391.860,2624156.200,130.7400,0.0000,1.6800,0.1073,-1
KHAPRETA_510206,312392.860,2624156.200,130.6700,0.4819,1.7500,0.1118,-1
KHAPRETA_510206,312395.860,2624156.200,130.7100,0.4569,1.7100,0.1093,-1
KHAPRETA_510206,312402.860,2624156.200,130.7900,0.6851,1.6300,0.1042,-1
KHAPRETA_510206,312403.860,2624156.200,130.7500,0.6995,1.6700,0.1067,-1
KHAPRETA_510206,312405.860,2624156.200,130.8200,0.5269,1.6000,0.1022,-1
KHAPRETA_510206,312406.860,2624156.200,130.8300,0.5126,1.5900,0.1016,-1
KHAPRETA_510206,312407.860,2624156.200,130.7700,0.7382,1.6500,0.1054,-1
KHAPRETA_510206,312414.860,2624156.200,130.9700,0.0000,1.4500,0.0927,-1
KHAPRETA_510206,312421.860,2624156.200,131.0000,0.5919,1.4200,0.0907,-1
KHAPRETA_510206,312422.860,2624156.200,130.9600,0.2250,1.4600,0.0933,-1
KHAPRETA_510206,312423.860,2624156.200,131.4500,0.6500,0.9700,0.0620,-1
KHAPRETA_510206,312424.860,2624156.200,132.2600,0.8369,0.1600,0.0102,-1
KHAPRETA_510206,312440.860,2624156.200,131.2000,0.7269,1.2200,0.0780,-1
KHAPRETA_510206,312441.860,2624156.200,131.2300,1.0874,1.1900,0.0760,-1
KHAPRETA_510206,312444.860,2624156.200,131.6700,0.0000,0.7500,0.0479,-1
KHAPRETA_510206,312452.860,2624156.200,131.9200,0.0000,0.5000,0.0319,-1
KHAPRETA_510206,312454.860,2624156.200,131.8800,1.0619,0.5400,0.0345,-1
KHAPRETA_510206,312463.860,2624156.200,132.0400,0.9519,0.3800,0.0243,-1
KHAPRETA_510206,312466.860,2624156.200,131.8800,0.0000,0.5400,0.0345,-1
KHAPRETA_510206,312468.860,2624156.200,131.7700,0.9669,0.6500,0.0415,-1
KHAPRETA_510206,312469.860,2624156.200,131.7100,0.9969,0.7100,0.0454,-1
KHAPRETA_510206,312471.860,2624156.200,131.1800,0.0000,1.2400,0.0792,-1
KHAPRETA_510206,312477.860,2624156.200,131.4300,0.9119,0.9900,0.0633,-1
KHAPRETA_510206,312478.860,2624156.200,131.6000,1.2385,0.8200,0.0524,-1
KHAPRETA_510206,312484.860,2624156.200,131.4300,1.0207,0.9900,0.0633,-1
KHAPRETA_510206,312485.860,2624156.200,131.4100,0.8269,1.0100,0.0645,-1
KHAPRETA_510206,312502.860,2624156.200,130.7500,0.0000,1.6700,0.1067,-1
KHAPRETA_510206,312504.860,2624156.200,130.7600,0.0000,1.6600,0.1061,-1
KHAPRETA_510206,312507.860,2624156.200,131.0800,0.6169,1.3400,0.0856,-1
KHAPRETA_510206,312510.860,2624156.200,130.9100,0.5869,1.5100,0.0965,-1
KHAPRETA_510206,312518.860,2624156.200,131.1400,0.0000,1.2800,0.0818,-1
KHAPRETA_510206,312007.860,2624157.200,126.2000,1.8631,6.2200,0.3974,-1
KHAPRETA_510206,312008.860,2624157.200,126.0500,1.7881,6.3700,0.4070,-1
KHAPRETA_510206,312014.860,2624157.200,123.9900,2.9481,8.4300,0.5387,-1
KHAPRETA_510206,312021.860,2624157.200,123.4300,0.0000,8.9900,0.5744,-1
KHAPRETA_510206,312031.860,2624157.200,129.1000,2.2631,3.3200,0.2121,-1
KHAPRETA_510206,312054.860,2624157.200,126.0800,0.0000,6.3400,0.4051,-1
KHAPRETA_510206,312059.860,2624157.200,126.2200,1.9031,6.2000,0.3962,-1
KHAPRETA_510206,312064.860,2624157.200,126.3400,1.5931,6.0800,0.3885,-1
KHAPRETA_510206,312065.860,2624157.200,126.5900,1.7181,5.8300,0.3725,-1
KHAPRETA_510206,312067.860,2624157.200,126.8300,1.4931,5.5900,0.3572,-1
KHAPRETA_510206,312068.860,2624157.200,126.7900,1.4741,5.6300,0.3597,-1
KHAPRETA_510206,312070.860,2624157.200,126.9800,0.0000,5.4400,0.3476,-1
KHAPRETA_510206,312072.860,2624157.200,127.1300,0.0250,5.2900,0.3380,-1
KHAPRETA_510206,312078.860,2624157.200,127.1300,0.0000,5.2900,0.3380,-1
KHAPRETA_510206,312085.860,2624157.200,127.2200,1.8230,5.2000,0.3323,-1
KHAPRETA_510206,312086.860,2624157.200,127.3000,1.2781,5.1200,0.3272,-1
KHAPRETA_510206,312088.860,2624157.200,127.9500,0.0000,4.4700,0.2856,-1
KHAPRETA_510206,312095.860,2624157.200,127.8900,0.9981,4.5300,0.2895,-1
KHAPRETA_510206,312105.860,2624157.200,128.0600,0.0000,4.3600,0.2786,-1
KHAPRETA_510206,312108.860,2624157.200,127.9100,0.8681,4.5100,0.2882,-1
KHAPRETA_510206,312109.860,2624157.200,128.0400,0.9331,4.3800,0.2799,-1
KHAPRETA_510206,312112.860,2624157.200,128.0100,1.3642,4.4100,0.2818,-1
KHAPRETA_510206,312113.860,2624157.200,127.7400,0.1600,4.6800,0.2990,-1
KHAPRETA_510206,312114.860,2624157.200,128.3300,1.0201,4.0900,0.2613,-1
KHAPRETA_510206,312119.860,2624157.200,128.0800,0.0000,4.3400,0.2773,-1
KHAPRETA_510206,312121.860,2624157.200,127.8800,0.0000,4.5400,0.2901,-1
KHAPRETA_510206,312123.860,2624157.200,128.0900,0.7881,4.3300,0.2767,-1
KHAPRETA_510206,312126.860,2624157.200,128.3800,0.6681,4.0400,0.2581,-1
KHAPRETA_510206,312128.860,2624157.200,128.4400,0.4281,3.9800,0.2543,-1
KHAPRETA_510206,312129.860,2624157.200,128.9200,0.0250,3.5000,0.2236,-1
KHAPRETA_510206,312130.860,2624157.200,128.3900,0.4281,4.0300,0.2575,-1
KHAPRETA_510206,312132.860,2624157.200,128.3700,0.9697,4.0500,0.2588,-1
KHAPRETA_510206,312133.860,2624157.200,128.4300,0.7031,3.9900,0.2550,-1
KHAPRETA_510206,312146.860,2624157.200,128.4300,0.5331,3.9900,0.2550,-1
KHAPRETA_510206,312147.860,2624157.200,128.7100,0.6731,3.7100,0.2371,-1
KHAPRETA_510206,312149.860,2624157.200,128.6500,0.1250,3.7700,0.2409,-1
KHAPRETA_510206,312155.860,2624157.200,128.7700,0.0000,3.6500,0.2332,-1
KHAPRETA_510206,312157.860,2624157.200,128.7600,0.5081,3.6600,0.2339,-1
KHAPRETA_510206,312161.860,2624157.200,128.7800,0.4881,3.6400,0.2326,-1
KHAPRETA_510206,312163.860,2624157.200,128.2600,0.4781,4.1600,0.2658,-1
KHAPRETA_510206,312164.860,2624157.200,128.8200,0.7587,3.6000,0.2300,-1
KHAPRETA_510206,312175.860,2624157.200,129.0300,0.0000,3.3900,0.2166,-1
KHAPRETA_510206,312178.860,2624157.200,129.2600,0.2931,3.1600,0.2019,-1
KHAPRETA_510206,312180.860,2624157.200,129.2300,0.2231,3.1900,0.2038,-1
KHAPRETA_510206,312183.860,2624157.200,129.1500,0.4443,3.2700,0.2089,-1
KHAPRETA_510206,312184.860,2624157.200,129.0600,0.3262,3.3600,0.2147,-1
KHAPRETA_510206,312185.860,2624157.200,129.2400,0.4691,3.1800,0.2032,-1
KHAPRETA_510206,312189.860,2624157.200,129.2400,0.0000,3.1800,0.2032,-1
KHAPRETA_510206,312192.860,2624157.200,129.1500,0.2531,3.2700,0.2089,-1
KHAPRETA_510206,312195.860,2624157.200,129.1500,0.3281,3.2700,0.2089,-1
KHAPRETA_510206,312201.860,2624157.200,129.1800,0.0650,3.2400,0.2070,-1
KHAPRETA_510206,312204.860,2624157.200,129.5800,0.0931,2.8400,0.1815,-1
KHAPRETA_510206,312206.860,2624157.200,129.6900,0.0000,2.7300,0.1744,-1
KHAPRETA_510206,312208.860,2624157.200,129.6700,0.0881,2.7500,0.1757,-1
KHAPRETA_510206,312225.860,2624157.200,129.2700,0.1681,3.1500,0.2013,-1
KHAPRETA_510206,312228.860,2624157.200,129.4600,0.0000,2.9600,0.1891,-1
KHAPRETA_510206,312231.860,2624157.200,129.8000,0.0000,2.6200,0.1674,-1
KHAPRETA_510206,312236.860,2624157.200,129.7200,0.1527,2.7000,0.1725,-1
KHAPRETA_510206,312237.860,2624157.200,129.9600,0.0281,2.4600,0.1572,-1
KHAPRETA_510206,312244.860,2624157.200,130.0200,0.0000,2.4000,0.1534,-1
KHAPRETA_510206,312247.860,2624157.200,129.8300,0.0669,2.5900,0.1655,-1
KHAPRETA_510206,312252.860,2624157.200,130.0900,0.1419,2.3300,0.1489,-1
KHAPRETA_510206,312261.860,2624157.200,130.2000,0.0000,2.2200,0.1419,-1
KHAPRETA_510206,312268.860,2624157.200,130.2000,0.0000,2.2200,0.1419,-1
KHAPRETA_510206,312272.860,2624157.200,130.2200,0.0000,2.2000,0.1406,-1
KHAPRETA_510206,312275.860,2624157.200,130.1700,0.1869,2.2500,0.1438,-1
KHAPRETA_510206,312282.860,2624157.200,130.2400,0.0000,2.1800,0.1393,-1
KHAPRETA_510206,312287.860,2624157.200,130.1500,0.1706,2.2700,0.1450,-1
KHAPRETA_510206,312288.860,2624157.200,129.9100,0.2409,2.5100,0.1604,-1
KHAPRETA_510206,312290.860,2624157.200,130.1800,0.0919,2.2400,0.1431,-1
KHAPRETA_510206,312296.860,2624157.200,130.0700,0.0000,2.3500,0.1502,-1
KHAPRETA_510206,312301.860,2624157.200,130.0500,0.0000,2.3700,0.1514,-1
KHAPRETA_510206,312304.860,2624157.200,130.2300,0.3067,2.1900,0.1399,-1
KHAPRETA_510206,312305.860,2624157.200,130.1400,0.0350,2.2800,0.1457,-1
KHAPRETA_510206,312306.860,2624157.200,130.3000,0.1819,2.1200,0.1355,-1
KHAPRETA_510206,312308.860,2624157.200,130.1700,0.1569,2.2500,0.1438,-1
KHAPRETA_510206,312310.860,2624157.200,130.0900,0.0000,2.3300,0.1489,-1
KHAPRETA_510206,312315.860,2624157.200,130.2900,0.1869,2.1300,0.1361,-1
KHAPRETA_510206,312326.860,2624157.200,130.3000,0.2269,2.1200,0.1355,-1
KHAPRETA_510206,312327.860,2624157.200,130.2300,0.3704,2.1900,0.1399,-1
KHAPRETA_510206,312333.860,2624157.200,130.3100,0.0000,2.1100,0.1348,-1
KHAPRETA_510206,312335.860,2624157.200,130.3600,0.3069,2.0600,0.1316,-1
KHAPRETA_510206,312337.860,2624157.200,130.2800,0.0000,2.1400,0.1367,-1
KHAPRETA_510206,312340.860,2624157.200,130.3500,0.2969,2.0700,0.1323,-1
KHAPRETA_510206,312346.860,2624157.200,130.3900,0.0000,2.0300,0.1297,-1
KHAPRETA_510206,312354.860,2624157.200,130.4500,0.0000,1.9700,0.1259,-1
KHAPRETA_510206,312356.860,2624157.200,130.5400,0.3869,1.8800,0.1201,-1
KHAPRETA_510206,312357.860,2624157.200,130.5500,0.5060,1.8700,0.1195,-1
KHAPRETA_510206,312361.860,2624157.200,130.5300,0.4169,1.8900,0.1208,-1
KHAPRETA_510206,312368.860,2624157.200,130.4300,0.4648,1.9900,0.1272,-1
KHAPRETA_510206,312369.860,2624157.200,130.3200,0.3269,2.1000,0.1342,-1
KHAPRETA_510206,312373.860,2624157.200,130.5500,0.0000,1.8700,0.1195,-1
KHAPRETA_510206,312380.860,2624157.200,130.5800,0.0000,1.8400,0.1176,-1
KHAPRETA_510206,312385.860,2624157.200,130.6700,0.0000,1.7500,0.1118,-1
KHAPRETA_510206,312396.860,2624157.200,130.7400,0.5319,1.6800,0.1073,-1
KHAPRETA_510206,312400.860,2624157.200,130.7800,0.0000,1.6400,0.1048,-1
KHAPRETA_510206,312406.860,2624157.200,130.8000,0.7382,1.6200,0.1035,-1
KHAPRETA_510206,312407.860,2624157.200,130.8100,0.5123,1.6100,0.1029,-1
KHAPRETA_510206,312410.860,2624157.200,130.8200,0.0000,1.6000,0.1022,-1
KHAPRETA_510206,312418.860,2624157.200,130.9200,0.5919,1.5000,0.0958,-1
KHAPRETA_510206,312419.860,2624157.200,130.9600,0.8159,1.4600,0.0933,-1
KHAPRETA_510206,312437.860,2624157.200,132.4100,0.6619,0.0100,0.0006,-1
KHAPRETA_510206,312438.860,2624157.200,131.1000,1.3169,1.3200,0.0843,-1
KHAPRETA_510206,312441.860,2624157.200,131.4200,0.7269,1.0000,0.0639,-1
KHAPRETA_510206,312454.860,2624157.200,131.9000,1.0519,0.5200,0.0332,-1
KHAPRETA_510206,312463.860,2624157.200,131.6800,1.1319,0.7400,0.0473,-1
KHAPRETA_510206,312478.860,2624157.200,131.6200,0.9119,0.8000,0.0511,-1
KHAPRETA_510206,312483.860,2624157.200,131.4700,0.0000,0.9500,0.0607,-1
KHAPRETA_510206,312507.860,2624157.200,131.0100,0.6329,1.4100,0.0901,-1
KHAPRETA_510206,312508.860,2624157.200,131.0400,0.6169,1.3800,0.0882,-1
KHAPRETA_510206,312515.860,2624157.200,131.4200,0.7819,1.0000,0.0639,-1
KHAPRETA_510206,312014.860,2624158.200,123.8800,3.0578,8.5400,0.5457,-1
KHAPRETA_510206,312015.860,2624158.200,123.9900,4.1165,8.4300,0.5387,-1
KHAPRETA_510206,312017.860,2624158.200,123.8700,0.0000,8.5500,0.5463,-1
KHAPRETA_510206,312023.860,2624158.200,123.9200,0.0000,8.5000,0.5431,-1
KHAPRETA_510206,312031.860,2624158.200,125.2500,0.3381,7.1700,0.4581,-1
KHAPRETA_510206,312066.860,2624158.200,126.6900,1.3731,5.7300,0.3661,-1
KHAPRETA_510206,312068.860,2624158.200,126.8000,2.0318,5.6200,0.3591,-1
KHAPRETA_510206,312069.860,2624158.200,127.0200,2.0281,5.4000,0.3450,-1
KHAPRETA_510206,312072.860,2624158.200,126.9800,1.3231,5.4400,0.3476,-1
KHAPRETA_510206,312084.860,2624158.200,127.1600,1.3381,5.2600,0.3361,-1
KHAPRETA_510206,312085.860,2624158.200,127.1000,1.8288,5.3200,0.3399,-1
KHAPRETA_510206,312089.860,2624158.200,127.8300,0.0000,4.5900,0.2933,-1
KHAPRETA_510206,312091.860,2624158.200,127.8100,1.4016,4.6100,0.2946,-1
KHAPRETA_510206,312092.860,2624158.200,127.7300,0.0400,4.6900,0.2997,-1
KHAPRETA_510206,312093.860,2624158.200,127.7300,1.0231,4.6900,0.2997,-1
KHAPRETA_510206,312098.860,2624158.200,127.7700,0.0000,4.6500,0.2971,-1
KHAPRETA_510206,312100.860,2624158.200,127.9700,0.0000,4.4500,0.2843,-1
KHAPRETA_510206,312110.860,2624158.200,128.0200,0.0000,4.4000,0.2811,-1
KHAPRETA_510206,312114.860,2624158.200,128.0200,0.7231,4.4000,0.2811,-1
KHAPRETA_510206,312122.860,2624158.200,127.9400,0.0000,4.4800,0.2863,-1
KHAPRETA_510206,312125.860,2624158.200,128.1300,0.0000,4.2900,0.2741,-1
KHAPRETA_510206,312127.860,2624158.200,128.4300,0.0000,3.9900,0.2550,-1
KHAPRETA_510206,312131.860,2624158.200,128.5600,0.0000,3.8600,0.2466,-1
KHAPRETA_510206,312135.860,2624158.200,128.1200,0.0000,4.3000,0.2748,-1
KHAPRETA_510206,312138.860,2624158.200,128.6600,0.6931,3.7600,0.2403,-1
KHAPRETA_510206,312139.860,2624158.200,128.3900,0.5581,4.0300,0.2575,-1
KHAPRETA_510206,312143.860,2624158.200,128.2200,0.0000,4.2000,0.2684,-1
KHAPRETA_510206,312149.860,2624158.200,128.6900,0.0400,3.7300,0.2383,-1
KHAPRETA_510206,312152.860,2624158.200,128.7200,0.5381,3.7000,0.2364,-1
KHAPRETA_510206,312153.860,2624158.200,128.7000,0.5281,3.7200,0.2377,-1
KHAPRETA_510206,312157.860,2624158.200,128.7600,0.5081,3.6600,0.2339,-1
KHAPRETA_510206,312159.860,2624158.200,128.7300,0.4731,3.6900,0.2358,-1
KHAPRETA_510206,312160.860,2624158.200,128.8300,0.5093,3.5900,0.2294,-1
KHAPRETA_510206,312161.860,2624158.200,128.8000,0.6869,3.6200,0.2313,-1
KHAPRETA_510206,312165.860,2624158.200,128.8600,0.0000,3.5600,0.2275,-1
KHAPRETA_510206,312179.860,2624158.200,129.2500,0.0000,3.1700,0.2026,-1
KHAPRETA_510206,312183.860,2624158.200,129.2500,0.3131,3.1700,0.2026,-1
KHAPRETA_510206,312185.860,2624158.200,129.1700,0.3972,3.2500,0.2077,-1
KHAPRETA_510206,312186.860,2624158.200,129.1900,0.3031,3.2300,0.2064,-1
KHAPRETA_510206,312188.860,2624158.200,129.1100,0.2781,3.3100,0.2115,-1
KHAPRETA_510206,312190.860,2624158.200,129.3100,0.2681,3.1100,0.1987,-1
KHAPRETA_510206,312191.860,2624158.200,129.2400,0.2331,3.1800,0.2032,-1
KHAPRETA_510206,312194.860,2624158.200,129.0400,0.0000,3.3800,0.2160,-1
KHAPRETA_510206,312201.860,2624158.200,129.4400,0.1400,2.9800,0.1904,-1
KHAPRETA_510206,312204.860,2624158.200,129.5900,0.1020,2.8300,0.1808,-1
KHAPRETA_510206,312205.860,2624158.200,129.7200,0.0931,2.7000,0.1725,-1
KHAPRETA_510206,312213.860,2624158.200,129.6500,0.0331,2.7700,0.1770,-1
KHAPRETA_510206,312214.860,2624158.200,129.7100,0.0712,2.7100,0.1732,-1
KHAPRETA_510206,312218.860,2624158.200,129.6300,0.0381,2.7900,0.1783,-1
KHAPRETA_510206,312219.860,2624158.200,129.7000,0.0802,2.7200,0.1738,-1
KHAPRETA_510206,312221.860,2624158.200,129.7100,0.0000,2.7100,0.1732,-1
KHAPRETA_510206,312225.860,2624158.200,129.4400,0.2752,2.9800,0.1904,-1
KHAPRETA_510206,312226.860,2624158.200,129.5600,0.1681,2.8600,0.1827,-1
KHAPRETA_510206,312229.860,2624158.200,129.5300,0.1562,2.8900,0.1847,-1
KHAPRETA_510206,312230.860,2624158.200,129.6300,0.1231,2.7900,0.1783,-1
KHAPRETA_510206,312234.860,2624158.200,129.7900,0.1119,2.6300,0.1681,-1
KHAPRETA_510206,312235.860,2624158.200,130.0000,0.0069,2.4200,0.1546,-1
KHAPRETA_510206,312240.860,2624158.200,130.0100,0.0000,2.4100,0.1540,-1
KHAPRETA_510206,312247.860,2624158.200,129.9100,0.0269,2.5100,0.1604,-1
KHAPRETA_510206,312249.860,2624158.200,130.1600,0.1769,2.2600,0.1444,-1
KHAPRETA_510206,312253.860,2624158.200,130.2000,0.1919,2.2200,0.1419,-1
KHAPRETA_510206,312260.860,2624158.200,130.1800,0.0000,2.2400,0.1431,-1
KHAPRETA_510206,312267.860,2624158.200,130.0400,0.0000,2.3800,0.1521,-1
KHAPRETA_510206,312278.860,2624158.200,130.2300,0.3280,2.1900,0.1399,-1
KHAPRETA_510206,312279.860,2624158.200,130.2400,0.2269,2.1800,0.1393,-1
KHAPRETA_510206,312281.860,2624158.200,130.1900,0.0000,2.2300,0.1425,-1
KHAPRETA_510206,312283.860,2624158.200,130.2000,0.0000,2.2200,0.1419,-1
KHAPRETA_510206,312287.860,2624158.200,130.0900,0.1869,2.3300,0.1489,-1
KHAPRETA_510206,312293.860,2624158.200,130.2000,0.0000,2.2200,0.1419,-1
KHAPRETA_510206,312299.860,2624158.200,130.0500,0.0000,2.3700,0.1514,-1
KHAPRETA_510206,312304.860,2624158.200,130.2700,0.2269,2.1500,0.1374,-1
KHAPRETA_510206,312308.860,2624158.200,130.0900,0.1969,2.3300,0.1489,-1
KHAPRETA_510206,312315.860,2624158.200,130.1500,0.2569,2.2700,0.1450,-1
KHAPRETA_510206,312317.860,2624158.200,130.2700,0.0000,2.1500,0.1374,-1
KHAPRETA_510206,312322.860,2624158.200,130.3000,0.3990,2.1200,0.1355,-1
KHAPRETA_510206,312323.860,2624158.200,130.3600,0.3277,2.0600,0.1316,-1
KHAPRETA_510206,312327.860,2624158.200,130.3000,0.2269,2.1200,0.1355,-1
KHAPRETA_510206,312330.860,2624158.200,130.3000,0.0000,2.1200,0.1355,-1
KHAPRETA_510206,312334.860,2624158.200,130.3800,0.4306,2.0400,0.1304,-1
KHAPRETA_510206,312335.860,2624158.200,130.3900,0.2935,2.0300,0.1297,-1
KHAPRETA_510206,312336.860,2624158.200,130.3200,0.3069,2.1000,0.1342,-1
KHAPRETA_510206,312350.860,2624158.200,130.4300,0.2719,1.9900,0.1272,-1
KHAPRETA_510206,312355.860,2624158.200,130.5500,0.0000,1.8700,0.1195,-1
KHAPRETA_510206,312358.860,2624158.200,130.5200,0.3869,1.9000,0.1214,-1
KHAPRETA_510206,312361.860,2624158.200,130.6100,0.3769,1.8100,0.1157,-1
KHAPRETA_510206,312365.860,2624158.200,130.6000,0.3819,1.8200,0.1163,-1
KHAPRETA_510206,312366.860,2624158.200,130.5400,0.5517,1.8800,0.1201,-1
KHAPRETA_510206,312371.860,2624158.200,130.3600,0.0000,2.0600,0.1316,-1
KHAPRETA_510206,312379.860,2624158.200,130.5600,0.0000,1.8600,0.1188,-1
KHAPRETA_510206,312381.860,2624158.200,130.6600,0.0000,1.7600,0.1125,-1
KHAPRETA_510206,312384.860,2624158.200,130.6400,0.0000,1.7800,0.1137,-1
KHAPRETA_510206,312390.860,2624158.200,130.6800,0.5069,1.7400,0.1112,-1
KHAPRETA_510206,312392.860,2624158.200,130.7100,0.0000,1.7100,0.1093,-1
KHAPRETA_510206,312396.860,2624158.200,130.8400,0.4720,1.5800,0.1010,-1
KHAPRETA_510206,312397.860,2624158.200,130.7200,0.5032,1.7000,0.1086,-1
KHAPRETA_510206,312398.860,2624158.200,130.7700,0.4719,1.6500,0.1054,-1
KHAPRETA_510206,312407.860,2624158.200,130.8100,0.5169,1.6100,0.1029,-1
KHAPRETA_510206,312413.860,2624158.200,130.8100,0.0000,1.6100,0.1029,-1
KHAPRETA_510206,312416.860,2624158.200,130.8500,0.0000,1.5700,0.1003,-1
KHAPRETA_510206,312419.860,2624158.200,130.9400,1.2377,1.4800,0.0946,-1
KHAPRETA_510206,312420.860,2624158.200,131.9500,0.5819,0.4700,0.0300,-1
KHAPRETA_510206,312452.860,2624158.200,131.9600,0.0000,0.4600,0.0294,-1
KHAPRETA_510206,312455.860,2624158.200,131.9600,0.0000,0.4600,0.0294,-1
KHAPRETA_510206,312462.860,2624158.200,132.0800,0.0000,0.3400,0.0217,-1
KHAPRETA_510206,312466.860,2624158.200,131.8500,1.1019,0.5700,0.0364,-1
KHAPRETA_510206,312467.860,2624158.200,131.9800,1.0369,0.4400,0.0281,-1
KHAPRETA_510206,312480.860,2624158.200,131.5900,0.8769,0.8300,0.0530,-1
KHAPRETA_510206,312485.860,2624158.200,131.4700,0.9169,0.9500,0.0607,-1
KHAPRETA_510206,312506.860,2624158.200,130.9500,0.8939,1.4700,0.0939,-1
KHAPRETA_510206,312507.860,2624158.200,131.0100,0.8515,1.4100,0.0901,-1
KHAPRETA_510206,312515.860,2624158.200,131.3400,1.0491,1.0800,0.0690,-1
KHAPRETA_510206,312516.860,2624158.200,131.0800,1.0085,1.3400,0.0856,-1
KHAPRETA_510206,312519.860,2624158.200,131.1100,0.6969,1.3100,0.0837,-1
KHAPRETA_510206,312014.860,2624159.200,125.9700,4.1165,6.4500,0.4121,-1
KHAPRETA_510206,312015.860,2624159.200,124.0300,3.4629,8.3900,0.5361,-1
KHAPRETA_510206,312019.860,2624159.200,123.8700,2.9731,8.5500,0.5463,-1
KHAPRETA_510206,312020.860,2624159.200,123.8300,0.0000,8.5900,0.5489,-1
KHAPRETA_510206,312021.860,2624159.200,123.8700,2.9731,8.5500,0.5463,-1
KHAPRETA_510206,312055.860,2624159.200,125.7900,0.0000,6.6300,0.4236,-1
KHAPRETA_510206,312058.860,2624159.200,125.9700,0.0000,6.4500,0.4121,-1
KHAPRETA_510206,312063.860,2624159.200,126.4400,0.0000,5.9800,0.3821,-1
KHAPRETA_510206,312065.860,2624159.200,126.4200,1.3731,6.0000,0.3834,-1
KHAPRETA_510206,312066.860,2624159.200,127.0300,1.6827,5.3900,0.3444,-1
KHAPRETA_510206,312069.860,2624159.200,127.0200,1.3781,5.4000,0.3450,-1
KHAPRETA_510206,312074.860,2624159.200,127.0500,1.3331,5.3700,0.3431,-1
KHAPRETA_510206,312075.860,2624159.200,127.1100,1.3631,5.3100,0.3393,-1
KHAPRETA_510206,312091.860,2624159.200,127.8600,0.9831,4.5600,0.2914,-1
KHAPRETA_510206,312108.860,2624159.200,127.9800,0.0000,4.4400,0.2837,-1
KHAPRETA_510206,312117.860,2624159.200,127.8100,0.0000,4.6100,0.2946,-1
KHAPRETA_510206,312123.860,2624159.200,128.4900,0.0000,3.9300,0.2511,-1
KHAPRETA_510206,312126.860,2624159.200,128.2600,0.0000,4.1600,0.2658,-1
KHAPRETA_510206,312137.860,2624159.200,128.1800,0.0000,4.2400,0.2709,-1
KHAPRETA_510206,312144.860,2624159.200,128.5000,0.0000,3.9200,0.2505,-1
KHAPRETA_510206,312146.860,2624159.200,128.7200,0.0000,3.7000,0.2364,-1
KHAPRETA_510206,312149.860,2624159.200,128.7300,0.4933,3.6900,0.2358,-1
KHAPRETA_510206,312150.860,2624159.200,128.7900,0.5231,3.6300,0.2319,-1
KHAPRETA_510206,312155.860,2624159.200,128.7900,0.5281,3.6300,0.2319,-1
KHAPRETA_510206,312160.860,2624159.200,128.7600,0.4731,3.6600,0.2339,-1
KHAPRETA_510206,312162.860,2624159.200,128.7300,0.4731,3.6900,0.2358,-1
KHAPRETA_510206,312168.860,2624159.200,129.0700,0.0000,3.3500,0.2141,-1
KHAPRETA_510206,312172.860,2624159.200,129.1600,0.0000,3.2600,0.2083,-1
KHAPRETA_510206,312187.860,2624159.200,129.0700,0.2781,3.3500,0.2141,-1
KHAPRETA_510206,312188.860,2624159.200,129.2200,0.4854,3.2000,0.2045,-1
KHAPRETA_510206,312197.860,2624159.200,129.2400,0.0000,3.1800,0.2032,-1
KHAPRETA_510206,312199.860,2624159.200,129.1700,0.0000,3.2500,0.2077,-1
KHAPRETA_510206,312201.860,2624159.200,129.4600,0.1681,2.9600,0.1891,-1
KHAPRETA_510206,312206.860,2624159.200,129.5100,0.0000,2.9100,0.1859,-1
KHAPRETA_510206,312210.860,2624159.200,129.6700,0.0000,2.7500,0.1757,-1
KHAPRETA_510206,312212.860,2624159.200,129.6700,0.0000,2.7500,0.1757,-1
KHAPRETA_510206,312214.860,2624159.200,129.7100,0.0331,2.7100,0.1732,-1
KHAPRETA_510206,312217.860,2624159.200,129.7400,0.0000,2.6800,0.1712,-1
KHAPRETA_510206,312219.860,2624159.200,129.7100,0.0381,2.7100,0.1732,-1
KHAPRETA_510206,312224.860,2624159.200,129.5000,0.0000,2.9200,0.1866,-1
KHAPRETA_510206,312229.860,2624159.200,129.5000,0.0300,2.9200,0.1866,-1
KHAPRETA_510206,312233.860,2624159.200,129.9500,0.0969,2.4700,0.1578,-1
KHAPRETA_510206,312239.860,2624159.200,129.9100,0.0000,2.5100,0.1604,-1
KHAPRETA_510206,312241.860,2624159.200,129.9800,0.0000,2.4400,0.1559,-1
KHAPRETA_510206,312243.860,2624159.200,129.9000,0.0000,2.5200,0.1610,-1
KHAPRETA_510206,312246.860,2624159.200,130.0100,0.1769,2.4100,0.1540,-1
KHAPRETA_510206,312248.860,2624159.200,129.8900,0.1769,2.5300,0.1617,-1
KHAPRETA_510206,312249.860,2624159.200,130.1300,0.2002,2.2900,0.1463,-1
KHAPRETA_510206,312253.860,2624159.200,130.1600,0.2119,2.2600,0.1444,-1
KHAPRETA_510206,312257.860,2624159.200,130.1400,0.0000,2.2800,0.1457,-1
KHAPRETA_510206,312259.860,2624159.200,130.2800,0.0000,2.1400,0.1367,-1
KHAPRETA_510206,312262.860,2624159.200,130.2100,0.3075,2.2100,0.1412,-1
KHAPRETA_510206,312263.860,2624159.200,130.1800,0.2169,2.2400,0.1431,-1
KHAPRETA_510206,312273.860,2624159.200,130.2600,0.2369,2.1600,0.1380,-1
KHAPRETA_510206,312274.860,2624159.200,130.2500,0.3120,2.1700,0.1387,-1
KHAPRETA_510206,312278.860,2624159.200,130.2400,0.0050,2.1800,0.1393,-1
KHAPRETA_510206,312284.860,2624159.200,130.1300,0.0000,2.2900,0.1463,-1
KHAPRETA_510206,312286.860,2624159.200,129.9800,0.0619,2.4400,0.1559,-1
KHAPRETA_510206,312291.860,2624159.200,130.1500,0.1169,2.2700,0.1450,-1
KHAPRETA_510206,312292.860,2624159.200,130.0100,0.2506,2.4100,0.1540,-1
KHAPRETA_510206,312303.860,2624159.200,130.1800,0.0000,2.2400,0.1431,-1
KHAPRETA_510206,312322.860,2624159.200,130.3200,0.3277,2.1000,0.1342,-1
KHAPRETA_510206,312323.860,2624159.200,130.1700,0.2920,2.2500,0.1438,-1
KHAPRETA_510206,312324.860,2624159.200,130.3300,0.1969,2.0900,0.1335,-1
KHAPRETA_510206,312331.860,2624159.200,130.3000,0.2569,2.1200,0.1355,-1
KHAPRETA_510206,312333.860,2624159.200,130.3400,0.3019,2.0800,0.1329,-1
KHAPRETA_510206,312334.860,2624159.200,130.3800,0.4131,2.0400,0.1304,-1
KHAPRETA_510206,312338.860,2624159.200,130.4000,0.3019,2.0200,0.1291,-1
KHAPRETA_510206,312339.860,2624159.200,130.3800,0.4073,2.0400,0.1304,-1
KHAPRETA_510206,312341.860,2624159.200,130.4200,0.4836,2.0000,0.1278,-1
KHAPRETA_510206,312342.860,2624159.200,130.4500,0.3219,1.9700,0.1259,-1
KHAPRETA_510206,312345.860,2624159.200,130.3500,0.0000,2.0700,0.1323,-1
KHAPRETA_510206,312348.860,2624159.200,130.3300,0.3319,2.0900,0.1335,-1
KHAPRETA_510206,312349.860,2624159.200,130.4400,0.3820,1.9800,0.1265,-1
KHAPRETA_510206,312350.860,2624159.200,130.3200,0.3365,2.1000,0.1342,-1
KHAPRETA_510206,312357.860,2624159.200,130.3700,0.3869,2.0500,0.1310,-1
KHAPRETA_510206,312358.860,2624159.200,130.5500,0.4759,1.8700,0.1195,-1
KHAPRETA_510206,312364.860,2624159.200,130.4600,0.0000,1.9600,0.1252,-1
KHAPRETA_510206,312366.860,2624159.200,130.5100,0.0100,1.9100,0.1220,-1
KHAPRETA_510206,312374.860,2624159.200,130.5400,0.4419,1.8800,0.1201,-1
KHAPRETA_510206,312375.860,2624159.200,130.6600,0.5691,1.7600,0.1125,-1
KHAPRETA_510206,312378.860,2624159.200,130.6100,0.0000,1.8100,0.1157,-1
KHAPRETA_510206,312387.860,2624159.200,130.7000,0.0000,1.7200,0.1099,-1
KHAPRETA_510206,312390.860,2624159.200,130.7900,0.0150,1.6300,0.1042,-1
KHAPRETA_510206,312396.860,2624159.200,130.7500,0.5032,1.6700,0.1067,-1
KHAPRETA_510206,312397.860,2624159.200,130.7800,0.6781,1.6400,0.1048,-1
KHAPRETA_510206,312399.860,2624159.200,130.7600,0.4969,1.6600,0.1061,-1
KHAPRETA_510206,312400.860,2624159.200,130.7700,0.4919,1.6500,0.1054,-1
KHAPRETA_510206,312409.860,2624159.200,130.9300,0.0000,1.4900,0.0952,-1
KHAPRETA_510206,312411.860,2624159.200,130.8300,0.5819,1.5900,0.1016,-1
KHAPRETA_510206,312440.860,2624159.200,131.8400,1.0019,0.5800,0.0371,-1
KHAPRETA_510206,312441.860,2624159.200,131.7800,1.0319,0.6400,0.0409,-1
KHAPRETA_510206,312449.860,2624159.200,131.8900,0.0000,0.5300,0.0339,-1
KHAPRETA_510206,312453.860,2624159.200,131.9900,0.0000,0.4300,0.0275,-1
KHAPRETA_510206,312458.860,2624159.200,132.0200,1.6150,0.4000,0.0256,-1
KHAPRETA_510206,312459.860,2624159.200,132.0800,1.5937,0.3400,0.0217,-1
KHAPRETA_510206,312464.860,2624159.200,132.0300,0.0000,0.3900,0.0249,-1
KHAPRETA_510206,312476.860,2624159.200,132.3600,0.9669,0.0600,0.0038,-1
KHAPRETA_510206,312480.860,2624159.200,131.5300,0.0400,0.8900,0.0569,-1
KHAPRETA_510206,312483.860,2624159.200,131.6400,0.8869,0.7800,0.0498,-1
KHAPRETA_510206,312484.860,2624159.200,131.5500,0.0150,0.8700,0.0556,-1
KHAPRETA_510206,312485.860,2624159.200,131.6100,1.2264,0.8100,0.0518,-1
KHAPRETA_510206,312487.860,2624159.200,132.3900,0.0000,0.0300,0.0019,-1
KHAPRETA_510206,312503.860,2624159.200,130.8200,0.8569,1.6000,0.1022,-1
KHAPRETA_510206,312504.860,2624159.200,130.9000,0.5219,1.5200,0.0971,-1
KHAPRETA_510206,312506.860,2624159.200,131.0700,0.5869,1.3500,0.0863,-1
KHAPRETA_510206,312512.860,2624159.200,130.9100,0.0000,1.5100,0.0965,-1
KHAPRETA_510206,312516.860,2624159.200,131.0500,0.6624,1.3700,0.0875,-1
KHAPRETA_510206,312517.860,2624159.200,131.1000,0.6369,1.3200,0.0843,-1
KHAPRETA_510206,312519.860,2624159.200,131.1700,0.0850,1.2500,0.0799,-1
KHAPRETA_510206,312009.860,2624160.200,128.4200,1.0895,4.0000,0.2556,-1
KHAPRETA_510206,312010.860,2624160.200,127.7900,0.6781,4.6300,0.2958,-1
KHAPRETA_510206,312017.860,2624160.200,124.1500,0.0000,8.2700,0.5284,-1
KHAPRETA_510206,312023.860,2624160.200,123.9400,0.0000,8.4800,0.5419,-1
KHAPRETA_510206,312043.860,2624160.200,130.0300,0.0000,2.3900,0.1527,-1
KHAPRETA_510206,312053.860,2624160.200,125.4200,0.0000,7.0000,0.4473,-1
KHAPRETA_510206,312056.860,2624160.200,125.6800,1.9381,6.7400,0.4307,-1
KHAPRETA_510206,312057.860,2624160.200,125.9000,2.0481,6.5200,0.4166,-1
KHAPRETA_510206,312066.860,2624160.200,126.4400,2.0395,5.9800,0.3821,-1
KHAPRETA_510206,312067.860,2624160.200,126.7600,1.6681,5.6600,0.3617,-1
KHAPRETA_510206,312072.860,2624160.200,127.0000,2.0585,5.4200,0.3463,-1
KHAPRETA_510206,312073.860,2624160.200,126.8600,1.3881,5.5600,0.3553,-1
KHAPRETA_510206,312078.860,2624160.200,127.1600,1.3231,5.2600,0.3361,-1
KHAPRETA_510206,312079.860,2624160.200,127.1300,1.3081,5.2900,0.3380,-1
KHAPRETA_510206,312081.860,2624160.200,127.2800,1.6236,5.1400,0.3284,-1
KHAPRETA_510206,312082.860,2624160.200,127.4900,1.2481,4.9300,0.3150,-1
KHAPRETA_510206,312086.860,2624160.200,127.8500,0.0000,4.5700,0.2920,-1
KHAPRETA_510206,312088.860,2624160.200,127.8500,0.0000,4.5700,0.2920,-1
KHAPRETA_510206,312092.860,2624160.200,127.9400,0.9731,4.4800,0.2863,-1
KHAPRETA_510206,312093.860,2624160.200,127.8300,0.9181,4.5900,0.2933,-1
KHAPRETA_510206,312097.860,2624160.200,127.7700,0.9581,4.6500,0.2971,-1
KHAPRETA_510206,312100.860,2624160.200,128.0000,0.9731,4.4200,0.2824,-1
KHAPRETA_510206,312101.860,2624160.200,127.8300,0.9883,4.5900,0.2933,-1
KHAPRETA_510206,312102.860,2624160.200,127.9600,0.0700,4.4600,0.2850,-1
KHAPRETA_510206,312103.860,2624160.200,127.9700,1.2701,4.4500,0.2843,-1
KHAPRETA_510206,312110.860,2624160.200,128.1000,1.2501,4.3200,0.2760,-1
KHAPRETA_510206,312111.860,2624160.200,127.8600,0.8381,4.5600,0.2914,-1
KHAPRETA_510206,312113.860,2624160.200,127.8500,0.0000,4.5700,0.2920,-1
KHAPRETA_510206,312116.860,2624160.200,128.1000,0.0000,4.3200,0.2760,-1
KHAPRETA_510206,312140.860,2624160.200,130.1600,0.7531,2.2600,0.1444,-1
KHAPRETA_510206,312142.860,2624160.200,128.4700,0.5931,3.9500,0.2524,-1
KHAPRETA_510206,312149.860,2624160.200,128.7200,0.5231,3.7000,0.2364,-1
KHAPRETA_510206,312154.860,2624160.200,128.7000,0.5281,3.7200,0.2377,-1
KHAPRETA_510206,312155.860,2624160.200,128.7200,0.7298,3.7000,0.2364,-1
KHAPRETA_510206,312162.860,2624160.200,128.8300,0.0400,3.5900,0.2294,-1
KHAPRETA_510206,312169.860,2624160.200,129.2000,0.3181,3.2200,0.2058,-1
KHAPRETA_510206,312175.860,2624160.200,129.1500,0.0000,3.2700,0.2089,-1
KHAPRETA_510206,312186.860,2624160.200,129.2100,0.0000,3.2100,0.2051,-1
KHAPRETA_510206,312194.860,2624160.200,129.1000,0.4492,3.3200,0.2121,-1
KHAPRETA_510206,312195.860,2624160.200,128.9800,0.4574,3.4400,0.2198,-1
KHAPRETA_510206,312202.860,2624160.200,129.1400,0.3081,3.2800,0.2096,-1
KHAPRETA_510206,312204.860,2624160.200,129.5800,0.0931,2.8400,0.1815,-1
KHAPRETA_510206,312207.860,2624160.200,129.6800,0.0944,2.7400,0.1751,-1
KHAPRETA_510206,312208.860,2624160.200,129.6200,0.0481,2.8000,0.1789,-1
KHAPRETA_510206,312213.860,2624160.200,129.7000,0.0000,2.7200,0.1738,-1
KHAPRETA_510206,312220.860,2624160.200,129.4800,0.1481,2.9400,0.1879,-1
KHAPRETA_510206,312229.860,2624160.200,129.5900,0.1381,2.8300,0.1808,-1
KHAPRETA_510206,312231.860,2624160.200,129.5200,0.0719,2.9000,0.1853,-1
KHAPRETA_510206,312232.860,2624160.200,129.9200,0.2324,2.5000,0.1597,-1
KHAPRETA_510206,312233.860,2624160.200,129.9700,0.0906,2.4500,0.1565,-1
KHAPRETA_510206,312240.860,2624160.200,129.9600,0.0281,2.4600,0.1572,-1
KHAPRETA_510206,312244.860,2624160.200,129.9300,0.1569,2.4900,0.1591,-1
KHAPRETA_510206,312246.860,2624160.200,130.1300,0.1689,2.2900,0.1463,-1
KHAPRETA_510206,312247.860,2624160.200,130.0200,0.1769,2.4000,0.1534,-1
KHAPRETA_510206,312250.860,2624160.200,129.8400,0.0919,2.5800,0.1649,-1
KHAPRETA_510206,312256.860,2624160.200,130.2100,0.0000,2.2100,0.1412,-1
KHAPRETA_510206,312262.860,2624160.200,130.2400,0.2169,2.1800,0.1393,-1
KHAPRETA_510206,312267.860,2624160.200,130.1200,0.2019,2.3000,0.1470,-1
KHAPRETA_510206,312268.860,2624160.200,130.1800,0.1983,2.2400,0.1431,-1
KHAPRETA_510206,312269.860,2624160.200,130.2200,0.2019,2.2000,0.1406,-1
KHAPRETA_510206,312271.860,2624160.200,130.1700,0.2019,2.2500,0.1438,-1
KHAPRETA_510206,312274.860,2624160.200,130.1700,0.0000,2.2500,0.1438,-1
KHAPRETA_510206,312278.860,2624160.200,130.2400,0.2319,2.1800,0.1393,-1
KHAPRETA_510206,312282.860,2624160.200,130.3100,0.0000,2.1100,0.1348,-1
KHAPRETA_510206,312285.860,2624160.200,130.2400,0.2064,2.1800,0.1393,-1
KHAPRETA_510206,312286.860,2624160.200,129.9000,0.2534,2.5200,0.1610,-1
KHAPRETA_510206,312289.860,2624160.200,130.2400,0.1769,2.1800,0.1393,-1
KHAPRETA_510206,312290.860,2624160.200,130.1300,0.2575,2.2900,0.1463,-1
KHAPRETA_510206,312292.860,2624160.200,130.1100,0.1996,2.3100,0.1476,-1
KHAPRETA_510206,312293.860,2624160.200,130.1500,0.2361,2.2700,0.1450,-1
KHAPRETA_510206,312295.860,2624160.200,130.2400,0.2019,2.1800,0.1393,-1
KHAPRETA_510206,312299.860,2624160.200,130.0800,0.0000,2.3400,0.1495,-1
KHAPRETA_510206,312315.860,2624160.200,130.3200,0.0000,2.1000,0.1342,-1
KHAPRETA_510206,312319.860,2624160.200,130.3000,0.0000,2.1200,0.1355,-1
KHAPRETA_510206,312328.860,2624160.200,130.2000,0.0000,2.2200,0.1419,-1
KHAPRETA_510206,312331.860,2624160.200,130.2900,0.0850,2.1300,0.1361,-1
KHAPRETA_510206,312335.860,2624160.200,130.4700,0.0000,1.9500,0.1246,-1
KHAPRETA_510206,312339.860,2624160.200,130.3000,0.4524,2.1200,0.1355,-1
KHAPRETA_510206,312340.860,2624160.200,130.4500,0.0850,1.9700,0.1259,-1
KHAPRETA_510206,312341.860,2624160.200,130.4700,0.3375,1.9500,0.1246,-1
KHAPRETA_510206,312346.860,2624160.200,130.4200,0.0000,2.0000,0.1278,-1
KHAPRETA_510206,312349.860,2624160.200,130.5400,0.3831,1.8800,0.1201,-1
KHAPRETA_510206,312350.860,2624160.200,130.5400,0.4689,1.8800,0.1201,-1
KHAPRETA_510206,312352.860,2624160.200,130.4200,0.0000,2.0000,0.1278,-1
KHAPRETA_510206,312354.860,2624160.200,130.5300,0.3819,1.8900,0.1208,-1
KHAPRETA_510206,312355.860,2624160.200,130.5400,0.5366,1.8800,0.1201,-1
KHAPRETA_510206,312360.860,2624160.200,130.5500,0.5836,1.8700,0.1195,-1
KHAPRETA_510206,312361.860,2624160.200,130.5500,0.0150,1.8700,0.1195,-1
KHAPRETA_510206,312362.860,2624160.200,130.5200,0.3869,1.9000,0.1214,-1
KHAPRETA_510206,312365.860,2624160.200,130.5700,0.5473,1.8500,0.1182,-1
KHAPRETA_510206,312366.860,2624160.200,130.5600,0.5406,1.8600,0.1188,-1
KHAPRETA_510206,312372.860,2624160.200,130.6100,0.0000,1.8100,0.1157,-1
KHAPRETA_510206,312375.860,2624160.200,130.6200,0.0300,1.8000,0.1150,-1
KHAPRETA_510206,312380.860,2624160.200,130.5900,0.0000,1.8300,0.1169,-1
KHAPRETA_510206,312386.860,2624160.200,130.6900,0.0000,1.7300,0.1105,-1
KHAPRETA_510206,312389.860,2624160.200,130.7900,0.4669,1.6300,0.1042,-1
KHAPRETA_510206,312390.860,2624160.200,130.7100,0.5099,1.7100,0.1093,-1
KHAPRETA_510206,312391.860,2624160.200,130.6800,0.0500,1.7400,0.1112,-1
KHAPRETA_510206,312392.860,2624160.200,130.8100,0.0550,1.6100,0.1029,-1
KHAPRETA_510206,312393.860,2624160.200,130.7900,0.0300,1.6300,0.1042,-1
KHAPRETA_510206,312394.860,2624160.200,130.7500,0.5069,1.6700,0.1067,-1
KHAPRETA_510206,312396.860,2624160.200,130.7700,0.4869,1.6500,0.1054,-1
KHAPRETA_510206,312398.860,2624160.200,130.7800,0.0000,1.6400,0.1048,-1
KHAPRETA_510206,312404.860,2624160.200,130.7900,0.0000,1.6300,0.1042,-1
KHAPRETA_510206,312406.860,2624160.200,130.8000,0.0000,1.6200,0.1035,-1
KHAPRETA_510206,312411.860,2624160.200,130.9400,0.7523,1.4800,0.0946,-1
KHAPRETA_510206,312412.860,2624160.200,130.8500,0.7817,1.5700,0.1003,-1
KHAPRETA_510206,312437.860,2624160.200,131.5900,0.0000,0.8300,0.0530,-1
KHAPRETA_510206,312445.860,2624160.200,131.7200,1.0319,0.7000,0.0447,-1
KHAPRETA_510206,312447.860,2624160.200,131.8600,1.4885,0.5600,0.0358,-1
KHAPRETA_510206,312448.860,2624160.200,131.8100,1.0419,0.6100,0.0390,-1
KHAPRETA_510206,312450.860,2624160.200,131.9100,0.0000,0.5100,0.0326,-1
KHAPRETA_510206,312456.860,2624160.200,131.9700,0.0000,0.4500,0.0288,-1
KHAPRETA_510206,312458.860,2624160.200,132.0400,1.1328,0.3800,0.0243,-1
KHAPRETA_510206,312459.860,2624160.200,132.0400,1.6150,0.3800,0.0243,-1
KHAPRETA_510206,312462.860,2624160.200,132.1200,1.6857,0.3000,0.0192,-1
KHAPRETA_510206,312463.860,2624160.200,132.1800,1.1719,0.2400,0.0153,-1
KHAPRETA_510206,312476.860,2624160.200,131.7100,0.2400,0.7100,0.0454,-1
KHAPRETA_510206,312480.860,2624160.200,131.6700,0.9519,0.7500,0.0479,-1
KHAPRETA_510206,312481.860,2624160.200,131.6800,1.3321,0.7400,0.0473,-1
KHAPRETA_510206,312503.860,2624160.200,131.0700,0.5219,1.3500,0.0863,-1
KHAPRETA_510206,312513.860,2624160.200,130.9700,0.0000,1.4500,0.0927,-1
KHAPRETA_510206,312516.860,2624160.200,131.0300,0.6369,1.3900,0.0888,-1
KHAPRETA_510206,312519.860,2624160.200,130.9400,0.6969,1.4800,0.0946,-1
KHAPRETA_510206,312521.860,2624160.200,131.1900,0.0000,1.2300,0.0786,-1
KHAPRETA_510206,312009.860,2624161.200,128.8800,0.6781,3.5400,0.2262,-1
KHAPRETA_510206,312019.860,2624161.200,123.8100,0.0000,8.6100,0.5502,-1
KHAPRETA_510206,312022.860,2624161.200,123.9900,2.7181,8.4300,0.5387,-1
KHAPRETA_510206,312055.860,2624161.200,126.4700,1.6981,5.9500,0.3802,-1
KHAPRETA_510206,312060.860,2624161.200,127.6800,0.0000,4.7400,0.3029,-1
KHAPRETA_510206,312072.860,2624161.200,126.8700,1.3881,5.5500,0.3546,-1
KHAPRETA_510206,312076.860,2624161.200,127.0000,1.9065,5.4200,0.3463,-1
KHAPRETA_510206,312077.860,2624161.200,127.0600,1.3881,5.3600,0.3425,-1
KHAPRETA_510206,312081.860,2624161.200,127.4700,1.2481,4.9500,0.3163,-1
KHAPRETA_510206,312087.860,2624161.200,127.7100,0.0000,4.7100,0.3010,-1
KHAPRETA_510206,312097.860,2624161.200,127.8600,0.0100,4.5600,0.2914,-1
KHAPRETA_510206,312101.860,2624161.200,127.8000,0.9731,4.6200,0.2952,-1
KHAPRETA_510206,312103.860,2624161.200,128.0000,0.9031,4.4200,0.2824,-1
KHAPRETA_510206,312105.860,2624161.200,128.0200,0.7981,4.4000,0.2811,-1
KHAPRETA_510206,312109.860,2624161.200,127.8900,1.2122,4.5300,0.2895,-1
KHAPRETA_510206,312110.860,2624161.200,128.1700,0.9431,4.2500,0.2716,-1
KHAPRETA_510206,312134.860,2624161.200,128.2300,0.9131,4.1900,0.2677,-1
KHAPRETA_510206,312136.860,2624161.200,127.9300,0.9866,4.4900,0.2869,-1
KHAPRETA_510206,312137.860,2624161.200,128.2300,1.1250,4.1900,0.2677,-1
KHAPRETA_510206,312140.860,2624161.200,128.2700,0.1919,4.1500,0.2652,-1
KHAPRETA_510206,312142.860,2624161.200,128.5900,0.0500,3.8300,0.2447,-1
KHAPRETA_510206,312144.860,2624161.200,128.5600,0.5331,3.8600,0.2466,-1
KHAPRETA_510206,312145.860,2624161.200,128.7100,0.8086,3.7100,0.2371,-1
KHAPRETA_510206,312147.860,2624161.200,128.7000,0.0000,3.7200,0.2377,-1
KHAPRETA_510206,312150.860,2624161.200,128.7200,0.5331,3.7000,0.2364,-1
KHAPRETA_510206,312151.860,2624161.200,128.7100,0.5281,3.7100,0.2371,-1
KHAPRETA_510206,312158.860,2624161.200,128.7400,0.0000,3.6800,0.2351,-1
KHAPRETA_510206,312162.860,2624161.200,128.8100,0.4731,3.6100,0.2307,-1
KHAPRETA_510206,312164.860,2624161.200,128.8700,0.5081,3.5500,0.2268,-1
KHAPRETA_510206,312169.860,2624161.200,129.1400,0.2881,3.2800,0.2096,-1
KHAPRETA_510206,312171.860,2624161.200,129.1700,0.0000,3.2500,0.2077,-1
KHAPRETA_510206,312178.860,2624161.200,129.0100,0.5030,3.4100,0.2179,-1
KHAPRETA_510206,312179.860,2624161.200,129.0500,0.0650,3.3700,0.2153,-1
KHAPRETA_510206,312180.860,2624161.200,129.1400,0.3631,3.2800,0.2096,-1
KHAPRETA_510206,312188.860,2624161.200,129.2000,0.0000,3.2200,0.2058,-1
KHAPRETA_510206,312190.860,2624161.200,129.1500,0.4436,3.2700,0.2089,-1
KHAPRETA_510206,312191.860,2624161.200,129.1900,0.3131,3.2300,0.2064,-1
KHAPRETA_510206,312194.860,2624161.200,129.3600,0.3344,3.0600,0.1955,-1
KHAPRETA_510206,312195.860,2624161.200,129.1600,0.4328,3.2600,0.2083,-1
KHAPRETA_510206,312196.860,2624161.200,129.0200,0.3081,3.4000,0.2173,-1
KHAPRETA_510206,312200.860,2624161.200,129.1200,0.3181,3.3000,0.2109,-1
KHAPRETA_510206,312201.860,2624161.200,129.1400,0.3237,3.2800,0.2096,-1
KHAPRETA_510206,312202.860,2624161.200,129.1600,0.4498,3.2600,0.2083,-1
KHAPRETA_510206,312204.860,2624161.200,129.5900,0.0981,2.8300,0.1808,-1
KHAPRETA_510206,312207.860,2624161.200,129.6700,0.0100,2.7500,0.1757,-1
KHAPRETA_510206,312210.860,2624161.200,129.7300,0.0531,2.6900,0.1719,-1
KHAPRETA_510206,312212.860,2624161.200,129.6900,0.0631,2.7300,0.1744,-1
KHAPRETA_510206,312215.860,2624161.200,129.6300,0.0000,2.7900,0.1783,-1
KHAPRETA_510206,312220.860,2624161.200,129.4800,0.1481,2.9400,0.1879,-1
KHAPRETA_510206,312226.860,2624161.200,129.4700,0.0000,2.9500,0.1885,-1
KHAPRETA_510206,312232.860,2624161.200,129.6600,0.1779,2.7600,0.1764,-1
KHAPRETA_510206,312233.860,2624161.200,129.8400,0.1130,2.5800,0.1649,-1
KHAPRETA_510206,312236.860,2624161.200,129.8300,0.0219,2.5900,0.1655,-1
KHAPRETA_510206,312240.860,2624161.200,129.7200,0.0050,2.7000,0.1725,-1
KHAPRETA_510206,312244.860,2624161.200,130.0900,0.0769,2.3300,0.1489,-1
KHAPRETA_510206,312250.860,2624161.200,129.9600,0.0319,2.4600,0.1572,-1
KHAPRETA_510206,312252.860,2624161.200,130.2100,0.3054,2.2100,0.1412,-1
KHAPRETA_510206,312253.860,2624161.200,130.3000,0.3557,2.1200,0.1355,-1
KHAPRETA_510206,312264.860,2624161.200,130.2600,0.0000,2.1600,0.1380,-1
KHAPRETA_510206,312268.860,2624161.200,130.1600,0.0450,2.2600,0.1444,-1
KHAPRETA_510206,312271.860,2624161.200,130.1800,0.1969,2.2400,0.1431,-1
KHAPRETA_510206,312273.860,2624161.200,130.1100,0.2369,2.3100,0.1476,-1
KHAPRETA_510206,312274.860,2624161.200,130.2500,0.2582,2.1700,0.1387,-1
KHAPRETA_510206,312279.860,2624161.200,130.2100,0.2769,2.2100,0.1412,-1
KHAPRETA_510206,312285.860,2624161.200,130.1700,0.0600,2.2500,0.1438,-1
KHAPRETA_510206,312288.860,2624161.200,130.0500,0.0000,2.3700,0.1514,-1
KHAPRETA_510206,312290.860,2624161.200,130.0000,0.1769,2.4200,0.1546,-1
KHAPRETA_510206,312292.860,2624161.200,130.1500,0.2361,2.2700,0.1450,-1
KHAPRETA_510206,312293.860,2624161.200,130.1100,0.2644,2.3100,0.1476,-1
KHAPRETA_510206,312295.860,2624161.200,130.1800,0.0550,2.2400,0.1431,-1
KHAPRETA_510206,312297.860,2624161.200,130.2300,0.0000,2.1900,0.1399,-1
KHAPRETA_510206,312301.860,2624161.200,130.2600,0.0000,2.1600,0.1380,-1
KHAPRETA_510206,312310.860,2624161.200,130.1400,0.0000,2.2800,0.1457,-1
KHAPRETA_510206,312324.860,2624161.200,130.3200,0.3519,2.1000,0.1342,-1
KHAPRETA_510206,312331.860,2624161.200,130.1300,0.0400,2.2900,0.1463,-1
KHAPRETA_510206,312341.860,2624161.200,130.4600,0.3469,1.9600,0.1252,-1
KHAPRETA_510206,312343.860,2624161.200,130.4300,0.4361,1.9900,0.1272,-1
KHAPRETA_510206,312344.860,2624161.200,130.3300,0.3269,2.0900,0.1335,-1
KHAPRETA_510206,312348.860,2624161.200,130.4200,0.3619,2.0000,0.1278,-1
KHAPRETA_510206,312349.860,2624161.200,130.5000,0.4995,1.9200,0.1227,-1
KHAPRETA_510206,312355.860,2624161.200,130.5400,0.3819,1.8800,0.1201,-1
KHAPRETA_510206,312360.860,2624161.200,130.6500,0.3869,1.7700,0.1131,-1
KHAPRETA_510206,312365.860,2624161.200,130.5400,0.3969,1.8800,0.1201,-1
KHAPRETA_510206,312369.860,2624161.200,130.2500,0.3719,2.1700,0.1387,-1
KHAPRETA_510206,312370.860,2624161.200,130.5200,0.2369,1.9000,0.1214,-1
KHAPRETA_510206,312375.860,2624161.200,130.6000,0.5897,1.8200,0.1163,-1
KHAPRETA_510206,312376.860,2624161.200,130.6000,0.4119,1.8200,0.1163,-1
KHAPRETA_510206,312407.860,2624161.200,130.8300,0.0000,1.5900,0.1016,-1
KHAPRETA_510206,312409.860,2624161.200,130.8400,0.0000,1.5800,0.1010,-1
KHAPRETA_510206,312412.860,2624161.200,130.8200,0.5369,1.6000,0.1022,-1
KHAPRETA_510206,312415.860,2624161.200,130.9000,0.0000,1.5200,0.0971,-1
KHAPRETA_510206,312434.860,2624161.200,132.2000,0.9069,0.2200,0.0141,-1
KHAPRETA_510206,312435.860,2624161.200,131.5900,1.2119,0.8300,0.0530,-1
KHAPRETA_510206,312438.860,2624161.200,131.6300,0.0000,0.7900,0.0505,-1
KHAPRETA_510206,312440.860,2624161.200,131.7300,0.0000,0.6900,0.0441,-1
KHAPRETA_510206,312444.860,2624161.200,131.7200,1.4558,0.7000,0.0447,-1
KHAPRETA_510206,312445.860,2624161.200,131.8400,1.3745,0.5800,0.0371,-1
KHAPRETA_510206,312447.860,2624161.200,131.9500,1.0419,0.4700,0.0300,-1
KHAPRETA_510206,312452.860,2624161.200,131.9700,0.0000,0.4500,0.0288,-1
KHAPRETA_510206,312454.860,2624161.200,132.0500,0.0000,0.3700,0.0236,-1
KHAPRETA_510206,312458.860,2624161.200,132.1100,0.0650,0.3100,0.0198,-1
KHAPRETA_510206,312462.860,2624161.200,132.1400,1.1719,0.2800,0.0179,-1
KHAPRETA_510206,312465.860,2624161.200,132.0700,0.0000,0.3500,0.0224,-1
KHAPRETA_510206,312475.860,2624161.200,132.3700,1.0519,0.0500,0.0032,-1
KHAPRETA_510206,312476.860,2624161.200,131.8800,1.0095,0.5400,0.0345,-1
KHAPRETA_510206,312477.860,2624161.200,131.7900,0.0050,0.6300,0.0403,-1
KHAPRETA_510206,312478.860,2624161.200,131.8900,1.0069,0.5300,0.0339,-1
KHAPRETA_510206,312480.860,2624161.200,131.5400,1.3321,0.8800,0.0562,-1
KHAPRETA_510206,312481.860,2624161.200,131.6500,1.2977,0.7700,0.0492,-1
KHAPRETA_510206,312484.860,2624161.200,131.7200,0.0000,0.7000,0.0447,-1
KHAPRETA_510206,312505.860,2624161.200,130.9300,0.5919,1.4900,0.0952,-1
KHAPRETA_510206,312509.860,2624161.200,131.0000,0.6019,1.4200,0.0907,-1
KHAPRETA_510206,312511.860,2624161.200,131.1400,0.7269,1.2800,0.0818,-1
KHAPRETA_510206,312512.860,2624161.200,131.2300,0.9400,1.1900,0.0760,-1
KHAPRETA_510206,312520.860,2624161.200,131.1400,0.0000,1.2800,0.0818,-1
KHAPRETA_510206,312015.860,2624162.200,124.0000,0.0000,8.4200,0.5380,-1
KHAPRETA_510206,312022.860,2624162.200,124.3400,0.1650,8.0800,0.5163,-1
KHAPRETA_510206,312026.860,2624162.200,123.9900,0.0000,8.4300,0.5387,-1
KHAPRETA_510206,312029.860,2624162.200,123.7900,0.0000,8.6300,0.5514,-1
KHAPRETA_510206,312045.860,2624162.200,130.9000,0.0000,1.5200,0.0971,-1
KHAPRETA_510206,312055.860,2624162.200,126.3800,1.6531,6.0400,0.3859,-1
KHAPRETA_510206,312059.860,2624162.200,127.6000,0.9381,4.8200,0.3080,-1
KHAPRETA_510206,312070.860,2624162.200,127.4500,0.0031,4.9700,0.3176,-1
KHAPRETA_510206,312076.860,2624162.200,127.1000,1.3881,5.3200,0.3399,-1
KHAPRETA_510206,312084.860,2624162.200,127.8300,0.9981,4.5900,0.2933,-1
KHAPRETA_510206,312086.860,2624162.200,127.7800,0.0000,4.6400,0.2965,-1
KHAPRETA_510206,312088.860,2624162.200,127.9200,0.0000,4.5000,0.2875,-1
KHAPRETA_510206,312092.860,2624162.200,128.1300,0.0000,4.2900,0.2741,-1
KHAPRETA_510206,312095.860,2624162.200,127.7500,0.9581,4.6700,0.2984,-1
KHAPRETA_510206,312096.860,2624162.200,127.8600,0.0200,4.5600,0.2914,-1
KHAPRETA_510206,312097.860,2624162.200,127.7900,1.3549,4.6300,0.2958,-1
KHAPRETA_510206,312102.860,2624162.200,127.8800,0.0000,4.5400,0.2901,-1
KHAPRETA_510206,312104.860,2624162.200,128.0500,0.7981,4.3700,0.2792,-1
KHAPRETA_510206,312105.860,2624162.200,128.1800,1.2312,4.2400,0.2709,-1
KHAPRETA_510206,312107.860,2624162.200,128.0300,0.0000,4.3900,0.2805,-1
KHAPRETA_510206,312109.860,2624162.200,127.9600,1.2583,4.4600,0.2850,-1
KHAPRETA_510206,312110.860,2624162.200,128.1100,0.1210,4.3100,0.2754,-1
KHAPRETA_510206,312111.860,2624162.200,128.1500,0.8331,4.2700,0.2728,-1
KHAPRETA_510206,312114.860,2624162.200,128.2400,0.0000,4.1800,0.2671,-1
KHAPRETA_510206,312134.860,2624162.200,127.9500,0.7731,4.4700,0.2856,-1
KHAPRETA_510206,312136.860,2624162.200,128.5500,1.1250,3.8700,0.2473,-1
KHAPRETA_510206,312137.860,2624162.200,128.4900,0.2268,3.9300,0.2511,-1
KHAPRETA_510206,312138.860,2624162.200,128.6600,0.6431,3.7600,0.2403,-1
KHAPRETA_510206,312141.860,2624162.200,128.5600,0.6031,3.8600,0.2466,-1
KHAPRETA_510206,312142.860,2624162.200,128.5700,0.5956,3.8500,0.2460,-1
KHAPRETA_510206,312143.860,2624162.200,128.6700,0.8115,3.7500,0.2396,-1
KHAPRETA_510206,312145.860,2624162.200,128.7100,0.5331,3.7100,0.2371,-1
KHAPRETA_510206,312148.860,2624162.200,128.7100,0.5681,3.7100,0.2371,-1
KHAPRETA_510206,312160.860,2624162.200,128.7700,0.0000,3.6500,0.2332,-1
KHAPRETA_510206,312164.860,2624162.200,128.7600,0.4531,3.6600,0.2339,-1
KHAPRETA_510206,312167.860,2624162.200,129.1200,0.5612,3.3000,0.2109,-1
KHAPRETA_510206,312168.860,2624162.200,128.9100,0.3281,3.5100,0.2243,-1
KHAPRETA_510206,312170.860,2624162.200,129.1400,0.0000,3.2800,0.2096,-1
KHAPRETA_510206,312173.860,2624162.200,129.1100,0.4731,3.3100,0.2115,-1
KHAPRETA_510206,312178.860,2624162.200,129.0800,0.3831,3.3400,0.2134,-1
KHAPRETA_510206,312182.860,2624162.200,129.2400,0.0000,3.1800,0.2032,-1
KHAPRETA_510206,312186.860,2624162.200,129.0900,0.4281,3.3300,0.2128,-1
KHAPRETA_510206,312187.860,2624162.200,128.9200,0.3431,3.5000,0.2236,-1
KHAPRETA_510206,312189.860,2624162.200,129.2900,0.3331,3.1300,0.2000,-1
KHAPRETA_510206,312190.860,2624162.200,129.1100,0.3963,3.3100,0.2115,-1
KHAPRETA_510206,312194.860,2624162.200,129.3600,0.2081,3.0600,0.1955,-1
KHAPRETA_510206,312198.860,2624162.200,129.2400,0.2231,3.1800,0.2032,-1
KHAPRETA_510206,312199.860,2624162.200,129.3300,0.2681,3.0900,0.1974,-1
KHAPRETA_510206,312201.860,2624162.200,129.1300,0.3181,3.2900,0.2102,-1
KHAPRETA_510206,312207.860,2624162.200,129.6600,0.0100,2.7600,0.1764,-1
KHAPRETA_510206,312210.860,2624162.200,129.6700,0.0231,2.7500,0.1757,-1
KHAPRETA_510206,312212.860,2624162.200,129.6500,0.0200,2.7700,0.1770,-1
KHAPRETA_510206,312214.860,2624162.200,129.5600,0.0000,2.8600,0.1827,-1
KHAPRETA_510206,312218.860,2624162.200,129.4400,0.0000,2.9800,0.1904,-1
KHAPRETA_510206,312224.860,2624162.200,129.5400,0.1481,2.8800,0.1840,-1
KHAPRETA_510206,312230.860,2624162.200,129.5100,0.0000,2.9100,0.1859,-1
KHAPRETA_510206,312232.860,2624162.200,129.5700,0.0581,2.8500,0.1821,-1
KHAPRETA_510206,312236.860,2624162.200,129.8200,0.1203,2.6000,0.1661,-1
KHAPRETA_510206,312237.860,2624162.200,129.9900,0.1245,2.4300,0.1553,-1
KHAPRETA_510206,312238.860,2624162.200,129.7700,0.0150,2.6500,0.1693,-1
KHAPRETA_510206,312239.860,2624162.200,129.9600,0.1000,2.4600,0.1572,-1
KHAPRETA_510206,312240.860,2624162.200,129.9700,0.1744,2.4500,0.1565,-1
KHAPRETA_510206,312241.860,2624162.200,129.8000,0.0969,2.6200,0.1674,-1
KHAPRETA_510206,312246.860,2624162.200,130.0600,0.1669,2.3600,0.1508,-1
KHAPRETA_510206,312251.860,2624162.200,129.8200,0.1569,2.6000,0.1661,-1
KHAPRETA_510206,312252.860,2624162.200,130.0900,0.3386,2.3300,0.1489,-1
KHAPRETA_510206,312253.860,2624162.200,130.3400,0.3054,2.0800,0.1329,-1
KHAPRETA_510206,312257.860,2624162.200,130.2500,0.3176,2.1700,0.1387,-1
KHAPRETA_510206,312258.860,2624162.200,130.2400,0.2369,2.1800,0.1393,-1
KHAPRETA_510206,312263.860,2624162.200,130.2500,0.0000,2.1700,0.1387,-1
KHAPRETA_510206,312266.860,2624162.200,130.1400,0.0000,2.2800,0.1457,-1
KHAPRETA_510206,312268.860,2624162.200,130.0900,0.1919,2.3300,0.1489,-1
KHAPRETA_510206,312275.860,2624162.200,130.2500,0.2669,2.1700,0.1387,-1
KHAPRETA_510206,312278.860,2624162.200,130.2400,0.3744,2.1800,0.1393,-1
KHAPRETA_510206,312279.860,2624162.200,130.3300,0.2184,2.0900,0.1335,-1
KHAPRETA_510206,312280.860,2624162.200,130.2900,0.3645,2.1300,0.1361,-1
KHAPRETA_510206,312285.860,2624162.200,130.1200,0.1969,2.3000,0.1470,-1
KHAPRETA_510206,312287.860,2624162.200,129.8300,0.0000,2.5900,0.1655,-1
KHAPRETA_510206,312295.860,2624162.200,130.1300,0.2019,2.2900,0.1463,-1
KHAPRETA_510206,312303.860,2624162.200,130.1800,0.2019,2.2400,0.1431,-1
KHAPRETA_510206,312306.860,2624162.200,130.3200,0.0000,2.1000,0.1342,-1
KHAPRETA_510206,312308.860,2624162.200,130.2100,0.2719,2.2100,0.1412,-1
KHAPRETA_510206,312314.860,2624162.200,130.3600,0.3953,2.0600,0.1316,-1
KHAPRETA_510206,312315.860,2624162.200,130.3200,0.2919,2.1000,0.1342,-1
KHAPRETA_510206,312319.860,2624162.200,130.3900,0.0000,2.0300,0.1297,-1
KHAPRETA_510206,312323.860,2624162.200,130.4300,0.4271,1.9900,0.1272,-1
KHAPRETA_510206,312324.860,2624162.200,130.4800,0.4253,1.9400,0.1240,-1
KHAPRETA_510206,312331.860,2624162.200,130.2100,0.1350,2.2100,0.1412,-1
KHAPRETA_510206,312337.860,2624162.200,130.4000,0.2919,2.0200,0.1291,-1
KHAPRETA_510206,312338.860,2624162.200,130.3600,0.3119,2.0600,0.1316,-1
KHAPRETA_510206,312343.860,2624162.200,130.4500,0.3269,1.9700,0.1259,-1
KHAPRETA_510206,312346.860,2624162.200,130.5000,0.3519,1.9200,0.1227,-1
KHAPRETA_510206,312350.860,2624162.200,130.5400,0.0000,1.8800,0.1201,-1
KHAPRETA_510206,312361.860,2624162.200,130.4100,0.0000,2.0100,0.1284,-1
KHAPRETA_510206,312366.860,2624162.200,130.3900,0.0000,2.0300,0.1297,-1
KHAPRETA_510206,312373.860,2624162.200,130.5900,0.0000,1.8300,0.1169,-1
KHAPRETA_510206,312378.860,2624162.200,130.5800,0.4069,1.8400,0.1176,-1
KHAPRETA_510206,312381.860,2624162.200,130.6100,0.4219,1.8100,0.1157,-1
KHAPRETA_510206,312385.860,2624162.200,130.6700,0.6605,1.7500,0.1118,-1
KHAPRETA_510206,312386.860,2624162.200,130.7300,0.4469,1.6900,0.1080,-1
KHAPRETA_510206,312398.860,2624162.200,130.8100,0.0000,1.6100,0.1029,-1
KHAPRETA_510206,312401.860,2624162.200,130.7800,0.0000,1.6400,0.1048,-1
KHAPRETA_510206,312408.860,2624162.200,130.9200,0.0000,1.5000,0.0958,-1
KHAPRETA_510206,312410.860,2624162.200,130.8300,0.0000,1.5900,0.1016,-1
KHAPRETA_510206,312414.860,2624162.200,130.9000,1.0419,1.5200,0.0971,-1
KHAPRETA_510206,312433.860,2624162.200,132.1400,0.9619,0.2800,0.0179,-1
KHAPRETA_510206,312442.860,2624162.200,131.8400,0.0000,0.5800,0.0371,-1
KHAPRETA_510206,312444.860,2624162.200,131.8300,0.0850,0.5900,0.0377,-1
KHAPRETA_510206,312446.860,2624162.200,131.9200,1.1019,0.5000,0.0319,-1
KHAPRETA_510206,312450.860,2624162.200,132.0200,0.0000,0.4000,0.0256,-1
KHAPRETA_510206,312457.860,2624162.200,132.1100,1.1969,0.3100,0.0198,-1
KHAPRETA_510206,312458.860,2624162.200,132.1700,1.1675,0.2500,0.0160,-1
KHAPRETA_510206,312464.860,2624162.200,132.1200,0.0000,0.3000,0.0192,-1
KHAPRETA_510206,312479.860,2624162.200,131.5700,0.9519,0.8500,0.0543,-1
KHAPRETA_510206,312486.860,2624162.200,131.7000,0.0000,0.7200,0.0460,-1
KHAPRETA_510206,312492.860,2624162.200,132.1400,0.8819,0.2800,0.0179,-1
KHAPRETA_510206,312503.860,2624162.200,131.0800,0.0000,1.3400,0.0856,-1
KHAPRETA_510206,312505.860,2624162.200,130.9600,0.5769,1.4600,0.0933,-1
KHAPRETA_510206,312509.860,2624162.200,130.9800,0.8833,1.4400,0.0920,-1
KHAPRETA_510206,312510.860,2624162.200,131.0500,0.6019,1.3700,0.0875,-1
KHAPRETA_510206,312512.860,2624162.200,131.0700,0.7269,1.3500,0.0863,-1
KHAPRETA_510206,312012.860,2624163.200,130.8100,0.0000,1.6100,0.1029,-1
KHAPRETA_510206,312019.860,2624163.200,123.9200,4.0279,8.5000,0.5431,-1
KHAPRETA_510206,312020.860,2624163.200,124.1300,2.9281,8.2900,0.5297,-1
KHAPRETA_510206,312022.860,2624163.200,124.3200,2.7181,8.1000,0.5176,-1
KHAPRETA_510206,312024.860,2624163.200,124.6700,0.0000,7.7500,0.4952,-1
KHAPRETA_510206,312032.860,2624163.200,124.2100,2.7181,8.2100,0.5246,-1
KHAPRETA_510206,312044.860,2624163.200,131.4000,0.0000,1.0200,0.0652,-1
KHAPRETA_510206,312058.860,2624163.200,127.7500,1.2414,4.6700,0.2984,-1
KHAPRETA_510206,312059.860,2624163.200,127.9000,1.4867,4.5200,0.2888,-1
KHAPRETA_510206,312069.860,2624163.200,130.6400,0.0031,1.7800,0.1137,-1
KHAPRETA_510206,312070.860,2624163.200,129.7700,1.2407,2.6500,0.1693,-1
KHAPRETA_510206,312078.860,2624163.200,127.2600,0.0000,5.1600,0.3297,-1
KHAPRETA_510206,312080.860,2624163.200,127.5100,0.0000,4.9100,0.3137,-1
KHAPRETA_510206,312084.860,2624163.200,127.7800,0.9731,4.6400,0.2965,-1
KHAPRETA_510206,312087.860,2624163.200,127.8800,0.0000,4.5400,0.2901,-1
KHAPRETA_510206,312108.860,2624163.200,128.1500,0.0000,4.2700,0.2728,-1
KHAPRETA_510206,312110.860,2624163.200,128.0200,0.8331,4.4000,0.2811,-1
KHAPRETA_510206,312113.860,2624163.200,128.1600,0.9831,4.2600,0.2722,-1
KHAPRETA_510206,312130.860,2624163.200,127.8700,0.0000,4.5500,0.2907,-1
KHAPRETA_510206,312133.860,2624163.200,128.2000,0.0000,4.2200,0.2696,-1
KHAPRETA_510206,312137.860,2624163.200,128.6700,0.6431,3.7500,0.2396,-1
KHAPRETA_510206,312139.860,2624163.200,128.7200,0.0000,3.7000,0.2364,-1
KHAPRETA_510206,312143.860,2624163.200,128.6900,0.5531,3.7300,0.2383,-1
KHAPRETA_510206,312148.860,2624163.200,128.6400,0.5681,3.7800,0.2415,-1
KHAPRETA_510206,312149.860,2624163.200,128.6400,0.5681,3.7800,0.2415,-1
KHAPRETA_510206,312156.860,2624163.200,128.7700,0.0000,3.6500,0.2332,-1
KHAPRETA_510206,312159.860,2624163.200,128.7400,0.0000,3.6800,0.2351,-1
KHAPRETA_510206,312163.860,2624163.200,128.8700,0.0000,3.5500,0.2268,-1
KHAPRETA_510206,312165.860,2624163.200,128.6500,0.4481,3.7700,0.2409,-1
KHAPRETA_510206,312167.860,2624163.200,130.4900,0.3281,1.9300,0.1233,-1
KHAPRETA_510206,312172.860,2624163.200,129.0900,0.4731,3.3300,0.2128,-1
KHAPRETA_510206,312173.860,2624163.200,128.8300,0.4781,3.5900,0.2294,-1
KHAPRETA_510206,312176.860,2624163.200,129.2100,0.0000,3.2100,0.2051,-1
KHAPRETA_510206,312179.860,2624163.200,128.9000,0.0000,3.5200,0.2249,-1
KHAPRETA_510206,312181.860,2624163.200,129.2900,0.2581,3.1300,0.2000,-1
KHAPRETA_510206,312191.860,2624163.200,129.3000,0.0000,3.1200,0.1994,-1
KHAPRETA_510206,312202.860,2624163.200,129.3100,0.0000,3.1100,0.1987,-1
KHAPRETA_510206,312207.860,2624163.200,129.6500,0.0581,2.7700,0.1770,-1
KHAPRETA_510206,312212.860,2624163.200,129.6500,0.0631,2.7700,0.1770,-1
KHAPRETA_510206,312222.860,2624163.200,129.5200,0.1181,2.9000,0.1853,-1
KHAPRETA_510206,312223.860,2624163.200,129.5400,0.1445,2.8800,0.1840,-1
KHAPRETA_510206,312224.860,2624163.200,129.4800,0.1181,2.9400,0.1879,-1
KHAPRETA_510206,312229.860,2624163.200,129.4800,0.0000,2.9400,0.1879,-1
KHAPRETA_510206,312231.860,2624163.200,129.5400,0.0000,2.8800,0.1840,-1
KHAPRETA_510206,312236.860,2624163.200,129.9400,0.1642,2.4800,0.1585,-1
KHAPRETA_510206,312237.860,2624163.200,130.0200,0.1347,2.4000,0.1534,-1
KHAPRETA_510206,312240.860,2624163.200,130.0300,0.0969,2.3900,0.1527,-1
KHAPRETA_510206,312243.860,2624163.200,130.1200,0.0000,2.3000,0.1470,-1
KHAPRETA_510206,312246.860,2624163.200,130.1100,0.1419,2.3100,0.1476,-1
KHAPRETA_510206,312250.860,2624163.200,129.7200,0.0000,2.7000,0.1725,-1
KHAPRETA_510206,312254.860,2624163.200,130.2000,0.2319,2.2200,0.1419,-1
KHAPRETA_510206,312255.860,2624163.200,130.2400,0.2119,2.1800,0.1393,-1
KHAPRETA_510206,312257.860,2624163.200,130.2100,0.2369,2.2100,0.1412,-1
KHAPRETA_510206,312264.860,2624163.200,130.1200,0.0000,2.3000,0.1470,-1
KHAPRETA_510206,312272.860,2624163.200,130.2600,0.2269,2.1600,0.1380,-1
KHAPRETA_510206,312275.860,2624163.200,130.3100,0.2369,2.1100,0.1348,-1
KHAPRETA_510206,312278.860,2624163.200,130.2800,0.2319,2.1400,0.1367,-1
KHAPRETA_510206,312280.860,2624163.200,130.2500,0.2569,2.1700,0.1387,-1
KHAPRETA_510206,312283.860,2624163.200,130.3400,0.2519,2.0800,0.1329,-1
KHAPRETA_510206,312288.860,2624163.200,129.9400,0.0819,2.4800,0.1585,-1
KHAPRETA_510206,312291.860,2624163.200,130.1300,0.2719,2.2900,0.1463,-1
KHAPRETA_510206,312294.860,2624163.200,130.1300,0.2119,2.2900,0.1463,-1
KHAPRETA_510206,312299.860,2624163.200,130.1300,0.0000,2.2900,0.1463,-1
KHAPRETA_510206,312302.860,2624163.200,130.2700,0.2856,2.1500,0.1374,-1
KHAPRETA_510206,312303.860,2624163.200,130.1800,0.3190,2.2400,0.1431,-1
KHAPRETA_510206,312308.860,2624163.200,130.3200,0.0850,2.1000,0.1342,-1
KHAPRETA_510206,312311.860,2624163.200,130.1600,0.2969,2.2600,0.1444,-1
KHAPRETA_510206,312312.860,2624163.200,130.3700,0.1919,2.0500,0.1310,-1
KHAPRETA_510206,312314.860,2624163.200,130.3500,0.2919,2.0700,0.1323,-1
KHAPRETA_510206,312316.860,2624163.200,130.4300,0.0000,1.9900,0.1272,-1
KHAPRETA_510206,312320.860,2624163.200,130.3800,0.0000,2.0400,0.1304,-1
KHAPRETA_510206,312323.860,2624163.200,130.2600,0.3269,2.1600,0.1380,-1
KHAPRETA_510206,312325.860,2624163.200,130.3300,0.3519,2.0900,0.1335,-1
KHAPRETA_510206,312326.860,2624163.200,130.4800,0.0250,1.9400,0.1240,-1
KHAPRETA_510206,312327.860,2624163.200,130.3800,0.4872,2.0400,0.1304,-1
KHAPRETA_510206,312331.860,2624163.200,130.4000,0.2167,2.0200,0.1291,-1
KHAPRETA_510206,312332.860,2624163.200,130.2000,0.2118,2.2200,0.1419,-1
KHAPRETA_510206,312333.860,2624163.200,130.3100,0.2119,2.1100,0.1348,-1
KHAPRETA_510206,312340.860,2624163.200,130.4200,0.4309,2.0000,0.1278,-1
KHAPRETA_510206,312341.860,2624163.200,130.3600,0.3219,2.0600,0.1316,-1
KHAPRETA_510206,312346.860,2624163.200,130.4800,0.0050,1.9400,0.1240,-1
KHAPRETA_510206,312348.860,2624163.200,130.4800,0.0000,1.9400,0.1240,-1
KHAPRETA_510206,312351.860,2624163.200,130.5900,0.0000,1.8300,0.1169,-1
KHAPRETA_510206,312359.860,2624163.200,130.4900,0.5298,1.9300,0.1233,-1
KHAPRETA_510206,312360.860,2624163.200,130.5500,0.3569,1.8700,0.1195,-1
KHAPRETA_510206,312364.860,2624163.200,130.5500,0.0000,1.8700,0.1195,-1
KHAPRETA_510206,312368.860,2624163.200,130.2700,0.2369,2.1500,0.1374,-1
KHAPRETA_510206,312370.860,2624163.200,130.6500,0.4569,1.7700,0.1131,-1
KHAPRETA_510206,312376.860,2624163.200,130.5500,0.4019,1.8700,0.1195,-1
KHAPRETA_510206,312378.860,2624163.200,130.5900,0.4019,1.8300,0.1169,-1
KHAPRETA_510206,312381.860,2624163.200,130.6200,0.4169,1.8000,0.1150,-1
KHAPRETA_510206,312385.860,2624163.200,130.6900,0.4469,1.7300,0.1105,-1
KHAPRETA_510206,312387.860,2624163.200,130.7200,0.4719,1.7000,0.1086,-1
KHAPRETA_510206,312388.860,2624163.200,130.7200,0.4620,1.7000,0.1086,-1
KHAPRETA_510206,312389.860,2624163.200,130.7300,0.0050,1.6900,0.1080,-1
KHAPRETA_510206,312390.860,2624163.200,130.7300,0.4769,1.6900,0.1080,-1
KHAPRETA_510206,312400.860,2624163.200,130.8000,0.5069,1.6200,0.1035,-1
KHAPRETA_510206,312403.860,2624163.200,130.8000,0.0000,1.6200,0.1035,-1
KHAPRETA_510206,312407.860,2624163.200,130.8400,0.0000,1.5800,0.1010,-1
KHAPRETA_510206,312414.860,2624163.200,131.8600,0.5619,0.5600,0.0358,-1
KHAPRETA_510206,312433.860,2624163.200,131.7000,1.1819,0.7200,0.0460,-1
KHAPRETA_510206,312441.860,2624163.200,131.8400,1.0319,0.5800,0.0371,-1
KHAPRETA_510206,312444.860,2624163.200,131.8900,0.0700,0.5300,0.0339,-1
KHAPRETA_510206,312446.860,2624163.200,131.9800,0.0150,0.4400,0.0281,-1
KHAPRETA_510206,312454.860,2624163.200,132.0800,0.0000,0.3400,0.0217,-1
KHAPRETA_510206,312458.860,2624163.200,132.0400,1.2320,0.3800,0.0243,-1
KHAPRETA_510206,312459.860,2624163.200,132.2400,1.6620,0.1800,0.0115,-1
KHAPRETA_510206,312463.860,2624163.200,132.1800,0.0000,0.2400,0.0153,-1
KHAPRETA_510206,312479.860,2624163.200,131.6800,0.8969,0.7400,0.0473,-1
KHAPRETA_510206,312485.860,2624163.200,131.6900,1.1069,0.7300,0.0466,-1
KHAPRETA_510206,312492.860,2624163.200,131.5400,1.1819,0.8800,0.0562,-1
KHAPRETA_510206,312508.860,2624163.200,130.9700,0.0000,1.4500,0.0927,-1
KHAPRETA_510206,312513.860,2624163.200,131.0200,0.6419,1.4000,0.0895,-1
KHAPRETA_510206,312520.860,2624163.200,131.1200,0.7469,1.3000,0.0831,-1
KHAPRETA_510206,312521.860,2624163.200,131.2700,0.9574,1.1500,0.0735,-1
KHAPRETA_510206,312016.860,2624164.200,127.3900,0.0000,5.0300,0.3214,-1
KHAPRETA_510206,312019.860,2624164.200,124.0300,2.9281,8.3900,0.5361,-1
KHAPRETA_510206,312027.860,2624164.200,124.5000,2.8231,7.9200,0.5061,-1
KHAPRETA_510206,312028.860,2624164.200,124.1300,3.7878,8.2900,0.5297,-1
KHAPRETA_510206,312032.860,2624164.200,124.3400,2.7831,8.0800,0.5163,-1
KHAPRETA_510206,312036.860,2624164.200,123.9800,2.9281,8.4400,0.5393,-1
KHAPRETA_510206,312037.860,2624164.200,123.9200,2.8981,8.5000,0.5431,-1
KHAPRETA_510206,312046.860,2624164.200,127.9900,0.0000,4.4300,0.2831,-1
KHAPRETA_510206,312054.860,2624164.200,127.8400,0.0000,4.5800,0.2927,-1
KHAPRETA_510206,312057.860,2624164.200,128.2100,0.9142,4.2100,0.2690,-1
KHAPRETA_510206,312058.860,2624164.200,128.1500,1.2804,4.2700,0.2728,-1
KHAPRETA_510206,312060.860,2624164.200,128.0600,0.0000,4.3600,0.2786,-1
KHAPRETA_510206,312068.860,2624164.200,132.1600,0.0000,0.2600,0.0166,-1
KHAPRETA_510206,312077.860,2624164.200,127.2100,0.0000,5.2100,0.3329,-1
KHAPRETA_510206,312081.860,2624164.200,127.5300,0.9731,4.8900,0.3125,-1
KHAPRETA_510206,312082.860,2624164.200,127.8300,1.1231,4.5900,0.2933,-1
KHAPRETA_510206,312085.860,2624164.200,127.7900,0.0000,4.6300,0.2958,-1
KHAPRETA_510206,312091.860,2624164.200,127.8700,0.9631,4.5500,0.2907,-1
KHAPRETA_510206,312092.860,2624164.200,127.8500,0.9531,4.5700,0.2920,-1
KHAPRETA_510206,312096.860,2624164.200,127.9000,0.0000,4.5200,0.2888,-1
KHAPRETA_510206,312098.860,2624164.200,127.9800,1.2807,4.4400,0.2837,-1
KHAPRETA_510206,312099.860,2624164.200,127.9500,0.8981,4.4700,0.2856,-1
KHAPRETA_510206,312104.860,2624164.200,128.0800,0.0000,4.3400,0.2773,-1
KHAPRETA_510206,312113.860,2624164.200,127.8100,0.8081,4.6100,0.2946,-1
KHAPRETA_510206,312129.860,2624164.200,128.1400,0.0000,4.2800,0.2735,-1
KHAPRETA_510206,312140.860,2624164.200,128.6100,0.0000,3.8100,0.2435,-1
KHAPRETA_510206,312148.860,2624164.200,128.6900,0.0400,3.7300,0.2383,-1
KHAPRETA_510206,312155.860,2624164.200,128.7700,0.0000,3.6500,0.2332,-1
KHAPRETA_510206,312158.860,2624164.200,128.7800,0.4981,3.6400,0.2326,-1
KHAPRETA_510206,312164.860,2624164.200,128.8400,0.4481,3.5800,0.2288,-1
KHAPRETA_510206,312165.860,2624164.200,128.8800,0.5636,3.5400,0.2262,-1
KHAPRETA_510206,312166.860,2624164.200,128.7900,0.6589,3.6300,0.2319,-1
KHAPRETA_510206,312180.860,2624164.200,129.0200,0.2581,3.4000,0.2173,-1
KHAPRETA_510206,312181.860,2624164.200,129.2600,0.4495,3.1600,0.2019,-1
KHAPRETA_510206,312189.860,2624164.200,129.1800,0.2581,3.2400,0.2070,-1
KHAPRETA_510206,312192.860,2624164.200,129.2700,0.0000,3.1500,0.2013,-1
KHAPRETA_510206,312214.860,2624164.200,129.1100,0.0000,3.3100,0.2115,-1
KHAPRETA_510206,312216.860,2624164.200,129.3800,0.0000,3.0400,0.1942,-1
KHAPRETA_510206,312223.860,2624164.200,129.4900,0.1670,2.9300,0.1872,-1
KHAPRETA_510206,312224.860,2624164.200,129.5400,0.2059,2.8800,0.1840,-1
KHAPRETA_510206,312226.860,2624164.200,129.5100,0.0000,2.9100,0.1859,-1
KHAPRETA_510206,312236.860,2624164.200,130.0400,0.0819,2.3800,0.1521,-1
KHAPRETA_510206,312244.860,2624164.200,130.0500,0.0000,2.3700,0.1514,-1
KHAPRETA_510206,312249.860,2624164.200,130.1100,0.0000,2.3100,0.1476,-1
KHAPRETA_510206,312253.860,2624164.200,130.1700,0.0000,2.2500,0.1438,-1
KHAPRETA_510206,312261.860,2624164.200,130.2900,0.0000,2.1300,0.1361,-1
KHAPRETA_510206,312265.860,2624164.200,130.2300,0.0000,2.1900,0.1399,-1
KHAPRETA_510206,312268.860,2624164.200,130.1000,0.0000,2.3200,0.1482,-1
KHAPRETA_510206,312272.860,2624164.200,130.2300,0.2419,2.1900,0.1399,-1
KHAPRETA_510206,312277.860,2624164.200,130.1800,0.1669,2.2400,0.1431,-1
KHAPRETA_510206,312281.860,2624164.200,130.1900,0.0000,2.2300,0.1425,-1
KHAPRETA_510206,312283.860,2624164.200,130.2800,0.2819,2.1400,0.1367,-1
KHAPRETA_510206,312288.860,2624164.200,129.9400,0.2554,2.4800,0.1585,-1
KHAPRETA_510206,312289.860,2624164.200,130.2600,0.0819,2.1600,0.1380,-1
KHAPRETA_510206,312291.860,2624164.200,130.3200,0.2399,2.1000,0.1342,-1
KHAPRETA_510206,312292.860,2624164.200,130.1000,0.2719,2.3200,0.1482,-1
KHAPRETA_510206,312294.860,2624164.200,130.2000,0.1769,2.2200,0.1419,-1
KHAPRETA_510206,312301.860,2624164.200,130.1600,0.2856,2.2600,0.1444,-1
KHAPRETA_510206,312302.860,2624164.200,130.1800,0.1920,2.2400,0.1431,-1
KHAPRETA_510206,312304.860,2624164.200,130.0400,0.0000,2.3800,0.1521,-1
KHAPRETA_510206,312308.860,2624164.200,130.3800,0.2719,2.0400,0.1304,-1
KHAPRETA_510206,312315.860,2624164.200,130.4100,0.0000,2.0100,0.1284,-1
KHAPRETA_510206,312318.860,2624164.200,130.4200,0.0000,2.0000,0.1278,-1
KHAPRETA_510206,312327.860,2624164.200,130.4500,0.3019,1.9700,0.1259,-1
KHAPRETA_510206,312331.860,2624164.200,130.3000,0.3743,2.1200,0.1355,-1
KHAPRETA_510206,312332.860,2624164.200,130.1900,0.3369,2.2300,0.1425,-1
KHAPRETA_510206,312340.860,2624164.200,130.4100,0.3219,2.0100,0.1284,-1
KHAPRETA_510206,312343.860,2624164.200,130.5000,0.0000,1.9200,0.1227,-1
KHAPRETA_510206,312346.860,2624164.200,130.4900,0.3519,1.9300,0.1233,-1
KHAPRETA_510206,312350.860,2624164.200,130.4700,0.0000,1.9500,0.1246,-1
KHAPRETA_510206,312352.860,2624164.200,130.5500,0.0000,1.8700,0.1195,-1
KHAPRETA_510206,312355.860,2624164.200,130.3800,0.3919,2.0400,0.1304,-1
KHAPRETA_510206,312356.860,2624164.200,130.5600,0.4487,1.8600,0.1188,-1
KHAPRETA_510206,312359.860,2624164.200,130.5000,0.3569,1.9200,0.1227,-1
KHAPRETA_510206,312365.860,2624164.200,130.4700,0.2419,1.9500,0.1246,-1
KHAPRETA_510206,312368.860,2624164.200,130.2500,0.1900,2.1700,0.1387,-1
KHAPRETA_510206,312370.860,2624164.200,130.6900,0.4369,1.7300,0.1105,-1
KHAPRETA_510206,312375.860,2624164.200,130.5300,0.4019,1.8900,0.1208,-1
KHAPRETA_510206,312376.860,2624164.200,130.5800,0.5402,1.8400,0.1176,-1
KHAPRETA_510206,312380.860,2624164.200,130.6400,0.0000,1.7800,0.1137,-1
KHAPRETA_510206,312384.860,2624164.200,130.6700,0.0000,1.7500,0.1118,-1
KHAPRETA_510206,312388.860,2624164.200,130.7000,0.0050,1.7200,0.1099,-1
KHAPRETA_510206,312396.860,2624164.200,130.7800,0.0000,1.6400,0.1048,-1
KHAPRETA_510206,312400.860,2624164.200,130.7900,0.5119,1.6300,0.1042,-1
KHAPRETA_510206,312410.860,2624164.200,131.3300,0.0000,1.0900,0.0696,-1
KHAPRETA_510206,312435.860,2624164.200,131.4300,0.0000,0.9900,0.0633,-1
KHAPRETA_510206,312441.860,2624164.200,131.8400,1.0627,0.5800,0.0371,-1
KHAPRETA_510206,312442.860,2624164.200,131.9000,1.0319,0.5200,0.0332,-1
KHAPRETA_510206,312444.860,2624164.200,131.9700,0.0100,0.4500,0.0288,-1
KHAPRETA_510206,312446.860,2624164.200,131.9500,1.1019,0.4700,0.0300,-1
KHAPRETA_510206,312449.860,2624164.200,132.0000,0.0000,0.4200,0.0268,-1
KHAPRETA_510206,312453.860,2624164.200,132.0900,0.0000,0.3300,0.0211,-1
KHAPRETA_510206,312457.860,2624164.200,132.0900,1.6857,0.3300,0.0211,-1
KHAPRETA_510206,312458.860,2624164.200,132.1800,1.1335,0.2400,0.0153,-1
KHAPRETA_510206,312459.860,2624164.200,132.2100,1.7211,0.2100,0.0134,-1
KHAPRETA_510206,312465.860,2624164.200,132.0100,1.0319,0.4100,0.0262,-1
KHAPRETA_510206,312466.860,2624164.200,131.8400,1.1482,0.5800,0.0371,-1
KHAPRETA_510206,312467.860,2624164.200,131.7700,1.0319,0.6500,0.0415,-1
KHAPRETA_510206,312482.860,2624164.200,131.5500,0.0000,0.8700,0.0556,-1
KHAPRETA_510206,312484.860,2624164.200,131.6500,1.1069,0.7700,0.0492,-1
KHAPRETA_510206,312485.860,2624164.200,131.9900,0.9550,0.4300,0.0275,-1
KHAPRETA_510206,312491.860,2624164.200,131.5900,0.6469,0.8300,0.0530,-1
KHAPRETA_510206,312513.860,2624164.200,131.0600,0.0150,1.3600,0.0869,-1
KHAPRETA_510206,312515.860,2624164.200,131.0600,0.6769,1.3600,0.0869,-1
KHAPRETA_510206,312518.860,2624164.200,131.1800,0.0000,1.2400,0.0792,-1
KHAPRETA_510206,312521.860,2624164.200,131.1400,0.0800,1.2800,0.0818,-1
KHAPRETA_510206,312013.860,2624165.200,131.5900,0.1239,0.8300,0.0530,-1
KHAPRETA_510206,312014.860,2624165.200,129.6100,1.4443,2.8100,0.1796,-1
KHAPRETA_510206,312015.860,2624165.200,128.7300,0.0831,3.6900,0.2358,-1
KHAPRETA_510206,312025.860,2624165.200,124.0400,2.6731,8.3800,0.5355,-1
KHAPRETA_510206,312026.860,2624165.200,124.4300,2.8681,7.9900,0.5105,-1
KHAPRETA_510206,312028.860,2624165.200,124.3400,2.8231,8.0800,0.5163,-1
KHAPRETA_510206,312034.860,2624165.200,124.1900,0.0000,8.2300,0.5259,-1
KHAPRETA_510206,312044.860,2624165.200,123.8200,2.9781,8.6000,0.5495,-1
KHAPRETA_510206,312057.860,2624165.200,128.9400,0.2850,3.4800,0.2224,-1
KHAPRETA_510206,312070.860,2624165.200,129.5100,0.0000,2.9100,0.1859,-1
KHAPRETA_510206,312078.860,2624165.200,127.2200,0.0000,5.2000,0.3323,-1
KHAPRETA_510206,312094.860,2624165.200,127.8800,0.0000,4.5400,0.2901,-1
KHAPRETA_510206,312098.860,2624165.200,127.9800,0.8981,4.4400,0.2837,-1
KHAPRETA_510206,312105.860,2624165.200,128.0700,0.9331,4.3500,0.2780,-1
KHAPRETA_510206,312109.860,2624165.200,127.8300,1.2937,4.5900,0.2933,-1
KHAPRETA_510206,312110.860,2624165.200,128.1300,0.9731,4.2900,0.2741,-1
KHAPRETA_510206,312112.860,2624165.200,128.0900,0.0000,4.3300,0.2767,-1
KHAPRETA_510206,312126.860,2624165.200,127.7500,0.8281,4.6700,0.2984,-1
KHAPRETA_510206,312133.860,2624165.200,128.3500,0.0000,4.0700,0.2601,-1
KHAPRETA_510206,312135.860,2624165.200,128.3400,0.6981,4.0800,0.2607,-1
KHAPRETA_510206,312139.860,2624165.200,128.5100,0.5731,3.9100,0.2498,-1
KHAPRETA_510206,312142.860,2624165.200,128.6800,0.0000,3.7400,0.2390,-1
KHAPRETA_510206,312144.860,2624165.200,128.6800,0.5381,3.7400,0.2390,-1
KHAPRETA_510206,312145.860,2624165.200,128.7000,0.5481,3.7200,0.2377,-1
KHAPRETA_510206,312148.860,2624165.200,128.7200,0.0250,3.7000,0.2364,-1
KHAPRETA_510206,312158.860,2624165.200,128.7800,0.4981,3.6400,0.2326,-1
KHAPRETA_510206,312160.860,2624165.200,128.8000,0.4981,3.6200,0.2313,-1
KHAPRETA_510206,312161.860,2624165.200,128.7800,0.6867,3.6400,0.2326,-1
KHAPRETA_510206,312166.860,2624165.200,128.8100,0.4931,3.6100,0.2307,-1
KHAPRETA_510206,312172.860,2624165.200,129.0200,0.2731,3.4000,0.2173,-1
KHAPRETA_510206,312174.860,2624165.200,128.8100,0.4131,3.6100,0.2307,-1
KHAPRETA_510206,312175.860,2624165.200,128.9500,0.5925,3.4700,0.2217,-1
KHAPRETA_510206,312177.860,2624165.200,129.0400,0.0000,3.3800,0.2160,-1
KHAPRETA_510206,312187.860,2624165.200,129.3600,0.0000,3.0600,0.1955,-1
KHAPRETA_510206,312189.860,2624165.200,129.2600,0.0150,3.1600,0.2019,-1
KHAPRETA_510206,312193.860,2624165.200,129.3400,0.3181,3.0800,0.1968,-1
KHAPRETA_510206,312194.860,2624165.200,129.1400,0.4065,3.2800,0.2096,-1
KHAPRETA_510206,312196.860,2624165.200,129.2200,0.2631,3.2000,0.2045,-1
KHAPRETA_510206,312197.860,2624165.200,129.2500,0.2781,3.1700,0.2026,-1
KHAPRETA_510206,312202.860,2624165.200,129.4800,0.0000,2.9400,0.1879,-1
KHAPRETA_510206,312204.860,2624165.200,129.1700,0.2381,3.2500,0.2077,-1
KHAPRETA_510206,312209.860,2624165.200,129.5200,0.0000,2.9000,0.1853,-1
KHAPRETA_510206,312221.860,2624165.200,129.5200,0.1381,2.9000,0.1853,-1
KHAPRETA_510206,312222.860,2624165.200,129.5000,0.1281,2.9200,0.1866,-1
KHAPRETA_510206,312225.860,2624165.200,129.4900,0.0000,2.9300,0.1872,-1
KHAPRETA_510206,312232.860,2624165.200,129.5500,0.0000,2.8700,0.1834,-1
KHAPRETA_510206,312235.860,2624165.200,129.9500,0.0000,2.4700,0.1578,-1
KHAPRETA_510206,312240.860,2624165.200,129.9700,0.0219,2.4500,0.1565,-1
KHAPRETA_510206,312245.860,2624165.200,130.1000,0.2019,2.3200,0.1482,-1
KHAPRETA_510206,312246.860,2624165.200,130.1800,0.1619,2.2400,0.1431,-1
KHAPRETA_510206,312248.860,2624165.200,130.1500,0.0000,2.2700,0.1450,-1
KHAPRETA_510206,312254.860,2624165.200,130.2100,0.0000,2.2100,0.1412,-1
KHAPRETA_510206,312256.860,2624165.200,130.1700,0.0000,2.2500,0.1438,-1
KHAPRETA_510206,312259.860,2624165.200,130.2900,0.0000,2.1300,0.1361,-1
KHAPRETA_510206,312270.860,2624165.200,130.0000,0.0000,2.4200,0.1546,-1
KHAPRETA_510206,312273.860,2624165.200,130.2000,0.0000,2.2200,0.1419,-1
KHAPRETA_510206,312275.860,2624165.200,130.2500,0.3288,2.1700,0.1387,-1
KHAPRETA_510206,312276.860,2624165.200,130.3100,0.0700,2.1100,0.1348,-1
KHAPRETA_510206,312277.860,2624165.200,130.1100,0.0951,2.3100,0.1476,-1
KHAPRETA_510206,312278.860,2624165.200,130.1200,0.1669,2.3000,0.1470,-1
KHAPRETA_510206,312296.860,2624165.200,130.0900,0.1769,2.3300,0.1489,-1
KHAPRETA_510206,312297.860,2624165.200,130.1300,0.1569,2.2900,0.1463,-1
KHAPRETA_510206,312299.860,2624165.200,130.3000,0.1819,2.1200,0.1355,-1
KHAPRETA_510206,312300.860,2624165.200,130.1400,0.0600,2.2800,0.1457,-1
KHAPRETA_510206,312301.860,2624165.200,130.1800,0.2043,2.2400,0.1431,-1
KHAPRETA_510206,312302.860,2624165.200,130.2800,0.0750,2.1400,0.1367,-1
KHAPRETA_510206,312303.860,2624165.200,130.3000,0.3528,2.1200,0.1355,-1
KHAPRETA_510206,312305.860,2624165.200,130.1900,0.3518,2.2300,0.1425,-1
KHAPRETA_510206,312306.860,2624165.200,130.3300,0.2069,2.0900,0.1335,-1
KHAPRETA_510206,312309.860,2624165.200,130.3600,0.2269,2.0600,0.1316,-1
KHAPRETA_510206,312310.860,2624165.200,130.2300,0.2919,2.1900,0.1399,-1
KHAPRETA_510206,312312.860,2624165.200,130.1700,0.3169,2.2500,0.1438,-1
KHAPRETA_510206,312313.860,2624165.200,130.4100,0.1550,2.0100,0.1284,-1
KHAPRETA_510206,312314.860,2624165.200,130.4800,0.4662,1.9400,0.1240,-1
KHAPRETA_510206,312322.860,2624165.200,130.4300,0.3119,1.9900,0.1272,-1
KHAPRETA_510206,312324.860,2624165.200,130.3800,0.0000,2.0400,0.1304,-1
KHAPRETA_510206,312337.860,2624165.200,130.5000,0.0000,1.9200,0.1227,-1
KHAPRETA_510206,312341.860,2624165.200,130.5200,0.0000,1.9000,0.1214,-1
KHAPRETA_510206,312344.860,2624165.200,130.5000,0.0000,1.9200,0.1227,-1
KHAPRETA_510206,312356.860,2624165.200,130.4400,0.3919,1.9800,0.1265,-1
KHAPRETA_510206,312364.860,2624165.200,130.4900,0.2419,1.9300,0.1233,-1
KHAPRETA_510206,312365.860,2624165.200,130.2600,0.3782,2.1600,0.1380,-1
KHAPRETA_510206,312367.860,2624165.200,130.5100,0.6179,1.9100,0.1220,-1
KHAPRETA_510206,312368.860,2624165.200,130.6500,0.2457,1.7700,0.1131,-1
KHAPRETA_510206,312369.860,2624165.200,130.6400,0.4369,1.7800,0.1137,-1
KHAPRETA_510206,312372.860,2624165.200,130.5800,0.0000,1.8400,0.1176,-1
KHAPRETA_510206,312386.860,2624165.200,130.7900,0.0000,1.6300,0.1042,-1
KHAPRETA_510206,312388.860,2624165.200,130.7100,0.4619,1.7100,0.1093,-1
KHAPRETA_510206,312392.860,2624165.200,130.7400,0.5069,1.6800,0.1073,-1
KHAPRETA_510206,312393.860,2624165.200,130.7900,0.6851,1.6300,0.1042,-1
KHAPRETA_510206,312398.860,2624165.200,130.8600,0.0000,1.5600,0.0997,-1
KHAPRETA_510206,312401.860,2624165.200,130.8300,0.0000,1.5900,0.1016,-1
KHAPRETA_510206,312404.860,2624165.200,130.7700,0.0000,1.6500,0.1054,-1
KHAPRETA_510206,312407.860,2624165.200,130.8900,0.0000,1.5300,0.0978,-1
KHAPRETA_510206,312409.860,2624165.200,131.4700,0.0000,0.9500,0.0607,-1
KHAPRETA_510206,312428.860,2624165.200,131.5900,0.9119,0.8300,0.0530,-1
KHAPRETA_510206,312429.860,2624165.200,131.6000,0.9069,0.8200,0.0524,-1
KHAPRETA_510206,312431.860,2624165.200,131.7600,0.9369,0.6600,0.0422,-1
KHAPRETA_510206,312439.860,2624165.200,131.7500,0.0000,0.6700,0.0428,-1
KHAPRETA_510206,312441.860,2624165.200,131.9200,1.0319,0.5000,0.0319,-1
KHAPRETA_510206,312444.860,2624165.200,131.8700,1.0969,0.5500,0.0351,-1
KHAPRETA_510206,312457.860,2624165.200,132.1400,0.0400,0.2800,0.0179,-1
KHAPRETA_510206,312460.860,2624165.200,132.1900,1.1769,0.2300,0.0147,-1
KHAPRETA_510206,312464.860,2624165.200,132.2900,0.0000,0.1300,0.0083,-1
KHAPRETA_510206,312466.860,2624165.200,132.0600,1.0319,0.3600,0.0230,-1
KHAPRETA_510206,312468.860,2624165.200,131.6900,0.0000,0.7300,0.0466,-1
KHAPRETA_510206,312483.860,2624165.200,131.9600,0.0000,0.4600,0.0294,-1
KHAPRETA_510206,312485.860,2624165.200,132.0600,1.1659,0.3600,0.0230,-1
KHAPRETA_510206,312486.860,2624165.200,132.0800,0.4450,0.3400,0.0217,-1
KHAPRETA_510206,312487.860,2624165.200,131.1700,1.5008,1.2500,0.0799,-1
KHAPRETA_510206,312491.860,2624165.200,131.0700,0.8208,1.3500,0.0863,-1
KHAPRETA_510206,312492.860,2624165.200,131.3900,0.8558,1.0300,0.0658,-1
KHAPRETA_510206,312493.860,2624165.200,132.0200,0.8069,0.4000,0.0256,-1
KHAPRETA_510206,312502.860,2624165.200,130.9300,0.0000,1.4900,0.0952,-1
KHAPRETA_510206,312506.860,2624165.200,131.0000,0.0000,1.4200,0.0907,-1
KHAPRETA_510206,312508.860,2624165.200,131.0400,0.6269,1.3800,0.0882,-1
KHAPRETA_510206,312509.860,2624165.200,131.0300,0.6319,1.3900,0.0888,-1
KHAPRETA_510206,312511.860,2624165.200,131.0400,0.6219,1.3800,0.0882,-1
KHAPRETA_510206,312513.860,2624165.200,130.9900,0.6419,1.4300,0.0914,-1
KHAPRETA_510206,312515.860,2624165.200,131.1300,0.6419,1.2900,0.0824,-1
KHAPRETA_510206,312521.860,2624165.200,131.4300,1.3087,0.9900,0.0633,-1
KHAPRETA_510206,312522.860,2624165.200,132.0100,1.2876,0.4100,0.0262,-1
KHAPRETA_510206,312012.860,2624166.200,132.2200,0.0919,0.2000,0.0128,-1
KHAPRETA_510206,312013.860,2624166.200,129.9600,1.6891,2.4600,0.1572,-1
KHAPRETA_510206,312014.860,2624166.200,129.3700,0.1239,3.0500,0.1949,-1
KHAPRETA_510206,312016.860,2624166.200,129.0700,0.0000,3.3500,0.2141,-1
KHAPRETA_510206,312027.860,2624166.200,124.0900,2.9131,8.3300,0.5323,-1
KHAPRETA_510206,312030.860,2624166.200,124.1800,2.8681,8.2400,0.5265,-1
KHAPRETA_510206,312035.860,2624166.200,124.1800,0.0000,8.2400,0.5265,-1
KHAPRETA_510206,312043.860,2624166.200,123.8500,2.9781,8.5700,0.5476,-1
KHAPRETA_510206,312044.860,2624166.200,123.8200,0.1432,8.6000,0.5495,-1
KHAPRETA_510206,312045.860,2624166.200,123.7300,2.9781,8.6900,0.5553,-1
KHAPRETA_510206,312057.860,2624166.200,128.7800,0.4181,3.6400,0.2326,-1
KHAPRETA_510206,312075.860,2624166.200,130.9100,0.4169,1.5100,0.0965,-1
KHAPRETA_510206,312076.860,2624166.200,130.6100,0.5669,1.8100,0.1157,-1
KHAPRETA_510206,312083.860,2624166.200,127.6100,0.0000,4.8100,0.3073,-1
KHAPRETA_510206,312086.860,2624166.200,127.8100,0.9681,4.6100,0.2946,-1
KHAPRETA_510206,312088.860,2624166.200,127.7700,0.9081,4.6500,0.2971,-1
KHAPRETA_510206,312089.860,2624166.200,127.9600,1.4115,4.4600,0.2850,-1
KHAPRETA_510206,312092.860,2624166.200,127.8200,0.9481,4.6000,0.2939,-1
KHAPRETA_510206,312093.860,2624166.200,127.8800,0.9781,4.5400,0.2901,-1
KHAPRETA_510206,312099.860,2624166.200,127.8900,0.0000,4.5300,0.2895,-1
KHAPRETA_510206,312102.860,2624166.200,127.7200,0.0000,4.7000,0.3003,-1
KHAPRETA_510206,312105.860,2624166.200,127.9100,0.8531,4.5100,0.2882,-1
KHAPRETA_510206,312109.860,2624166.200,127.7800,0.1200,4.6400,0.2965,-1
KHAPRETA_510206,312125.860,2624166.200,128.3200,1.0798,4.1000,0.2620,-1
KHAPRETA_510206,312126.860,2624166.200,128.1200,0.3427,4.3000,0.2748,-1
KHAPRETA_510206,312127.860,2624166.200,128.0500,1.0734,4.3700,0.2792,-1
KHAPRETA_510206,312131.860,2624166.200,128.6600,0.0000,3.7600,0.2403,-1
KHAPRETA_510206,312135.860,2624166.200,128.3800,0.9945,4.0400,0.2581,-1
KHAPRETA_510206,312136.860,2624166.200,128.4000,0.6981,4.0200,0.2569,-1
KHAPRETA_510206,312139.860,2624166.200,128.6300,0.6331,3.7900,0.2422,-1
KHAPRETA_510206,312141.860,2624166.200,128.5500,0.0000,3.8700,0.2473,-1
KHAPRETA_510206,312146.860,2624166.200,128.6500,0.0000,3.7700,0.2409,-1
KHAPRETA_510206,312148.860,2624166.200,128.7400,0.5281,3.6800,0.2351,-1
KHAPRETA_510206,312161.860,2624166.200,128.8100,0.0250,3.6100,0.2307,-1
KHAPRETA_510206,312165.860,2624166.200,128.8800,0.0000,3.5400,0.2262,-1
KHAPRETA_510206,312167.860,2624166.200,128.8600,0.5331,3.5600,0.2275,-1
KHAPRETA_510206,312168.860,2624166.200,128.7100,0.4581,3.7100,0.2371,-1
KHAPRETA_510206,312170.860,2624166.200,129.0800,0.3031,3.3400,0.2134,-1
KHAPRETA_510206,312171.860,2624166.200,129.1700,0.3316,3.2500,0.2077,-1
KHAPRETA_510206,312172.860,2624166.200,129.2300,0.4031,3.1900,0.2038,-1
KHAPRETA_510206,312173.860,2624166.200,128.8900,0.4268,3.5300,0.2256,-1
KHAPRETA_510206,312175.860,2624166.200,129.0900,0.0550,3.3300,0.2128,-1
KHAPRETA_510206,312178.860,2624166.200,129.2400,0.0000,3.1800,0.2032,-1
KHAPRETA_510206,312181.860,2624166.200,129.2200,0.0000,3.2000,0.2045,-1
KHAPRETA_510206,312184.860,2624166.200,129.2100,0.0000,3.2100,0.2051,-1
KHAPRETA_510206,312189.860,2624166.200,129.2100,0.3830,3.2100,0.2051,-1
KHAPRETA_510206,312190.860,2624166.200,129.2100,0.2831,3.2100,0.2051,-1
KHAPRETA_510206,312194.860,2624166.200,129.0900,0.3181,3.3300,0.2128,-1
KHAPRETA_510206,312204.860,2624166.200,129.3000,0.3031,3.1200,0.1994,-1
KHAPRETA_510206,312207.860,2624166.200,129.6300,0.3431,2.7900,0.1783,-1
KHAPRETA_510206,312210.860,2624166.200,129.4300,0.0000,2.9900,0.1911,-1
KHAPRETA_510206,312223.860,2624166.200,129.5300,0.0000,2.8900,0.1847,-1
KHAPRETA_510206,312231.860,2624166.200,129.5200,0.1331,2.9000,0.1853,-1
KHAPRETA_510206,312234.860,2624166.200,129.5600,0.0000,2.8600,0.1827,-1
KHAPRETA_510206,312236.860,2624166.200,129.8700,0.0000,2.5500,0.1629,-1
KHAPRETA_510206,312240.860,2624166.200,129.8200,0.1481,2.6000,0.1661,-1
KHAPRETA_510206,312241.860,2624166.200,130.0000,0.1250,2.4200,0.1546,-1
KHAPRETA_510206,312242.860,2624166.200,130.0700,0.1847,2.3500,0.1502,-1
KHAPRETA_510206,312250.860,2624166.200,130.1300,0.1419,2.2900,0.1463,-1
KHAPRETA_510206,312251.860,2624166.200,130.0600,0.2018,2.3600,0.1508,-1
KHAPRETA_510206,312262.860,2624166.200,130.2300,0.0000,2.1900,0.1399,-1
KHAPRETA_510206,312265.860,2624166.200,130.2900,0.2569,2.1300,0.1361,-1
KHAPRETA_510206,312268.860,2624166.200,130.1300,0.0519,2.2900,0.1463,-1
KHAPRETA_510206,312269.860,2624166.200,129.8800,0.2761,2.5400,0.1623,-1
KHAPRETA_510206,312275.860,2624166.200,130.1600,0.0050,2.2600,0.1444,-1
KHAPRETA_510206,312277.860,2624166.200,130.1900,0.1669,2.2300,0.1425,-1
KHAPRETA_510206,312282.860,2624166.200,130.2700,0.2119,2.1500,0.1374,-1
KHAPRETA_510206,312285.860,2624166.200,130.2400,0.1819,2.1800,0.1393,-1
KHAPRETA_510206,312286.860,2624166.200,130.1400,0.2319,2.2800,0.1457,-1
KHAPRETA_510206,312289.860,2624166.200,129.9000,0.2208,2.5200,0.1610,-1
KHAPRETA_510206,312290.860,2624166.200,130.1900,0.0619,2.2300,0.1425,-1
KHAPRETA_510206,312293.860,2624166.200,130.2100,0.0000,2.2100,0.1412,-1
KHAPRETA_510206,312295.860,2624166.200,130.2000,0.0000,2.2200,0.1419,-1
KHAPRETA_510206,312302.860,2624166.200,130.2700,0.2494,2.1500,0.1374,-1
KHAPRETA_510206,312303.860,2624166.200,130.2700,0.3600,2.1500,0.1374,-1
KHAPRETA_510206,312305.860,2624166.200,130.2100,0.2069,2.2100,0.1412,-1
KHAPRETA_510206,312307.860,2624166.200,130.2800,0.0000,2.1400,0.1367,-1
KHAPRETA_510206,312311.860,2624166.200,130.3300,0.0000,2.0900,0.1335,-1
KHAPRETA_510206,312314.860,2624166.200,130.4600,0.0300,1.9600,0.1252,-1
KHAPRETA_510206,312322.860,2624166.200,130.4000,0.4804,2.0200,0.1291,-1
KHAPRETA_510206,312323.860,2624166.200,130.4800,0.3119,1.9400,0.1240,-1
KHAPRETA_510206,312327.860,2624166.200,130.4900,0.2969,1.9300,0.1233,-1
KHAPRETA_510206,312329.860,2624166.200,130.3300,0.0000,2.0900,0.1335,-1
KHAPRETA_510206,312334.860,2624166.200,130.2200,0.2569,2.2000,0.1406,-1
KHAPRETA_510206,312338.860,2624166.200,130.4000,0.0000,2.0200,0.1291,-1
KHAPRETA_510206,312347.860,2624166.200,130.5400,0.3469,1.8800,0.1201,-1
KHAPRETA_510206,312349.860,2624166.200,130.4900,0.0000,1.9300,0.1233,-1
KHAPRETA_510206,312351.860,2624166.200,130.4900,0.0000,1.9300,0.1233,-1
KHAPRETA_510206,312353.860,2624166.200,130.5800,0.0000,1.8400,0.1176,-1
KHAPRETA_510206,312365.860,2624166.200,130.2200,0.4354,2.2000,0.1406,-1
KHAPRETA_510206,312366.860,2624166.200,130.5000,0.2150,1.9200,0.1227,-1
KHAPRETA_510206,312367.860,2624166.200,130.6500,0.5154,1.7700,0.1131,-1
KHAPRETA_510206,312381.860,2624166.200,130.6600,0.4569,1.7600,0.1125,-1
KHAPRETA_510206,312382.860,2624166.200,130.6900,0.4419,1.7300,0.1105,-1
KHAPRETA_510206,312385.860,2624166.200,130.7400,0.4719,1.6800,0.1073,-1
KHAPRETA_510206,312389.860,2624166.200,130.7600,0.0000,1.6600,0.1061,-1
KHAPRETA_510206,312391.860,2624166.200,130.8400,0.0000,1.5800,0.1010,-1
KHAPRETA_510206,312393.860,2624166.200,130.7500,0.7029,1.6700,0.1067,-1
KHAPRETA_510206,312394.860,2624166.200,130.7500,0.4869,1.6700,0.1067,-1
KHAPRETA_510206,312396.860,2624166.200,130.7800,0.5069,1.6400,0.1048,-1
KHAPRETA_510206,312399.860,2624166.200,130.8000,0.0000,1.6200,0.1035,-1
KHAPRETA_510206,312408.860,2624166.200,131.9700,0.0000,0.4500,0.0288,-1
KHAPRETA_510206,312425.860,2624166.200,132.3500,1.2419,0.0700,0.0045,-1
KHAPRETA_510206,312431.860,2624166.200,131.6500,0.0200,0.7700,0.0492,-1
KHAPRETA_510206,312435.860,2624166.200,131.7700,0.0000,0.6500,0.0415,-1
KHAPRETA_510206,312445.860,2624166.200,131.8100,0.0000,0.6100,0.0390,-1
KHAPRETA_510206,312457.860,2624166.200,132.0100,1.1819,0.4100,0.0262,-1
KHAPRETA_510206,312460.860,2624166.200,132.1300,1.7069,0.2900,0.0185,-1
KHAPRETA_510206,312461.860,2624166.200,132.1900,1.1769,0.2300,0.0147,-1
KHAPRETA_510206,312467.860,2624166.200,132.4000,0.0000,0.0200,0.0013,-1
KHAPRETA_510206,312482.860,2624166.200,131.3800,0.0000,1.0400,0.0665,-1
KHAPRETA_510206,312485.860,2624166.200,132.3500,0.1750,0.0700,0.0045,-1
KHAPRETA_510206,312487.860,2624166.200,131.7000,0.6969,0.7200,0.0460,-1
KHAPRETA_510206,312491.860,2624166.200,131.2900,0.9620,1.1300,0.0722,-1
KHAPRETA_510206,312492.860,2624166.200,131.2000,0.7972,1.2200,0.0780,-1
KHAPRETA_510206,312503.860,2624166.200,130.9500,0.6169,1.4700,0.0939,-1
KHAPRETA_510206,312504.860,2624166.200,131.0100,0.5869,1.4100,0.0901,-1
KHAPRETA_510206,312511.860,2624166.200,131.0200,0.0400,1.4000,0.0895,-1
KHAPRETA_510206,312517.860,2624166.200,131.5900,0.8969,0.8300,0.0530,-1
KHAPRETA_510206,312518.860,2624166.200,131.5700,1.0393,0.8500,0.0543,-1
KHAPRETA_510206,312519.860,2624166.200,131.9100,0.0550,0.5100,0.0326,-1
KHAPRETA_510206,312520.860,2624166.200,131.6800,1.0669,0.7400,0.0473,-1
KHAPRETA_510206,312522.860,2624166.200,131.7500,0.1300,0.6700,0.0428,-1
KHAPRETA_510206,312017.860,2624167.200,129.7600,0.0631,2.6600,0.1700,-1
KHAPRETA_510206,312018.860,2624167.200,129.6500,0.7427,2.7700,0.1770,-1
KHAPRETA_510206,312019.860,2624167.200,128.2800,0.0631,4.1400,0.2645,-1
KHAPRETA_510206,312027.860,2624167.200,123.9500,2.8431,8.4700,0.5412,-1
KHAPRETA_510206,312030.860,2624167.200,124.0400,4.0104,8.3800,0.5355,-1
KHAPRETA_510206,312031.860,2624167.200,124.0300,2.8681,8.3900,0.5361,-1
KHAPRETA_510206,312034.860,2624167.200,124.1900,0.0000,8.2300,0.5259,-1
KHAPRETA_510206,312037.860,2624167.200,124.1400,0.0000,8.2800,0.5291,-1
KHAPRETA_510206,312044.860,2624167.200,124.0800,0.3200,8.3400,0.5329,-1
KHAPRETA_510206,312080.860,2624167.200,127.2600,1.0581,5.1600,0.3297,-1
KHAPRETA_510206,312081.860,2624167.200,127.6600,0.2300,4.7600,0.3042,-1
KHAPRETA_510206,312082.860,2624167.200,127.7200,1.0581,4.7000,0.3003,-1
KHAPRETA_510206,312086.860,2624167.200,127.8400,0.9831,4.5800,0.2927,-1
KHAPRETA_510206,312089.860,2624167.200,127.7900,0.1500,4.6300,0.2958,-1
KHAPRETA_510206,312094.860,2624167.200,127.9500,1.3337,4.4700,0.2856,-1
KHAPRETA_510206,312095.860,2624167.200,127.8800,0.0300,4.5400,0.2901,-1
KHAPRETA_510206,312096.860,2624167.200,128.0100,0.0500,4.4100,0.2818,-1
KHAPRETA_510206,312097.860,2624167.200,127.9800,1.2595,4.4400,0.2837,-1
KHAPRETA_510206,312100.860,2624167.200,128.0400,0.8631,4.3800,0.2799,-1
KHAPRETA_510206,312101.860,2624167.200,128.0500,1.3040,4.3700,0.2792,-1
KHAPRETA_510206,312106.860,2624167.200,128.0700,0.0000,4.3500,0.2780,-1
KHAPRETA_510206,312108.860,2624167.200,127.9900,0.8531,4.4300,0.2831,-1
KHAPRETA_510206,312109.860,2624167.200,128.0700,0.0453,4.3500,0.2780,-1
KHAPRETA_510206,312110.860,2624167.200,128.0800,0.0400,4.3400,0.2773,-1
KHAPRETA_510206,312111.860,2624167.200,127.9900,0.8481,4.4300,0.2831,-1
KHAPRETA_510206,312124.860,2624167.200,128.3000,0.6931,4.1200,0.2633,-1
KHAPRETA_510206,312125.860,2624167.200,128.3900,0.7292,4.0300,0.2575,-1
KHAPRETA_510206,312126.860,2624167.200,128.3800,0.8281,4.0400,0.2581,-1
KHAPRETA_510206,312127.860,2624167.200,128.4100,0.7209,4.0100,0.2562,-1
KHAPRETA_510206,312134.860,2624167.200,128.3100,0.0000,4.1100,0.2626,-1
KHAPRETA_510206,312147.860,2624167.200,128.7000,0.0000,3.7200,0.2377,-1
KHAPRETA_510206,312151.860,2624167.200,128.6900,0.5581,3.7300,0.2383,-1
KHAPRETA_510206,312154.860,2624167.200,128.6700,0.0000,3.7500,0.2396,-1
KHAPRETA_510206,312161.860,2624167.200,128.8300,0.7268,3.5900,0.2294,-1
KHAPRETA_510206,312162.860,2624167.200,128.6900,0.6726,3.7300,0.2383,-1
KHAPRETA_510206,312171.860,2624167.200,129.1300,0.3031,3.2900,0.2102,-1
KHAPRETA_510206,312173.860,2624167.200,129.1200,0.6592,3.3000,0.2109,-1
KHAPRETA_510206,312174.860,2624167.200,128.8000,0.0300,3.6200,0.2313,-1
KHAPRETA_510206,312175.860,2624167.200,129.0600,0.3744,3.3600,0.2147,-1
KHAPRETA_510206,312176.860,2624167.200,129.1000,0.5853,3.3200,0.2121,-1
KHAPRETA_510206,312186.860,2624167.200,129.0800,0.0000,3.3400,0.2134,-1
KHAPRETA_510206,312188.860,2624167.200,129.1700,0.0000,3.2500,0.2077,-1
KHAPRETA_510206,312191.860,2624167.200,129.1900,0.3181,3.2300,0.2064,-1
KHAPRETA_510206,312193.860,2624167.200,129.2600,0.0000,3.1600,0.2019,-1
KHAPRETA_510206,312197.860,2624167.200,129.2700,0.0000,3.1500,0.2013,-1
KHAPRETA_510206,312200.860,2624167.200,129.3300,0.3484,3.0900,0.1974,-1
KHAPRETA_510206,312201.860,2624167.200,129.2100,0.0850,3.2100,0.2051,-1
KHAPRETA_510206,312202.860,2624167.200,129.1600,0.1250,3.2600,0.2083,-1
KHAPRETA_510206,312203.860,2624167.200,129.4600,0.3863,2.9600,0.1891,-1
KHAPRETA_510206,312206.860,2624167.200,129.5100,0.3431,2.9100,0.1859,-1
KHAPRETA_510206,312207.860,2624167.200,129.0900,0.1518,3.3300,0.2128,-1
KHAPRETA_510206,312209.860,2624167.200,129.4400,0.0000,2.9800,0.1904,-1
KHAPRETA_510206,312212.860,2624167.200,129.4900,0.1481,2.9300,0.1872,-1
KHAPRETA_510206,312220.860,2624167.200,129.5000,0.0000,2.9200,0.1866,-1
KHAPRETA_510206,312222.860,2624167.200,129.5400,0.1181,2.8800,0.1840,-1
KHAPRETA_510206,312224.860,2624167.200,129.5300,0.1331,2.8900,0.1847,-1
KHAPRETA_510206,312225.860,2624167.200,129.5100,0.1231,2.9100,0.1859,-1
KHAPRETA_510206,312229.860,2624167.200,129.5300,0.1131,2.8900,0.1847,-1
KHAPRETA_510206,312230.860,2624167.200,129.5500,0.0100,2.8700,0.1834,-1
KHAPRETA_510206,312231.860,2624167.200,129.5100,0.1708,2.9100,0.1859,-1
KHAPRETA_510206,312233.860,2624167.200,129.5000,0.0000,2.9200,0.1866,-1
KHAPRETA_510206,312235.860,2624167.200,129.5900,0.0000,2.8300,0.1808,-1
KHAPRETA_510206,312242.860,2624167.200,130.0700,0.1909,2.3500,0.1502,-1
KHAPRETA_510206,312243.860,2624167.200,130.0200,0.1469,2.4000,0.1534,-1
KHAPRETA_510206,312251.860,2624167.200,129.9700,0.1438,2.4500,0.1565,-1
KHAPRETA_510206,312252.860,2624167.200,129.7300,0.1802,2.6900,0.1719,-1
KHAPRETA_510206,312260.860,2624167.200,130.2400,0.0000,2.1800,0.1393,-1
KHAPRETA_510206,312265.860,2624167.200,130.2900,0.2569,2.1300,0.1361,-1
KHAPRETA_510206,312269.860,2624167.200,130.2000,0.1951,2.2200,0.1419,-1
KHAPRETA_510206,312270.860,2624167.200,129.9000,0.2119,2.5200,0.1610,-1
KHAPRETA_510206,312272.860,2624167.200,130.1900,0.0000,2.2300,0.1425,-1
KHAPRETA_510206,312274.860,2624167.200,130.2700,0.2419,2.1500,0.1374,-1
KHAPRETA_510206,312275.860,2624167.200,130.2600,0.1897,2.1600,0.1380,-1
KHAPRETA_510206,312276.860,2624167.200,129.9100,0.2419,2.5100,0.1604,-1
KHAPRETA_510206,312282.860,2624167.200,130.2000,0.2469,2.2200,0.1419,-1
KHAPRETA_510206,312289.860,2624167.200,129.9300,0.0619,2.4900,0.1591,-1
KHAPRETA_510206,312292.860,2624167.200,130.2500,0.2319,2.1700,0.1387,-1
KHAPRETA_510206,312296.860,2624167.200,130.1000,0.0000,2.3200,0.1482,-1
KHAPRETA_510206,312300.860,2624167.200,130.2900,0.0000,2.1300,0.1361,-1
KHAPRETA_510206,312302.860,2624167.200,130.3500,0.2469,2.0700,0.1323,-1
KHAPRETA_510206,312304.860,2624167.200,130.2500,0.0000,2.1700,0.1387,-1
KHAPRETA_510206,312312.860,2624167.200,130.3100,0.0000,2.1100,0.1348,-1
KHAPRETA_510206,312314.860,2624167.200,130.4200,0.3419,2.0000,0.1278,-1
KHAPRETA_510206,312317.860,2624167.200,130.4300,0.3419,1.9900,0.1272,-1
KHAPRETA_510206,312318.860,2624167.200,130.4600,0.3269,1.9600,0.1252,-1
KHAPRETA_510206,312321.860,2624167.200,130.4900,0.3569,1.9300,0.1233,-1
KHAPRETA_510206,312327.860,2624167.200,130.3700,0.3569,2.0500,0.1310,-1
KHAPRETA_510206,312331.860,2624167.200,130.4300,0.0000,1.9900,0.1272,-1
KHAPRETA_510206,312334.860,2624167.200,130.2900,0.2219,2.1300,0.1361,-1
KHAPRETA_510206,312343.860,2624167.200,130.3300,0.3819,2.0900,0.1335,-1
KHAPRETA_510206,312347.860,2624167.200,130.4700,0.3819,1.9500,0.1246,-1
KHAPRETA_510206,312352.860,2624167.200,130.4000,0.0000,2.0200,0.1291,-1
KHAPRETA_510206,312356.860,2624167.200,130.6000,0.0000,1.8200,0.1163,-1
KHAPRETA_510206,312368.860,2624167.200,130.6300,0.4169,1.7900,0.1144,-1
KHAPRETA_510206,312370.860,2624167.200,130.6400,0.0000,1.7800,0.1137,-1
KHAPRETA_510206,312376.860,2624167.200,130.6100,0.4219,1.8100,0.1157,-1
KHAPRETA_510206,312385.860,2624167.200,130.7200,0.4819,1.7000,0.1086,-1
KHAPRETA_510206,312396.860,2624167.200,130.7900,0.5019,1.6300,0.1042,-1
KHAPRETA_510206,312402.860,2624167.200,130.8200,0.5419,1.6000,0.1022,-1
KHAPRETA_510206,312406.860,2624167.200,131.3800,0.0000,1.0400,0.0665,-1
KHAPRETA_510206,312425.860,2624167.200,132.2600,0.4650,0.1600,0.0102,-1
KHAPRETA_510206,312430.860,2624167.200,131.6100,0.9719,0.8100,0.0518,-1
KHAPRETA_510206,312431.860,2624167.200,131.7200,1.3110,0.7000,0.0447,-1
KHAPRETA_510206,312433.860,2624167.200,131.6000,0.0000,0.8200,0.0524,-1
KHAPRETA_510206,312440.860,2624167.200,131.9300,0.0000,0.4900,0.0313,-1
KHAPRETA_510206,312450.860,2624167.200,132.0700,1.1469,0.3500,0.0224,-1
KHAPRETA_510206,312451.860,2624167.200,132.0700,1.1469,0.3500,0.0224,-1
KHAPRETA_510206,312470.860,2624167.200,131.6200,0.0000,0.8000,0.0511,-1
KHAPRETA_510206,312484.860,2624167.200,131.6300,0.9669,0.7900,0.0505,-1
KHAPRETA_510206,312485.860,2624167.200,131.7100,0.9873,0.7100,0.0454,-1
KHAPRETA_510206,312490.860,2624167.200,131.3300,0.0000,1.0900,0.0696,-1
KHAPRETA_510206,312492.860,2624167.200,130.8900,0.7382,1.5300,0.0978,-1
KHAPRETA_510206,312493.860,2624167.200,131.2000,0.7876,1.2200,0.0780,-1
KHAPRETA_510206,312495.860,2624167.200,131.6200,0.0000,0.8000,0.0511,-1
KHAPRETA_510206,312497.860,2624167.200,131.5900,0.4919,0.8300,0.0530,-1
KHAPRETA_510206,312499.860,2624167.200,131.9400,0.7669,0.4800,0.0307,-1
KHAPRETA_510206,312505.860,2624167.200,130.9700,0.6319,1.4500,0.0927,-1
KHAPRETA_510206,312506.860,2624167.200,131.0400,0.0800,1.3800,0.0882,-1
KHAPRETA_510206,312507.860,2624167.200,131.1300,0.6319,1.2900,0.0824,-1
KHAPRETA_510206,312511.860,2624167.200,131.1200,0.9267,1.3000,0.0831,-1
KHAPRETA_510206,312512.860,2624167.200,131.1500,0.0300,1.2700,0.0812,-1
KHAPRETA_510206,312513.860,2624167.200,131.1800,0.6869,1.2400,0.0792,-1
KHAPRETA_510206,312518.860,2624167.200,131.8300,0.8969,0.5900,0.0377,-1
KHAPRETA_510206,312522.860,2624167.200,131.7500,0.0000,0.6700,0.0428,-1
KHAPRETA_510206,312018.860,2624168.200,129.6500,0.0631,2.7700,0.1770,-1
KHAPRETA_510206,312029.860,2624168.200,123.8700,0.0000,8.5500,0.5463,-1
KHAPRETA_510206,312036.860,2624168.200,124.2800,2.8031,8.1400,0.5201,-1
KHAPRETA_510206,312042.860,2624168.200,124.2200,0.0000,8.2000,0.5240,-1
KHAPRETA_510206,312044.860,2624168.200,124.4600,2.8481,7.9600,0.5086,-1
KHAPRETA_510206,312084.860,2624168.200,127.6200,1.0681,4.8000,0.3067,-1
KHAPRETA_510206,312087.860,2624168.200,127.6500,0.0000,4.7700,0.3048,-1
KHAPRETA_510206,312089.860,2624168.200,127.6600,0.9931,4.7600,0.3042,-1
KHAPRETA_510206,312091.860,2624168.200,127.8100,0.0000,4.6100,0.2946,-1
KHAPRETA_510206,312093.860,2624168.200,127.7800,0.9381,4.6400,0.2965,-1
KHAPRETA_510206,312094.860,2624168.200,127.9000,0.9984,4.5200,0.2888,-1
KHAPRETA_510206,312097.860,2624168.200,127.9800,1.3241,4.4400,0.2837,-1
KHAPRETA_510206,312098.860,2624168.200,127.8300,1.3095,4.5900,0.2933,-1
KHAPRETA_510206,312101.860,2624168.200,127.8300,0.8631,4.5900,0.2933,-1
KHAPRETA_510206,312104.860,2624168.200,128.0800,0.0000,4.3400,0.2773,-1
KHAPRETA_510206,312109.860,2624168.200,127.7700,0.8531,4.6500,0.2971,-1
KHAPRETA_510206,312121.860,2624168.200,127.9300,0.0000,4.4900,0.2869,-1
KHAPRETA_510206,312127.860,2624168.200,128.4100,0.6831,4.0100,0.2562,-1
KHAPRETA_510206,312132.860,2624168.200,128.2300,1.0096,4.1900,0.2677,-1
KHAPRETA_510206,312133.860,2624168.200,128.2800,0.7731,4.1400,0.2645,-1
KHAPRETA_510206,312137.860,2624168.200,128.6500,0.5631,3.7700,0.2409,-1
KHAPRETA_510206,312143.860,2624168.200,128.7300,0.5531,3.6900,0.2358,-1
KHAPRETA_510206,312148.860,2624168.200,128.8100,0.7398,3.6100,0.2307,-1
KHAPRETA_510206,312149.860,2624168.200,128.7400,0.4831,3.6800,0.2351,-1
KHAPRETA_510206,312151.860,2624168.200,128.6600,0.0100,3.7600,0.2403,-1
KHAPRETA_510206,312162.860,2624168.200,128.8200,0.5431,3.6000,0.2300,-1
KHAPRETA_510206,312172.860,2624168.200,129.1300,0.0000,3.2900,0.2102,-1
KHAPRETA_510206,312176.860,2624168.200,128.8500,0.3381,3.5700,0.2281,-1
KHAPRETA_510206,312178.860,2624168.200,129.2100,0.2581,3.2100,0.2051,-1
KHAPRETA_510206,312184.860,2624168.200,128.9800,0.0000,3.4400,0.2198,-1
KHAPRETA_510206,312187.860,2624168.200,129.2500,0.0000,3.1700,0.2026,-1
KHAPRETA_510206,312190.860,2624168.200,129.3300,0.4359,3.0900,0.1974,-1
KHAPRETA_510206,312191.860,2624168.200,129.1400,0.2510,3.2800,0.2096,-1
KHAPRETA_510206,312199.860,2624168.200,129.2500,0.3206,3.1700,0.2026,-1
KHAPRETA_510206,312200.860,2624168.200,129.3700,0.3449,3.0500,0.1949,-1
KHAPRETA_510206,312203.860,2624168.200,129.3100,0.1581,3.1100,0.1987,-1
KHAPRETA_510206,312205.860,2624168.200,129.4800,0.3431,2.9400,0.1879,-1
KHAPRETA_510206,312212.860,2624168.200,129.4800,0.2117,2.9400,0.1879,-1
KHAPRETA_510206,312213.860,2624168.200,129.4500,0.1590,2.9700,0.1898,-1
KHAPRETA_510206,312216.860,2624168.200,129.4400,0.0000,2.9800,0.1904,-1
KHAPRETA_510206,312218.860,2624168.200,129.4900,0.0000,2.9300,0.1872,-1
KHAPRETA_510206,312221.860,2624168.200,129.5300,0.1181,2.8900,0.1847,-1
KHAPRETA_510206,312222.860,2624168.200,129.5400,0.1705,2.8800,0.1840,-1
KHAPRETA_510206,312232.860,2624168.200,129.5500,0.0000,2.8700,0.1834,-1
KHAPRETA_510206,312237.860,2624168.200,129.9700,0.0919,2.4500,0.1565,-1
KHAPRETA_510206,312244.860,2624168.200,129.9800,0.0000,2.4400,0.1559,-1
KHAPRETA_510206,312246.860,2624168.200,130.1700,0.1869,2.2500,0.1438,-1
KHAPRETA_510206,312247.860,2624168.200,130.1500,0.0050,2.2700,0.1450,-1
KHAPRETA_510206,312248.860,2624168.200,130.1600,0.1869,2.2600,0.1444,-1
KHAPRETA_510206,312252.860,2624168.200,130.0800,0.0231,2.3400,0.1495,-1
KHAPRETA_510206,312257.860,2624168.200,130.2100,0.2719,2.2100,0.1412,-1
KHAPRETA_510206,312262.860,2624168.200,130.2700,0.2769,2.1500,0.1374,-1
KHAPRETA_510206,312269.860,2624168.200,130.2500,0.2119,2.1700,0.1387,-1
KHAPRETA_510206,312275.860,2624168.200,130.2800,0.2419,2.1400,0.1367,-1
KHAPRETA_510206,312278.860,2624168.200,130.3200,0.2219,2.1000,0.1342,-1
KHAPRETA_510206,312279.860,2624168.200,130.2200,0.2719,2.2000,0.1406,-1
KHAPRETA_510206,312285.860,2624168.200,130.1300,0.3001,2.2900,0.1463,-1
KHAPRETA_510206,312286.860,2624168.200,130.1800,0.1769,2.2400,0.1431,-1
KHAPRETA_510206,312292.860,2624168.200,130.2400,0.2369,2.1800,0.1393,-1
KHAPRETA_510206,312295.860,2624168.200,130.2600,0.0000,2.1600,0.1380,-1
KHAPRETA_510206,312299.860,2624168.200,130.1900,0.2369,2.2300,0.1425,-1
KHAPRETA_510206,312315.860,2624168.200,130.5100,0.0000,1.9100,0.1220,-1
KHAPRETA_510206,312321.860,2624168.200,130.4900,0.0200,1.9300,0.1233,-1
KHAPRETA_510206,312323.860,2624168.200,130.4100,0.3419,2.0100,0.1284,-1
KHAPRETA_510206,312324.860,2624168.200,130.4600,0.0350,1.9600,0.1252,-1
KHAPRETA_510206,312325.860,2624168.200,130.3400,0.3419,2.0800,0.1329,-1
KHAPRETA_510206,312332.860,2624168.200,130.4600,0.0000,1.9600,0.1252,-1
KHAPRETA_510206,312337.860,2624168.200,130.4300,0.0000,1.9900,0.1272,-1
KHAPRETA_510206,312343.860,2624168.200,130.5400,0.2769,1.8800,0.1201,-1
KHAPRETA_510206,312345.860,2624168.200,130.4900,0.3669,1.9300,0.1233,-1
KHAPRETA_510206,312346.860,2624168.200,130.5100,0.3569,1.9100,0.1220,-1
KHAPRETA_510206,312349.860,2624168.200,130.6100,0.0000,1.8100,0.1157,-1
KHAPRETA_510206,312351.860,2624168.200,130.4600,0.0000,1.9600,0.1252,-1
KHAPRETA_510206,312367.860,2624168.200,130.6000,0.4169,1.8200,0.1163,-1
KHAPRETA_510206,312368.860,2624168.200,130.6100,0.5933,1.8100,0.1157,-1
KHAPRETA_510206,312374.860,2624168.200,130.6900,0.0000,1.7300,0.1105,-1
KHAPRETA_510206,312376.860,2624168.200,130.6200,0.4169,1.8000,0.1150,-1
KHAPRETA_510206,312379.860,2624168.200,130.6600,0.0000,1.7600,0.1125,-1
KHAPRETA_510206,312382.860,2624168.200,130.7100,0.4719,1.7100,0.1093,-1
KHAPRETA_510206,312383.860,2624168.200,130.7200,0.6710,1.7000,0.1086,-1
KHAPRETA_510206,312391.860,2624168.200,130.7900,0.0000,1.6300,0.1042,-1
KHAPRETA_510206,312398.860,2624168.200,130.8800,0.0000,1.5400,0.0984,-1
KHAPRETA_510206,312401.860,2624168.200,130.9200,0.7455,1.5000,0.0958,-1
KHAPRETA_510206,312402.860,2624168.200,130.8600,0.7743,1.5600,0.0997,-1
KHAPRETA_510206,312405.860,2624168.200,132.1600,0.0000,0.2600,0.0166,-1
KHAPRETA_510206,312425.860,2624168.200,131.4200,1.2419,1.0000,0.0639,-1
KHAPRETA_510206,312428.860,2624168.200,131.7000,0.0000,0.7200,0.0460,-1
KHAPRETA_510206,312434.860,2624168.200,131.7700,0.0000,0.6500,0.0415,-1
KHAPRETA_510206,312452.860,2624168.200,131.9900,0.0000,0.4300,0.0275,-1
KHAPRETA_510206,312454.860,2624168.200,132.1000,0.0000,0.3200,0.0204,-1
KHAPRETA_510206,312469.860,2624168.200,132.0500,1.1519,0.3700,0.0236,-1
KHAPRETA_510206,312485.860,2624168.200,131.6700,1.2821,0.7500,0.0479,-1
KHAPRETA_510206,312486.860,2624168.200,131.4600,0.0850,0.9600,0.0613,-1
KHAPRETA_510206,312487.860,2624168.200,131.5000,0.3000,0.9200,0.0588,-1
KHAPRETA_510206,312488.860,2624168.200,132.0600,1.2842,0.3600,0.0230,-1
KHAPRETA_510206,312491.860,2624168.200,130.9600,0.5169,1.4600,0.0933,-1
KHAPRETA_510206,312492.860,2624168.200,130.8100,0.0364,1.6100,0.1029,-1
KHAPRETA_510206,312493.860,2624168.200,130.8900,0.8798,1.5300,0.0978,-1
KHAPRETA_510206,312496.860,2624168.200,130.5100,0.4919,1.9100,0.1220,-1
KHAPRETA_510206,312497.860,2624168.200,130.7600,1.0405,1.6600,0.1061,-1
KHAPRETA_510206,312498.860,2624168.200,131.5300,0.6033,0.8900,0.0569,-1
KHAPRETA_510206,312499.860,2624168.200,131.3100,1.1051,1.1100,0.0709,-1
KHAPRETA_510206,312500.860,2624168.200,131.0800,0.1300,1.3400,0.0856,-1
KHAPRETA_510206,312501.860,2624168.200,131.0500,0.8806,1.3700,0.0875,-1
KHAPRETA_510206,312503.860,2624168.200,130.9600,0.0000,1.4600,0.0933,-1
KHAPRETA_510206,312515.860,2624168.200,131.8900,0.9719,0.5300,0.0339,-1
KHAPRETA_510206,312522.860,2624168.200,131.7500,1.0029,0.6700,0.0428,-1
KHAPRETA_510206,312523.860,2624168.200,131.7800,0.9869,0.6400,0.0409,-1
KHAPRETA_510206,312005.860,2624169.200,126.3900,0.0000,6.0300,0.3853,-1
KHAPRETA_510206,312036.860,2624169.200,124.1700,2.7481,8.2500,0.5272,-1
KHAPRETA_510206,312040.860,2624169.200,125.1300,0.0000,7.2900,0.4658,-1
KHAPRETA_510206,312043.860,2624169.200,124.3900,0.0000,8.0300,0.5131,-1
KHAPRETA_510206,312047.860,2624169.200,124.0100,0.0000,8.4100,0.5374,-1
KHAPRETA_510206,312050.860,2624169.200,123.6700,2.8731,8.7500,0.5591,-1
KHAPRETA_510206,312080.860,2624169.200,128.5400,0.0000,3.8800,0.2479,-1
KHAPRETA_510206,312084.860,2624169.200,127.6400,1.5070,4.7800,0.3054,-1
KHAPRETA_510206,312085.860,2624169.200,127.6700,1.4894,4.7500,0.3035,-1
KHAPRETA_510206,312092.860,2624169.200,127.6100,1.0781,4.8100,0.3073,-1
KHAPRETA_510206,312094.860,2624169.200,127.9000,1.3196,4.5200,0.2888,-1
KHAPRETA_510206,312095.860,2624169.200,127.9200,1.3302,4.5000,0.2875,-1
KHAPRETA_510206,312098.860,2624169.200,127.8700,1.3447,4.5500,0.2907,-1
KHAPRETA_510206,312099.860,2624169.200,127.9200,0.9531,4.5000,0.2875,-1
KHAPRETA_510206,312107.860,2624169.200,127.9200,1.3282,4.5000,0.2875,-1
KHAPRETA_510206,312108.860,2624169.200,128.0700,1.3160,4.3500,0.2780,-1
KHAPRETA_510206,312110.860,2624169.200,127.9500,0.0000,4.4700,0.2856,-1
KHAPRETA_510206,312119.860,2624169.200,127.9800,0.0000,4.4400,0.2837,-1
KHAPRETA_510206,312122.860,2624169.200,128.3200,0.0000,4.1000,0.2620,-1
KHAPRETA_510206,312131.860,2624169.200,128.4900,0.6781,3.9300,0.2511,-1
KHAPRETA_510206,312132.860,2624169.200,128.4200,1.0056,4.0000,0.2556,-1
KHAPRETA_510206,312137.860,2624169.200,128.6500,0.5631,3.7700,0.2409,-1
KHAPRETA_510206,312142.860,2624169.200,128.7300,0.5531,3.6900,0.2358,-1
KHAPRETA_510206,312143.860,2624169.200,128.6700,0.7397,3.7500,0.2396,-1
KHAPRETA_510206,312146.860,2624169.200,128.7700,0.5331,3.6500,0.2332,-1
KHAPRETA_510206,312147.860,2624169.200,128.7100,0.0250,3.7100,0.2371,-1
KHAPRETA_510206,312148.860,2624169.200,128.7200,0.7194,3.7000,0.2364,-1
KHAPRETA_510206,312151.860,2624169.200,128.7100,0.5581,3.7100,0.2371,-1
KHAPRETA_510206,312154.860,2624169.200,128.7500,0.0000,3.6700,0.2345,-1
KHAPRETA_510206,312158.860,2624169.200,128.5100,0.5831,3.9100,0.2498,-1
KHAPRETA_510206,312159.860,2624169.200,128.6100,0.4551,3.8100,0.2435,-1
KHAPRETA_510206,312160.860,2624169.200,128.7900,0.4604,3.6300,0.2319,-1
KHAPRETA_510206,312161.860,2624169.200,128.8600,0.4931,3.5600,0.2275,-1
KHAPRETA_510206,312173.860,2624169.200,129.0700,0.0000,3.3500,0.2141,-1
KHAPRETA_510206,312175.860,2624169.200,129.0500,0.4331,3.3700,0.2153,-1
KHAPRETA_510206,312178.860,2624169.200,129.2600,0.2689,3.1600,0.2019,-1
KHAPRETA_510206,312179.860,2624169.200,129.2900,0.2581,3.1300,0.2000,-1
KHAPRETA_510206,312183.860,2624169.200,129.2200,0.0000,3.2000,0.2045,-1
KHAPRETA_510206,312188.860,2624169.200,129.1200,0.3781,3.3000,0.2109,-1
KHAPRETA_510206,312189.860,2624169.200,129.0200,0.0300,3.4000,0.2173,-1
KHAPRETA_510206,312190.860,2624169.200,129.1800,0.2251,3.2400,0.2070,-1
KHAPRETA_510206,312191.860,2624169.200,128.9600,0.4359,3.4600,0.2211,-1
KHAPRETA_510206,312199.860,2624169.200,129.2800,0.2631,3.1400,0.2006,-1
KHAPRETA_510206,312201.860,2624169.200,129.3500,0.0000,3.0700,0.1962,-1
KHAPRETA_510206,312205.860,2624169.200,129.0900,0.3828,3.3300,0.2128,-1
KHAPRETA_510206,312206.860,2624169.200,129.0700,0.0500,3.3500,0.2141,-1
KHAPRETA_510206,312207.860,2624169.200,129.1900,0.3639,3.2300,0.2064,-1
KHAPRETA_510206,312210.860,2624169.200,130.2400,0.2554,2.1800,0.1393,-1
KHAPRETA_510206,312211.860,2624169.200,129.4200,0.2400,3.0000,0.1917,-1
KHAPRETA_510206,312212.860,2624169.200,129.7600,0.5972,2.6600,0.1700,-1
KHAPRETA_510206,312213.860,2624169.200,129.6600,0.2851,2.7600,0.1764,-1
KHAPRETA_510206,312217.860,2624169.200,129.9300,0.0000,2.4900,0.1591,-1
KHAPRETA_510206,312219.860,2624169.200,129.4900,0.1481,2.9300,0.1872,-1
KHAPRETA_510206,312220.860,2624169.200,129.4800,0.1920,2.9400,0.1879,-1
KHAPRETA_510206,312224.860,2624169.200,129.5900,0.0000,2.8300,0.1808,-1
KHAPRETA_510206,312230.860,2624169.200,129.5200,0.1081,2.9000,0.1853,-1
KHAPRETA_510206,312231.860,2624169.200,129.5600,0.1281,2.8600,0.1827,-1
KHAPRETA_510206,312235.860,2624169.200,129.5800,0.0531,2.8400,0.1815,-1
KHAPRETA_510206,312236.860,2624169.200,129.6700,0.1900,2.7500,0.1757,-1
KHAPRETA_510206,312237.860,2624169.200,129.9600,0.1088,2.4600,0.1572,-1
KHAPRETA_510206,312242.860,2624169.200,130.0400,0.0000,2.3800,0.1521,-1
KHAPRETA_510206,312245.860,2624169.200,130.1300,0.1819,2.2900,0.1463,-1
KHAPRETA_510206,312249.860,2624169.200,130.1500,0.0000,2.2700,0.1450,-1
KHAPRETA_510206,312251.860,2624169.200,130.2000,0.0000,2.2200,0.1419,-1
KHAPRETA_510206,312254.860,2624169.200,130.2400,0.0219,2.1800,0.1393,-1
KHAPRETA_510206,312257.860,2624169.200,130.3200,0.3104,2.1000,0.1342,-1
KHAPRETA_510206,312258.860,2624169.200,130.2200,0.0300,2.2000,0.1406,-1
KHAPRETA_510206,312259.860,2624169.200,130.2600,0.2219,2.1600,0.1380,-1
KHAPRETA_510206,312262.860,2624169.200,130.3300,0.2469,2.0900,0.1335,-1
KHAPRETA_510206,312264.860,2624169.200,130.3200,0.2369,2.1000,0.1342,-1
KHAPRETA_510206,312273.860,2624169.200,130.1200,0.0000,2.3000,0.1470,-1
KHAPRETA_510206,312276.860,2624169.200,130.2000,0.0000,2.2200,0.1419,-1
KHAPRETA_510206,312280.860,2624169.200,130.2700,0.2719,2.1500,0.1374,-1
KHAPRETA_510206,312283.860,2624169.200,130.3500,0.0000,2.0700,0.1323,-1
KHAPRETA_510206,312285.860,2624169.200,130.2200,0.0400,2.2000,0.1406,-1
KHAPRETA_510206,312290.860,2624169.200,130.0300,0.0000,2.3900,0.1527,-1
KHAPRETA_510206,312296.860,2624169.200,130.3100,0.2019,2.1100,0.1348,-1
KHAPRETA_510206,312297.860,2624169.200,130.1800,0.2669,2.2400,0.1431,-1
KHAPRETA_510206,312299.860,2624169.200,130.2500,0.2927,2.1700,0.1387,-1
KHAPRETA_510206,312300.860,2624169.200,130.1900,0.2369,2.2300,0.1425,-1
KHAPRETA_510206,312305.860,2624169.200,130.3800,0.2719,2.0400,0.1304,-1
KHAPRETA_510206,312312.860,2624169.200,130.3200,0.0000,2.1000,0.1342,-1
KHAPRETA_510206,312320.860,2624169.200,130.5200,0.3369,1.9000,0.1214,-1
KHAPRETA_510206,312321.860,2624169.200,130.4500,0.3573,1.9700,0.1259,-1
KHAPRETA_510206,312322.860,2624169.200,130.4900,0.3369,1.9300,0.1233,-1
KHAPRETA_510206,312333.860,2624169.200,130.4400,0.0000,1.9800,0.1265,-1
KHAPRETA_510206,312338.860,2624169.200,130.4800,0.3319,1.9400,0.1240,-1
KHAPRETA_510206,312350.860,2624169.200,130.6100,0.0000,1.8100,0.1157,-1
KHAPRETA_510206,312352.860,2624169.200,130.5100,0.0000,1.9100,0.1220,-1
KHAPRETA_510206,312355.860,2624169.200,130.4400,0.2769,1.9800,0.1265,-1
KHAPRETA_510206,312356.860,2624169.200,130.3300,0.3319,2.0900,0.1335,-1
KHAPRETA_510206,312358.860,2624169.200,130.4300,0.0000,1.9900,0.1272,-1
KHAPRETA_510206,312363.860,2624169.200,130.8000,0.0000,1.6200,0.1035,-1
KHAPRETA_510206,312370.860,2624169.200,130.6800,0.4769,1.7400,0.1112,-1
KHAPRETA_510206,312371.860,2624169.200,130.7300,0.4519,1.6900,0.1080,-1
KHAPRETA_510206,312373.860,2624169.200,130.6600,0.4669,1.7600,0.1125,-1
KHAPRETA_510206,312375.860,2624169.200,130.6500,0.5019,1.7700,0.1131,-1
KHAPRETA_510206,312383.860,2624169.200,130.7400,0.6710,1.6800,0.1073,-1
KHAPRETA_510206,312384.860,2624169.200,130.7300,0.4819,1.6900,0.1080,-1
KHAPRETA_510206,312392.860,2624169.200,130.8100,0.7240,1.6100,0.1029,-1
KHAPRETA_510206,312393.860,2624169.200,130.7900,0.5169,1.6300,0.1042,-1
KHAPRETA_510206,312397.860,2624169.200,130.8200,0.0000,1.6000,0.1022,-1
KHAPRETA_510206,312399.860,2624169.200,130.8400,0.0000,1.5800,0.1010,-1
KHAPRETA_510206,312401.860,2624169.200,130.8000,0.5719,1.6200,0.1035,-1
KHAPRETA_510206,312403.860,2624169.200,131.5500,1.0869,0.8700,0.0556,-1
KHAPRETA_510206,312404.860,2624169.200,131.9500,0.8869,0.4700,0.0300,-1
KHAPRETA_510206,312422.860,2624169.200,131.8300,1.0519,0.5900,0.0377,-1
KHAPRETA_510206,312442.860,2624169.200,131.9100,1.1119,0.5100,0.0326,-1
KHAPRETA_510206,312451.860,2624169.200,132.1200,1.1569,0.3000,0.0192,-1
KHAPRETA_510206,312469.860,2624169.200,132.0800,1.1369,0.3400,0.0217,-1
KHAPRETA_510206,312479.860,2624169.200,131.8600,0.0000,0.5600,0.0358,-1
KHAPRETA_510206,312488.860,2624169.200,131.6800,1.1419,0.7400,0.0473,-1
KHAPRETA_510206,312490.860,2624169.200,131.0000,0.0000,1.4200,0.0907,-1
KHAPRETA_510206,312492.860,2624169.200,130.8700,0.1650,1.5500,0.0990,-1
KHAPRETA_510206,312498.860,2624169.200,130.8500,0.4850,1.5700,0.1003,-1
KHAPRETA_510206,312501.860,2624169.200,130.9600,0.0200,1.4600,0.0933,-1
KHAPRETA_510206,312506.860,2624169.200,131.4800,0.0000,0.9400,0.0601,-1
KHAPRETA_510206,312508.860,2624169.200,131.2100,0.7419,1.2100,0.0773,-1
KHAPRETA_510206,312509.860,2624169.200,131.2600,0.7169,1.1600,0.0741,-1
KHAPRETA_510206,312511.860,2624169.200,131.6400,0.0000,0.7800,0.0498,-1
KHAPRETA_510206,312513.860,2624169.200,131.7600,0.9969,0.6600,0.0422,-1
KHAPRETA_510206,312515.860,2624169.200,131.7200,1.0569,0.7000,0.0447,-1
KHAPRETA_510206,312518.860,2624169.200,131.8300,1.0519,0.5900,0.0377,-1
KHAPRETA_510206,312522.860,2624169.200,131.8400,0.9869,0.5800,0.0371,-1
KHAPRETA_510206,312524.860,2624169.200,131.7800,0.0000,0.6400,0.0409,-1
KHAPRETA_510206,312006.860,2624170.200,126.8000,0.0000,5.6200,0.3591,-1
KHAPRETA_510206,312042.860,2624170.200,124.1400,0.0000,8.2800,0.5291,-1
KHAPRETA_510206,312048.860,2624170.200,123.9200,0.0000,8.5000,0.5431,-1
KHAPRETA_510206,312050.860,2624170.200,124.0300,3.0044,8.3900,0.5361,-1
KHAPRETA_510206,312051.860,2624170.200,123.7800,4.0561,8.6400,0.5521,-1
KHAPRETA_510206,312085.860,2624170.200,127.7000,0.0000,4.7200,0.3016,-1
KHAPRETA_510206,312088.860,2624170.200,127.8200,0.0000,4.6000,0.2939,-1
KHAPRETA_510206,312092.860,2624170.200,127.6200,1.0831,4.8000,0.3067,-1
KHAPRETA_510206,312095.860,2624170.200,127.8900,0.9281,4.5300,0.2895,-1
KHAPRETA_510206,312101.860,2624170.200,128.0400,1.0331,4.3800,0.2799,-1
KHAPRETA_510206,312104.860,2624170.200,128.1300,0.0000,4.2900,0.2741,-1
KHAPRETA_510206,312107.860,2624170.200,127.7400,0.9334,4.6800,0.2990,-1
KHAPRETA_510206,312108.860,2624170.200,127.9100,1.3282,4.5100,0.2882,-1
KHAPRETA_510206,312113.860,2624170.200,128.5300,0.8381,3.8900,0.2486,-1
KHAPRETA_510206,312114.860,2624170.200,128.1000,0.8805,4.3200,0.2760,-1
KHAPRETA_510206,312115.860,2624170.200,127.9600,0.8645,4.4600,0.2850,-1
KHAPRETA_510206,312116.860,2624170.200,128.2000,0.9081,4.2200,0.2696,-1
KHAPRETA_510206,312118.860,2624170.200,127.6700,0.7281,4.7500,0.3035,-1
KHAPRETA_510206,312120.860,2624170.200,128.3500,0.0000,4.0700,0.2601,-1
KHAPRETA_510206,312123.860,2624170.200,128.4400,0.7031,3.9800,0.2543,-1
KHAPRETA_510206,312125.860,2624170.200,128.2500,0.0000,4.1700,0.2665,-1
KHAPRETA_510206,312127.860,2624170.200,128.3500,0.7331,4.0700,0.2601,-1
KHAPRETA_510206,312133.860,2624170.200,128.5000,0.0000,3.9200,0.2505,-1
KHAPRETA_510206,312152.860,2624170.200,128.7100,0.0000,3.7100,0.2371,-1
KHAPRETA_510206,312157.860,2624170.200,128.6000,0.0000,3.8200,0.2441,-1
KHAPRETA_510206,312159.860,2624170.200,128.9100,0.7323,3.5100,0.2243,-1
KHAPRETA_510206,312160.860,2624170.200,128.8900,0.6562,3.5300,0.2256,-1
KHAPRETA_510206,312162.860,2624170.200,128.8100,0.0000,3.6100,0.2307,-1
KHAPRETA_510206,312166.860,2624170.200,128.8700,0.4431,3.5500,0.2268,-1
KHAPRETA_510206,312167.860,2624170.200,128.8900,0.6097,3.5300,0.2256,-1
KHAPRETA_510206,312171.860,2624170.200,128.8100,0.5531,3.6100,0.2307,-1
KHAPRETA_510206,312175.860,2624170.200,128.9100,0.5884,3.5100,0.2243,-1
KHAPRETA_510206,312176.860,2624170.200,128.8500,0.4331,3.5700,0.2281,-1
KHAPRETA_510206,312178.860,2624170.200,128.9800,0.2581,3.4400,0.2198,-1
KHAPRETA_510206,312184.860,2624170.200,129.0800,0.3846,3.3400,0.2134,-1
KHAPRETA_510206,312185.860,2624170.200,129.2900,0.4274,3.1300,0.2000,-1
KHAPRETA_510206,312192.860,2624170.200,129.2500,0.2831,3.1700,0.2026,-1
KHAPRETA_510206,312193.860,2624170.200,129.2100,0.0850,3.2100,0.2051,-1
KHAPRETA_510206,312194.860,2624170.200,129.0800,0.3898,3.3400,0.2134,-1
KHAPRETA_510206,312197.860,2624170.200,129.2500,0.3181,3.1700,0.2026,-1
KHAPRETA_510206,312198.860,2624170.200,129.1400,0.2631,3.2800,0.2096,-1
KHAPRETA_510206,312204.860,2624170.200,128.9600,0.0000,3.4600,0.2211,-1
KHAPRETA_510206,312207.860,2624170.200,129.6000,0.2931,2.8200,0.1802,-1
KHAPRETA_510206,312209.860,2624170.200,129.4400,0.1831,2.9800,0.1904,-1
KHAPRETA_510206,312210.860,2624170.200,129.4100,0.2864,3.0100,0.1923,-1
KHAPRETA_510206,312212.860,2624170.200,130.6500,0.6172,1.7700,0.1131,-1
KHAPRETA_510206,312213.860,2624170.200,130.0200,0.6052,2.4000,0.1534,-1
KHAPRETA_510206,312214.860,2624170.200,130.3400,0.1219,2.0800,0.1329,-1
KHAPRETA_510206,312220.860,2624170.200,129.5200,0.2024,2.9000,0.1853,-1
KHAPRETA_510206,312221.860,2624170.200,129.5000,0.0100,2.9200,0.1866,-1
KHAPRETA_510206,312222.860,2624170.200,129.5000,0.1381,2.9200,0.1866,-1
KHAPRETA_510206,312226.860,2624170.200,129.5300,0.1181,2.8900,0.1847,-1
KHAPRETA_510206,312233.860,2624170.200,129.6200,0.0000,2.8000,0.1789,-1
KHAPRETA_510206,312237.860,2624170.200,129.7800,0.0919,2.6400,0.1687,-1
KHAPRETA_510206,312243.860,2624170.200,129.9600,0.0000,2.4600,0.1572,-1
KHAPRETA_510206,312245.860,2624170.200,130.1400,0.1769,2.2800,0.1457,-1
KHAPRETA_510206,312254.860,2624170.200,129.8200,0.2319,2.6000,0.1661,-1
KHAPRETA_510206,312256.860,2624170.200,130.1400,0.0000,2.2800,0.1457,-1
KHAPRETA_510206,312260.860,2624170.200,130.2900,0.2569,2.1300,0.1361,-1
KHAPRETA_510206,312264.860,2624170.200,130.2500,0.2670,2.1700,0.1387,-1
KHAPRETA_510206,312265.860,2624170.200,130.3100,0.2369,2.1100,0.1348,-1
KHAPRETA_510206,312269.860,2624170.200,130.2700,0.0000,2.1500,0.1374,-1
KHAPRETA_510206,312275.860,2624170.200,130.0800,0.0000,2.3400,0.1495,-1
KHAPRETA_510206,312277.860,2624170.200,130.3200,0.3856,2.1000,0.1342,-1
KHAPRETA_510206,312278.860,2624170.200,130.3600,0.3673,2.0600,0.1316,-1
KHAPRETA_510206,312280.860,2624170.200,130.3200,0.2469,2.1000,0.1342,-1
KHAPRETA_510206,312284.860,2624170.200,130.1700,0.2169,2.2500,0.1438,-1
KHAPRETA_510206,312285.860,2624170.200,130.2100,0.0783,2.2100,0.1412,-1
KHAPRETA_510206,312286.860,2624170.200,130.0300,0.2169,2.3900,0.1527,-1
KHAPRETA_510206,312289.860,2624170.200,129.9400,0.0000,2.4800,0.1585,-1
KHAPRETA_510206,312291.860,2624170.200,130.1800,0.3345,2.2400,0.1431,-1
KHAPRETA_510206,312292.860,2624170.200,130.3500,0.2019,2.0700,0.1323,-1
KHAPRETA_510206,312301.860,2624170.200,130.1200,0.0000,2.3000,0.1470,-1
KHAPRETA_510206,312303.860,2624170.200,130.3800,0.3169,2.0400,0.1304,-1
KHAPRETA_510206,312305.860,2624170.200,130.3200,0.3019,2.1000,0.1342,-1
KHAPRETA_510206,312307.860,2624170.200,130.4300,0.0000,1.9900,0.1272,-1
KHAPRETA_510206,312325.860,2624170.200,130.4400,0.0000,1.9800,0.1265,-1
KHAPRETA_510206,312327.860,2624170.200,130.5300,0.0000,1.8900,0.1208,-1
KHAPRETA_510206,312330.860,2624170.200,130.4700,0.3369,1.9500,0.1246,-1
KHAPRETA_510206,312334.860,2624170.200,130.4200,0.0000,2.0000,0.1278,-1
KHAPRETA_510206,312336.860,2624170.200,130.3300,0.0000,2.0900,0.1335,-1
KHAPRETA_510206,312338.860,2624170.200,130.4400,0.3519,1.9800,0.1265,-1
KHAPRETA_510206,312341.860,2624170.200,130.5500,0.3719,1.8700,0.1195,-1
KHAPRETA_510206,312349.860,2624170.200,130.4100,0.0000,2.0100,0.1284,-1
KHAPRETA_510206,312351.860,2624170.200,130.2500,0.0000,2.1700,0.1387,-1
KHAPRETA_510206,312354.860,2624170.200,130.5300,0.0000,1.8900,0.1208,-1
KHAPRETA_510206,312357.860,2624170.200,130.2900,0.0000,2.1300,0.1361,-1
KHAPRETA_510206,312359.860,2624170.200,130.2800,0.0000,2.1400,0.1367,-1
KHAPRETA_510206,312373.860,2624170.200,130.7100,0.0650,1.7100,0.1093,-1
KHAPRETA_510206,312375.860,2624170.200,130.7800,0.4524,1.6400,0.1048,-1
KHAPRETA_510206,312376.860,2624170.200,130.6800,0.5019,1.7400,0.1112,-1
KHAPRETA_510206,312385.860,2624170.200,130.7300,0.0000,1.6900,0.1080,-1
KHAPRETA_510206,312391.860,2624170.200,130.8100,0.7526,1.6100,0.1029,-1
KHAPRETA_510206,312392.860,2624170.200,130.8100,0.7311,1.6100,0.1029,-1
KHAPRETA_510206,312398.860,2624170.200,130.9500,0.0000,1.4700,0.0939,-1
KHAPRETA_510206,312422.860,2624170.200,131.8800,1.0269,0.5400,0.0345,-1
KHAPRETA_510206,312424.860,2624170.200,131.7700,1.3958,0.6500,0.0415,-1
KHAPRETA_510206,312425.860,2624170.200,131.7300,0.9969,0.6900,0.0441,-1
KHAPRETA_510206,312432.860,2624170.200,131.7300,1.0019,0.6900,0.0441,-1
KHAPRETA_510206,312433.860,2624170.200,131.7800,1.4356,0.6400,0.0409,-1
KHAPRETA_510206,312435.860,2624170.200,131.8200,1.0069,0.6000,0.0383,-1
KHAPRETA_510206,312438.860,2624170.200,131.7300,0.0000,0.6900,0.0441,-1
KHAPRETA_510206,312442.860,2624170.200,132.0000,1.0669,0.4200,0.0268,-1
KHAPRETA_510206,312444.860,2624170.200,132.0500,0.0000,0.3700,0.0236,-1
KHAPRETA_510206,312449.860,2624170.200,132.0700,0.0000,0.3500,0.0224,-1
KHAPRETA_510206,312451.860,2624170.200,132.0900,0.0050,0.3300,0.0211,-1
KHAPRETA_510206,312453.860,2624170.200,132.1100,0.0000,0.3100,0.0198,-1
KHAPRETA_510206,312455.860,2624170.200,132.0300,0.0000,0.3900,0.0249,-1
KHAPRETA_510206,312471.860,2624170.200,131.8900,0.9669,0.5300,0.0339,-1
KHAPRETA_510206,312477.860,2624170.200,132.2000,0.0000,0.2200,0.0141,-1
KHAPRETA_510206,312481.860,2624170.200,131.9700,0.0000,0.4500,0.0288,-1
KHAPRETA_510206,312487.860,2624170.200,131.4300,0.0000,0.9900,0.0633,-1
KHAPRETA_510206,312489.860,2624170.200,131.0100,0.6619,1.4100,0.0901,-1
KHAPRETA_510206,312492.860,2624170.200,131.1400,0.0400,1.2800,0.0818,-1
KHAPRETA_510206,312496.860,2624170.200,130.5500,0.0000,1.8700,0.1195,-1
KHAPRETA_510206,312498.860,2624170.200,130.5600,0.5369,1.8600,0.1188,-1
KHAPRETA_510206,312501.860,2624170.200,131.0100,0.8407,1.4100,0.0901,-1
KHAPRETA_510206,312502.860,2624170.200,130.9700,0.9999,1.4500,0.0927,-1
KHAPRETA_510206,312510.860,2624170.200,131.7700,0.0000,0.6500,0.0415,-1
KHAPRETA_510206,312513.860,2624170.200,131.7700,0.9919,0.6500,0.0415,-1
KHAPRETA_510206,312518.860,2624170.200,131.8800,1.0269,0.5400,0.0345,-1
KHAPRETA_510206,312520.860,2624170.200,131.8800,0.0000,0.5400,0.0345,-1
KHAPRETA_510206,312007.860,2624171.200,126.5200,2.0167,5.9000,0.3770,-1
KHAPRETA_510206,312008.860,2624171.200,127.0000,0.1550,5.4200,0.3463,-1
KHAPRETA_510206,312009.860,2624171.200,126.8300,1.3881,5.5900,0.3572,-1
KHAPRETA_510206,312036.860,2624171.200,124.1000,2.8930,8.3200,0.5316,-1
KHAPRETA_510206,312037.860,2624171.200,124.2000,2.8381,8.2200,0.5252,-1
KHAPRETA_510206,312039.860,2624171.200,123.8900,2.8281,8.5300,0.5450,-1
KHAPRETA_510206,312040.860,2624171.200,124.1200,2.9431,8.3000,0.5304,-1
KHAPRETA_510206,312047.860,2624171.200,124.3700,0.0000,8.0500,0.5144,-1
KHAPRETA_510206,312050.860,2624171.200,124.0600,4.0561,8.3600,0.5342,-1
KHAPRETA_510206,312051.860,2624171.200,124.0500,4.1421,8.3700,0.5348,-1
KHAPRETA_510206,312083.860,2624171.200,127.2300,1.6201,5.1900,0.3316,-1
KHAPRETA_510206,312084.860,2624171.200,127.4900,0.2200,4.9300,0.3150,-1
KHAPRETA_510206,312085.860,2624171.200,127.6700,1.0408,4.7500,0.3035,-1
KHAPRETA_510206,312086.860,2624171.200,127.6400,1.4372,4.7800,0.3054,-1
KHAPRETA_510206,312101.860,2624171.200,127.7100,0.8681,4.7100,0.3010,-1
KHAPRETA_510206,312103.860,2624171.200,127.5500,0.0000,4.8700,0.3112,-1
KHAPRETA_510206,312107.860,2624171.200,127.8700,0.0600,4.5500,0.2907,-1
KHAPRETA_510206,312114.860,2624171.200,128.1100,1.2030,4.3100,0.2754,-1
KHAPRETA_510206,312115.860,2624171.200,128.0500,0.8346,4.3700,0.2792,-1
KHAPRETA_510206,312118.860,2624171.200,128.3200,1.0531,4.1000,0.2620,-1
KHAPRETA_510206,312122.860,2624171.200,128.4100,0.7031,4.0100,0.2562,-1
KHAPRETA_510206,312123.860,2624171.200,128.3700,0.6681,4.0500,0.2588,-1
KHAPRETA_510206,312124.860,2624171.200,128.4000,0.7031,4.0200,0.2569,-1
KHAPRETA_510206,312127.860,2624171.200,128.3100,0.9909,4.1100,0.2626,-1
KHAPRETA_510206,312128.860,2624171.200,128.4000,0.7331,4.0200,0.2569,-1
KHAPRETA_510206,312136.860,2624171.200,128.5900,0.0000,3.8300,0.2447,-1
KHAPRETA_510206,312138.860,2624171.200,128.7600,0.0000,3.6600,0.2339,-1
KHAPRETA_510206,312140.860,2624171.200,128.6800,0.0000,3.7400,0.2390,-1
KHAPRETA_510206,312142.860,2624171.200,128.6900,0.5331,3.7300,0.2383,-1
KHAPRETA_510206,312145.860,2624171.200,128.7100,0.5431,3.7100,0.2371,-1
KHAPRETA_510206,312148.860,2624171.200,128.8000,0.5381,3.6200,0.2313,-1
KHAPRETA_510206,312149.860,2624171.200,128.7000,0.4881,3.7200,0.2377,-1
KHAPRETA_510206,312155.860,2624171.200,128.8300,0.5281,3.5900,0.2294,-1
KHAPRETA_510206,312156.860,2624171.200,128.7200,0.4731,3.7000,0.2364,-1
KHAPRETA_510206,312167.860,2624171.200,128.9600,0.0200,3.4600,0.2211,-1
KHAPRETA_510206,312170.860,2624171.200,128.8700,0.5531,3.5500,0.2268,-1
KHAPRETA_510206,312171.860,2624171.200,128.6700,0.7208,3.7500,0.2396,-1
KHAPRETA_510206,312172.860,2624171.200,129.9400,0.0950,2.4800,0.1585,-1
KHAPRETA_510206,312173.860,2624171.200,128.8600,0.0819,3.5600,0.2275,-1
KHAPRETA_510206,312177.860,2624171.200,128.9800,0.3681,3.4400,0.2198,-1
KHAPRETA_510206,312179.860,2624171.200,128.9000,0.0000,3.5200,0.2249,-1
KHAPRETA_510206,312182.860,2624171.200,129.0400,0.0000,3.3800,0.2160,-1
KHAPRETA_510206,312184.860,2624171.200,129.1800,0.4274,3.2400,0.2070,-1
KHAPRETA_510206,312185.860,2624171.200,129.2800,0.0886,3.1400,0.2006,-1
KHAPRETA_510206,312186.860,2624171.200,129.0100,0.2481,3.4100,0.2179,-1
KHAPRETA_510206,312188.860,2624171.200,129.0900,0.1981,3.3300,0.2128,-1
KHAPRETA_510206,312189.860,2624171.200,129.3800,0.3431,3.0400,0.1942,-1
KHAPRETA_510206,312194.860,2624171.200,129.2400,0.3481,3.1800,0.2032,-1
KHAPRETA_510206,312201.860,2624171.200,128.9900,0.3331,3.4300,0.2192,-1
KHAPRETA_510206,312202.860,2624171.200,129.1100,0.3931,3.3100,0.2115,-1
KHAPRETA_510206,312208.860,2624171.200,129.3100,0.0000,3.1100,0.1987,-1
KHAPRETA_510206,312212.860,2624171.200,130.9700,0.6845,1.4500,0.0927,-1
KHAPRETA_510206,312213.860,2624171.200,130.8300,0.6093,1.5900,0.1016,-1
KHAPRETA_510206,312226.860,2624171.200,129.5400,0.1231,2.8800,0.1840,-1
KHAPRETA_510206,312231.860,2624171.200,129.5900,0.1031,2.8300,0.1808,-1
KHAPRETA_510206,312238.860,2624171.200,129.9000,0.0481,2.5200,0.1610,-1
KHAPRETA_510206,312247.860,2624171.200,130.2100,0.0000,2.2100,0.1412,-1
KHAPRETA_510206,312252.860,2624171.200,130.1700,0.0000,2.2500,0.1438,-1
KHAPRETA_510206,312258.860,2624171.200,130.3200,0.0000,2.1000,0.1342,-1
KHAPRETA_510206,312260.860,2624171.200,130.2900,0.2569,2.1300,0.1361,-1
KHAPRETA_510206,312263.860,2624171.200,130.2700,0.3775,2.1500,0.1374,-1
KHAPRETA_510206,312264.860,2624171.200,130.3100,0.3422,2.1100,0.1348,-1
KHAPRETA_510206,312270.860,2624171.200,130.2400,0.2169,2.1800,0.1393,-1
KHAPRETA_510206,312271.860,2624171.200,130.2100,0.2319,2.2100,0.1412,-1
KHAPRETA_510206,312277.860,2624171.200,130.2800,0.3673,2.1400,0.1367,-1
KHAPRETA_510206,312278.860,2624171.200,130.2700,0.2544,2.1500,0.1374,-1
KHAPRETA_510206,312285.860,2624171.200,130.2900,0.2169,2.1300,0.1361,-1
KHAPRETA_510206,312287.860,2624171.200,129.8900,0.2919,2.5300,0.1617,-1
KHAPRETA_510206,312288.860,2624171.200,130.3600,0.2876,2.0600,0.1316,-1
KHAPRETA_510206,312291.860,2624171.200,130.1200,0.0300,2.3000,0.1470,-1
KHAPRETA_510206,312296.860,2624171.200,130.1100,0.0000,2.3100,0.1476,-1
KHAPRETA_510206,312303.860,2624171.200,130.4100,0.3019,2.0100,0.1284,-1
KHAPRETA_510206,312313.860,2624171.200,130.2600,0.3469,2.1600,0.1380,-1
KHAPRETA_510206,312314.860,2624171.200,130.4700,0.2419,1.9500,0.1246,-1
KHAPRETA_510206,312318.860,2624171.200,130.1900,0.3569,2.2300,0.1425,-1
KHAPRETA_510206,312319.860,2624171.200,130.4900,0.2069,1.9300,0.1233,-1
KHAPRETA_510206,312321.860,2624171.200,130.6000,0.0000,1.8200,0.1163,-1
KHAPRETA_510206,312323.860,2624171.200,130.4900,0.2869,1.9300,0.1233,-1
KHAPRETA_510206,312330.860,2624171.200,130.4500,0.3469,1.9700,0.1259,-1
KHAPRETA_510206,312341.860,2624171.200,130.5200,0.3869,1.9000,0.1214,-1
KHAPRETA_510206,312345.860,2624171.200,130.4700,0.0000,1.9500,0.1246,-1
KHAPRETA_510206,312360.860,2624171.200,130.6700,0.6369,1.7500,0.1118,-1
KHAPRETA_510206,312363.860,2624171.200,131.1400,0.6169,1.2800,0.0818,-1
KHAPRETA_510206,312364.860,2624171.200,131.0100,0.6819,1.4100,0.0901,-1
KHAPRETA_510206,312370.860,2624171.200,130.7100,0.6788,1.7100,0.1093,-1
KHAPRETA_510206,312371.860,2624171.200,130.6900,0.0200,1.7300,0.1105,-1
KHAPRETA_510206,312372.860,2624171.200,130.7500,0.4696,1.6700,0.1067,-1
KHAPRETA_510206,312373.860,2624171.200,130.7900,0.4869,1.6300,0.1042,-1
KHAPRETA_510206,312375.860,2624171.200,130.6900,0.0000,1.7300,0.1105,-1
KHAPRETA_510206,312377.860,2624171.200,130.6600,0.0000,1.7600,0.1125,-1
KHAPRETA_510206,312387.860,2624171.200,130.7800,0.5019,1.6400,0.1048,-1
KHAPRETA_510206,312388.860,2624171.200,130.7800,0.5019,1.6400,0.1048,-1
KHAPRETA_510206,312390.860,2624171.200,130.8900,0.5469,1.5300,0.0978,-1
KHAPRETA_510206,312391.860,2624171.200,130.8700,0.7599,1.5500,0.0990,-1
KHAPRETA_510206,312400.860,2624171.200,131.2100,0.0000,1.2100,0.0773,-1
KHAPRETA_510206,312418.860,2624171.200,132.2400,0.0000,0.1800,0.0115,-1
KHAPRETA_510206,312424.860,2624171.200,131.7700,0.9969,0.6500,0.0415,-1
KHAPRETA_510206,312426.860,2624171.200,131.8200,0.0000,0.6000,0.0383,-1
KHAPRETA_510206,312430.860,2624171.200,131.7600,1.0219,0.6600,0.0422,-1
KHAPRETA_510206,312431.860,2624171.200,131.8200,0.9919,0.6000,0.0383,-1
KHAPRETA_510206,312433.860,2624171.200,131.8800,1.0019,0.5400,0.0345,-1
KHAPRETA_510206,312435.860,2624171.200,131.7900,1.0219,0.6300,0.0403,-1
KHAPRETA_510206,312447.860,2624171.200,132.0700,1.1669,0.3500,0.0224,-1
KHAPRETA_510206,312450.860,2624171.200,132.1900,1.1669,0.2300,0.0147,-1
KHAPRETA_510206,312451.860,2624171.200,132.1100,1.6719,0.3100,0.0198,-1
KHAPRETA_510206,312467.860,2624171.200,132.3900,0.0000,0.0300,0.0019,-1
KHAPRETA_510206,312471.860,2624171.200,131.7100,1.4529,0.7100,0.0454,-1
KHAPRETA_510206,312472.860,2624171.200,131.7700,1.3852,0.6500,0.0415,-1
KHAPRETA_510206,312479.860,2624171.200,131.9800,0.0000,0.4400,0.0281,-1
KHAPRETA_510206,312489.860,2624171.200,131.1000,0.1150,1.3200,0.0843,-1
KHAPRETA_510206,312492.860,2624171.200,130.7900,0.1100,1.6300,0.1042,-1
KHAPRETA_510206,312502.860,2624171.200,131.3500,0.9523,1.0700,0.0684,-1
KHAPRETA_510206,312503.860,2624171.200,131.2600,0.7869,1.1600,0.0741,-1
KHAPRETA_510206,312508.860,2624171.200,131.5800,0.0000,0.8400,0.0537,-1
KHAPRETA_510206,312512.860,2624171.200,131.8500,0.0000,0.5700,0.0364,-1
KHAPRETA_510206,312007.860,2624172.200,126.8500,1.6281,5.5700,0.3559,-1
KHAPRETA_510206,312036.860,2624172.200,131.3200,3.8800,1.1000,0.0703,-1
KHAPRETA_510206,312038.860,2624172.200,130.9500,0.3369,1.4700,0.0939,-1
KHAPRETA_510206,312044.860,2624172.200,124.3900,2.7081,8.0300,0.5131,-1
KHAPRETA_510206,312053.860,2624172.200,123.9700,0.0000,8.4500,0.5399,-1
KHAPRETA_510206,312083.860,2624172.200,127.4800,1.2731,4.9400,0.3157,-1
KHAPRETA_510206,312086.860,2624172.200,127.8200,0.0900,4.6000,0.2939,-1
KHAPRETA_510206,312088.860,2624172.200,127.7700,0.0000,4.6500,0.2971,-1
KHAPRETA_510206,312090.860,2624172.200,127.9200,0.0000,4.5000,0.2875,-1
KHAPRETA_510206,312093.860,2624172.200,127.7500,0.9681,4.6700,0.2984,-1
KHAPRETA_510206,312094.860,2624172.200,127.8400,1.3807,4.5800,0.2927,-1
KHAPRETA_510206,312097.860,2624172.200,127.5200,1.1581,4.9000,0.3131,-1
KHAPRETA_510206,312098.860,2624172.200,127.4600,1.4608,4.9600,0.3169,-1
KHAPRETA_510206,312105.860,2624172.200,128.1800,0.0000,4.2400,0.2709,-1
KHAPRETA_510206,312107.860,2624172.200,127.8600,0.1400,4.5600,0.2914,-1
KHAPRETA_510206,312115.860,2624172.200,128.0600,0.1300,4.3600,0.2786,-1
KHAPRETA_510206,312117.860,2624172.200,128.6800,0.0000,3.7400,0.2390,-1
KHAPRETA_510206,312130.860,2624172.200,128.6100,0.5481,3.8100,0.2435,-1
KHAPRETA_510206,312132.860,2624172.200,128.5400,0.6081,3.8800,0.2479,-1
KHAPRETA_510206,312139.860,2624172.200,128.7000,0.0000,3.7200,0.2377,-1
KHAPRETA_510206,312142.860,2624172.200,128.7100,0.7716,3.7100,0.2371,-1
KHAPRETA_510206,312143.860,2624172.200,128.6800,0.5331,3.7400,0.2390,-1
KHAPRETA_510206,312145.860,2624172.200,128.6900,0.5331,3.7300,0.2383,-1
KHAPRETA_510206,312152.860,2624172.200,128.7500,0.4481,3.6700,0.2345,-1
KHAPRETA_510206,312153.860,2624172.200,128.8800,0.5131,3.5400,0.2262,-1
KHAPRETA_510206,312157.860,2624172.200,128.7600,0.0000,3.6600,0.2339,-1
KHAPRETA_510206,312167.860,2624172.200,128.9300,0.4081,3.4900,0.2230,-1
KHAPRETA_510206,312177.860,2624172.200,129.0400,0.0500,3.3800,0.2160,-1
KHAPRETA_510206,312180.860,2624172.200,128.9200,0.3481,3.5000,0.2236,-1
KHAPRETA_510206,312185.860,2624172.200,129.2400,0.2481,3.1800,0.2032,-1
KHAPRETA_510206,312192.860,2624172.200,129.3300,0.2581,3.0900,0.1974,-1
KHAPRETA_510206,312196.860,2624172.200,129.0300,0.3531,3.3900,0.2166,-1
KHAPRETA_510206,312197.860,2624172.200,129.0700,0.4092,3.3500,0.2141,-1
KHAPRETA_510206,312200.860,2624172.200,129.2800,0.2431,3.1400,0.2006,-1
KHAPRETA_510206,312206.860,2624172.200,129.4700,0.2031,2.9500,0.1885,-1
KHAPRETA_510206,312207.860,2624172.200,129.3700,0.1531,3.0500,0.1949,-1
KHAPRETA_510206,312211.860,2624172.200,129.4600,0.0419,2.9600,0.1891,-1
KHAPRETA_510206,312215.860,2624172.200,130.7300,0.0000,1.6900,0.1080,-1
KHAPRETA_510206,312217.860,2624172.200,129.5000,0.0000,2.9200,0.1866,-1
KHAPRETA_510206,312221.860,2624172.200,129.5000,0.0000,2.9200,0.1866,-1
KHAPRETA_510206,312231.860,2624172.200,129.5700,0.1426,2.8500,0.1821,-1
KHAPRETA_510206,312232.860,2624172.200,129.5600,0.1031,2.8600,0.1827,-1
KHAPRETA_510206,312235.860,2624172.200,129.6000,0.0881,2.8200,0.1802,-1
KHAPRETA_510206,312236.860,2624172.200,129.6000,0.0376,2.8200,0.1802,-1
KHAPRETA_510206,312237.860,2624172.200,129.5500,0.0400,2.8700,0.1834,-1
KHAPRETA_510206,312238.860,2624172.200,129.6800,0.2693,2.7400,0.1751,-1
KHAPRETA_510206,312239.860,2624172.200,130.0100,0.1311,2.4100,0.1540,-1
KHAPRETA_510206,312242.860,2624172.200,130.0100,0.0000,2.4100,0.1540,-1
KHAPRETA_510206,312244.860,2624172.200,130.0800,0.0000,2.3400,0.1495,-1
KHAPRETA_510206,312253.860,2624172.200,130.1400,0.0000,2.2800,0.1457,-1
KHAPRETA_510206,312262.860,2624172.200,130.3100,0.2669,2.1100,0.1348,-1
KHAPRETA_510206,312263.860,2624172.200,130.3100,0.2670,2.1100,0.1348,-1
KHAPRETA_510206,312266.860,2624172.200,130.3100,0.2769,2.1100,0.1348,-1
KHAPRETA_510206,312267.860,2624172.200,130.3300,0.2669,2.0900,0.1335,-1
KHAPRETA_510206,312269.860,2624172.200,130.3400,0.0000,2.0800,0.1329,-1
KHAPRETA_510206,312272.860,2624172.200,130.0400,0.0000,2.3800,0.1521,-1
KHAPRETA_510206,312275.860,2624172.200,130.3500,0.2569,2.0700,0.1323,-1
KHAPRETA_510206,312276.860,2624172.200,130.2900,0.2869,2.1300,0.1361,-1
KHAPRETA_510206,312278.860,2624172.200,130.2900,0.2469,2.1300,0.1361,-1
KHAPRETA_510206,312286.860,2624172.200,129.8800,0.0000,2.5400,0.1623,-1
KHAPRETA_510206,312288.860,2624172.200,130.3400,0.3729,2.0800,0.1329,-1
KHAPRETA_510206,312289.860,2624172.200,130.2400,0.2819,2.1800,0.1393,-1
KHAPRETA_510206,312291.860,2624172.200,130.1200,0.1719,2.3000,0.1470,-1
KHAPRETA_510206,312298.860,2624172.200,130.2600,0.0000,2.1600,0.1380,-1
KHAPRETA_510206,312300.860,2624172.200,130.1800,0.2519,2.2400,0.1431,-1
KHAPRETA_510206,312320.860,2624172.200,130.5400,0.3319,1.8800,0.1201,-1
KHAPRETA_510206,312323.860,2624172.200,130.3500,0.3569,2.0700,0.1323,-1
KHAPRETA_510206,312326.860,2624172.200,130.6100,0.0000,1.8100,0.1157,-1
KHAPRETA_510206,312331.860,2624172.200,130.5200,0.2869,1.9000,0.1214,-1
KHAPRETA_510206,312339.860,2624172.200,130.4700,0.0000,1.9500,0.1246,-1
KHAPRETA_510206,312342.860,2624172.200,130.5300,0.3619,1.8900,0.1208,-1
KHAPRETA_510206,312360.860,2624172.200,131.0500,0.4469,1.3700,0.0875,-1
KHAPRETA_510206,312369.860,2624172.200,130.6800,0.5019,1.7400,0.1112,-1
KHAPRETA_510206,312370.860,2624172.200,130.7800,0.6498,1.6400,0.1048,-1
KHAPRETA_510206,312372.860,2624172.200,130.7100,0.6746,1.7100,0.1093,-1
KHAPRETA_510206,312373.860,2624172.200,130.7100,0.6892,1.7100,0.1093,-1
KHAPRETA_510206,312375.860,2624172.200,130.7800,0.6427,1.6400,0.1048,-1
KHAPRETA_510206,312376.860,2624172.200,130.6800,0.6821,1.7400,0.1112,-1
KHAPRETA_510206,312380.860,2624172.200,130.7200,0.4819,1.7000,0.1086,-1
KHAPRETA_510206,312383.860,2624172.200,130.7500,0.0000,1.6700,0.1067,-1
KHAPRETA_510206,312385.860,2624172.200,130.7900,0.5069,1.6300,0.1042,-1
KHAPRETA_510206,312389.860,2624172.200,130.8700,0.0000,1.5500,0.0990,-1
KHAPRETA_510206,312394.860,2624172.200,130.8400,0.0000,1.5800,0.1010,-1
KHAPRETA_510206,312417.860,2624172.200,132.4100,0.0000,0.0100,0.0006,-1
KHAPRETA_510206,312419.860,2624172.200,131.7100,0.0000,0.7100,0.0454,-1
KHAPRETA_510206,312425.860,2624172.200,131.7500,0.0000,0.6700,0.0428,-1
KHAPRETA_510206,312432.860,2624172.200,131.8900,0.0000,0.5300,0.0339,-1
KHAPRETA_510206,312437.860,2624172.200,131.7100,0.0000,0.7100,0.0454,-1
KHAPRETA_510206,312447.860,2624172.200,132.1100,1.1469,0.3100,0.0198,-1
KHAPRETA_510206,312453.860,2624172.200,132.0400,0.0000,0.3800,0.0243,-1
KHAPRETA_510206,312456.860,2624172.200,132.3500,0.0000,0.0700,0.0045,-1
KHAPRETA_510206,312472.860,2624172.200,131.7600,0.9969,0.6600,0.0422,-1
KHAPRETA_510206,312481.860,2624172.200,132.0800,0.0000,0.3400,0.0217,-1
KHAPRETA_510206,312486.860,2624172.200,131.7800,0.0000,0.6400,0.0409,-1
KHAPRETA_510206,312489.860,2624172.200,131.2400,0.4850,1.1800,0.0754,-1
KHAPRETA_510206,312492.860,2624172.200,130.9200,0.5069,1.5000,0.0958,-1
KHAPRETA_510206,312494.860,2624172.200,130.3600,0.0000,2.0600,0.1316,-1
KHAPRETA_510206,312498.860,2624172.200,130.5800,0.8342,1.8400,0.1176,-1
KHAPRETA_510206,312499.860,2624172.200,130.9100,0.3800,1.5100,0.0965,-1
KHAPRETA_510206,312500.860,2624172.200,131.3400,0.3850,1.0800,0.0690,-1
KHAPRETA_510206,312501.860,2624172.200,131.6800,0.7819,0.7400,0.0473,-1
KHAPRETA_510206,312507.860,2624172.200,131.6400,0.0000,0.7800,0.0498,-1
KHAPRETA_510206,312511.860,2624172.200,131.7500,0.0000,0.6700,0.0428,-1
KHAPRETA_510206,312514.860,2624172.200,131.7700,1.0019,0.6500,0.0415,-1
KHAPRETA_510206,312517.860,2624172.200,131.8000,1.0269,0.6200,0.0396,-1
KHAPRETA_510206,312523.860,2624172.200,131.6800,0.0000,0.7400,0.0473,-1
KHAPRETA_510206,312525.860,2624172.200,131.8500,0.0000,0.5700,0.0364,-1
KHAPRETA_510206,312009.860,2624173.200,127.0400,0.0000,5.3800,0.3438,-1
KHAPRETA_510206,312036.860,2624173.200,131.8600,1.2688,0.5600,0.0358,-1
KHAPRETA_510206,312037.860,2624173.200,131.7900,1.2048,0.6300,0.0403,-1
KHAPRETA_510206,312038.860,2624173.200,130.4500,3.5076,1.9700,0.1259,-1
KHAPRETA_510206,312044.860,2624173.200,124.3600,3.8156,8.0600,0.5150,-1
KHAPRETA_510206,312045.860,2624173.200,124.3700,2.7081,8.0500,0.5144,-1
KHAPRETA_510206,312048.860,2624173.200,124.2000,2.7381,8.2200,0.5252,-1
KHAPRETA_510206,312049.860,2624173.200,124.3000,2.7881,8.1200,0.5188,-1
KHAPRETA_510206,312052.860,2624173.200,124.2100,0.0000,8.2100,0.5246,-1
KHAPRETA_510206,312054.860,2624173.200,123.7800,2.9281,8.6400,0.5521,-1
KHAPRETA_510206,312055.860,2624173.200,123.9200,2.9981,8.5000,0.5431,-1
KHAPRETA_510206,312057.860,2624173.200,123.9700,0.0000,8.4500,0.5399,-1
KHAPRETA_510206,312080.860,2624173.200,132.1300,0.0000,0.2900,0.0185,-1
KHAPRETA_510206,312082.860,2624173.200,127.5700,0.0000,4.8500,0.3099,-1
KHAPRETA_510206,312085.860,2624173.200,127.3800,1.6202,5.0400,0.3220,-1
KHAPRETA_510206,312086.860,2624173.200,127.4600,0.9936,4.9600,0.3169,-1
KHAPRETA_510206,312087.860,2624173.200,127.7300,1.1581,4.6900,0.2997,-1
KHAPRETA_510206,312094.860,2624173.200,127.9000,0.0100,4.5200,0.2888,-1
KHAPRETA_510206,312098.860,2624173.200,127.9200,1.1581,4.5000,0.2875,-1
KHAPRETA_510206,312102.860,2624173.200,127.9300,0.7081,4.4900,0.2869,-1
KHAPRETA_510206,312103.860,2624173.200,128.3600,0.9231,4.0600,0.2594,-1
KHAPRETA_510206,312106.860,2624173.200,127.9700,0.8131,4.4500,0.2843,-1
KHAPRETA_510206,312107.860,2624173.200,128.1500,1.3166,4.2700,0.2728,-1
KHAPRETA_510206,312115.860,2624173.200,128.3100,1.1030,4.1100,0.2626,-1
KHAPRETA_510206,312116.860,2624173.200,128.3900,0.7331,4.0300,0.2575,-1
KHAPRETA_510206,312122.860,2624173.200,128.5100,0.6381,3.9100,0.2498,-1
KHAPRETA_510206,312128.860,2624173.200,128.5500,0.0000,3.8700,0.2473,-1
KHAPRETA_510206,312130.860,2624173.200,128.6800,0.5831,3.7400,0.2390,-1
KHAPRETA_510206,312132.860,2624173.200,128.5600,0.6181,3.8600,0.2466,-1
KHAPRETA_510206,312138.860,2624173.200,128.6700,0.5731,3.7500,0.2396,-1
KHAPRETA_510206,312148.860,2624173.200,128.7700,0.0000,3.6500,0.2332,-1
KHAPRETA_510206,312154.860,2624173.200,128.7400,0.0000,3.6800,0.2351,-1
KHAPRETA_510206,312161.860,2624173.200,128.9300,0.4681,3.4900,0.2230,-1
KHAPRETA_510206,312162.860,2624173.200,128.8400,0.0400,3.5800,0.2288,-1
KHAPRETA_510206,312163.860,2624173.200,128.8500,0.4681,3.5700,0.2281,-1
KHAPRETA_510206,312173.860,2624173.200,129.0400,0.0000,3.3800,0.2160,-1
KHAPRETA_510206,312176.860,2624173.200,129.0900,0.6162,3.3300,0.2128,-1
KHAPRETA_510206,312177.860,2624173.200,128.8800,0.3681,3.5400,0.2262,-1
KHAPRETA_510206,312178.860,2624173.200,129.0900,0.3752,3.3300,0.2128,-1
KHAPRETA_510206,312179.860,2624173.200,128.9600,0.3981,3.4600,0.2211,-1
KHAPRETA_510206,312180.860,2624173.200,129.0800,0.5914,3.3400,0.2134,-1
KHAPRETA_510206,312182.860,2624173.200,129.1200,0.4537,3.3000,0.2109,-1
KHAPRETA_510206,312183.860,2624173.200,129.0100,0.3281,3.4100,0.2179,-1
KHAPRETA_510206,312186.860,2624173.200,129.2500,0.0000,3.1700,0.2026,-1
KHAPRETA_510206,312188.860,2624173.200,129.1900,0.2481,3.2300,0.2064,-1
KHAPRETA_510206,312192.860,2624173.200,129.2600,0.3683,3.1600,0.2019,-1
KHAPRETA_510206,312193.860,2624173.200,129.1900,0.2796,3.2300,0.2064,-1
KHAPRETA_510206,312194.860,2624173.200,129.1400,0.2931,3.2800,0.2096,-1
KHAPRETA_510206,312197.860,2624173.200,129.4400,0.3531,2.9800,0.1904,-1
KHAPRETA_510206,312199.860,2624173.200,129.0900,0.2431,3.3300,0.2128,-1
KHAPRETA_510206,312200.860,2624173.200,129.2900,0.4234,3.1300,0.2000,-1
KHAPRETA_510206,312211.860,2624173.200,129.8600,0.1581,2.5600,0.1636,-1
KHAPRETA_510206,312213.860,2624173.200,129.4500,0.0000,2.9700,0.1898,-1
KHAPRETA_510206,312223.860,2624173.200,129.5200,0.0000,2.9000,0.1853,-1
KHAPRETA_510206,312236.860,2624173.200,129.7200,0.0881,2.7000,0.1725,-1
KHAPRETA_510206,312238.860,2624173.200,129.6200,0.1283,2.8000,0.1789,-1
KHAPRETA_510206,312239.860,2624173.200,130.0200,0.1691,2.4000,0.1534,-1
KHAPRETA_510206,312245.860,2624173.200,130.0700,0.0000,2.3500,0.1502,-1
KHAPRETA_510206,312251.860,2624173.200,130.1900,0.0969,2.2300,0.1425,-1
KHAPRETA_510206,312252.860,2624173.200,129.9700,0.2069,2.4500,0.1565,-1
KHAPRETA_510206,312258.860,2624173.200,130.1500,0.0000,2.2700,0.1450,-1
KHAPRETA_510206,312261.860,2624173.200,130.2400,0.0000,2.1800,0.1393,-1
KHAPRETA_510206,312263.860,2624173.200,130.2600,0.2669,2.1600,0.1380,-1
KHAPRETA_510206,312273.860,2624173.200,129.9400,0.0000,2.4800,0.1585,-1
KHAPRETA_510206,312277.860,2624173.200,130.3000,0.0000,2.1200,0.1355,-1
KHAPRETA_510206,312279.860,2624173.200,130.1900,0.0000,2.2300,0.1425,-1
KHAPRETA_510206,312292.860,2624173.200,130.2800,0.0000,2.1400,0.1367,-1
KHAPRETA_510206,312294.860,2624173.200,130.3500,0.0000,2.0700,0.1323,-1
KHAPRETA_510206,312296.860,2624173.200,130.3500,0.2469,2.0700,0.1323,-1
KHAPRETA_510206,312297.860,2624173.200,130.2700,0.2869,2.1500,0.1374,-1
KHAPRETA_510206,312300.860,2624173.200,130.2800,0.0050,2.1400,0.1367,-1
KHAPRETA_510206,312305.860,2624173.200,130.3300,0.0000,2.0900,0.1335,-1
KHAPRETA_510206,312309.860,2624173.200,130.3400,0.2969,2.0800,0.1329,-1
KHAPRETA_510206,312310.860,2624173.200,130.3700,0.2819,2.0500,0.1310,-1
KHAPRETA_510206,312312.860,2624173.200,130.4900,0.3219,1.9300,0.1233,-1
KHAPRETA_510206,312320.860,2624173.200,130.4400,0.3819,1.9800,0.1265,-1
KHAPRETA_510206,312324.860,2624173.200,130.5400,0.0000,1.8800,0.1201,-1
KHAPRETA_510206,312331.860,2624173.200,130.3500,0.0950,2.0700,0.1323,-1
KHAPRETA_510206,312335.860,2624173.200,130.5500,0.0000,1.8700,0.1195,-1
KHAPRETA_510206,312337.860,2624173.200,130.3000,0.3019,2.1200,0.1355,-1
KHAPRETA_510206,312338.860,2624173.200,130.3800,0.2619,2.0400,0.1304,-1
KHAPRETA_510206,312342.860,2624173.200,130.5000,0.3570,1.9200,0.1227,-1
KHAPRETA_510206,312343.860,2624173.200,130.4800,0.0000,1.9400,0.1240,-1
KHAPRETA_510206,312344.860,2624173.200,130.5000,0.0200,1.9200,0.1227,-1
KHAPRETA_510206,312345.860,2624173.200,130.5200,0.0350,1.9000,0.1214,-1
KHAPRETA_510206,312346.860,2624173.200,130.4300,0.3719,1.9900,0.1272,-1
KHAPRETA_510206,312349.860,2624173.200,130.4400,0.3619,1.9800,0.1265,-1
KHAPRETA_510206,312350.860,2624173.200,130.5000,0.4590,1.9200,0.1227,-1
KHAPRETA_510206,312352.860,2624173.200,130.2400,0.0000,2.1800,0.1393,-1
KHAPRETA_510206,312355.860,2624173.200,130.5200,0.0000,1.9000,0.1214,-1
KHAPRETA_510206,312359.860,2624173.200,130.8900,0.0000,1.5300,0.0978,-1
KHAPRETA_510206,312364.860,2624173.200,130.9600,0.6319,1.4600,0.0933,-1
KHAPRETA_510206,312365.860,2624173.200,131.0400,0.5919,1.3800,0.0882,-1
KHAPRETA_510206,312367.860,2624173.200,130.9900,0.6869,1.4300,0.0914,-1
KHAPRETA_510206,312371.860,2624173.200,130.7800,0.4719,1.6400,0.1048,-1
KHAPRETA_510206,312376.860,2624173.200,130.7000,0.4519,1.7200,0.1099,-1
KHAPRETA_510206,312378.860,2624173.200,130.7100,0.0000,1.7100,0.1093,-1
KHAPRETA_510206,312380.860,2624173.200,130.7400,0.4719,1.6800,0.1073,-1
KHAPRETA_510206,312385.860,2624173.200,130.7900,0.5069,1.6300,0.1042,-1
KHAPRETA_510206,312390.860,2624173.200,130.8300,0.0000,1.5900,0.1016,-1
KHAPRETA_510206,312397.860,2624173.200,130.8700,1.0469,1.5500,0.0990,-1
KHAPRETA_510206,312423.860,2624173.200,131.7900,1.0169,0.6300,0.0403,-1
KHAPRETA_510206,312438.860,2624173.200,131.9600,0.0000,0.4600,0.0294,-1
KHAPRETA_510206,312441.860,2624173.200,131.9600,1.0969,0.4600,0.0294,-1
KHAPRETA_510206,312448.860,2624173.200,132.0500,0.0000,0.3700,0.0236,-1
KHAPRETA_510206,312450.860,2624173.200,132.0900,1.6280,0.3300,0.0211,-1
KHAPRETA_510206,312451.860,2624173.200,131.9500,0.1000,0.4700,0.0300,-1
KHAPRETA_510206,312452.860,2624173.200,132.2900,1.0869,0.1300,0.0083,-1
KHAPRETA_510206,312469.860,2624173.200,132.2900,0.0000,0.1300,0.0083,-1
KHAPRETA_510206,312479.860,2624173.200,132.2300,1.0769,0.1900,0.0121,-1
KHAPRETA_510206,312480.860,2624173.200,131.9300,1.2269,0.4900,0.0313,-1
KHAPRETA_510206,312489.860,2624173.200,132.0700,0.5150,0.3500,0.0224,-1
KHAPRETA_510206,312495.860,2624173.200,130.3500,0.0000,2.0700,0.1323,-1
KHAPRETA_510206,312498.860,2624173.200,131.0000,0.1000,1.4200,0.0907,-1
KHAPRETA_510206,312504.860,2624173.200,131.6500,0.0000,0.7700,0.0492,-1
KHAPRETA_510206,312514.860,2624173.200,131.7800,1.4421,0.6400,0.0409,-1
KHAPRETA_510206,312515.860,2624173.200,131.8600,1.4347,0.5600,0.0358,-1
KHAPRETA_510206,312517.860,2624173.200,131.8300,1.4417,0.5900,0.0377,-1
KHAPRETA_510206,312518.860,2624173.200,131.8300,1.0269,0.5900,0.0377,-1
KHAPRETA_510206,312520.860,2624173.200,131.7500,0.0000,0.6700,0.0428,-1
KHAPRETA_510206,312035.860,2624174.200,132.0500,0.0000,0.3700,0.0236,-1
KHAPRETA_510206,312037.860,2624174.200,131.7300,2.9502,0.6900,0.0441,-1
KHAPRETA_510206,312038.860,2624174.200,124.2300,1.0334,8.1900,0.5233,-1
KHAPRETA_510206,312085.860,2624174.200,127.5100,1.1981,4.9100,0.3137,-1
KHAPRETA_510206,312088.860,2624174.200,127.8100,0.0000,4.6100,0.2946,-1
KHAPRETA_510206,312091.860,2624174.200,127.7500,0.0000,4.6700,0.2984,-1
KHAPRETA_510206,312094.860,2624174.200,127.8200,1.4748,4.6000,0.2939,-1
KHAPRETA_510206,312095.860,2624174.200,127.5000,1.3974,4.9200,0.3144,-1
KHAPRETA_510206,312100.860,2624174.200,127.7200,0.0000,4.7000,0.3003,-1
KHAPRETA_510206,312122.860,2624174.200,128.5000,0.6331,3.9200,0.2505,-1
KHAPRETA_510206,312123.860,2624174.200,128.5100,0.6381,3.9100,0.2498,-1
KHAPRETA_510206,312133.860,2624174.200,128.5800,0.5781,3.8400,0.2454,-1
KHAPRETA_510206,312138.860,2624174.200,128.6300,0.5531,3.7900,0.2422,-1
KHAPRETA_510206,312140.860,2624174.200,128.6800,0.0000,3.7400,0.2390,-1
KHAPRETA_510206,312144.860,2624174.200,128.6700,0.0000,3.7500,0.2396,-1
KHAPRETA_510206,312147.860,2624174.200,128.7600,0.0000,3.6600,0.2339,-1
KHAPRETA_510206,312152.860,2624174.200,128.8200,0.0000,3.6000,0.2300,-1
KHAPRETA_510206,312160.860,2624174.200,128.8000,0.0000,3.6200,0.2313,-1
KHAPRETA_510206,312167.860,2624174.200,129.0300,0.0000,3.3900,0.2166,-1
KHAPRETA_510206,312169.860,2624174.200,128.8200,0.6074,3.6000,0.2300,-1
KHAPRETA_510206,312170.860,2624174.200,128.8500,0.0750,3.5700,0.2281,-1
KHAPRETA_510206,312171.860,2624174.200,128.6700,0.6306,3.7500,0.2396,-1
KHAPRETA_510206,312176.860,2624174.200,128.9300,0.1350,3.4900,0.2230,-1
KHAPRETA_510206,312178.860,2624174.200,129.0300,0.5255,3.3900,0.2166,-1
KHAPRETA_510206,312179.860,2624174.200,128.9800,0.5529,3.4400,0.2198,-1
KHAPRETA_510206,312182.860,2624174.200,129.2900,0.3281,3.1300,0.2000,-1
KHAPRETA_510206,312187.860,2624174.200,129.0600,0.3270,3.3600,0.2147,-1
KHAPRETA_510206,312188.860,2624174.200,129.2800,0.2931,3.1400,0.2006,-1
KHAPRETA_510206,312189.860,2624174.200,129.0600,0.2481,3.3600,0.2147,-1
KHAPRETA_510206,312193.860,2624174.200,129.2300,0.2931,3.1900,0.2038,-1
KHAPRETA_510206,312207.860,2624174.200,129.4900,0.2331,2.9300,0.1872,-1
KHAPRETA_510206,312224.860,2624174.200,129.5400,0.0000,2.8800,0.1840,-1
KHAPRETA_510206,312226.860,2624174.200,129.6000,0.0000,2.8200,0.1802,-1
KHAPRETA_510206,312234.860,2624174.200,129.6900,0.0931,2.7300,0.1744,-1
KHAPRETA_510206,312235.860,2624174.200,129.5900,0.0936,2.8300,0.1808,-1
KHAPRETA_510206,312238.860,2624174.200,129.6000,0.0848,2.8200,0.1802,-1
KHAPRETA_510206,312239.860,2624174.200,129.7100,0.2442,2.7100,0.1732,-1
KHAPRETA_510206,312240.860,2624174.200,129.9300,0.0500,2.4900,0.1591,-1
KHAPRETA_510206,312241.860,2624174.200,129.8100,0.0928,2.6100,0.1668,-1
KHAPRETA_510206,312243.860,2624174.200,130.1100,0.0000,2.3100,0.1476,-1
KHAPRETA_510206,312248.860,2624174.200,129.8800,0.0869,2.5400,0.1623,-1
KHAPRETA_510206,312253.860,2624174.200,130.1500,0.1819,2.2700,0.1450,-1
KHAPRETA_510206,312256.860,2624174.200,130.1100,0.0000,2.3100,0.1476,-1
KHAPRETA_510206,312271.860,2624174.200,130.3200,0.0000,2.1000,0.1342,-1
KHAPRETA_510206,312278.860,2624174.200,130.3300,0.0000,2.0900,0.1335,-1
KHAPRETA_510206,312286.860,2624174.200,130.5800,0.0000,1.8400,0.1176,-1
KHAPRETA_510206,312288.860,2624174.200,130.5200,0.5131,1.9000,0.1214,-1
KHAPRETA_510206,312289.860,2624174.200,130.5500,0.1000,1.8700,0.1195,-1
KHAPRETA_510206,312290.860,2624174.200,130.3200,0.5066,2.1000,0.1342,-1
KHAPRETA_510206,312300.860,2624174.200,130.1700,0.2519,2.2500,0.1438,-1
KHAPRETA_510206,312312.860,2624174.200,130.4200,0.0050,2.0000,0.1278,-1
KHAPRETA_510206,312315.860,2624174.200,130.3600,0.0000,2.0600,0.1316,-1
KHAPRETA_510206,312317.860,2624174.200,130.3700,0.3619,2.0500,0.1310,-1
KHAPRETA_510206,312322.860,2624174.200,130.4600,0.2819,1.9600,0.1252,-1
KHAPRETA_510206,312331.860,2624174.200,130.3300,0.2869,2.0900,0.1335,-1
KHAPRETA_510206,312342.860,2624174.200,130.4100,0.0700,2.0100,0.1284,-1
KHAPRETA_510206,312350.860,2624174.200,130.4100,0.3619,2.0100,0.1284,-1
KHAPRETA_510206,312354.860,2624174.200,130.7500,0.0000,1.6700,0.1067,-1
KHAPRETA_510206,312357.860,2624174.200,130.9600,0.6369,1.4600,0.0933,-1
KHAPRETA_510206,312358.860,2624174.200,131.0500,0.5919,1.3700,0.0875,-1
KHAPRETA_510206,312360.860,2624174.200,130.9800,0.0000,1.4400,0.0920,-1
KHAPRETA_510206,312367.860,2624174.200,131.1500,0.6069,1.2700,0.0812,-1
KHAPRETA_510206,312371.860,2624174.200,130.7200,0.5019,1.7000,0.1086,-1
KHAPRETA_510206,312384.860,2624174.200,130.7800,0.0000,1.6400,0.1048,-1
KHAPRETA_510206,312387.860,2624174.200,130.8100,0.0000,1.6100,0.1029,-1
KHAPRETA_510206,312389.860,2624174.200,130.8400,0.0000,1.5800,0.1010,-1
KHAPRETA_510206,312397.860,2624174.200,131.8700,0.5469,0.5500,0.0351,-1
KHAPRETA_510206,312419.860,2624174.200,131.7600,0.0000,0.6600,0.0422,-1
KHAPRETA_510206,312421.860,2624174.200,131.7200,0.0000,0.7000,0.0447,-1
KHAPRETA_510206,312423.860,2624174.200,131.8100,1.0069,0.6100,0.0390,-1
KHAPRETA_510206,312426.860,2624174.200,131.7000,0.0000,0.7200,0.0460,-1
KHAPRETA_510206,312432.860,2624174.200,131.5600,0.9619,0.8600,0.0550,-1
KHAPRETA_510206,312433.860,2624174.200,131.7000,1.0648,0.7200,0.0460,-1
KHAPRETA_510206,312434.860,2624174.200,131.8900,0.9619,0.5300,0.0339,-1
KHAPRETA_510206,312441.860,2624174.200,131.9700,1.0919,0.4500,0.0288,-1
KHAPRETA_510206,312444.860,2624174.200,132.0500,0.0000,0.3700,0.0236,-1
KHAPRETA_510206,312447.860,2624174.200,132.1100,0.0000,0.3100,0.0198,-1
KHAPRETA_510206,312449.860,2624174.200,132.0700,1.2119,0.3500,0.0224,-1
KHAPRETA_510206,312450.860,2624174.200,132.2000,1.6291,0.2200,0.0141,-1
KHAPRETA_510206,312485.860,2624174.200,131.8300,1.1119,0.5900,0.0377,-1
KHAPRETA_510206,312489.860,2624174.200,132.2700,0.9673,0.1500,0.0096,-1
KHAPRETA_510206,312490.860,2624174.200,131.6600,1.2469,0.7600,0.0486,-1
KHAPRETA_510206,312497.860,2624174.200,130.6100,0.5019,1.8100,0.1157,-1
KHAPRETA_510206,312498.860,2624174.200,130.7800,0.4383,1.6400,0.1048,-1
KHAPRETA_510206,312501.860,2624174.200,131.2200,0.0000,1.2000,0.0767,-1
KHAPRETA_510206,312505.860,2624174.200,131.7800,0.0000,0.6400,0.0409,-1
KHAPRETA_510206,312510.860,2624174.200,131.8500,1.4559,0.5700,0.0364,-1
KHAPRETA_510206,312511.860,2624174.200,131.8200,1.0325,0.6000,0.0383,-1
KHAPRETA_510206,312512.860,2624174.200,131.7800,1.0219,0.6400,0.0409,-1
KHAPRETA_510206,312515.860,2624174.200,131.8300,0.9998,0.5900,0.0377,-1
KHAPRETA_510206,312516.860,2624174.200,131.7700,1.0269,0.6500,0.0415,-1
KHAPRETA_510206,312519.860,2624174.200,131.7300,0.0000,0.6900,0.0441,-1
KHAPRETA_510206,312521.860,2624174.200,131.8000,0.0000,0.6200,0.0396,-1
KHAPRETA_510206,312523.860,2624174.200,131.8800,0.0000,0.5400,0.0345,-1
KHAPRETA_510206,312010.860,2624175.200,127.0600,2.0164,5.3600,0.3425,-1
KHAPRETA_510206,312011.860,2624175.200,126.9800,1.3581,5.4400,0.3476,-1
KHAPRETA_510206,312025.860,2624175.200,129.5600,0.0000,2.8600,0.1827,-1
KHAPRETA_510206,312036.860,2624175.200,132.3700,1.1819,0.0500,0.0032,-1
KHAPRETA_510206,312053.860,2624175.200,124.2600,3.8722,8.1600,0.5214,-1
KHAPRETA_510206,312054.860,2624175.200,124.2900,3.9147,8.1300,0.5195,-1
KHAPRETA_510206,312056.860,2624175.200,123.9600,0.0000,8.4600,0.5406,-1
KHAPRETA_510206,312092.860,2624175.200,127.7700,1.0481,4.6500,0.2971,-1
KHAPRETA_510206,312095.860,2624175.200,127.7800,1.5437,4.6400,0.2965,-1
KHAPRETA_510206,312096.860,2624175.200,127.6900,0.0300,4.7300,0.3022,-1
KHAPRETA_510206,312097.860,2624175.200,127.8400,1.5697,4.5800,0.2927,-1
KHAPRETA_510206,312099.860,2624175.200,128.0400,0.0000,4.3800,0.2799,-1
KHAPRETA_510206,312109.860,2624175.200,128.0400,0.8331,4.3800,0.2799,-1
KHAPRETA_510206,312112.860,2624175.200,128.0700,0.0000,4.3500,0.2780,-1
KHAPRETA_510206,312115.860,2624175.200,128.4500,0.0000,3.9700,0.2537,-1
KHAPRETA_510206,312122.860,2624175.200,128.5300,0.6381,3.8900,0.2486,-1
KHAPRETA_510206,312124.860,2624175.200,128.5200,0.5781,3.9000,0.2492,-1
KHAPRETA_510206,312125.860,2624175.200,128.6200,0.8847,3.8000,0.2428,-1
KHAPRETA_510206,312127.860,2624175.200,128.5500,0.6081,3.8700,0.2473,-1
KHAPRETA_510206,312130.860,2624175.200,128.5800,0.0000,3.8400,0.2454,-1
KHAPRETA_510206,312133.860,2624175.200,128.6200,0.5981,3.8000,0.2428,-1
KHAPRETA_510206,312136.860,2624175.200,128.6200,0.0000,3.8000,0.2428,-1
KHAPRETA_510206,312143.860,2624175.200,128.6700,0.5631,3.7500,0.2396,-1
KHAPRETA_510206,312146.860,2624175.200,128.7700,0.0000,3.6500,0.2332,-1
KHAPRETA_510206,312148.860,2624175.200,128.7300,0.5031,3.6900,0.2358,-1
KHAPRETA_510206,312156.860,2624175.200,128.7800,0.0000,3.6400,0.2326,-1
KHAPRETA_510206,312162.860,2624175.200,128.8500,0.0000,3.5700,0.2281,-1
KHAPRETA_510206,312165.860,2624175.200,128.9000,0.4881,3.5200,0.2249,-1
KHAPRETA_510206,312168.860,2624175.200,129.0600,0.3931,3.3600,0.2147,-1
KHAPRETA_510206,312169.860,2624175.200,128.9900,0.5973,3.4300,0.2192,-1
KHAPRETA_510206,312171.860,2624175.200,128.9200,0.0300,3.5000,0.2236,-1
KHAPRETA_510206,312173.860,2624175.200,128.4700,0.0000,3.9500,0.2524,-1
KHAPRETA_510206,312176.860,2624175.200,128.8200,0.5843,3.6000,0.2300,-1
KHAPRETA_510206,312177.860,2624175.200,128.9700,0.6940,3.4500,0.2204,-1
KHAPRETA_510206,312180.860,2624175.200,128.9900,0.3231,3.4300,0.2192,-1
KHAPRETA_510206,312185.860,2624175.200,129.3100,0.2831,3.1100,0.1987,-1
KHAPRETA_510206,312186.860,2624175.200,129.2100,0.0200,3.2100,0.2051,-1
KHAPRETA_510206,312187.860,2624175.200,129.3500,0.4564,3.0700,0.1962,-1
KHAPRETA_510206,312191.860,2624175.200,129.4900,0.4145,2.9300,0.1872,-1
KHAPRETA_510206,312192.860,2624175.200,129.2000,0.4089,3.2200,0.2058,-1
KHAPRETA_510206,312195.860,2624175.200,129.1600,0.0000,3.2600,0.2083,-1
KHAPRETA_510206,312202.860,2624175.200,129.1700,0.0000,3.2500,0.2077,-1
KHAPRETA_510206,312207.860,2624175.200,129.3100,0.1654,3.1100,0.1987,-1
KHAPRETA_510206,312208.860,2624175.200,129.6100,0.2050,2.8100,0.1796,-1
KHAPRETA_510206,312209.860,2624175.200,129.7200,0.6726,2.7000,0.1725,-1
KHAPRETA_510206,312210.860,2624175.200,130.8900,0.0281,1.5300,0.0978,-1
KHAPRETA_510206,312220.860,2624175.200,129.5000,0.1431,2.9200,0.1866,-1
KHAPRETA_510206,312221.860,2624175.200,129.4900,0.1952,2.9300,0.1872,-1
KHAPRETA_510206,312223.860,2624175.200,129.5300,0.0000,2.8900,0.1847,-1
KHAPRETA_510206,312232.860,2624175.200,129.6500,0.0000,2.7700,0.1770,-1
KHAPRETA_510206,312235.860,2624175.200,129.6100,0.0931,2.8100,0.1796,-1
KHAPRETA_510206,312239.860,2624175.200,129.6600,0.1350,2.7600,0.1764,-1
KHAPRETA_510206,312241.860,2624175.200,129.8800,0.0935,2.5400,0.1623,-1
KHAPRETA_510206,312242.860,2624175.200,129.9600,0.0519,2.4600,0.1572,-1
KHAPRETA_510206,312246.860,2624175.200,130.1200,0.2169,2.3000,0.1470,-1
KHAPRETA_510206,312247.860,2624175.200,130.2100,0.0850,2.2100,0.1412,-1
KHAPRETA_510206,312248.860,2624175.200,129.9500,0.2231,2.4700,0.1578,-1
KHAPRETA_510206,312253.860,2624175.200,130.1400,0.1869,2.2800,0.1457,-1
KHAPRETA_510206,312258.860,2624175.200,130.0100,0.0000,2.4100,0.1540,-1
KHAPRETA_510206,312261.860,2624175.200,130.3400,0.0000,2.0800,0.1329,-1
KHAPRETA_510206,312267.860,2624175.200,130.3200,0.2719,2.1000,0.1342,-1
KHAPRETA_510206,312268.860,2624175.200,130.3200,0.2719,2.1000,0.1342,-1
KHAPRETA_510206,312280.860,2624175.200,130.0700,0.0000,2.3500,0.1502,-1
KHAPRETA_510206,312288.860,2624175.200,130.4500,0.3719,1.9700,0.1259,-1
KHAPRETA_510206,312290.860,2624175.200,130.4300,0.3300,1.9900,0.1272,-1
KHAPRETA_510206,312291.860,2624175.200,130.1500,0.4221,2.2700,0.1450,-1
KHAPRETA_510206,312293.860,2624175.200,130.3600,0.2419,2.0600,0.1316,-1
KHAPRETA_510206,312295.860,2624175.200,130.3300,0.3169,2.0900,0.1335,-1
KHAPRETA_510206,312296.860,2624175.200,130.4100,0.2724,2.0100,0.1284,-1
KHAPRETA_510206,312297.860,2624175.200,130.3600,0.3169,2.0600,0.1316,-1
KHAPRETA_510206,312301.860,2624175.200,130.3000,0.2819,2.1200,0.1355,-1
KHAPRETA_510206,312302.860,2624175.200,130.3400,0.2619,2.0800,0.1329,-1
KHAPRETA_510206,312312.860,2624175.200,130.5000,0.3219,1.9200,0.1227,-1
KHAPRETA_510206,312314.860,2624175.200,130.5500,0.4119,1.8700,0.1195,-1
KHAPRETA_510206,312317.860,2624175.200,130.5000,0.2969,1.9200,0.1227,-1
KHAPRETA_510206,312319.860,2624175.200,130.3600,0.3919,2.0600,0.1316,-1
KHAPRETA_510206,312322.860,2624175.200,130.3400,0.3321,2.0800,0.1329,-1
KHAPRETA_510206,312323.860,2624175.200,130.4400,0.4509,1.9800,0.1265,-1
KHAPRETA_510206,312328.860,2624175.200,130.4700,0.2669,1.9500,0.1246,-1
KHAPRETA_510206,312329.860,2624175.200,130.3100,0.5160,2.1100,0.1348,-1
KHAPRETA_510206,312335.860,2624175.200,130.4600,0.3169,1.9600,0.1252,-1
KHAPRETA_510206,312339.860,2624175.200,130.2600,0.3519,2.1600,0.1380,-1
KHAPRETA_510206,312342.860,2624175.200,130.3600,0.3169,2.0600,0.1316,-1
KHAPRETA_510206,312346.860,2624175.200,130.4200,0.3019,2.0000,0.1278,-1
KHAPRETA_510206,312347.860,2624175.200,130.3800,0.3748,2.0400,0.1304,-1
KHAPRETA_510206,312351.860,2624175.200,130.5600,0.4969,1.8600,0.1188,-1
KHAPRETA_510206,312363.860,2624175.200,131.2100,0.0000,1.2100,0.0773,-1
KHAPRETA_510206,312366.860,2624175.200,131.1600,0.0000,1.2600,0.0805,-1
KHAPRETA_510206,312368.860,2624175.200,131.1100,0.6669,1.3100,0.0837,-1
KHAPRETA_510206,312369.860,2624175.200,131.1100,0.1100,1.3100,0.0837,-1
KHAPRETA_510206,312370.860,2624175.200,130.8900,0.6669,1.5300,0.0978,-1
KHAPRETA_510206,312376.860,2624175.200,130.7500,0.0000,1.6700,0.1067,-1
KHAPRETA_510206,312383.860,2624175.200,130.8000,0.0000,1.6200,0.1035,-1
KHAPRETA_510206,312386.860,2624175.200,130.8000,0.0000,1.6200,0.1035,-1
KHAPRETA_510206,312388.860,2624175.200,130.8200,0.0000,1.6000,0.1022,-1
KHAPRETA_510206,312394.860,2624175.200,131.5100,1.2469,0.9100,0.0581,-1
KHAPRETA_510206,312414.860,2624175.200,131.9100,0.0000,0.5100,0.0326,-1
KHAPRETA_510206,312424.860,2624175.200,131.7600,0.0000,0.6600,0.0422,-1
KHAPRETA_510206,312429.860,2624175.200,131.7900,0.0000,0.6300,0.0403,-1
KHAPRETA_510206,312433.860,2624175.200,131.8800,0.0700,0.5400,0.0345,-1
KHAPRETA_510206,312438.860,2624175.200,131.9000,1.1069,0.5200,0.0332,-1
KHAPRETA_510206,312439.860,2624175.200,131.9900,1.0619,0.4300,0.0275,-1
KHAPRETA_510206,312445.860,2624175.200,132.0300,1.1169,0.3900,0.0249,-1
KHAPRETA_510206,312446.860,2624175.200,132.0100,1.1269,0.4100,0.0262,-1
KHAPRETA_510206,312448.860,2624175.200,132.0600,0.0000,0.3600,0.0230,-1
KHAPRETA_510206,312472.860,2624175.200,132.1400,0.0000,0.2800,0.0179,-1
KHAPRETA_510206,312485.860,2624175.200,132.0000,0.1600,0.4200,0.0268,-1
KHAPRETA_510206,312489.860,2624175.200,131.6300,1.2469,0.7900,0.0505,-1
KHAPRETA_510206,312495.860,2624175.200,130.3800,0.0000,2.0400,0.1304,-1
KHAPRETA_510206,312498.860,2624175.200,130.7300,0.0100,1.6900,0.1080,-1
KHAPRETA_510206,312502.860,2624175.200,131.2400,0.0000,1.1800,0.0754,-1
KHAPRETA_510206,312507.860,2624175.200,131.7500,0.0000,0.6700,0.0428,-1
KHAPRETA_510206,312509.860,2624175.200,131.8400,1.0369,0.5800,0.0371,-1
KHAPRETA_510206,312510.860,2624175.200,131.8500,1.0369,0.5700,0.0364,-1
KHAPRETA_510206,312511.860,2624175.200,131.8400,1.4559,0.5800,0.0371,-1
KHAPRETA_510206,312514.860,2624175.200,131.6700,0.9669,0.7500,0.0479,-1
KHAPRETA_510206,312515.860,2624175.200,131.7100,0.9470,0.7100,0.0454,-1
KHAPRETA_510206,312517.860,2624175.200,131.8300,1.4878,0.5900,0.0377,-1
KHAPRETA_510206,312518.860,2624175.200,131.9100,1.0269,0.5100,0.0326,-1
KHAPRETA_510206,312529.860,2624175.200,131.7000,0.0000,0.7200,0.0460,-1
KHAPRETA_510206,312010.860,2624176.200,126.8700,1.3581,5.5500,0.3546,-1
KHAPRETA_510206,312019.860,2624176.200,129.6200,1.2450,2.8000,0.1789,-1
KHAPRETA_510206,312020.860,2624176.200,130.1200,0.0781,2.3000,0.1470,-1
KHAPRETA_510206,312024.860,2624176.200,127.4700,0.0000,4.9500,0.3163,-1
KHAPRETA_510206,312026.860,2624176.200,129.5600,0.0000,2.8600,0.1827,-1
KHAPRETA_510206,312036.860,2624176.200,132.1400,1.8271,0.2800,0.0179,-1
KHAPRETA_510206,312037.860,2624176.200,132.3500,1.1819,0.0700,0.0045,-1
KHAPRETA_510206,312039.860,2624176.200,131.5800,0.0000,0.8400,0.0537,-1
KHAPRETA_510206,312049.860,2624176.200,131.8800,0.0000,0.5400,0.0345,-1
KHAPRETA_510206,312053.860,2624176.200,124.3100,3.9147,8.1100,0.5182,-1
KHAPRETA_510206,312054.860,2624176.200,124.2200,3.8722,8.2000,0.5240,-1
KHAPRETA_510206,312064.860,2624176.200,123.8700,2.8531,8.5500,0.5463,-1
KHAPRETA_510206,312081.860,2624176.200,131.8900,0.8269,0.5300,0.0339,-1
KHAPRETA_510206,312082.860,2624176.200,131.4300,1.0569,0.9900,0.0633,-1
KHAPRETA_510206,312086.860,2624176.200,127.5100,0.2219,4.9100,0.3137,-1
KHAPRETA_510206,312092.860,2624176.200,127.6800,1.0031,4.7400,0.3029,-1
KHAPRETA_510206,312094.860,2624176.200,127.6600,0.0000,4.7600,0.3042,-1
KHAPRETA_510206,312097.860,2624176.200,127.4300,0.9681,4.9900,0.3188,-1
KHAPRETA_510206,312106.860,2624176.200,127.9200,0.0000,4.5000,0.2875,-1
KHAPRETA_510206,312109.860,2624176.200,128.1100,0.8681,4.3100,0.2754,-1
KHAPRETA_510206,312113.860,2624176.200,128.3600,0.6581,4.0600,0.2594,-1
KHAPRETA_510206,312118.860,2624176.200,128.5100,0.6481,3.9100,0.2498,-1
KHAPRETA_510206,312119.860,2624176.200,128.4800,0.8778,3.9400,0.2518,-1
KHAPRETA_510206,312121.860,2624176.200,128.5200,0.0000,3.9000,0.2492,-1
KHAPRETA_510206,312123.860,2624176.200,128.6000,0.0000,3.8200,0.2441,-1
KHAPRETA_510206,312125.860,2624176.200,128.5300,0.5781,3.8900,0.2486,-1
KHAPRETA_510206,312127.860,2624176.200,128.5600,0.6131,3.8600,0.2466,-1
KHAPRETA_510206,312134.860,2624176.200,128.6000,0.0000,3.8200,0.2441,-1
KHAPRETA_510206,312143.860,2624176.200,128.6500,0.5531,3.7700,0.2409,-1
KHAPRETA_510206,312148.860,2624176.200,128.7700,0.5231,3.6500,0.2332,-1
KHAPRETA_510206,312151.860,2624176.200,128.8300,0.5131,3.5900,0.2294,-1
KHAPRETA_510206,312155.860,2624176.200,128.8300,0.0000,3.5900,0.2294,-1
KHAPRETA_510206,312165.860,2624176.200,128.8000,0.4381,3.6200,0.2313,-1
KHAPRETA_510206,312171.860,2624176.200,128.6100,0.4281,3.8100,0.2435,-1
KHAPRETA_510206,312177.860,2624176.200,128.7700,0.0350,3.6500,0.2332,-1
KHAPRETA_510206,312179.860,2624176.200,128.9500,0.3231,3.4700,0.2217,-1
KHAPRETA_510206,312180.860,2624176.200,129.1300,0.5702,3.2900,0.2102,-1
KHAPRETA_510206,312189.860,2624176.200,129.3600,0.0000,3.0600,0.1955,-1
KHAPRETA_510206,312191.860,2624176.200,129.1800,0.4089,3.2400,0.2070,-1
KHAPRETA_510206,312192.860,2624176.200,129.0100,0.4145,3.4100,0.2179,-1
KHAPRETA_510206,312203.860,2624176.200,129.1700,0.2981,3.2500,0.2077,-1
KHAPRETA_510206,312204.860,2624176.200,129.1800,0.3031,3.2400,0.2070,-1
KHAPRETA_510206,312209.860,2624176.200,130.1900,0.0600,2.2300,0.1425,-1
KHAPRETA_510206,312214.860,2624176.200,129.6000,0.1331,2.8200,0.1802,-1
KHAPRETA_510206,312215.860,2624176.200,129.5100,0.0600,2.9100,0.1859,-1
KHAPRETA_510206,312216.860,2624176.200,129.4800,0.1882,2.9400,0.1879,-1
KHAPRETA_510206,312219.860,2624176.200,129.5100,0.0000,2.9100,0.1859,-1
KHAPRETA_510206,312221.860,2624176.200,129.5000,0.0050,2.9200,0.1866,-1
KHAPRETA_510206,312228.860,2624176.200,129.5800,0.0000,2.8400,0.1815,-1
KHAPRETA_510206,312231.860,2624176.200,129.5900,0.0000,2.8300,0.1808,-1
KHAPRETA_510206,312233.860,2624176.200,129.6700,0.0631,2.7500,0.1757,-1
KHAPRETA_510206,312239.860,2624176.200,129.9800,0.0581,2.4400,0.1559,-1
KHAPRETA_510206,312244.860,2624176.200,129.9900,0.0000,2.4300,0.1553,-1
KHAPRETA_510206,312250.860,2624176.200,130.1600,0.1519,2.2600,0.1444,-1
KHAPRETA_510206,312262.860,2624176.200,130.2100,0.2769,2.2100,0.1412,-1
KHAPRETA_510206,312265.860,2624176.200,130.3500,0.2669,2.0700,0.1323,-1
KHAPRETA_510206,312278.860,2624176.200,130.2400,0.0000,2.1800,0.1393,-1
KHAPRETA_510206,312285.860,2624176.200,130.6300,0.4119,1.7900,0.1144,-1
KHAPRETA_510206,312286.860,2624176.200,130.6000,0.4269,1.8200,0.1163,-1
KHAPRETA_510206,312291.860,2624176.200,130.3100,0.1869,2.1100,0.1348,-1
KHAPRETA_510206,312293.860,2624176.200,130.2600,0.0550,2.1600,0.1380,-1
KHAPRETA_510206,312296.860,2624176.200,130.3200,0.3169,2.1000,0.1342,-1
KHAPRETA_510206,312307.860,2624176.200,130.4400,0.2869,1.9800,0.1265,-1
KHAPRETA_510206,312309.860,2624176.200,130.4900,0.0000,1.9300,0.1233,-1
KHAPRETA_510206,312311.860,2624176.200,130.5000,0.0000,1.9200,0.1227,-1
KHAPRETA_510206,312314.860,2624176.200,130.6000,0.5472,1.8200,0.1163,-1
KHAPRETA_510206,312315.860,2624176.200,130.5500,0.0250,1.8700,0.1195,-1
KHAPRETA_510206,312316.860,2624176.200,130.5500,0.3869,1.8700,0.1195,-1
KHAPRETA_510206,312319.860,2624176.200,130.5600,0.0200,1.8600,0.1188,-1
KHAPRETA_510206,312322.860,2624176.200,130.4800,0.4509,1.9400,0.1240,-1
KHAPRETA_510206,312323.860,2624176.200,130.4800,0.3323,1.9400,0.1240,-1
KHAPRETA_510206,312324.860,2624176.200,130.5100,0.3519,1.9100,0.1220,-1
KHAPRETA_510206,312329.860,2624176.200,130.5400,0.2669,1.8800,0.1201,-1
KHAPRETA_510206,312335.860,2624176.200,130.4100,0.3419,2.0100,0.1284,-1
KHAPRETA_510206,312337.860,2624176.200,130.5900,0.0000,1.8300,0.1169,-1
KHAPRETA_510206,312339.860,2624176.200,130.4800,0.3057,1.9400,0.1240,-1
KHAPRETA_510206,312340.860,2624176.200,130.1500,0.3519,2.2700,0.1450,-1
KHAPRETA_510206,312347.860,2624176.200,130.1600,0.3019,2.2600,0.1444,-1
KHAPRETA_510206,312351.860,2624176.200,130.7700,0.0800,1.6500,0.1054,-1
KHAPRETA_510206,312353.860,2624176.200,130.6800,0.0000,1.7400,0.1112,-1
KHAPRETA_510206,312360.860,2624176.200,130.9000,0.0000,1.5200,0.0971,-1
KHAPRETA_510206,312365.860,2624176.200,131.1200,0.0000,1.3000,0.0831,-1
KHAPRETA_510206,312374.860,2624176.200,130.7500,0.6957,1.6700,0.1067,-1
KHAPRETA_510206,312375.860,2624176.200,130.7700,0.4869,1.6500,0.1054,-1
KHAPRETA_510206,312377.860,2624176.200,130.7700,0.0000,1.6500,0.1054,-1
KHAPRETA_510206,312379.860,2624176.200,130.7600,0.0000,1.6600,0.1061,-1
KHAPRETA_510206,312382.860,2624176.200,130.7800,0.0000,1.6400,0.1048,-1
KHAPRETA_510206,312384.860,2624176.200,130.8300,0.5119,1.5900,0.1016,-1
KHAPRETA_510206,312385.860,2624176.200,130.8000,0.5269,1.6200,0.1035,-1
KHAPRETA_510206,312390.860,2624176.200,130.9200,0.5369,1.5000,0.0958,-1
KHAPRETA_510206,312394.860,2624176.200,132.2700,0.8669,0.1500,0.0096,-1
KHAPRETA_510206,312413.860,2624176.200,131.9000,0.0000,0.5200,0.0332,-1
KHAPRETA_510206,312416.860,2624176.200,131.7200,0.9619,0.7000,0.0447,-1
KHAPRETA_510206,312417.860,2624176.200,131.7000,0.9719,0.7200,0.0460,-1
KHAPRETA_510206,312427.860,2624176.200,131.8600,1.0269,0.5600,0.0358,-1
KHAPRETA_510206,312431.860,2624176.200,131.8000,1.0669,0.6200,0.0396,-1
KHAPRETA_510206,312433.860,2624176.200,131.8400,1.0519,0.5800,0.0371,-1
KHAPRETA_510206,312435.860,2624176.200,131.9900,0.0000,0.4300,0.0275,-1
KHAPRETA_510206,312447.860,2624176.200,132.0800,1.2419,0.3400,0.0217,-1
KHAPRETA_510206,312473.860,2624176.200,131.7800,1.2169,0.6400,0.0409,-1
KHAPRETA_510206,312474.860,2624176.200,132.2100,0.2000,0.2100,0.0134,-1
KHAPRETA_510206,312475.860,2624176.200,132.1800,1.2169,0.2400,0.0153,-1
KHAPRETA_510206,312485.860,2624176.200,132.1500,1.1119,0.2700,0.0173,-1
KHAPRETA_510206,312488.860,2624176.200,131.7300,0.9319,0.6900,0.0441,-1
KHAPRETA_510206,312490.860,2624176.200,131.0900,0.5919,1.3300,0.0850,-1
KHAPRETA_510206,312491.860,2624176.200,130.9600,0.2100,1.4600,0.0933,-1
KHAPRETA_510206,312492.860,2624176.200,130.6700,0.5919,1.7500,0.1118,-1
KHAPRETA_510206,312496.860,2624176.200,130.4900,0.0000,1.9300,0.1233,-1
KHAPRETA_510206,312498.860,2624176.200,130.7600,0.7528,1.6600,0.1061,-1
KHAPRETA_510206,312499.860,2624176.200,131.2800,0.4700,1.1400,0.0728,-1
KHAPRETA_510206,312500.860,2624176.200,131.7000,0.0950,0.7200,0.0460,-1
KHAPRETA_510206,312501.860,2624176.200,131.4700,0.9619,0.9500,0.0607,-1
KHAPRETA_510206,312503.860,2624176.200,131.7100,0.0000,0.7100,0.0454,-1
KHAPRETA_510206,312512.860,2624176.200,131.6400,0.9369,0.7800,0.0498,-1
KHAPRETA_510206,312513.860,2624176.200,131.6500,1.3905,0.7700,0.0492,-1
KHAPRETA_510206,312515.860,2624176.200,131.8500,0.9669,0.5700,0.0364,-1
KHAPRETA_510206,312517.860,2624176.200,131.8500,0.0050,0.5700,0.0364,-1
KHAPRETA_510206,312519.860,2624176.200,131.8300,0.0000,0.5900,0.0377,-1
KHAPRETA_510206,312525.860,2624176.200,131.7600,1.0569,0.6600,0.0422,-1
KHAPRETA_510206,312016.860,2624177.200,126.7500,0.0000,5.6700,0.3623,-1
KHAPRETA_510206,312019.860,2624177.200,127.3100,0.0781,5.1100,0.3265,-1
KHAPRETA_510206,312021.860,2624177.200,129.9700,0.0000,2.4500,0.1565,-1
KHAPRETA_510206,312027.860,2624177.200,129.7600,0.0000,2.6600,0.1700,-1
KHAPRETA_510206,312034.860,2624177.200,131.9400,0.0000,0.4800,0.0307,-1
KHAPRETA_510206,312056.860,2624177.200,124.3600,2.4631,8.0600,0.5150,-1
KHAPRETA_510206,312059.860,2624177.200,124.1800,0.0000,8.2400,0.5265,-1
KHAPRETA_510206,312062.860,2624177.200,124.0100,0.0000,8.4100,0.5374,-1
KHAPRETA_510206,312064.860,2624177.200,124.0700,2.9531,8.3500,0.5335,-1
KHAPRETA_510206,312080.860,2624177.200,132.1900,0.0000,0.2300,0.0147,-1
KHAPRETA_510206,312083.860,2624177.200,131.8100,0.0000,0.6100,0.0390,-1
KHAPRETA_510206,312085.860,2624177.200,130.4300,0.2219,1.9900,0.1272,-1
KHAPRETA_510206,312086.860,2624177.200,130.2200,1.1793,2.2000,0.1406,-1
KHAPRETA_510206,312088.860,2624177.200,127.5300,0.0000,4.8900,0.3125,-1
KHAPRETA_510206,312093.860,2624177.200,127.5700,0.0000,4.8500,0.3099,-1
KHAPRETA_510206,312095.860,2624177.200,127.7700,0.0000,4.6500,0.2971,-1
KHAPRETA_510206,312111.860,2624177.200,127.9200,0.0000,4.5000,0.2875,-1
KHAPRETA_510206,312113.860,2624177.200,128.4600,1.0013,3.9600,0.2530,-1
KHAPRETA_510206,312114.860,2624177.200,128.3600,0.6581,4.0600,0.2594,-1
KHAPRETA_510206,312117.860,2624177.200,128.1700,0.0000,4.2500,0.2716,-1
KHAPRETA_510206,312119.860,2624177.200,128.5600,0.0300,3.8600,0.2466,-1
KHAPRETA_510206,312131.860,2624177.200,128.6800,0.0000,3.7400,0.2390,-1
KHAPRETA_510206,312136.860,2624177.200,128.6100,0.0000,3.8100,0.2435,-1
KHAPRETA_510206,312149.860,2624177.200,128.8100,0.0000,3.6100,0.2307,-1
KHAPRETA_510206,312151.860,2624177.200,128.7500,0.6905,3.6700,0.2345,-1
KHAPRETA_510206,312152.860,2624177.200,128.7700,0.0500,3.6500,0.2332,-1
KHAPRETA_510206,312153.860,2624177.200,128.8500,0.5031,3.5700,0.2281,-1
KHAPRETA_510206,312157.860,2624177.200,128.7400,0.4831,3.6800,0.2351,-1
KHAPRETA_510206,312158.860,2624177.200,128.8100,0.5181,3.6100,0.2307,-1
KHAPRETA_510206,312160.860,2624177.200,128.7800,0.4481,3.6400,0.2326,-1
KHAPRETA_510206,312163.860,2624177.200,128.8400,0.0000,3.5800,0.2288,-1
KHAPRETA_510206,312169.860,2624177.200,128.9200,0.0000,3.5000,0.2236,-1
KHAPRETA_510206,312177.860,2624177.200,129.0400,0.5031,3.3800,0.2160,-1
KHAPRETA_510206,312181.860,2624177.200,128.9700,0.4231,3.4500,0.2204,-1
KHAPRETA_510206,312185.860,2624177.200,129.2200,0.0000,3.2000,0.2045,-1
KHAPRETA_510206,312208.860,2624177.200,129.3800,0.2822,3.0400,0.1942,-1
KHAPRETA_510206,312209.860,2624177.200,129.6000,0.2864,2.8200,0.1802,-1
KHAPRETA_510206,312211.860,2624177.200,130.1500,0.0000,2.2700,0.1450,-1
KHAPRETA_510206,312213.860,2624177.200,129.5100,0.0000,2.9100,0.1859,-1
KHAPRETA_510206,312216.860,2624177.200,129.5100,0.1481,2.9100,0.1859,-1
KHAPRETA_510206,312221.860,2624177.200,129.5000,0.1381,2.9200,0.1866,-1
KHAPRETA_510206,312229.860,2624177.200,129.5800,0.0000,2.8400,0.1815,-1
KHAPRETA_510206,312233.860,2624177.200,129.6500,0.0619,2.7700,0.1770,-1
KHAPRETA_510206,312234.860,2624177.200,129.8400,0.0050,2.5800,0.1649,-1
KHAPRETA_510206,312235.860,2624177.200,129.6400,0.0319,2.7800,0.1776,-1
KHAPRETA_510206,312240.860,2624177.200,129.6900,0.0000,2.7300,0.1744,-1
KHAPRETA_510206,312242.860,2624177.200,129.8000,0.0000,2.6200,0.1674,-1
KHAPRETA_510206,312246.860,2624177.200,130.0400,0.0000,2.3800,0.1521,-1
KHAPRETA_510206,312248.860,2624177.200,130.0900,0.2119,2.3300,0.1489,-1
KHAPRETA_510206,312249.860,2624177.200,130.2000,0.0050,2.2200,0.1419,-1
KHAPRETA_510206,312250.860,2624177.200,130.0800,0.2859,2.3400,0.1495,-1
KHAPRETA_510206,312252.860,2624177.200,130.1000,0.1819,2.3200,0.1482,-1
KHAPRETA_510206,312255.860,2624177.200,129.9800,0.0000,2.4400,0.1559,-1
KHAPRETA_510206,312258.860,2624177.200,130.0800,0.0000,2.3400,0.1495,-1
KHAPRETA_510206,312262.860,2624177.200,130.3300,0.3557,2.0900,0.1335,-1
KHAPRETA_510206,312263.860,2624177.200,130.3400,0.2370,2.0800,0.1329,-1
KHAPRETA_510206,312264.860,2624177.200,130.3400,0.0150,2.0800,0.1329,-1
KHAPRETA_510206,312265.860,2624177.200,130.3100,0.2820,2.1100,0.1348,-1
KHAPRETA_510206,312280.860,2624177.200,130.2500,0.4840,2.1700,0.1387,-1
KHAPRETA_510206,312281.860,2624177.200,130.4300,0.2369,1.9900,0.1272,-1
KHAPRETA_510206,312287.860,2624177.200,130.4600,0.5791,1.9600,0.1252,-1
KHAPRETA_510206,312288.860,2624177.200,130.6100,0.3419,1.8100,0.1157,-1
KHAPRETA_510206,312290.860,2624177.200,130.5300,0.3419,1.8900,0.1208,-1
KHAPRETA_510206,312292.860,2624177.200,130.1800,0.2369,2.2400,0.1431,-1
KHAPRETA_510206,312293.860,2624177.200,130.2500,0.2481,2.1700,0.1387,-1
KHAPRETA_510206,312294.860,2624177.200,130.2900,0.3532,2.1300,0.1361,-1
KHAPRETA_510206,312297.860,2624177.200,130.4200,0.3219,2.0000,0.1278,-1
KHAPRETA_510206,312298.860,2624177.200,130.4200,0.3219,2.0000,0.1278,-1
KHAPRETA_510206,312300.860,2624177.200,130.4200,0.3269,2.0000,0.1278,-1
KHAPRETA_510206,312306.860,2624177.200,130.4700,0.2869,1.9500,0.1246,-1
KHAPRETA_510206,312307.860,2624177.200,130.3500,0.3333,2.0700,0.1323,-1
KHAPRETA_510206,312308.860,2624177.200,130.5300,0.2869,1.8900,0.1208,-1
KHAPRETA_510206,312319.860,2624177.200,130.3200,0.3919,2.1000,0.1342,-1
KHAPRETA_510206,312330.860,2624177.200,130.4900,0.0000,1.9300,0.1233,-1
KHAPRETA_510206,312334.860,2624177.200,130.3900,0.3719,2.0300,0.1297,-1
KHAPRETA_510206,312343.860,2624177.200,130.1400,0.0000,2.2800,0.1457,-1
KHAPRETA_510206,312345.860,2624177.200,130.1700,0.4819,2.2500,0.1438,-1
KHAPRETA_510206,312349.860,2624177.200,130.7200,0.0000,1.7000,0.1086,-1
KHAPRETA_510206,312351.860,2624177.200,130.7200,0.6751,1.7000,0.1086,-1
KHAPRETA_510206,312352.860,2624177.200,130.6900,0.6745,1.7300,0.1105,-1
KHAPRETA_510206,312358.860,2624177.200,130.9500,0.8407,1.4700,0.0939,-1
KHAPRETA_510206,312359.860,2624177.200,130.9700,0.5869,1.4500,0.0927,-1
KHAPRETA_510206,312361.860,2624177.200,130.9700,0.0000,1.4500,0.0927,-1
KHAPRETA_510206,312367.860,2624177.200,131.1800,0.0000,1.2400,0.0792,-1
KHAPRETA_510206,312373.860,2624177.200,130.7800,0.7065,1.6400,0.1048,-1
KHAPRETA_510206,312374.860,2624177.200,130.7500,0.6993,1.6700,0.1067,-1
KHAPRETA_510206,312383.860,2624177.200,130.8100,0.0000,1.6100,0.1029,-1
KHAPRETA_510206,312388.860,2624177.200,130.8500,0.5369,1.5700,0.1003,-1
KHAPRETA_510206,312389.860,2624177.200,130.8500,0.0000,1.5700,0.1003,-1
KHAPRETA_510206,312390.860,2624177.200,130.8500,0.7845,1.5700,0.1003,-1
KHAPRETA_510206,312392.860,2624177.200,131.3500,0.0000,1.0700,0.0684,-1
KHAPRETA_510206,312412.860,2624177.200,131.8200,0.0000,0.6000,0.0383,-1
KHAPRETA_510206,312419.860,2624177.200,131.7100,1.3817,0.7100,0.0454,-1
KHAPRETA_510206,312420.860,2624177.200,131.7100,1.3817,0.7100,0.0454,-1
KHAPRETA_510206,312422.860,2624177.200,131.7200,1.0069,0.7000,0.0447,-1
KHAPRETA_510206,312425.860,2624177.200,131.5600,0.9019,0.8600,0.0550,-1
KHAPRETA_510206,312427.860,2624177.200,131.8300,1.4877,0.5900,0.0377,-1
KHAPRETA_510206,312428.860,2624177.200,131.9000,1.0269,0.5200,0.0332,-1
KHAPRETA_510206,312430.860,2624177.200,131.8800,1.0669,0.5400,0.0345,-1
KHAPRETA_510206,312431.860,2624177.200,131.9100,1.0120,0.5100,0.0326,-1
KHAPRETA_510206,312432.860,2624177.200,131.9000,1.0669,0.5200,0.0332,-1
KHAPRETA_510206,312436.860,2624177.200,131.9300,1.0869,0.4900,0.0313,-1
KHAPRETA_510206,312437.860,2624177.200,131.9500,1.0769,0.4700,0.0300,-1
KHAPRETA_510206,312439.860,2624177.200,131.9300,1.0019,0.4900,0.0313,-1
KHAPRETA_510206,312440.860,2624177.200,131.7800,1.0769,0.6400,0.0409,-1
KHAPRETA_510206,312443.860,2624177.200,131.9500,0.0000,0.4700,0.0300,-1
KHAPRETA_510206,312446.860,2624177.200,132.2600,1.2419,0.1600,0.0102,-1
KHAPRETA_510206,312447.860,2624177.200,132.2600,1.6939,0.1600,0.0102,-1
KHAPRETA_510206,312461.860,2624177.200,132.0400,0.0000,0.3800,0.0243,-1
KHAPRETA_510206,312472.860,2624177.200,132.0200,0.0000,0.4000,0.0256,-1
KHAPRETA_510206,312476.860,2624177.200,132.2400,0.0000,0.1800,0.0115,-1
KHAPRETA_510206,312482.860,2624177.200,131.8300,0.0000,0.5900,0.0377,-1
KHAPRETA_510206,312486.860,2624177.200,131.7500,1.0819,0.6700,0.0428,-1
KHAPRETA_510206,312488.860,2624177.200,131.6400,1.2703,0.7800,0.0498,-1
KHAPRETA_510206,312489.860,2624177.200,131.4000,0.9319,1.0200,0.0652,-1
KHAPRETA_510206,312494.860,2624177.200,130.4100,0.0000,2.0100,0.1284,-1
KHAPRETA_510206,312498.860,2624177.200,130.8000,0.4919,1.6200,0.1035,-1
KHAPRETA_510206,312502.860,2624177.200,131.4600,0.0000,0.9600,0.0613,-1
KHAPRETA_510206,312513.860,2624177.200,131.8400,0.0900,0.5800,0.0371,-1
KHAPRETA_510206,312516.860,2624177.200,131.7800,1.0319,0.6400,0.0409,-1
KHAPRETA_510206,312517.860,2624177.200,131.8400,1.0020,0.5800,0.0371,-1
KHAPRETA_510206,312525.860,2624177.200,131.8900,0.9919,0.5300,0.0339,-1
KHAPRETA_510206,312528.860,2624177.200,131.8500,1.4346,0.5700,0.0364,-1
KHAPRETA_510206,312529.860,2624177.200,131.8000,0.0000,0.6200,0.0396,-1
KHAPRETA_510206,312530.860,2624177.200,131.8500,1.0119,0.5700,0.0364,-1
KHAPRETA_510206,312015.860,2624178.200,127.0900,0.0000,5.3300,0.3406,-1
KHAPRETA_510206,312020.860,2624178.200,126.9300,1.4081,5.4900,0.3508,-1
KHAPRETA_510206,312056.860,2624178.200,124.8500,3.7702,7.5700,0.4837,-1
KHAPRETA_510206,312057.860,2624178.200,124.5300,2.4631,7.8900,0.5042,-1
KHAPRETA_510206,312060.860,2624178.200,124.1900,0.0000,8.2300,0.5259,-1
KHAPRETA_510206,312065.860,2624178.200,124.4500,2.8781,7.9700,0.5093,-1
KHAPRETA_510206,312070.860,2624178.200,131.4400,0.0000,0.9800,0.0626,-1
KHAPRETA_510206,312091.860,2624178.200,127.5700,0.9981,4.8500,0.3099,-1
KHAPRETA_510206,312092.860,2624178.200,127.7800,1.6102,4.6400,0.2965,-1
KHAPRETA_510206,312107.860,2624178.200,127.5700,0.0000,4.8500,0.3099,-1
KHAPRETA_510206,312119.860,2624178.200,128.5400,0.6081,3.8800,0.2479,-1
KHAPRETA_510206,312130.860,2624178.200,128.5800,0.0000,3.8400,0.2454,-1
KHAPRETA_510206,312132.860,2624178.200,128.6000,0.5981,3.8200,0.2441,-1
KHAPRETA_510206,312133.860,2624178.200,128.5800,0.5881,3.8400,0.2454,-1
KHAPRETA_510206,312138.860,2624178.200,128.5100,0.6131,3.9100,0.2498,-1
KHAPRETA_510206,312148.860,2624178.200,128.8300,0.0000,3.5900,0.2294,-1
KHAPRETA_510206,312159.860,2624178.200,128.8200,0.6625,3.6000,0.2300,-1
KHAPRETA_510206,312160.860,2624178.200,128.8800,0.4983,3.5400,0.2262,-1
KHAPRETA_510206,312161.860,2624178.200,128.7900,0.0250,3.6300,0.2319,-1
KHAPRETA_510206,312162.860,2624178.200,128.8300,0.4931,3.5900,0.2294,-1
KHAPRETA_510206,312167.860,2624178.200,128.8600,0.0000,3.5600,0.2275,-1
KHAPRETA_510206,312170.860,2624178.200,128.4500,0.0000,3.9700,0.2537,-1
KHAPRETA_510206,312175.860,2624178.200,128.8200,0.4281,3.6000,0.2300,-1
KHAPRETA_510206,312176.860,2624178.200,128.9200,0.4781,3.5000,0.2236,-1
KHAPRETA_510206,312180.860,2624178.200,128.9300,0.4231,3.4900,0.2230,-1
KHAPRETA_510206,312181.860,2624178.200,128.9300,0.5843,3.4900,0.2230,-1
KHAPRETA_510206,312183.860,2624178.200,129.1200,0.0000,3.3000,0.2109,-1
KHAPRETA_510206,312194.860,2624178.200,129.1400,0.0000,3.2800,0.2096,-1
KHAPRETA_510206,312197.860,2624178.200,129.1300,0.3231,3.2900,0.2102,-1
KHAPRETA_510206,312199.860,2624178.200,129.1600,0.0000,3.2600,0.2083,-1
KHAPRETA_510206,312201.860,2624178.200,129.1800,0.0000,3.2400,0.2070,-1
KHAPRETA_510206,312204.860,2624178.200,129.1500,0.0000,3.2700,0.2089,-1
KHAPRETA_510206,312208.860,2624178.200,129.2400,0.1981,3.1800,0.2032,-1
KHAPRETA_510206,312219.860,2624178.200,129.4800,0.1336,2.9400,0.1879,-1
KHAPRETA_510206,312220.860,2624178.200,129.5200,0.1481,2.9000,0.1853,-1
KHAPRETA_510206,312226.860,2624178.200,129.5700,0.0000,2.8500,0.1821,-1
KHAPRETA_510206,312230.860,2624178.200,129.6000,0.0831,2.8200,0.1802,-1
KHAPRETA_510206,312231.860,2624178.200,129.6100,0.0881,2.8100,0.1796,-1
KHAPRETA_510206,312244.860,2624178.200,130.0900,0.2295,2.3300,0.1489,-1
KHAPRETA_510206,312245.860,2624178.200,130.0800,0.1569,2.3400,0.1495,-1
KHAPRETA_510206,312247.860,2624178.200,130.1100,0.1769,2.3100,0.1476,-1
KHAPRETA_510206,312252.860,2624178.200,130.1400,0.1619,2.2800,0.1457,-1
KHAPRETA_510206,312257.860,2624178.200,130.0900,0.0000,2.3300,0.1489,-1
KHAPRETA_510206,312259.860,2624178.200,130.2000,0.0000,2.2200,0.1419,-1
KHAPRETA_510206,312263.860,2624178.200,130.2500,0.2819,2.1700,0.1387,-1
KHAPRETA_510206,312265.860,2624178.200,130.3600,0.0900,2.0600,0.1316,-1
KHAPRETA_510206,312268.860,2624178.200,130.2900,0.0000,2.1300,0.1361,-1
KHAPRETA_510206,312273.860,2624178.200,130.3100,0.3092,2.1100,0.1348,-1
KHAPRETA_510206,312274.860,2624178.200,129.9800,0.2669,2.4400,0.1559,-1
KHAPRETA_510206,312278.860,2624178.200,130.0900,0.4369,2.3300,0.1489,-1
KHAPRETA_510206,312280.860,2624178.200,130.4900,0.2369,1.9300,0.1233,-1
KHAPRETA_510206,312287.860,2624178.200,130.5800,0.3419,1.8400,0.1176,-1
KHAPRETA_510206,312290.860,2624178.200,130.4600,0.3769,1.9600,0.1252,-1
KHAPRETA_510206,312294.860,2624178.200,130.3000,0.2569,2.1200,0.1355,-1
KHAPRETA_510206,312296.860,2624178.200,130.4700,0.0000,1.9500,0.1246,-1
KHAPRETA_510206,312300.860,2624178.200,130.4300,0.0550,1.9900,0.1272,-1
KHAPRETA_510206,312302.860,2624178.200,130.3900,0.0000,2.0300,0.1297,-1
KHAPRETA_510206,312304.860,2624178.200,130.4000,0.0000,2.0200,0.1291,-1
KHAPRETA_510206,312310.860,2624178.200,130.5000,0.0000,1.9200,0.1227,-1
KHAPRETA_510206,312314.860,2624178.200,130.5300,0.0000,1.8900,0.1208,-1
KHAPRETA_510206,312323.860,2624178.200,130.4200,0.4119,2.0000,0.1278,-1
KHAPRETA_510206,312326.860,2624178.200,130.5800,0.5720,1.8400,0.1176,-1
KHAPRETA_510206,312327.860,2624178.200,130.5900,0.5150,1.8300,0.1169,-1
KHAPRETA_510206,312329.860,2624178.200,130.4400,0.0000,1.9800,0.1265,-1
KHAPRETA_510206,312332.860,2624178.200,130.5700,0.4069,1.8500,0.1182,-1
KHAPRETA_510206,312334.860,2624178.200,130.5200,0.0600,1.9000,0.1214,-1
KHAPRETA_510206,312339.860,2624178.200,130.3300,0.0000,2.0900,0.1335,-1
KHAPRETA_510206,312345.860,2624178.200,130.7400,0.1969,1.6800,0.1073,-1
KHAPRETA_510206,312348.860,2624178.200,130.7300,0.0000,1.6900,0.1080,-1
KHAPRETA_510206,312350.860,2624178.200,130.7700,0.0000,1.6500,0.1054,-1
KHAPRETA_510206,312352.860,2624178.200,130.7400,0.0250,1.6800,0.1073,-1
KHAPRETA_510206,312354.860,2624178.200,130.7000,0.0000,1.7200,0.1099,-1
KHAPRETA_510206,312356.860,2624178.200,130.7300,0.4969,1.6900,0.1080,-1
KHAPRETA_510206,312358.860,2624178.200,130.9600,0.1000,1.4600,0.0933,-1
KHAPRETA_510206,312362.860,2624178.200,130.9500,0.8917,1.4700,0.0939,-1
KHAPRETA_510206,312363.860,2624178.200,131.1100,0.5869,1.3100,0.0837,-1
KHAPRETA_510206,312368.860,2624178.200,131.1800,0.7419,1.2400,0.0792,-1
KHAPRETA_510206,312373.860,2624178.200,130.8000,0.5019,1.6200,0.1035,-1
KHAPRETA_510206,312378.860,2624178.200,130.8800,0.0000,1.5400,0.0984,-1
KHAPRETA_510206,312387.860,2624178.200,130.9000,0.0000,1.5200,0.0971,-1
KHAPRETA_510206,312413.860,2624178.200,131.7300,0.9469,0.6900,0.0441,-1
KHAPRETA_510206,312418.860,2624178.200,131.6400,1.3574,0.7800,0.0498,-1
KHAPRETA_510206,312419.860,2624178.200,131.7500,0.9685,0.6700,0.0428,-1
KHAPRETA_510206,312420.860,2624178.200,131.7500,0.0212,0.6700,0.0428,-1
KHAPRETA_510206,312421.860,2624178.200,131.7800,0.0200,0.6400,0.0409,-1
KHAPRETA_510206,312422.860,2624178.200,131.7900,1.0024,0.6300,0.0403,-1
KHAPRETA_510206,312425.860,2624178.200,131.5800,0.8919,0.8400,0.0537,-1
KHAPRETA_510206,312433.860,2624178.200,131.9300,0.0000,0.4900,0.0313,-1
KHAPRETA_510206,312438.860,2624178.200,131.9900,0.0000,0.4300,0.0275,-1
KHAPRETA_510206,312473.860,2624178.200,131.8900,0.0000,0.5300,0.0339,-1
KHAPRETA_510206,312486.860,2624178.200,131.9400,0.8972,0.4800,0.0307,-1
KHAPRETA_510206,312487.860,2624178.200,131.5500,1.4952,0.8700,0.0556,-1
KHAPRETA_510206,312496.860,2624178.200,130.2700,0.2319,2.1500,0.1374,-1
KHAPRETA_510206,312499.860,2624178.200,131.3200,0.0000,1.1000,0.0703,-1
KHAPRETA_510206,312501.860,2624178.200,131.7200,0.0000,0.7000,0.0447,-1
KHAPRETA_510206,312504.860,2624178.200,131.7300,0.9719,0.6900,0.0441,-1
KHAPRETA_510206,312513.860,2624178.200,131.8300,1.0319,0.5900,0.0377,-1
KHAPRETA_510206,312515.860,2624178.200,131.8200,0.0000,0.6000,0.0383,-1
KHAPRETA_510206,312517.860,2624178.200,131.8700,1.0319,0.5500,0.0351,-1
KHAPRETA_510206,312523.860,2624178.200,131.8900,0.0000,0.5300,0.0339,-1
KHAPRETA_510206,312526.860,2624178.200,131.8700,0.0000,0.5500,0.0351,-1
KHAPRETA_510206,312528.860,2624178.200,131.8100,0.0200,0.6100,0.0390,-1
KHAPRETA_510206,312013.860,2624179.200,127.3800,0.0000,5.0400,0.3220,-1
KHAPRETA_510206,312020.860,2624179.200,126.9600,1.9740,5.4600,0.3489,-1
KHAPRETA_510206,312021.860,2624179.200,127.0400,1.4081,5.3800,0.3438,-1
KHAPRETA_510206,312027.860,2624179.200,129.4300,0.0000,2.9900,0.1911,-1
KHAPRETA_510206,312029.860,2624179.200,130.1700,0.0000,2.2500,0.1438,-1
KHAPRETA_510206,312035.860,2624179.200,131.4000,0.0000,1.0200,0.0652,-1
KHAPRETA_510206,312049.860,2624179.200,132.0100,0.0000,0.4100,0.0262,-1
KHAPRETA_510206,312058.860,2624179.200,124.8300,0.7219,7.5900,0.4850,-1
KHAPRETA_510206,312065.860,2624179.200,124.0200,3.8411,8.4000,0.5367,-1
KHAPRETA_510206,312066.860,2624179.200,124.2400,3.9518,8.1800,0.5227,-1
KHAPRETA_510206,312068.860,2624179.200,124.1400,3.9288,8.2800,0.5291,-1
KHAPRETA_510206,312069.860,2624179.200,124.2100,3.9431,8.2100,0.5246,-1
KHAPRETA_510206,312092.860,2624179.200,127.4300,1.5593,4.9900,0.3188,-1
KHAPRETA_510206,312093.860,2624179.200,127.3800,0.0500,5.0400,0.3220,-1
KHAPRETA_510206,312094.860,2624179.200,127.5300,0.1700,4.8900,0.3125,-1
KHAPRETA_510206,312095.860,2624179.200,127.7200,1.1231,4.7000,0.3003,-1
KHAPRETA_510206,312104.860,2624179.200,127.8200,1.1331,4.6000,0.2939,-1
KHAPRETA_510206,312105.860,2624179.200,127.5100,1.2467,4.9100,0.3137,-1
KHAPRETA_510206,312135.860,2624179.200,128.5400,0.5981,3.8800,0.2479,-1
KHAPRETA_510206,312136.860,2624179.200,128.5800,0.6181,3.8400,0.2454,-1
KHAPRETA_510206,312138.860,2624179.200,128.5500,0.6331,3.8700,0.2473,-1
KHAPRETA_510206,312140.860,2624179.200,128.6600,0.8246,3.7600,0.2403,-1
KHAPRETA_510206,312141.860,2624179.200,128.6100,0.5581,3.8100,0.2435,-1
KHAPRETA_510206,312149.860,2624179.200,128.7200,0.0000,3.7000,0.2364,-1
KHAPRETA_510206,312153.860,2624179.200,128.8200,0.4881,3.6000,0.2300,-1
KHAPRETA_510206,312159.860,2624179.200,128.8000,0.4781,3.6200,0.2313,-1
KHAPRETA_510206,312166.860,2624179.200,128.8200,0.6831,3.6000,0.2300,-1
KHAPRETA_510206,312169.860,2624179.200,128.5500,0.0000,3.8700,0.2473,-1
KHAPRETA_510206,312172.860,2624179.200,128.4700,0.0000,3.9500,0.2524,-1
KHAPRETA_510206,312177.860,2624179.200,128.9600,0.4531,3.4600,0.2211,-1
KHAPRETA_510206,312178.860,2624179.200,128.8700,0.4081,3.5500,0.2268,-1
KHAPRETA_510206,312188.860,2624179.200,128.8700,0.0000,3.5500,0.2268,-1
KHAPRETA_510206,312196.860,2624179.200,129.1500,0.3231,3.2700,0.2089,-1
KHAPRETA_510206,312197.860,2624179.200,129.1300,0.4499,3.2900,0.2102,-1
KHAPRETA_510206,312205.860,2624179.200,129.1900,0.0000,3.2300,0.2064,-1
KHAPRETA_510206,312209.860,2624179.200,129.2500,0.2181,3.1700,0.2026,-1
KHAPRETA_510206,312212.860,2624179.200,130.0500,0.3519,2.3700,0.1514,-1
KHAPRETA_510206,312213.860,2624179.200,130.4800,0.4423,1.9400,0.1240,-1
KHAPRETA_510206,312214.860,2624179.200,130.2400,0.3519,2.1800,0.1393,-1
KHAPRETA_510206,312217.860,2624179.200,130.8200,0.7188,1.6000,0.1022,-1
KHAPRETA_510206,312218.860,2624179.200,130.6200,0.5600,1.8000,0.1150,-1
KHAPRETA_510206,312219.860,2624179.200,129.7000,0.4472,2.7200,0.1738,-1
KHAPRETA_510206,312224.860,2624179.200,130.0200,0.0000,2.4000,0.1534,-1
KHAPRETA_510206,312227.860,2624179.200,129.5700,0.0931,2.8500,0.1821,-1
KHAPRETA_510206,312228.860,2624179.200,129.5900,0.1031,2.8300,0.1808,-1
KHAPRETA_510206,312234.860,2624179.200,129.6000,0.0000,2.8200,0.1802,-1
KHAPRETA_510206,312236.860,2624179.200,129.6400,0.0000,2.7800,0.1776,-1
KHAPRETA_510206,312238.860,2624179.200,129.6400,0.0631,2.7800,0.1776,-1
KHAPRETA_510206,312240.860,2624179.200,129.6300,0.0000,2.7900,0.1783,-1
KHAPRETA_510206,312244.860,2624179.200,130.1200,0.1569,2.3000,0.1470,-1
KHAPRETA_510206,312246.860,2624179.200,130.0900,0.2365,2.3300,0.1489,-1
KHAPRETA_510206,312247.860,2624179.200,130.1300,0.1620,2.2900,0.1463,-1
KHAPRETA_510206,312254.860,2624179.200,130.1700,0.0000,2.2500,0.1438,-1
KHAPRETA_510206,312265.860,2624179.200,130.1300,0.2919,2.2900,0.1463,-1
KHAPRETA_510206,312270.860,2624179.200,130.4100,0.2819,2.0100,0.1284,-1
KHAPRETA_510206,312271.860,2624179.200,130.3400,0.0350,2.0800,0.1329,-1
KHAPRETA_510206,312272.860,2624179.200,130.3400,0.0100,2.0800,0.1329,-1
KHAPRETA_510206,312273.860,2624179.200,130.3600,0.2830,2.0600,0.1316,-1
KHAPRETA_510206,312277.860,2624179.200,130.5200,0.4369,1.9000,0.1214,-1
KHAPRETA_510206,312278.860,2624179.200,130.6500,0.1589,1.7700,0.1131,-1
KHAPRETA_510206,312279.860,2624179.200,130.5700,0.4369,1.8500,0.1182,-1
KHAPRETA_510206,312285.860,2624179.200,130.5900,0.5565,1.8300,0.1169,-1
KHAPRETA_510206,312286.860,2624179.200,130.6300,0.4069,1.7900,0.1144,-1
KHAPRETA_510206,312288.860,2624179.200,130.6400,0.4169,1.7800,0.1137,-1
KHAPRETA_510206,312289.860,2624179.200,130.6100,0.4319,1.8100,0.1157,-1
KHAPRETA_510206,312300.860,2624179.200,130.5300,0.4877,1.8900,0.1208,-1
KHAPRETA_510206,312301.860,2624179.200,130.5000,0.3769,1.9200,0.1227,-1
KHAPRETA_510206,312306.860,2624179.200,130.5800,0.0000,1.8400,0.1176,-1
KHAPRETA_510206,312311.860,2624179.200,130.5900,0.3869,1.8300,0.1169,-1
KHAPRETA_510206,312313.860,2624179.200,130.4800,0.3319,1.9400,0.1240,-1
KHAPRETA_510206,312317.860,2624179.200,130.4700,0.0000,1.9500,0.1246,-1
KHAPRETA_510206,312319.860,2624179.200,130.4200,0.3569,2.0000,0.1278,-1
KHAPRETA_510206,312323.860,2624179.200,130.6000,0.3219,1.8200,0.1163,-1
KHAPRETA_510206,312326.860,2624179.200,130.5800,0.5150,1.8400,0.1176,-1
KHAPRETA_510206,312327.860,2624179.200,130.4200,0.0875,2.0000,0.1278,-1
KHAPRETA_510206,312328.860,2624179.200,130.4300,0.3219,1.9900,0.1272,-1
KHAPRETA_510206,312332.860,2624179.200,130.5900,0.3969,1.8300,0.1169,-1
KHAPRETA_510206,312334.860,2624179.200,130.5100,0.3719,1.9100,0.1220,-1
KHAPRETA_510206,312336.860,2624179.200,130.5700,0.0000,1.8500,0.1182,-1
KHAPRETA_510206,312342.860,2624179.200,130.9000,0.0000,1.5200,0.0971,-1
KHAPRETA_510206,312347.860,2624179.200,130.6900,0.0000,1.7300,0.1105,-1
KHAPRETA_510206,312352.860,2624179.200,130.7400,0.0050,1.6800,0.1073,-1
KHAPRETA_510206,312356.860,2624179.200,130.7700,0.4769,1.6500,0.1054,-1
KHAPRETA_510206,312358.860,2624179.200,130.7500,0.0900,1.6700,0.1067,-1
KHAPRETA_510206,312360.860,2624179.200,131.0400,0.7169,1.3800,0.0882,-1
KHAPRETA_510206,312361.860,2624179.200,131.2100,0.0400,1.2100,0.0773,-1
KHAPRETA_510206,312362.860,2624179.200,130.9600,0.9266,1.4600,0.0933,-1
KHAPRETA_510206,312366.860,2624179.200,131.1000,0.0000,1.3200,0.0843,-1
KHAPRETA_510206,312368.860,2624179.200,131.2600,0.7019,1.1600,0.0741,-1
KHAPRETA_510206,312376.860,2624179.200,130.8100,0.0000,1.6100,0.1029,-1
KHAPRETA_510206,312389.860,2624179.200,131.6100,1.2869,0.8100,0.0518,-1
KHAPRETA_510206,312390.860,2624179.200,132.3500,0.9169,0.0700,0.0045,-1
KHAPRETA_510206,312408.860,2624179.200,132.1100,0.9069,0.3100,0.0198,-1
KHAPRETA_510206,312413.860,2624179.200,131.6700,1.3816,0.7500,0.0479,-1
KHAPRETA_510206,312414.860,2624179.200,131.7300,0.9469,0.6900,0.0441,-1
KHAPRETA_510206,312416.860,2624179.200,131.7400,0.9369,0.6800,0.0435,-1
KHAPRETA_510206,312417.860,2624179.200,131.6500,0.0500,0.7700,0.0492,-1
KHAPRETA_510206,312418.860,2624179.200,131.6400,1.3215,0.7800,0.0498,-1
KHAPRETA_510206,312420.860,2624179.200,131.7400,0.9869,0.6800,0.0435,-1
KHAPRETA_510206,312422.860,2624179.200,131.7800,1.0069,0.6400,0.0409,-1
KHAPRETA_510206,312434.860,2624179.200,131.9600,0.0000,0.4600,0.0294,-1
KHAPRETA_510206,312440.860,2624179.200,131.8400,1.0519,0.5800,0.0371,-1
KHAPRETA_510206,312476.860,2624179.200,131.8800,0.0000,0.5400,0.0345,-1
KHAPRETA_510206,312485.860,2624179.200,132.0200,1.5483,0.4000,0.0256,-1
KHAPRETA_510206,312486.860,2624179.200,132.0200,1.0857,0.4000,0.0256,-1
KHAPRETA_510206,312487.860,2624179.200,131.8400,1.4302,0.5800,0.0371,-1
KHAPRETA_510206,312489.860,2624179.200,131.6600,0.7469,0.7600,0.0486,-1
KHAPRETA_510206,312490.860,2624179.200,131.2700,0.9419,1.1500,0.0735,-1
KHAPRETA_510206,312492.860,2624179.200,130.9100,0.8219,1.5100,0.0965,-1
KHAPRETA_510206,312493.860,2624179.200,131.4200,0.0850,1.0000,0.0639,-1
KHAPRETA_510206,312494.860,2624179.200,130.7400,0.5550,1.6800,0.1073,-1
KHAPRETA_510206,312495.860,2624179.200,130.3100,0.2500,2.1100,0.1348,-1
KHAPRETA_510206,312496.860,2624179.200,130.2400,0.2494,2.1800,0.1393,-1
KHAPRETA_510206,312497.860,2624179.200,130.3800,0.2319,2.0400,0.1304,-1
KHAPRETA_510206,312503.860,2624179.200,131.7200,0.9719,0.7000,0.0447,-1
KHAPRETA_510206,312504.860,2624179.200,131.7200,0.9769,0.7000,0.0447,-1
KHAPRETA_510206,312505.860,2624179.200,131.7300,1.3570,0.6900,0.0441,-1
KHAPRETA_510206,312511.860,2624179.200,131.8400,0.0000,0.5800,0.0371,-1
KHAPRETA_510206,312514.860,2624179.200,131.8100,0.9819,0.6100,0.0390,-1
KHAPRETA_510206,312518.860,2624179.200,131.8400,1.4736,0.5800,0.0371,-1
KHAPRETA_510206,312519.860,2624179.200,131.8800,1.4665,0.5400,0.0345,-1
KHAPRETA_510206,312528.860,2624179.200,131.8900,1.0169,0.5300,0.0339,-1
KHAPRETA_510206,312530.860,2624179.200,131.7100,0.0000,0.7100,0.0454,-1
KHAPRETA_510206,312016.860,2624180.200,127.0400,0.0000,5.3800,0.3438,-1
KHAPRETA_510206,312024.860,2624180.200,127.0900,1.3531,5.3300,0.3406,-1
KHAPRETA_510206,312026.860,2624180.200,127.2900,0.0000,5.1300,0.3278,-1
KHAPRETA_510206,312058.860,2624180.200,131.2200,3.3692,1.2000,0.0767,-1
KHAPRETA_510206,312059.860,2624180.200,125.2000,0.7219,7.2200,0.4613,-1
KHAPRETA_510206,312066.860,2624180.200,124.3600,0.0400,8.0600,0.5150,-1
KHAPRETA_510206,312068.860,2624180.200,124.2300,3.9431,8.1900,0.5233,-1
KHAPRETA_510206,312069.860,2624180.200,124.2600,3.9288,8.1600,0.5214,-1
KHAPRETA_510206,312081.860,2624180.200,132.3700,0.0000,0.0500,0.0032,-1
KHAPRETA_510206,312090.860,2624180.200,131.6400,1.5987,0.7800,0.0498,-1
KHAPRETA_510206,312091.860,2624180.200,127.4500,0.9319,4.9700,0.3176,-1
KHAPRETA_510206,312096.860,2624180.200,127.3900,0.0000,5.0300,0.3214,-1
KHAPRETA_510206,312100.860,2624180.200,127.6400,0.0000,4.7800,0.3054,-1
KHAPRETA_510206,312105.860,2624180.200,128.2300,1.1331,4.1900,0.2677,-1
KHAPRETA_510206,312107.860,2624180.200,128.2500,0.0000,4.1700,0.2665,-1
KHAPRETA_510206,312114.860,2624180.200,128.5400,0.7181,3.8800,0.2479,-1
KHAPRETA_510206,312115.860,2624180.200,128.3400,0.6181,4.0800,0.2607,-1
KHAPRETA_510206,312128.860,2624180.200,128.6000,0.0000,3.8200,0.2441,-1
KHAPRETA_510206,312140.860,2624180.200,128.6100,0.0350,3.8100,0.2435,-1
KHAPRETA_510206,312146.860,2624180.200,128.7300,0.0000,3.6900,0.2358,-1
KHAPRETA_510206,312150.860,2624180.200,128.7900,0.0000,3.6300,0.2319,-1
KHAPRETA_510206,312152.860,2624180.200,128.8000,0.4881,3.6200,0.2313,-1
KHAPRETA_510206,312153.860,2624180.200,128.8000,0.6832,3.6200,0.2313,-1
KHAPRETA_510206,312155.860,2624180.200,128.9200,0.5181,3.5000,0.2236,-1
KHAPRETA_510206,312157.860,2624180.200,128.7800,0.6621,3.6400,0.2326,-1
KHAPRETA_510206,312158.860,2624180.200,128.8600,0.6904,3.5600,0.2275,-1
KHAPRETA_510206,312164.860,2624180.200,128.8400,0.6681,3.5800,0.2288,-1
KHAPRETA_510206,312165.860,2624180.200,128.4400,0.2150,3.9800,0.2543,-1
KHAPRETA_510206,312166.860,2624180.200,128.4100,0.6894,4.0100,0.2562,-1
KHAPRETA_510206,312170.860,2624180.200,128.5100,0.0000,3.9100,0.2498,-1
KHAPRETA_510206,312174.860,2624180.200,128.5500,0.0000,3.8700,0.2473,-1
KHAPRETA_510206,312183.860,2624180.200,129.3600,0.3509,3.0600,0.1955,-1
KHAPRETA_510206,312184.860,2624180.200,129.2700,0.3124,3.1500,0.2013,-1
KHAPRETA_510206,312190.860,2624180.200,129.1000,0.0000,3.3200,0.2121,-1
KHAPRETA_510206,312192.860,2624180.200,129.1300,0.0000,3.2900,0.2102,-1
KHAPRETA_510206,312209.860,2624180.200,129.3400,0.2631,3.0800,0.1968,-1
KHAPRETA_510206,312213.860,2624180.200,130.6400,0.3519,1.7800,0.1137,-1
KHAPRETA_510206,312217.860,2624180.200,130.9400,0.2800,1.4800,0.0946,-1
KHAPRETA_510206,312221.860,2624180.200,129.5500,0.0000,2.8700,0.1834,-1
KHAPRETA_510206,312229.860,2624180.200,129.6500,0.1215,2.7700,0.1770,-1
KHAPRETA_510206,312230.860,2624180.200,129.6200,0.0631,2.8000,0.1789,-1
KHAPRETA_510206,312232.860,2624180.200,129.6300,0.0000,2.7900,0.1783,-1
KHAPRETA_510206,312237.860,2624180.200,129.6500,0.0857,2.7700,0.1770,-1
KHAPRETA_510206,312238.860,2624180.200,129.6500,0.0928,2.7700,0.1770,-1
KHAPRETA_510206,312242.860,2624180.200,129.7200,0.0531,2.7000,0.1725,-1
KHAPRETA_510206,312246.860,2624180.200,130.0900,0.2018,2.3300,0.1489,-1
KHAPRETA_510206,312247.860,2624180.200,130.0300,0.2365,2.3900,0.1527,-1
KHAPRETA_510206,312250.860,2624180.200,130.1200,0.1769,2.3000,0.1470,-1
KHAPRETA_510206,312251.860,2624180.200,130.1300,0.2577,2.2900,0.1463,-1
KHAPRETA_510206,312258.860,2624180.200,130.1200,0.1169,2.3000,0.1470,-1
KHAPRETA_510206,312259.860,2624180.200,130.0100,0.1200,2.4100,0.1540,-1
KHAPRETA_510206,312260.860,2624180.200,129.8800,0.1169,2.5400,0.1623,-1
KHAPRETA_510206,312263.860,2624180.200,130.3900,0.2869,2.0300,0.1297,-1
KHAPRETA_510206,312266.860,2624180.200,130.2900,0.0000,2.1300,0.1361,-1
KHAPRETA_510206,312268.860,2624180.200,130.2700,0.0000,2.1500,0.1374,-1
KHAPRETA_510206,312273.860,2624180.200,130.2600,0.1181,2.1600,0.1380,-1
KHAPRETA_510206,312274.860,2624180.200,129.9500,0.2419,2.4700,0.1578,-1
KHAPRETA_510206,312276.860,2624180.200,130.4600,0.0000,1.9600,0.1252,-1
KHAPRETA_510206,312285.860,2624180.200,130.4900,0.4069,1.9300,0.1233,-1
KHAPRETA_510206,312287.860,2624180.200,130.6000,0.0000,1.8200,0.1163,-1
KHAPRETA_510206,312309.860,2624180.200,130.5600,0.3569,1.8600,0.1188,-1
KHAPRETA_510206,312311.860,2624180.200,130.5500,0.4069,1.8700,0.1195,-1
KHAPRETA_510206,312313.860,2624180.200,130.4400,0.5268,1.9800,0.1265,-1
KHAPRETA_510206,312314.860,2624180.200,130.5600,0.4948,1.8600,0.1188,-1
KHAPRETA_510206,312318.860,2624180.200,130.3000,0.3569,2.1200,0.1355,-1
KHAPRETA_510206,312319.860,2624180.200,130.4900,0.4150,1.9300,0.1233,-1
KHAPRETA_510206,312327.860,2624180.200,130.5000,0.3219,1.9200,0.1227,-1
KHAPRETA_510206,312329.860,2624180.200,130.4300,0.3569,1.9900,0.1272,-1
KHAPRETA_510206,312330.860,2624180.200,130.4900,0.3269,1.9300,0.1233,-1
KHAPRETA_510206,312338.860,2624180.200,130.5400,0.0000,1.8800,0.1201,-1
KHAPRETA_510206,312344.860,2624180.200,130.7200,0.0000,1.7000,0.1086,-1
KHAPRETA_510206,312352.860,2624180.200,130.7300,0.4819,1.6900,0.1080,-1
KHAPRETA_510206,312355.860,2624180.200,130.7600,0.4819,1.6600,0.1061,-1
KHAPRETA_510206,312358.860,2624180.200,130.7800,0.0150,1.6400,0.1048,-1
KHAPRETA_510206,312374.860,2624180.200,130.9500,0.0000,1.4700,0.0939,-1
KHAPRETA_510206,312377.860,2624180.200,130.8200,0.0000,1.6000,0.1022,-1
KHAPRETA_510206,312382.860,2624180.200,130.8400,0.5519,1.5800,0.1010,-1
KHAPRETA_510206,312384.860,2624180.200,130.8700,0.0000,1.5500,0.0990,-1
KHAPRETA_510206,312386.860,2624180.200,130.9200,0.8719,1.5000,0.0958,-1
KHAPRETA_510206,312388.860,2624180.200,131.8200,0.0000,0.6000,0.0383,-1
KHAPRETA_510206,312408.860,2624180.200,131.5900,1.1669,0.8300,0.0530,-1
KHAPRETA_510206,312411.860,2624180.200,131.6800,0.9219,0.7400,0.0473,-1
KHAPRETA_510206,312412.860,2624180.200,131.6200,0.9519,0.8000,0.0511,-1
KHAPRETA_510206,312435.860,2624180.200,131.9400,0.0000,0.4800,0.0307,-1
KHAPRETA_510206,312439.860,2624180.200,131.8500,1.0519,0.5700,0.0364,-1
KHAPRETA_510206,312440.860,2624180.200,131.8800,1.4629,0.5400,0.0345,-1
KHAPRETA_510206,312474.860,2624180.200,131.8900,1.1219,0.5300,0.0339,-1
KHAPRETA_510206,312482.860,2624180.200,132.1400,0.0000,0.2800,0.0179,-1
KHAPRETA_510206,312485.860,2624180.200,131.9100,0.0250,0.5100,0.0326,-1
KHAPRETA_510206,312488.860,2624180.200,131.8800,0.0000,0.5400,0.0345,-1
KHAPRETA_510206,312491.860,2624180.200,130.9600,0.0000,1.4600,0.0933,-1
KHAPRETA_510206,312498.860,2624180.200,130.5000,0.0000,1.9200,0.1227,-1
KHAPRETA_510206,312502.860,2624180.200,131.6100,0.0000,0.8100,0.0518,-1
KHAPRETA_510206,312505.860,2624180.200,131.6700,0.8890,0.7500,0.0479,-1
KHAPRETA_510206,312506.860,2624180.200,131.5500,0.9469,0.8700,0.0556,-1
KHAPRETA_510206,312512.860,2624180.200,131.8200,0.0000,0.6000,0.0383,-1
KHAPRETA_510206,312514.860,2624180.200,131.7400,1.0169,0.6800,0.0435,-1
KHAPRETA_510206,312517.860,2624180.200,131.8500,1.0319,0.5700,0.0364,-1
KHAPRETA_510206,312518.860,2624180.200,131.8400,1.0319,0.5800,0.0371,-1
KHAPRETA_510206,312519.860,2624180.200,131.8600,1.4736,0.5600,0.0358,-1
KHAPRETA_510206,312521.860,2624180.200,131.7800,0.0000,0.6400,0.0409,-1
KHAPRETA_510206,312525.860,2624180.200,131.7800,1.0219,0.6400,0.0409,-1
KHAPRETA_510206,312526.860,2624180.200,131.8200,1.0019,0.6000,0.0383,-1
KHAPRETA_510206,312529.860,2624180.200,131.8200,0.0000,0.6000,0.0383,-1
KHAPRETA_510206,312018.860,2624181.200,127.1500,0.0000,5.2700,0.3367,-1
KHAPRETA_510206,312020.860,2624181.200,127.1700,1.3281,5.2500,0.3355,-1
KHAPRETA_510206,312022.860,2624181.200,127.0300,0.0000,5.3900,0.3444,-1
KHAPRETA_510206,312024.860,2624181.200,127.0700,1.3081,5.3500,0.3419,-1
KHAPRETA_510206,312025.860,2624181.200,127.1600,1.3531,5.2600,0.3361,-1
KHAPRETA_510206,312027.860,2624181.200,127.1100,0.0000,5.3100,0.3393,-1
KHAPRETA_510206,312029.860,2624181.200,129.2400,0.0000,3.1800,0.2032,-1
KHAPRETA_510206,312038.860,2624181.200,132.0600,1.1569,0.3600,0.0230,-1
KHAPRETA_510206,312039.860,2624181.200,132.0900,1.1419,0.3300,0.0211,-1
KHAPRETA_510206,312041.860,2624181.200,131.7200,0.0000,0.7000,0.0447,-1
KHAPRETA_510206,312049.860,2624181.200,132.0300,0.0000,0.3900,0.0249,-1
KHAPRETA_510206,312057.860,2624181.200,131.4100,0.8569,1.0100,0.0645,-1
KHAPRETA_510206,312066.860,2624181.200,124.3200,2.6983,8.1000,0.5176,-1
KHAPRETA_510206,312067.860,2624181.200,124.3800,2.7281,8.0400,0.5137,-1
KHAPRETA_510206,312070.860,2624181.200,124.0700,0.0000,8.3500,0.5335,-1
KHAPRETA_510206,312082.860,2624181.200,132.2300,0.0000,0.1900,0.0121,-1
KHAPRETA_510206,312090.860,2624181.200,131.9700,0.9319,0.4500,0.0288,-1
KHAPRETA_510206,312092.860,2624181.200,127.3400,1.2031,5.0800,0.3246,-1
KHAPRETA_510206,312093.860,2624181.200,127.3700,1.2331,5.0500,0.3227,-1
KHAPRETA_510206,312094.860,2624181.200,127.3200,1.2031,5.1000,0.3259,-1
KHAPRETA_510206,312098.860,2624181.200,127.4900,0.0000,4.9300,0.3150,-1
KHAPRETA_510206,312102.860,2624181.200,127.9700,1.0531,4.4500,0.2843,-1
KHAPRETA_510206,312112.860,2624181.200,128.5000,0.9240,3.9200,0.2505,-1
KHAPRETA_510206,312113.860,2624181.200,128.4300,0.6381,3.9900,0.2550,-1
KHAPRETA_510206,312117.860,2624181.200,128.5000,0.0000,3.9200,0.2505,-1
KHAPRETA_510206,312124.860,2624181.200,128.5500,0.8635,3.8700,0.2473,-1
KHAPRETA_510206,312125.860,2624181.200,128.5600,0.6131,3.8600,0.2466,-1
KHAPRETA_510206,312130.860,2624181.200,128.5700,0.0000,3.8500,0.2460,-1
KHAPRETA_510206,312140.860,2624181.200,128.5900,0.5831,3.8300,0.2447,-1
KHAPRETA_510206,312143.860,2624181.200,128.7300,0.8034,3.6900,0.2358,-1
KHAPRETA_510206,312144.860,2624181.200,128.6300,0.7685,3.7900,0.2422,-1
KHAPRETA_510206,312149.860,2624181.200,128.7300,0.5181,3.6900,0.2358,-1
KHAPRETA_510206,312151.860,2624181.200,128.8000,0.0000,3.6200,0.2313,-1
KHAPRETA_510206,312154.860,2624181.200,128.8500,0.5181,3.5700,0.2281,-1
KHAPRETA_510206,312155.860,2624181.200,128.7400,0.6306,3.6800,0.2351,-1
KHAPRETA_510206,312157.860,2624181.200,128.8200,0.4781,3.6000,0.2300,-1
KHAPRETA_510206,312158.860,2624181.200,128.8200,0.4581,3.6000,0.2300,-1
KHAPRETA_510206,312159.860,2624181.200,128.8100,0.4781,3.6100,0.2307,-1
KHAPRETA_510206,312161.860,2624181.200,128.7900,0.6973,3.6300,0.2319,-1
KHAPRETA_510206,312162.860,2624181.200,128.7800,0.1150,3.6400,0.2326,-1
KHAPRETA_510206,312163.860,2624181.200,128.5600,0.4981,3.8600,0.2466,-1
KHAPRETA_510206,312166.860,2624181.200,128.4800,0.9485,3.9400,0.2518,-1
KHAPRETA_510206,312167.860,2624181.200,128.4600,0.6481,3.9600,0.2530,-1
KHAPRETA_510206,312182.860,2624181.200,129.1400,0.2431,3.2800,0.2096,-1
KHAPRETA_510206,312183.860,2624181.200,129.2900,0.2452,3.1300,0.2000,-1
KHAPRETA_510206,312184.860,2624181.200,129.3100,0.2529,3.1100,0.1987,-1
KHAPRETA_510206,312187.860,2624181.200,129.1000,0.0000,3.3200,0.2121,-1
KHAPRETA_510206,312189.860,2624181.200,129.0900,0.0000,3.3300,0.2128,-1
KHAPRETA_510206,312204.860,2624181.200,129.2600,0.0000,3.1600,0.2019,-1
KHAPRETA_510206,312208.860,2624181.200,129.2300,0.0000,3.1900,0.2038,-1
KHAPRETA_510206,312211.860,2624181.200,129.4900,0.0981,2.9300,0.1872,-1
KHAPRETA_510206,312217.860,2624181.200,130.2600,0.5819,2.1600,0.1380,-1
KHAPRETA_510206,312219.860,2624181.200,130.7200,0.4619,1.7000,0.1086,-1
KHAPRETA_510206,312220.860,2624181.200,130.7000,0.4719,1.7200,0.1099,-1
KHAPRETA_510206,312223.860,2624181.200,129.5700,0.0000,2.8500,0.1821,-1
KHAPRETA_510206,312229.860,2624181.200,129.5900,0.0300,2.8300,0.1808,-1
KHAPRETA_510206,312233.860,2624181.200,129.6100,0.0000,2.8100,0.1796,-1
KHAPRETA_510206,312237.860,2624181.200,129.6600,0.0631,2.7600,0.1764,-1
KHAPRETA_510206,312242.860,2624181.200,129.6700,0.0292,2.7500,0.1757,-1
KHAPRETA_510206,312243.860,2624181.200,129.7600,0.0531,2.6600,0.1700,-1
KHAPRETA_510206,312249.860,2624181.200,130.0000,0.1819,2.4200,0.1546,-1
KHAPRETA_510206,312251.860,2624181.200,130.1600,0.0400,2.2600,0.1444,-1
KHAPRETA_510206,312253.860,2624181.200,130.1100,0.0000,2.3100,0.1476,-1
KHAPRETA_510206,312256.860,2624181.200,130.2000,0.1519,2.2200,0.1419,-1
KHAPRETA_510206,312263.860,2624181.200,130.3500,0.0450,2.0700,0.1323,-1
KHAPRETA_510206,312265.860,2624181.200,130.3400,0.2219,2.0800,0.1329,-1
KHAPRETA_510206,312271.860,2624181.200,130.1300,0.0000,2.2900,0.1463,-1
KHAPRETA_510206,312273.860,2624181.200,130.2000,0.2419,2.2200,0.1419,-1
KHAPRETA_510206,312275.860,2624181.200,130.4800,0.0000,1.9400,0.1240,-1
KHAPRETA_510206,312280.860,2624181.200,130.5900,0.5335,1.8300,0.1169,-1
KHAPRETA_510206,312281.860,2624181.200,130.5600,0.4069,1.8600,0.1188,-1
KHAPRETA_510206,312291.860,2624181.200,130.6700,0.0000,1.7500,0.1118,-1
KHAPRETA_510206,312293.860,2624181.200,130.6700,0.0000,1.7500,0.1118,-1
KHAPRETA_510206,312297.860,2624181.200,130.3700,0.3569,2.0500,0.1310,-1
KHAPRETA_510206,312298.860,2624181.200,130.4900,0.0950,1.9300,0.1233,-1
KHAPRETA_510206,312299.860,2624181.200,130.5600,0.4978,1.8600,0.1188,-1
KHAPRETA_510206,312302.860,2624181.200,130.5700,0.0000,1.8500,0.1182,-1
KHAPRETA_510206,312304.860,2624181.200,130.5900,0.0000,1.8300,0.1169,-1
KHAPRETA_510206,312306.860,2624181.200,130.4600,0.3769,1.9600,0.1252,-1
KHAPRETA_510206,312308.860,2624181.200,130.5500,0.3569,1.8700,0.1195,-1
KHAPRETA_510206,312309.860,2624181.200,130.4900,0.5508,1.9300,0.1233,-1
KHAPRETA_510206,312314.860,2624181.200,130.5100,0.3919,1.9100,0.1220,-1
KHAPRETA_510206,312321.860,2624181.200,130.4500,0.0000,1.9700,0.1259,-1
KHAPRETA_510206,312323.860,2624181.200,130.5900,0.4119,1.8300,0.1169,-1
KHAPRETA_510206,312324.860,2624181.200,130.6000,0.4069,1.8200,0.1163,-1
KHAPRETA_510206,312336.860,2624181.200,130.6600,0.5419,1.7600,0.1125,-1
KHAPRETA_510206,312337.860,2624181.200,130.8600,0.4419,1.5600,0.0997,-1
KHAPRETA_510206,312340.860,2624181.200,130.7400,0.0000,1.6800,0.1073,-1
KHAPRETA_510206,312345.860,2624181.200,130.7100,0.6604,1.7100,0.1093,-1
KHAPRETA_510206,312346.860,2624181.200,130.7100,0.4669,1.7100,0.1093,-1
KHAPRETA_510206,312349.860,2624181.200,130.8000,0.4769,1.6200,0.1035,-1
KHAPRETA_510206,312350.860,2624181.200,130.7300,0.5119,1.6900,0.1080,-1
KHAPRETA_510206,312353.860,2624181.200,130.7400,0.0000,1.6800,0.1073,-1
KHAPRETA_510206,312355.860,2624181.200,130.7400,0.0000,1.6800,0.1073,-1
KHAPRETA_510206,312358.860,2624181.200,130.7800,0.5019,1.6400,0.1048,-1
KHAPRETA_510206,312362.860,2624181.200,131.1100,0.8867,1.3100,0.0837,-1
KHAPRETA_510206,312363.860,2624181.200,131.0200,0.0700,1.4000,0.0895,-1
KHAPRETA_510206,312364.860,2624181.200,130.9700,0.0600,1.4500,0.0927,-1
KHAPRETA_510206,312365.860,2624181.200,131.1400,0.0650,1.2800,0.0818,-1
KHAPRETA_510206,312366.860,2624181.200,131.1000,0.6819,1.3200,0.0843,-1
KHAPRETA_510206,312369.860,2624181.200,131.0800,0.0000,1.3400,0.0856,-1
KHAPRETA_510206,312373.860,2624181.200,130.9900,0.0000,1.4300,0.0914,-1
KHAPRETA_510206,312376.860,2624181.200,130.8200,0.0000,1.6000,0.1022,-1
KHAPRETA_510206,312382.860,2624181.200,130.8800,0.5319,1.5400,0.0984,-1
KHAPRETA_510206,312386.860,2624181.200,131.5200,0.5719,0.9000,0.0575,-1
KHAPRETA_510206,312403.860,2624181.200,132.4200,0.0000,0.0000,0.0000,-1
KHAPRETA_510206,312415.860,2624181.200,131.5600,0.0000,0.8600,0.0550,-1
KHAPRETA_510206,312419.860,2624181.200,131.5800,0.9519,0.8400,0.0537,-1
KHAPRETA_510206,312420.860,2624181.200,131.6800,0.0800,0.7400,0.0473,-1
KHAPRETA_510206,312421.860,2624181.200,131.7400,1.3857,0.6800,0.0435,-1
KHAPRETA_510206,312429.860,2624181.200,131.8700,1.4559,0.5500,0.0351,-1
KHAPRETA_510206,312430.860,2624181.200,131.8200,1.0469,0.6000,0.0383,-1
KHAPRETA_510206,312433.860,2624181.200,131.9400,0.0000,0.4800,0.0307,-1
KHAPRETA_510206,312473.860,2624181.200,132.0000,1.6116,0.4200,0.0268,-1
KHAPRETA_510206,312474.860,2624181.200,132.0200,1.0593,0.4000,0.0256,-1
KHAPRETA_510206,312475.860,2624181.200,132.1400,1.1219,0.2800,0.0179,-1
KHAPRETA_510206,312484.860,2624181.200,132.2300,1.1469,0.1900,0.0121,-1
KHAPRETA_510206,312485.860,2624181.200,132.0700,1.2274,0.3500,0.0224,-1
KHAPRETA_510206,312487.860,2624181.200,132.1200,0.0000,0.3000,0.0192,-1
KHAPRETA_510206,312490.860,2624181.200,131.8400,1.1119,0.5800,0.0371,-1
KHAPRETA_510206,312493.860,2624181.200,131.7600,0.9569,0.6600,0.0422,-1
KHAPRETA_510206,312497.860,2624181.200,130.1800,0.0000,2.2400,0.1431,-1
KHAPRETA_510206,312500.860,2624181.200,131.7700,1.4997,0.6500,0.0415,-1
KHAPRETA_510206,312501.860,2624181.200,132.1100,1.5424,0.3100,0.0198,-1
KHAPRETA_510206,312503.860,2624181.200,131.7400,0.9919,0.6800,0.0435,-1
KHAPRETA_510206,312504.860,2624181.200,131.7600,0.0650,0.6600,0.0422,-1
KHAPRETA_510206,312505.860,2624181.200,131.6100,1.3714,0.8100,0.0518,-1
KHAPRETA_510206,312507.860,2624181.200,131.8700,1.0069,0.5500,0.0351,-1
KHAPRETA_510206,312511.860,2624181.200,131.7300,0.0000,0.6900,0.0441,-1
KHAPRETA_510206,312528.860,2624181.200,131.9300,0.0000,0.4900,0.0313,-1
KHAPRETA_510206,312531.860,2624181.200,131.7400,0.0000,0.6800,0.0435,-1
KHAPRETA_510206,312015.860,2624182.200,127.4700,1.2181,4.9500,0.3163,-1
KHAPRETA_510206,312016.860,2624182.200,127.3400,1.1531,5.0800,0.3246,-1
KHAPRETA_510206,312020.860,2624182.200,127.1200,1.3031,5.3000,0.3387,-1
KHAPRETA_510206,312024.860,2624182.200,127.0900,1.3531,5.3300,0.3406,-1
KHAPRETA_510206,312033.860,2624182.200,131.2200,0.7669,1.2000,0.0767,-1
KHAPRETA_510206,312036.860,2624182.200,131.7000,0.9719,0.7200,0.0460,-1
KHAPRETA_510206,312051.860,2624182.200,132.0500,0.0000,0.3700,0.0236,-1
KHAPRETA_510206,312057.860,2624182.200,131.4900,0.2100,0.9300,0.0594,-1
KHAPRETA_510206,312059.860,2624182.200,124.9100,0.0000,7.5100,0.4799,-1
KHAPRETA_510206,312061.860,2624182.200,131.0200,0.0000,1.4000,0.0895,-1
KHAPRETA_510206,312064.860,2624182.200,124.3500,2.6681,8.0700,0.5157,-1
KHAPRETA_510206,312065.860,2624182.200,124.4400,0.0300,7.9800,0.5099,-1
KHAPRETA_510206,312066.860,2624182.200,124.2900,2.6686,8.1300,0.5195,-1
KHAPRETA_510206,312076.860,2624182.200,116.7700,0.0000,15.6500,1.0000,-1
KHAPRETA_510206,312091.860,2624182.200,127.4900,0.0000,4.9300,0.3150,-1
KHAPRETA_510206,312093.860,2624182.200,127.3100,0.0100,5.1100,0.3265,-1
KHAPRETA_510206,312095.860,2624182.200,127.6100,1.6712,4.8100,0.3073,-1
KHAPRETA_510206,312096.860,2624182.200,127.5200,1.0831,4.9000,0.3131,-1
KHAPRETA_510206,312099.860,2624182.200,127.8400,0.0000,4.5800,0.2927,-1
KHAPRETA_510206,312101.860,2624182.200,127.5400,1.0531,4.8800,0.3118,-1
KHAPRETA_510206,312102.860,2624182.200,127.6700,1.1203,4.7500,0.3035,-1
KHAPRETA_510206,312112.860,2624182.200,128.5100,0.6381,3.9100,0.2498,-1
KHAPRETA_510206,312123.860,2624182.200,128.5600,0.6131,3.8600,0.2466,-1
KHAPRETA_510206,312124.860,2624182.200,128.5500,0.6081,3.8700,0.2473,-1
KHAPRETA_510206,312131.860,2624182.200,128.4700,0.0000,3.9500,0.2524,-1
KHAPRETA_510206,312135.860,2624182.200,128.4900,0.0000,3.9300,0.2511,-1
KHAPRETA_510206,312142.860,2624182.200,128.6000,0.5631,3.8200,0.2441,-1
KHAPRETA_510206,312143.860,2624182.200,128.6500,0.5237,3.7700,0.2409,-1
KHAPRETA_510206,312144.860,2624182.200,128.6500,0.8034,3.7700,0.2409,-1
KHAPRETA_510206,312147.860,2624182.200,128.8300,0.0000,3.5900,0.2294,-1
KHAPRETA_510206,312149.860,2624182.200,128.7400,0.5231,3.6800,0.2351,-1
KHAPRETA_510206,312157.860,2624182.200,128.7700,0.4781,3.6500,0.2332,-1
KHAPRETA_510206,312161.860,2624182.200,128.8000,0.4931,3.6200,0.2313,-1
KHAPRETA_510206,312173.860,2624182.200,128.5400,0.0000,3.8800,0.2479,-1
KHAPRETA_510206,312183.860,2624182.200,128.9000,0.3541,3.5200,0.2249,-1
KHAPRETA_510206,312184.860,2624182.200,129.1300,0.4962,3.2900,0.2102,-1
KHAPRETA_510206,312186.860,2624182.200,129.0500,0.0000,3.3700,0.2153,-1
KHAPRETA_510206,312188.860,2624182.200,129.0700,0.0000,3.3500,0.2141,-1
KHAPRETA_510206,312190.860,2624182.200,129.0700,0.0000,3.3500,0.2141,-1
KHAPRETA_510206,312194.860,2624182.200,129.1900,0.0000,3.2300,0.2064,-1
KHAPRETA_510206,312202.860,2624182.200,129.1600,0.3131,3.2600,0.2083,-1
KHAPRETA_510206,312210.860,2624182.200,129.4200,0.2345,3.0000,0.1917,-1
KHAPRETA_510206,312211.860,2624182.200,129.5800,0.2284,2.8400,0.1815,-1
KHAPRETA_510206,312221.860,2624182.200,129.8300,0.3769,2.5900,0.1655,-1
KHAPRETA_510206,312222.860,2624182.200,130.5300,0.0269,1.8900,0.1208,-1
KHAPRETA_510206,312226.860,2624182.200,129.5700,0.0219,2.8500,0.1821,-1
KHAPRETA_510206,312228.860,2624182.200,129.6100,0.1215,2.8100,0.1796,-1
KHAPRETA_510206,312229.860,2624182.200,129.5900,0.0932,2.8300,0.1808,-1
KHAPRETA_510206,312230.860,2624182.200,129.6200,0.0931,2.8000,0.1789,-1
KHAPRETA_510206,312234.860,2624182.200,129.6400,0.0000,2.7800,0.1776,-1
KHAPRETA_510206,312249.860,2624182.200,130.1400,0.1119,2.2800,0.1457,-1
KHAPRETA_510206,312251.860,2624182.200,130.2100,0.1919,2.2100,0.1412,-1
KHAPRETA_510206,312256.860,2624182.200,130.0800,0.2119,2.3400,0.1495,-1
KHAPRETA_510206,312259.860,2624182.200,130.0700,0.0519,2.3500,0.1502,-1
KHAPRETA_510206,312260.860,2624182.200,129.8800,0.1469,2.5400,0.1623,-1
KHAPRETA_510206,312262.860,2624182.200,130.1200,0.2619,2.3000,0.1470,-1
KHAPRETA_510206,312263.860,2624182.200,130.3000,0.1856,2.1200,0.1355,-1
KHAPRETA_510206,312265.860,2624182.200,130.2200,0.0700,2.2000,0.1406,-1
KHAPRETA_510206,312276.860,2624182.200,130.3700,0.3269,2.0500,0.1310,-1
KHAPRETA_510206,312280.860,2624182.200,130.5000,0.4069,1.9200,0.1227,-1
KHAPRETA_510206,312283.860,2624182.200,130.5900,0.0000,1.8300,0.1169,-1
KHAPRETA_510206,312285.860,2624182.200,130.6700,0.4619,1.7500,0.1118,-1
KHAPRETA_510206,312289.860,2624182.200,130.6100,0.6038,1.8100,0.1157,-1
KHAPRETA_510206,312290.860,2624182.200,130.6400,0.4169,1.7800,0.1137,-1
KHAPRETA_510206,312296.860,2624182.200,130.1500,0.0000,2.2700,0.1450,-1
KHAPRETA_510206,312299.860,2624182.200,130.4700,0.3919,1.9500,0.1246,-1
KHAPRETA_510206,312301.860,2624182.200,130.5700,0.0000,1.8500,0.1182,-1
KHAPRETA_510206,312303.860,2624182.200,130.5700,0.0000,1.8500,0.1182,-1
KHAPRETA_510206,312305.860,2624182.200,130.5400,0.3769,1.8800,0.1201,-1
KHAPRETA_510206,312306.860,2624182.200,130.5300,0.5126,1.8900,0.1208,-1
KHAPRETA_510206,312312.860,2624182.200,130.4700,0.4169,1.9500,0.1246,-1
KHAPRETA_510206,312313.860,2624182.200,130.6100,0.5197,1.8100,0.1157,-1
KHAPRETA_510206,312334.860,2624182.200,130.1300,0.0000,2.2900,0.1463,-1
KHAPRETA_510206,312345.860,2624182.200,130.7100,0.4669,1.7100,0.1093,-1
KHAPRETA_510206,312348.860,2624182.200,130.7300,0.0000,1.6900,0.1080,-1
KHAPRETA_510206,312352.860,2624182.200,130.7200,0.0000,1.7000,0.1086,-1
KHAPRETA_510206,312355.860,2624182.200,130.7600,0.4819,1.6600,0.1061,-1
KHAPRETA_510206,312360.860,2624182.200,131.0800,0.0000,1.3400,0.0856,-1
KHAPRETA_510206,312362.860,2624182.200,131.0400,0.0900,1.3800,0.0882,-1
KHAPRETA_510206,312367.860,2624182.200,131.1400,0.0000,1.2800,0.0818,-1
KHAPRETA_510206,312370.860,2624182.200,131.1400,0.0000,1.2800,0.0818,-1
KHAPRETA_510206,312372.860,2624182.200,131.0800,0.0000,1.3400,0.0856,-1
KHAPRETA_510206,312378.860,2624182.200,130.7900,0.0000,1.6300,0.1042,-1
KHAPRETA_510206,312380.860,2624182.200,130.8100,0.5269,1.6100,0.1029,-1
KHAPRETA_510206,312381.860,2624182.200,130.8300,0.5169,1.5900,0.1016,-1
KHAPRETA_510206,312402.860,2624182.200,132.3000,0.9119,0.1200,0.0077,-1
KHAPRETA_510206,312404.860,2624182.200,131.5700,0.0000,0.8500,0.0543,-1
KHAPRETA_510206,312407.860,2624182.200,131.6700,0.9419,0.7500,0.0479,-1
KHAPRETA_510206,312410.860,2624182.200,131.7200,0.0000,0.7000,0.0447,-1
KHAPRETA_510206,312414.860,2624182.200,131.6400,0.0000,0.7800,0.0498,-1
KHAPRETA_510206,312421.860,2624182.200,131.7900,1.4029,0.6300,0.0403,-1
KHAPRETA_510206,312422.860,2624182.200,131.7800,1.4382,0.6400,0.0409,-1
KHAPRETA_510206,312426.860,2624182.200,131.8600,0.0000,0.5600,0.0358,-1
KHAPRETA_510206,312429.860,2624182.200,131.8500,1.0469,0.5700,0.0364,-1
KHAPRETA_510206,312437.860,2624182.200,131.9500,0.0000,0.4700,0.0300,-1
KHAPRETA_510206,312473.860,2624182.200,132.0900,1.1119,0.3300,0.0211,-1
KHAPRETA_510206,312485.860,2624182.200,131.9800,1.5940,0.4400,0.0281,-1
KHAPRETA_510206,312486.860,2624182.200,131.9900,1.1019,0.4300,0.0275,-1
KHAPRETA_510206,312489.860,2624182.200,131.9500,1.1119,0.4700,0.0300,-1
KHAPRETA_510206,312490.860,2624182.200,132.0000,1.0319,0.4200,0.0268,-1
KHAPRETA_510206,312491.860,2624182.200,131.9600,1.1119,0.4600,0.0294,-1
KHAPRETA_510206,312493.860,2624182.200,131.6900,0.0800,0.7300,0.0466,-1
KHAPRETA_510206,312498.860,2624182.200,130.3800,0.0000,2.0400,0.1304,-1
KHAPRETA_510206,312500.860,2624182.200,131.6600,1.5424,0.7600,0.0486,-1
KHAPRETA_510206,312501.860,2624182.200,132.1300,1.4997,0.2900,0.0185,-1
KHAPRETA_510206,312507.860,2624182.200,131.7900,1.0469,0.6300,0.0403,-1
KHAPRETA_510206,312510.860,2624182.200,131.7800,0.0000,0.6400,0.0409,-1
KHAPRETA_510206,312517.860,2624182.200,131.8500,0.0000,0.5700,0.0364,-1
KHAPRETA_510206,312519.860,2624182.200,131.7900,0.0000,0.6300,0.0403,-1
KHAPRETA_510206,312521.860,2624182.200,131.8700,1.0369,0.5500,0.0351,-1
KHAPRETA_510206,312526.860,2624182.200,131.8400,1.0569,0.5800,0.0371,-1
KHAPRETA_510206,312532.860,2624182.200,131.8600,0.9919,0.5600,0.0358,-1
KHAPRETA_510206,312017.860,2624183.200,127.2600,1.3881,5.1600,0.3297,-1
KHAPRETA_510206,312018.860,2624183.200,127.0000,0.0550,5.4200,0.3463,-1
KHAPRETA_510206,312019.860,2624183.200,127.1500,1.3881,5.2700,0.3367,-1
KHAPRETA_510206,312025.860,2624183.200,126.9000,0.0000,5.5200,0.3527,-1
KHAPRETA_510206,312028.860,2624183.200,126.8800,0.0000,5.5400,0.3540,-1
KHAPRETA_510206,312030.860,2624183.200,129.3000,1.5957,3.1200,0.1994,-1
KHAPRETA_510206,312031.860,2624183.200,130.5500,1.7203,1.8700,0.1195,-1
KHAPRETA_510206,312032.860,2624183.200,130.6700,0.3800,1.7500,0.1118,-1
KHAPRETA_510206,312033.860,2624183.200,131.3100,2.3872,1.1100,0.0709,-1
KHAPRETA_510206,312036.860,2624183.200,131.7200,0.3700,0.7000,0.0447,-1
KHAPRETA_510206,312049.860,2624183.200,132.4100,0.0000,0.0100,0.0006,-1
KHAPRETA_510206,312054.860,2624183.200,132.3500,0.0000,0.0700,0.0045,-1
KHAPRETA_510206,312056.860,2624183.200,131.7700,1.0269,0.6500,0.0415,-1
KHAPRETA_510206,312057.860,2624183.200,131.8300,0.8607,0.5900,0.0377,-1
KHAPRETA_510206,312058.860,2624183.200,131.6100,1.0269,0.8100,0.0518,-1
KHAPRETA_510206,312066.860,2624183.200,124.2100,3.9077,8.2100,0.5246,-1
KHAPRETA_510206,312067.860,2624183.200,124.2100,3.9678,8.2100,0.5246,-1
KHAPRETA_510206,312069.860,2624183.200,124.2600,2.8981,8.1600,0.5214,-1
KHAPRETA_510206,312070.860,2624183.200,123.9800,2.7581,8.4400,0.5393,-1
KHAPRETA_510206,312093.860,2624183.200,127.3500,1.2331,5.0700,0.3240,-1
KHAPRETA_510206,312095.860,2624183.200,127.3100,1.0831,5.1100,0.3265,-1
KHAPRETA_510206,312100.860,2624183.200,127.7200,1.1731,4.7000,0.3003,-1
KHAPRETA_510206,312102.860,2624183.200,127.8300,1.3840,4.5900,0.2933,-1
KHAPRETA_510206,312103.860,2624183.200,127.9800,1.3241,4.4400,0.2837,-1
KHAPRETA_510206,312105.860,2624183.200,128.3600,0.0000,4.0600,0.2594,-1
KHAPRETA_510206,312107.860,2624183.200,128.1200,0.6931,4.3000,0.2748,-1
KHAPRETA_510206,312113.860,2624183.200,128.5400,0.0000,3.8800,0.2479,-1
KHAPRETA_510206,312115.860,2624183.200,128.4900,0.0000,3.9300,0.2511,-1
KHAPRETA_510206,312118.860,2624183.200,128.5400,0.0000,3.8800,0.2479,-1
KHAPRETA_510206,312120.860,2624183.200,128.5300,0.0000,3.8900,0.2486,-1
KHAPRETA_510206,312122.860,2624183.200,128.5400,0.0000,3.8800,0.2479,-1
KHAPRETA_510206,312124.860,2624183.200,128.5700,0.6131,3.8500,0.2460,-1
KHAPRETA_510206,312128.860,2624183.200,128.5500,0.0000,3.8700,0.2473,-1
KHAPRETA_510206,312132.860,2624183.200,128.4400,0.0000,3.9800,0.2543,-1
KHAPRETA_510206,312155.860,2624183.200,128.8000,0.5331,3.6200,0.2313,-1
KHAPRETA_510206,312158.860,2624183.200,128.6000,0.0000,3.8200,0.2441,-1
KHAPRETA_510206,312164.860,2624183.200,128.8200,0.5731,3.6000,0.2300,-1
KHAPRETA_510206,312165.860,2624183.200,128.6300,0.4781,3.7900,0.2422,-1
KHAPRETA_510206,312168.860,2624183.200,128.4800,0.0000,3.9400,0.2518,-1
KHAPRETA_510206,312180.860,2624183.200,128.9100,0.2781,3.5100,0.2243,-1
KHAPRETA_510206,312181.860,2624183.200,129.2200,0.4331,3.2000,0.2045,-1
KHAPRETA_510206,312183.860,2624183.200,129.0000,0.4381,3.4200,0.2185,-1
KHAPRETA_510206,312185.860,2624183.200,129.0700,0.0000,3.3500,0.2141,-1
KHAPRETA_510206,312187.860,2624183.200,129.1400,0.3631,3.2800,0.2096,-1
KHAPRETA_510206,312192.860,2624183.200,129.1300,0.3281,3.2900,0.2102,-1
KHAPRETA_510206,312196.860,2624183.200,129.1600,0.3181,3.2600,0.2083,-1
KHAPRETA_510206,312197.860,2624183.200,129.1400,0.4392,3.2800,0.2096,-1
KHAPRETA_510206,312201.860,2624183.200,129.1400,0.4357,3.2800,0.2096,-1
KHAPRETA_510206,312202.860,2624183.200,129.1500,0.3091,3.2700,0.2089,-1
KHAPRETA_510206,312203.860,2624183.200,129.1900,0.3131,3.2300,0.2064,-1
KHAPRETA_510206,312210.860,2624183.200,129.3500,0.1781,3.0700,0.1962,-1
KHAPRETA_510206,312212.860,2624183.200,129.6200,0.0000,2.8000,0.1789,-1
KHAPRETA_510206,312218.860,2624183.200,130.9100,0.0000,1.5100,0.0965,-1
KHAPRETA_510206,312220.860,2624183.200,130.1400,0.0000,2.2800,0.1457,-1
KHAPRETA_510206,312223.860,2624183.200,129.5700,0.0000,2.8500,0.1821,-1
KHAPRETA_510206,312226.860,2624183.200,129.8200,0.1031,2.6000,0.1661,-1
KHAPRETA_510206,312228.860,2624183.200,129.6200,0.0831,2.8000,0.1789,-1
KHAPRETA_510206,312241.860,2624183.200,129.7000,0.0000,2.7200,0.1738,-1
KHAPRETA_510206,312244.860,2624183.200,129.7700,0.0431,2.6500,0.1693,-1
KHAPRETA_510206,312253.860,2624183.200,129.9800,0.0000,2.4400,0.1559,-1
KHAPRETA_510206,312257.860,2624183.200,130.2400,0.0819,2.1800,0.1393,-1
KHAPRETA_510206,312258.860,2624183.200,129.9400,0.2319,2.4800,0.1585,-1
KHAPRETA_510206,312263.860,2624183.200,130.2100,0.2619,2.2100,0.1412,-1
KHAPRETA_510206,312265.860,2624183.200,130.2000,0.2219,2.2200,0.1419,-1
KHAPRETA_510206,312271.860,2624183.200,130.2900,0.0000,2.1300,0.1361,-1
KHAPRETA_510206,312273.860,2624183.200,130.4700,0.0000,1.9500,0.1246,-1
KHAPRETA_510206,312275.860,2624183.200,130.5900,0.3269,1.8300,0.1169,-1
KHAPRETA_510206,312276.860,2624183.200,130.4300,0.5038,1.9900,0.1272,-1
KHAPRETA_510206,312281.860,2624183.200,130.6200,0.0000,1.8000,0.1150,-1
KHAPRETA_510206,312285.860,2624183.200,130.7000,0.4469,1.7200,0.1099,-1
KHAPRETA_510206,312289.860,2624183.200,130.6200,0.0450,1.8000,0.1150,-1
KHAPRETA_510206,312297.860,2624183.200,130.4100,0.0000,2.0100,0.1284,-1
KHAPRETA_510206,312309.860,2624183.200,130.5500,0.0000,1.8700,0.1195,-1
KHAPRETA_510206,312313.860,2624183.200,130.5500,0.5896,1.8700,0.1195,-1
KHAPRETA_510206,312314.860,2624183.200,130.6100,0.3869,1.8100,0.1157,-1
KHAPRETA_510206,312317.860,2624183.200,130.3600,0.0000,2.0600,0.1316,-1
KHAPRETA_510206,312319.860,2624183.200,130.7000,0.0000,1.7200,0.1099,-1
KHAPRETA_510206,312321.860,2624183.200,130.5700,0.0000,1.8500,0.1182,-1
KHAPRETA_510206,312326.860,2624183.200,130.6200,0.3719,1.8000,0.1150,-1
KHAPRETA_510206,312328.860,2624183.200,130.5800,0.3269,1.8400,0.1176,-1
KHAPRETA_510206,312329.860,2624183.200,130.4300,0.5088,1.9900,0.1272,-1
KHAPRETA_510206,312331.860,2624183.200,130.2400,0.4869,2.1800,0.1393,-1
KHAPRETA_510206,312342.860,2624183.200,130.7000,0.4919,1.7200,0.1099,-1
KHAPRETA_510206,312346.860,2624183.200,130.7300,0.0000,1.6900,0.1080,-1
KHAPRETA_510206,312349.860,2624183.200,130.7100,0.0000,1.7100,0.1093,-1
KHAPRETA_510206,312351.860,2624183.200,130.7600,0.0000,1.6600,0.1061,-1
KHAPRETA_510206,312353.860,2624183.200,130.7700,0.5069,1.6500,0.1054,-1
KHAPRETA_510206,312362.860,2624183.200,130.9300,0.6319,1.4900,0.0952,-1
KHAPRETA_510206,312374.860,2624183.200,131.0500,0.6169,1.3700,0.0875,-1
KHAPRETA_510206,312375.860,2624183.200,131.0100,0.6369,1.4100,0.0901,-1
KHAPRETA_510206,312377.860,2624183.200,130.7800,0.5719,1.6400,0.1048,-1
KHAPRETA_510206,312383.860,2624183.200,131.6400,1.2319,0.7800,0.0498,-1
KHAPRETA_510206,312384.860,2624183.200,132.2400,0.9319,0.1800,0.0115,-1
KHAPRETA_510206,312401.860,2624183.200,132.1200,0.9119,0.3000,0.0192,-1
KHAPRETA_510206,312402.860,2624183.200,131.6000,1.7222,0.8200,0.0524,-1
KHAPRETA_510206,312406.860,2624183.200,131.6600,0.9419,0.7600,0.0486,-1
KHAPRETA_510206,312407.860,2624183.200,131.6600,1.3356,0.7600,0.0486,-1
KHAPRETA_510206,312416.860,2624183.200,131.6800,1.3463,0.7400,0.0473,-1
KHAPRETA_510206,312417.860,2624183.200,131.7000,0.9519,0.7200,0.0460,-1
KHAPRETA_510206,312419.860,2624183.200,131.7200,1.0019,0.7000,0.0447,-1
KHAPRETA_510206,312420.860,2624183.200,131.7800,0.9719,0.6400,0.0409,-1
KHAPRETA_510206,312422.860,2624183.200,131.8300,1.3994,0.5900,0.0377,-1
KHAPRETA_510206,312423.860,2624183.200,131.7300,1.0269,0.6900,0.0441,-1
KHAPRETA_510206,312425.860,2624183.200,131.8200,0.0000,0.6000,0.0383,-1
KHAPRETA_510206,312428.860,2624183.200,131.8400,1.0919,0.5800,0.0371,-1
KHAPRETA_510206,312470.860,2624183.200,132.1700,1.0469,0.2500,0.0160,-1
KHAPRETA_510206,312471.860,2624183.200,131.8700,1.1969,0.5500,0.0351,-1
KHAPRETA_510206,312482.860,2624183.200,132.2400,0.0000,0.1800,0.0115,-1
KHAPRETA_510206,312493.860,2624183.200,131.6000,1.4557,0.8200,0.0524,-1
KHAPRETA_510206,312494.860,2624183.200,131.9700,0.4000,0.4500,0.0288,-1
KHAPRETA_510206,312495.860,2624183.200,130.8000,1.0969,1.6200,0.1035,-1
KHAPRETA_510206,312503.860,2624183.200,131.7800,0.9819,0.6400,0.0409,-1
KHAPRETA_510206,312504.860,2624183.200,131.7400,0.0150,0.6800,0.0435,-1
KHAPRETA_510206,312505.860,2624183.200,131.7500,0.0250,0.6700,0.0428,-1
KHAPRETA_510206,312506.860,2624183.200,131.6900,1.3993,0.7300,0.0466,-1
KHAPRETA_510206,312508.860,2624183.200,131.8000,0.0000,0.6200,0.0396,-1
KHAPRETA_510206,312511.860,2624183.200,131.8800,1.0569,0.5400,0.0345,-1
KHAPRETA_510206,312512.860,2624183.200,131.8900,1.4631,0.5300,0.0339,-1
KHAPRETA_510206,312514.860,2624183.200,131.8800,1.4140,0.5400,0.0345,-1
KHAPRETA_510206,312515.860,2624183.200,131.7200,1.4701,0.7000,0.0447,-1
KHAPRETA_510206,312521.860,2624183.200,131.8500,1.0572,0.5700,0.0364,-1
KHAPRETA_510206,312522.860,2624183.200,131.8900,1.0369,0.5300,0.0339,-1
KHAPRETA_510206,312524.860,2624183.200,131.8400,1.0469,0.5800,0.0371,-1
KHAPRETA_510206,312526.860,2624183.200,131.8900,1.0319,0.5300,0.0339,-1
KHAPRETA_510206,312528.860,2624183.200,131.7700,1.3924,0.6500,0.0415,-1
KHAPRETA_510206,312529.860,2624183.200,131.7800,0.0000,0.6400,0.0409,-1
KHAPRETA_510206,312530.860,2624183.200,131.7700,1.0219,0.6500,0.0415,-1
KHAPRETA_510206,312531.860,2624183.200,131.7800,1.0319,0.6400,0.0409,-1
KHAPRETA_510206,312532.860,2624183.200,131.7600,1.4455,0.6600,0.0422,-1
KHAPRETA_510206,312009.860,2624184.200,127.0900,1.2831,5.3300,0.3406,-1
KHAPRETA_510206,312010.860,2624184.200,127.2100,0.0150,5.2100,0.3329,-1
KHAPRETA_510206,312011.860,2624184.200,127.0600,1.6855,5.3600,0.3425,-1
KHAPRETA_510206,312022.860,2624184.200,127.0500,1.3081,5.3700,0.3431,-1
KHAPRETA_510206,312023.860,2624184.200,127.1600,1.3631,5.2600,0.3361,-1
KHAPRETA_510206,312026.860,2624184.200,127.0100,1.8463,5.4100,0.3457,-1
KHAPRETA_510206,312027.860,2624184.200,127.1600,1.8832,5.2600,0.3361,-1
KHAPRETA_510206,312030.860,2624184.200,126.6800,2.0541,5.7400,0.3668,-1
KHAPRETA_510206,312031.860,2624184.200,126.6200,2.4741,5.8000,0.3706,-1
KHAPRETA_510206,312033.860,2624184.200,126.5300,1.7591,5.8900,0.3764,-1
KHAPRETA_510206,312034.860,2624184.200,126.6100,1.6790,5.8100,0.3712,-1
KHAPRETA_510206,312035.860,2624184.200,126.4200,2.7289,6.0000,0.3834,-1
KHAPRETA_510206,312036.860,2624184.200,130.9600,1.9392,1.4600,0.0933,-1
KHAPRETA_510206,312050.860,2624184.200,132.4200,0.0000,0.0000,0.0000,-1
KHAPRETA_510206,312052.860,2624184.200,132.1600,0.0000,0.2600,0.0166,-1
KHAPRETA_510206,312059.860,2624184.200,131.1800,0.0000,1.2400,0.0792,-1
KHAPRETA_510206,312061.860,2624184.200,130.6900,0.4819,1.7300,0.1105,-1
KHAPRETA_510206,312067.860,2624184.200,124.1200,2.7081,8.3000,0.5304,-1
KHAPRETA_510206,312068.860,2624184.200,124.3700,3.9086,8.0500,0.5144,-1
KHAPRETA_510206,312098.860,2624184.200,127.6500,0.0000,4.7700,0.3048,-1
KHAPRETA_510206,312100.860,2624184.200,127.4300,1.4398,4.9900,0.3188,-1
KHAPRETA_510206,312101.860,2624184.200,127.7600,1.5631,4.6600,0.2978,-1
KHAPRETA_510206,312103.860,2624184.200,127.9800,0.8981,4.4400,0.2837,-1
KHAPRETA_510206,312107.860,2624184.200,128.3900,1.0608,4.0300,0.2575,-1
KHAPRETA_510206,312108.860,2624184.200,128.4500,0.6931,3.9700,0.2537,-1
KHAPRETA_510206,312116.860,2624184.200,128.3800,0.6481,4.0400,0.2581,-1
KHAPRETA_510206,312117.860,2624184.200,128.4800,0.6981,3.9400,0.2518,-1
KHAPRETA_510206,312121.860,2624184.200,128.4500,0.0000,3.9700,0.2537,-1
KHAPRETA_510206,312131.860,2624184.200,128.4400,0.0000,3.9800,0.2543,-1
KHAPRETA_510206,312134.860,2624184.200,128.5700,0.0000,3.8500,0.2460,-1
KHAPRETA_510206,312137.860,2624184.200,128.5800,0.0000,3.8400,0.2454,-1
KHAPRETA_510206,312155.860,2624184.200,128.7100,0.7009,3.7100,0.2371,-1
KHAPRETA_510206,312156.860,2624184.200,128.7700,0.5331,3.6500,0.2332,-1
KHAPRETA_510206,312163.860,2624184.200,128.7900,0.4881,3.6300,0.2319,-1
KHAPRETA_510206,312173.860,2624184.200,128.6900,0.0000,3.7300,0.2383,-1
KHAPRETA_510206,312175.860,2624184.200,132.3600,1.2019,0.0600,0.0038,-1
KHAPRETA_510206,312176.860,2624184.200,132.1800,1.4431,0.2400,0.0153,-1
KHAPRETA_510206,312187.860,2624184.200,129.0500,0.3181,3.3700,0.2153,-1
KHAPRETA_510206,312191.860,2624184.200,129.1000,0.3281,3.3200,0.2121,-1
KHAPRETA_510206,312192.860,2624184.200,129.1200,0.3381,3.3000,0.2109,-1
KHAPRETA_510206,312197.860,2624184.200,129.1500,0.4325,3.2700,0.2089,-1
KHAPRETA_510206,312198.860,2624184.200,129.1900,0.3131,3.2300,0.2064,-1
KHAPRETA_510206,312201.860,2624184.200,129.1700,0.0050,3.2500,0.2077,-1
KHAPRETA_510206,312204.860,2624184.200,129.1800,0.2831,3.2400,0.2070,-1
KHAPRETA_510206,312216.860,2624184.200,131.0100,0.0000,1.4100,0.0901,-1
KHAPRETA_510206,312224.860,2624184.200,129.5800,0.0000,2.8400,0.1815,-1
KHAPRETA_510206,312235.860,2624184.200,130.1400,0.0581,2.2800,0.1457,-1
KHAPRETA_510206,312236.860,2624184.200,129.6600,0.2282,2.7600,0.1764,-1
KHAPRETA_510206,312237.860,2624184.200,129.6900,0.0100,2.7300,0.1744,-1
KHAPRETA_510206,312238.860,2624184.200,129.6800,0.0488,2.7400,0.1751,-1
KHAPRETA_510206,312240.860,2624184.200,129.6800,0.0000,2.7400,0.1751,-1
KHAPRETA_510206,312244.860,2624184.200,129.6900,0.0031,2.7300,0.1744,-1
KHAPRETA_510206,312250.860,2624184.200,130.1200,0.0000,2.3000,0.1470,-1
KHAPRETA_510206,312255.860,2624184.200,130.2300,0.0000,2.1900,0.1399,-1
KHAPRETA_510206,312266.860,2624184.200,130.1300,0.1519,2.2900,0.1463,-1
KHAPRETA_510206,312269.860,2624184.200,130.0700,0.0000,2.3500,0.1502,-1
KHAPRETA_510206,312280.860,2624184.200,130.6100,0.0000,1.8100,0.1157,-1
KHAPRETA_510206,312282.860,2624184.200,130.5900,0.4369,1.8300,0.1169,-1
KHAPRETA_510206,312283.860,2624184.200,130.6500,0.0450,1.7700,0.1131,-1
KHAPRETA_510206,312284.860,2624184.200,130.6800,0.4369,1.7400,0.1112,-1
KHAPRETA_510206,312289.860,2624184.200,130.7000,0.0300,1.7200,0.1099,-1
KHAPRETA_510206,312293.860,2624184.200,130.6400,0.4269,1.7800,0.1137,-1
KHAPRETA_510206,312294.860,2624184.200,130.6300,0.0300,1.7900,0.1144,-1
KHAPRETA_510206,312295.860,2624184.200,130.5800,0.4269,1.8400,0.1176,-1
KHAPRETA_510206,312311.860,2624184.200,130.3600,0.3919,2.0600,0.1316,-1
KHAPRETA_510206,312312.860,2624184.200,130.5600,0.2919,1.8600,0.1188,-1
KHAPRETA_510206,312323.860,2624184.200,130.5900,0.3769,1.8300,0.1169,-1
KHAPRETA_510206,312326.860,2624184.200,130.5200,0.5338,1.9000,0.1214,-1
KHAPRETA_510206,312327.860,2624184.200,130.4300,0.4985,1.9900,0.1272,-1
KHAPRETA_510206,312329.860,2624184.200,130.4000,0.1200,2.0200,0.1291,-1
KHAPRETA_510206,312331.860,2624184.200,130.7500,0.2319,1.6700,0.1067,-1
KHAPRETA_510206,312334.860,2624184.200,130.7600,0.0000,1.6600,0.1061,-1
KHAPRETA_510206,312340.860,2624184.200,130.7700,0.4769,1.6500,0.1054,-1
KHAPRETA_510206,312341.860,2624184.200,130.7300,0.0050,1.6900,0.1080,-1
KHAPRETA_510206,312342.860,2624184.200,130.7600,0.6640,1.6600,0.1061,-1
KHAPRETA_510206,312344.860,2624184.200,130.7600,0.0000,1.6600,0.1061,-1
KHAPRETA_510206,312353.860,2624184.200,130.7900,0.4969,1.6300,0.1042,-1
KHAPRETA_510206,312357.860,2624184.200,130.8000,0.0000,1.6200,0.1035,-1
KHAPRETA_510206,312372.860,2624184.200,131.0200,0.6069,1.4000,0.0895,-1
KHAPRETA_510206,312373.860,2624184.200,130.9900,0.6219,1.4300,0.0914,-1
KHAPRETA_510206,312376.860,2624184.200,131.1000,0.5719,1.3200,0.0843,-1
KHAPRETA_510206,312377.860,2624184.200,130.9200,0.5239,1.5000,0.0958,-1
KHAPRETA_510206,312378.860,2624184.200,130.8000,0.5719,1.6200,0.1035,-1
KHAPRETA_510206,312382.860,2624184.200,131.8000,0.0000,0.6200,0.0396,-1
KHAPRETA_510206,312399.860,2624184.200,132.3700,0.0000,0.0500,0.0032,-1
KHAPRETA_510206,312403.860,2624184.200,131.6400,0.0000,0.7800,0.0498,-1
KHAPRETA_510206,312415.860,2624184.200,131.5600,0.9419,0.8600,0.0550,-1
KHAPRETA_510206,312416.860,2624184.200,131.6600,1.3045,0.7600,0.0486,-1
KHAPRETA_510206,312428.860,2624184.200,131.9600,1.0319,0.4600,0.0294,-1
KHAPRETA_510206,312430.860,2624184.200,131.8700,1.4912,0.5500,0.0351,-1
KHAPRETA_510206,312431.860,2624184.200,131.9000,1.0469,0.5200,0.0332,-1
KHAPRETA_510206,312462.860,2624184.200,131.6200,0.0000,0.8000,0.0511,-1
KHAPRETA_510206,312472.860,2624184.200,132.3000,0.0000,0.1200,0.0077,-1
KHAPRETA_510206,312489.860,2624184.200,131.9100,0.0000,0.5100,0.0326,-1
KHAPRETA_510206,312499.860,2624184.200,130.7500,0.0000,1.6700,0.1067,-1
KHAPRETA_510206,312501.860,2624184.200,132.2900,0.0000,0.1300,0.0083,-1
KHAPRETA_510206,312506.860,2624184.200,131.7600,0.9569,0.6600,0.0422,-1
KHAPRETA_510206,312510.860,2624184.200,131.8200,1.0269,0.6000,0.0383,-1
KHAPRETA_510206,312512.860,2624184.200,131.8100,1.0569,0.6100,0.0390,-1
KHAPRETA_510206,312514.860,2624184.200,131.8300,1.4701,0.5900,0.0377,-1
KHAPRETA_510206,312515.860,2624184.200,131.8300,1.4140,0.5900,0.0377,-1
KHAPRETA_510206,312520.860,2624184.200,131.8000,1.4666,0.6200,0.0396,-1
KHAPRETA_510206,312521.860,2624184.200,131.8200,1.4489,0.6000,0.0383,-1
KHAPRETA_510206,312524.860,2624184.200,131.8700,0.0600,0.5500,0.0351,-1
KHAPRETA_510206,312528.860,2624184.200,131.7100,0.9969,0.7100,0.0454,-1
KHAPRETA_510206,312530.860,2624184.200,131.8200,1.4348,0.6000,0.0383,-1
KHAPRETA_510206,312531.860,2624184.200,131.8400,1.0229,0.5800,0.0371,-1
KHAPRETA_510206,312534.860,2624184.200,131.7600,1.0219,0.6600,0.0422,-1
KHAPRETA_510206,312535.860,2624184.200,131.8200,0.9919,0.6000,0.0383,-1
KHAPRETA_510206,312011.860,2624185.200,127.5900,1.3581,4.8300,0.3086,-1
KHAPRETA_510206,312014.860,2624185.200,127.3000,0.0000,5.1200,0.3272,-1
KHAPRETA_510206,312019.860,2624185.200,127.2600,1.2831,5.1600,0.3297,-1
KHAPRETA_510206,312024.860,2624185.200,127.1000,1.2781,5.3200,0.3399,-1
KHAPRETA_510206,312025.860,2624185.200,127.2200,0.0350,5.2000,0.3323,-1
KHAPRETA_510206,312026.860,2624185.200,127.1700,1.3831,5.2500,0.3355,-1
KHAPRETA_510206,312027.860,2624185.200,127.2200,1.3035,5.2000,0.3323,-1
KHAPRETA_510206,312030.860,2624185.200,126.6700,2.1858,5.7500,0.3674,-1
KHAPRETA_510206,312031.860,2624185.200,126.6900,1.5781,5.7300,0.3661,-1
KHAPRETA_510206,312032.860,2624185.200,126.6800,2.2179,5.7400,0.3668,-1
KHAPRETA_510206,312034.860,2624185.200,126.4200,2.2852,6.0000,0.3834,-1
KHAPRETA_510206,312035.860,2624185.200,126.4800,2.3731,5.9400,0.3796,-1
KHAPRETA_510206,312047.860,2624185.200,126.2200,1.0269,6.2000,0.3962,-1
KHAPRETA_510206,312048.860,2624185.200,131.8300,1.7781,0.5900,0.0377,-1
KHAPRETA_510206,312055.860,2624185.200,131.9300,1.2819,0.4900,0.0313,-1
KHAPRETA_510206,312057.860,2624185.200,131.4900,0.0000,0.9300,0.0594,-1
KHAPRETA_510206,312061.860,2624185.200,130.7400,0.4900,1.6800,0.1073,-1
KHAPRETA_510206,312062.860,2624185.200,130.1300,0.4819,2.2900,0.1463,-1
KHAPRETA_510206,312065.860,2624185.200,129.7100,0.1569,2.7100,0.1732,-1
KHAPRETA_510206,312066.860,2624185.200,130.0900,2.5850,2.3300,0.1489,-1
KHAPRETA_510206,312067.860,2624185.200,124.5400,4.0186,7.8800,0.5035,-1
KHAPRETA_510206,312068.860,2624185.200,124.3800,3.7631,8.0400,0.5137,-1
KHAPRETA_510206,312071.860,2624185.200,124.1000,0.0000,8.3200,0.5316,-1
KHAPRETA_510206,312092.860,2624185.200,131.3100,0.0000,1.1100,0.0709,-1
KHAPRETA_510206,312095.860,2624185.200,127.6000,0.0000,4.8200,0.3080,-1
KHAPRETA_510206,312099.860,2624185.200,127.5000,0.0000,4.9200,0.3144,-1
KHAPRETA_510206,312101.860,2624185.200,127.7100,1.0081,4.7100,0.3010,-1
KHAPRETA_510206,312115.860,2624185.200,128.5500,0.6481,3.8700,0.2473,-1
KHAPRETA_510206,312119.860,2624185.200,128.5000,0.0000,3.9200,0.2505,-1
KHAPRETA_510206,312122.860,2624185.200,128.5500,0.0000,3.8700,0.2473,-1
KHAPRETA_510206,312124.860,2624185.200,128.4100,0.0000,4.0100,0.2562,-1
KHAPRETA_510206,312127.860,2624185.200,128.5100,0.0000,3.9100,0.2498,-1
KHAPRETA_510206,312132.860,2624185.200,128.5500,0.0000,3.8700,0.2473,-1
KHAPRETA_510206,312138.860,2624185.200,128.6200,0.0000,3.8000,0.2428,-1
KHAPRETA_510206,312140.860,2624185.200,128.6200,0.0000,3.8000,0.2428,-1
KHAPRETA_510206,312143.860,2624185.200,128.7500,0.4981,3.6700,0.2345,-1
KHAPRETA_510206,312148.860,2624185.200,128.7100,0.4981,3.7100,0.2371,-1
KHAPRETA_510206,312157.860,2624185.200,128.5000,0.4281,3.9200,0.2505,-1
KHAPRETA_510206,312158.860,2624185.200,128.9200,0.8094,3.5000,0.2236,-1
KHAPRETA_510206,312163.860,2624185.200,128.8000,0.4931,3.6200,0.2313,-1
KHAPRETA_510206,312165.860,2624185.200,128.7300,0.0000,3.6900,0.2358,-1
KHAPRETA_510206,312167.860,2624185.200,128.5900,0.5531,3.8300,0.2447,-1
KHAPRETA_510206,312168.860,2624185.200,128.6700,0.8352,3.7500,0.2396,-1
KHAPRETA_510206,312176.860,2624185.200,128.4900,1.2019,3.9300,0.2511,-1
KHAPRETA_510206,312183.860,2624185.200,129.0900,0.0000,3.3300,0.2128,-1
KHAPRETA_510206,312188.860,2624185.200,129.0900,0.4537,3.3300,0.2128,-1
KHAPRETA_510206,312189.860,2624185.200,129.1600,0.4545,3.2600,0.2083,-1
KHAPRETA_510206,312192.860,2624185.200,129.1200,0.3281,3.3000,0.2109,-1
KHAPRETA_510206,312194.860,2624185.200,129.1100,0.0000,3.3100,0.2115,-1
KHAPRETA_510206,312201.860,2624185.200,129.1500,0.0050,3.2700,0.2089,-1
KHAPRETA_510206,312204.860,2624185.200,129.2100,0.0300,3.2100,0.2051,-1
KHAPRETA_510206,312207.860,2624185.200,129.2300,0.0000,3.1900,0.2038,-1
KHAPRETA_510206,312225.860,2624185.200,129.6200,0.0000,2.8000,0.1789,-1
KHAPRETA_510206,312233.860,2624185.200,129.6600,0.0000,2.7600,0.1764,-1
KHAPRETA_510206,312236.860,2624185.200,129.7000,0.0150,2.7200,0.1738,-1
KHAPRETA_510206,312238.860,2624185.200,129.7300,0.0050,2.6900,0.1719,-1
KHAPRETA_510206,312241.860,2624185.200,129.6600,0.0481,2.7600,0.1764,-1
KHAPRETA_510206,312258.860,2624185.200,130.1600,0.0000,2.2600,0.1444,-1
KHAPRETA_510206,312263.860,2624185.200,129.9500,0.0000,2.4700,0.1578,-1
KHAPRETA_510206,312265.860,2624185.200,129.7600,0.1519,2.6600,0.1700,-1
KHAPRETA_510206,312266.860,2624185.200,130.0800,0.1771,2.3400,0.1495,-1
KHAPRETA_510206,312270.860,2624185.200,130.4700,0.0000,1.9500,0.1246,-1
KHAPRETA_510206,312278.860,2624185.200,130.4500,0.0000,1.9700,0.1259,-1
KHAPRETA_510206,312281.860,2624185.200,130.6200,0.0000,1.8000,0.1150,-1
KHAPRETA_510206,312289.860,2624185.200,130.6800,0.6640,1.7400,0.1112,-1
KHAPRETA_510206,312290.860,2624185.200,130.7300,0.4519,1.6900,0.1080,-1
KHAPRETA_510206,312292.860,2624185.200,130.7300,0.0000,1.6900,0.1080,-1
KHAPRETA_510206,312296.860,2624185.200,130.3400,0.3569,2.0800,0.1329,-1
KHAPRETA_510206,312298.860,2624185.200,130.4200,0.3619,2.0000,0.1278,-1
KHAPRETA_510206,312299.860,2624185.200,130.5000,0.3219,1.9200,0.1227,-1
KHAPRETA_510206,312302.860,2624185.200,130.6000,0.0000,1.8200,0.1163,-1
KHAPRETA_510206,312307.860,2624185.200,130.6000,0.3869,1.8200,0.1163,-1
KHAPRETA_510206,312309.860,2624185.200,130.4900,0.3519,1.9300,0.1233,-1
KHAPRETA_510206,312310.860,2624185.200,130.4800,0.5083,1.9400,0.1240,-1
KHAPRETA_510206,312314.860,2624185.200,130.4700,0.0000,1.9500,0.1246,-1
KHAPRETA_510206,312319.860,2624185.200,130.4200,0.2969,2.0000,0.1278,-1
KHAPRETA_510206,312320.860,2624185.200,130.3700,0.3219,2.0500,0.1310,-1
KHAPRETA_510206,312323.860,2624185.200,130.5300,0.5158,1.8900,0.1208,-1
KHAPRETA_510206,312324.860,2624185.200,130.4100,0.5331,2.0100,0.1284,-1
KHAPRETA_510206,312327.860,2624185.200,130.4400,0.4383,1.9800,0.1265,-1
KHAPRETA_510206,312328.860,2624185.200,130.3600,0.1250,2.0600,0.1316,-1
KHAPRETA_510206,312329.860,2624185.200,130.1900,0.4272,2.2300,0.1425,-1
KHAPRETA_510206,312333.860,2624185.200,130.7500,0.0000,1.6700,0.1067,-1
KHAPRETA_510206,312339.860,2624185.200,130.7400,0.0000,1.6800,0.1073,-1
KHAPRETA_510206,312345.860,2624185.200,130.7300,0.0000,1.6900,0.1080,-1
KHAPRETA_510206,312350.860,2624185.200,130.7700,0.7316,1.6500,0.1054,-1
KHAPRETA_510206,312351.860,2624185.200,130.8500,0.7207,1.5700,0.1003,-1
KHAPRETA_510206,312354.860,2624185.200,130.8300,0.4969,1.5900,0.1016,-1
KHAPRETA_510206,312355.860,2624185.200,130.7700,0.5269,1.6500,0.1054,-1
KHAPRETA_510206,312359.860,2624185.200,130.8200,0.8988,1.6000,0.1022,-1
KHAPRETA_510206,312360.860,2624185.200,131.1200,0.5219,1.3000,0.0831,-1
KHAPRETA_510206,312362.860,2624185.200,131.0500,0.0000,1.3700,0.0875,-1
KHAPRETA_510206,312364.860,2624185.200,131.1800,0.0000,1.2400,0.0792,-1
KHAPRETA_510206,312379.860,2624185.200,130.9700,1.3219,1.4500,0.0927,-1
KHAPRETA_510206,312380.860,2624185.200,132.4200,0.5969,0.0000,0.0000,-1
KHAPRETA_510206,312408.860,2624185.200,131.7100,0.9619,0.7100,0.0454,-1
KHAPRETA_510206,312409.860,2624185.200,131.7000,1.3464,0.7200,0.0460,-1
KHAPRETA_510206,312412.860,2624185.200,131.6600,0.9419,0.7600,0.0486,-1
KHAPRETA_510206,312413.860,2624185.200,131.6600,1.3356,0.7600,0.0486,-1
KHAPRETA_510206,312418.860,2624185.200,131.8400,1.4382,0.5800,0.0371,-1
KHAPRETA_510206,312419.860,2624185.200,131.7900,1.0319,0.6300,0.0403,-1
KHAPRETA_510206,312429.860,2624185.200,131.9000,1.0469,0.5200,0.0332,-1
KHAPRETA_510206,312430.860,2624185.200,131.8700,1.0620,0.5500,0.0351,-1
KHAPRETA_510206,312468.860,2624185.200,132.4000,0.0000,0.0200,0.0013,-1
KHAPRETA_510206,312505.860,2624185.200,131.6000,0.0000,0.8200,0.0524,-1
KHAPRETA_510206,312507.860,2624185.200,131.7900,1.0069,0.6300,0.0403,-1
KHAPRETA_510206,312509.860,2624185.200,131.7700,1.0269,0.6500,0.0415,-1
KHAPRETA_510206,312510.860,2624185.200,131.8300,0.9985,0.5900,0.0377,-1
KHAPRETA_510206,312518.860,2624185.200,131.8300,0.0000,0.5900,0.0377,-1
KHAPRETA_510206,312520.860,2624185.200,131.8800,0.0500,0.5400,0.0345,-1
KHAPRETA_510206,312522.860,2624185.200,131.8800,0.0000,0.5400,0.0345,-1
KHAPRETA_510206,312524.860,2624185.200,131.7200,1.1070,0.7000,0.0447,-1
KHAPRETA_510206,312525.860,2624185.200,131.9900,1.4882,0.4300,0.0275,-1
KHAPRETA_510206,312531.860,2624185.200,131.8700,1.0519,0.5500,0.0351,-1
KHAPRETA_510206,312532.860,2624185.200,131.8800,1.4251,0.5400,0.0345,-1
KHAPRETA_510206,312006.860,2624186.200,126.8700,0.0000,5.5500,0.3546,-1
KHAPRETA_510206,312012.860,2624186.200,127.2700,0.0000,5.1500,0.3291,-1
KHAPRETA_510206,312018.860,2624186.200,127.3100,1.2831,5.1100,0.3265,-1
KHAPRETA_510206,312019.860,2624186.200,127.2100,1.2581,5.2100,0.3329,-1
KHAPRETA_510206,312020.860,2624186.200,127.3200,1.8647,5.1000,0.3259,-1
KHAPRETA_510206,312027.860,2624186.200,127.0900,1.2781,5.3300,0.3406,-1
KHAPRETA_510206,312029.860,2624186.200,127.5400,0.0000,4.8800,0.3118,-1
KHAPRETA_510206,312032.860,2624186.200,126.5900,1.5481,5.8300,0.3725,-1
KHAPRETA_510206,312038.860,2624186.200,127.1900,0.0000,5.2300,0.3342,-1
KHAPRETA_510206,312050.860,2624186.200,132.3800,0.0000,0.0400,0.0026,-1
KHAPRETA_510206,312055.860,2624186.200,132.3400,1.0769,0.0800,0.0051,-1
KHAPRETA_510206,312058.860,2624186.200,131.2500,0.6819,1.1700,0.0748,-1
KHAPRETA_510206,312059.860,2624186.200,131.1400,0.7369,1.2800,0.0818,-1
KHAPRETA_510206,312103.860,2624186.200,127.9200,0.0000,4.5000,0.2875,-1
KHAPRETA_510206,312108.860,2624186.200,128.5500,0.0000,3.8700,0.2473,-1
KHAPRETA_510206,312111.860,2624186.200,128.4900,0.6731,3.9300,0.2511,-1
KHAPRETA_510206,312115.860,2624186.200,128.4800,0.8705,3.9400,0.2518,-1
KHAPRETA_510206,312116.860,2624186.200,128.5400,0.6481,3.8800,0.2479,-1
KHAPRETA_510206,312121.860,2624186.200,128.4800,0.0000,3.9400,0.2518,-1
KHAPRETA_510206,312126.860,2624186.200,128.4800,0.0000,3.9400,0.2518,-1
KHAPRETA_510206,312128.860,2624186.200,128.5000,0.6431,3.9200,0.2505,-1
KHAPRETA_510206,312129.860,2624186.200,128.4900,0.6381,3.9300,0.2511,-1
KHAPRETA_510206,312131.860,2624186.200,128.5200,0.0000,3.9000,0.2492,-1
KHAPRETA_510206,312133.860,2624186.200,128.6000,0.0000,3.8200,0.2441,-1
KHAPRETA_510206,312135.860,2624186.200,128.6000,0.5981,3.8200,0.2441,-1
KHAPRETA_510206,312142.860,2624186.200,128.8000,0.7115,3.6200,0.2313,-1
KHAPRETA_510206,312143.860,2624186.200,128.7800,0.7081,3.6400,0.2326,-1
KHAPRETA_510206,312147.860,2624186.200,128.7200,0.4981,3.7000,0.2364,-1
KHAPRETA_510206,312148.860,2624186.200,128.7800,0.7503,3.6400,0.2326,-1
KHAPRETA_510206,312150.860,2624186.200,128.7000,0.0000,3.7200,0.2377,-1
KHAPRETA_510206,312158.860,2624186.200,128.7800,0.0350,3.6400,0.2326,-1
KHAPRETA_510206,312168.860,2624186.200,128.6000,0.0500,3.8200,0.2441,-1
KHAPRETA_510206,312171.860,2624186.200,128.6800,0.0000,3.7400,0.2390,-1
KHAPRETA_510206,312174.860,2624186.200,128.5900,0.0000,3.8300,0.2447,-1
KHAPRETA_510206,312188.860,2624186.200,129.1100,0.2981,3.3100,0.2115,-1
KHAPRETA_510206,312189.860,2624186.200,129.1800,0.3355,3.2400,0.2070,-1
KHAPRETA_510206,312198.860,2624186.200,129.1700,0.3131,3.2500,0.2077,-1
KHAPRETA_510206,312201.860,2624186.200,129.1600,0.3131,3.2600,0.2083,-1
KHAPRETA_510206,312204.860,2624186.200,129.2400,0.2831,3.1800,0.2032,-1
KHAPRETA_510206,312208.860,2624186.200,129.2300,0.0000,3.1900,0.2038,-1
KHAPRETA_510206,312216.860,2624186.200,130.5000,0.0000,1.9200,0.1227,-1
KHAPRETA_510206,312218.860,2624186.200,130.7300,0.3469,1.6900,0.1080,-1
KHAPRETA_510206,312229.860,2624186.200,129.6300,0.0000,2.7900,0.1783,-1
KHAPRETA_510206,312231.860,2624186.200,129.6400,0.0531,2.7800,0.1776,-1
KHAPRETA_510206,312232.860,2624186.200,129.6700,0.0928,2.7500,0.1757,-1
KHAPRETA_510206,312236.860,2624186.200,129.6900,0.0473,2.7300,0.1744,-1
KHAPRETA_510206,312237.860,2624186.200,129.7200,0.0000,2.7000,0.1725,-1
KHAPRETA_510206,312238.860,2624186.200,129.6900,0.0363,2.7300,0.1744,-1
KHAPRETA_510206,312241.860,2624186.200,129.6800,0.0581,2.7400,0.1751,-1
KHAPRETA_510206,312243.860,2624186.200,129.7100,0.0000,2.7100,0.1732,-1
KHAPRETA_510206,312248.860,2624186.200,130.0700,0.0000,2.3500,0.1502,-1
KHAPRETA_510206,312254.860,2624186.200,130.2400,0.0000,2.1800,0.1393,-1
KHAPRETA_510206,312256.860,2624186.200,130.0700,0.0000,2.3500,0.1502,-1
KHAPRETA_510206,312271.860,2624186.200,130.6000,0.2719,1.8200,0.1163,-1
KHAPRETA_510206,312272.860,2624186.200,130.3200,0.4119,2.1000,0.1342,-1
KHAPRETA_510206,312276.860,2624186.200,130.5800,0.4269,1.8400,0.1176,-1
KHAPRETA_510206,312277.860,2624186.200,130.6300,0.4019,1.7900,0.1144,-1
KHAPRETA_510206,312280.860,2624186.200,130.6700,0.0000,1.7500,0.1118,-1
KHAPRETA_510206,312283.860,2624186.200,130.6500,0.0000,1.7700,0.1131,-1
KHAPRETA_510206,312288.860,2624186.200,130.6200,0.0000,1.8000,0.1150,-1
KHAPRETA_510206,312291.860,2624186.200,130.6900,0.4669,1.7300,0.1105,-1
KHAPRETA_510206,312296.860,2624186.200,130.4900,0.1150,1.9300,0.1233,-1
KHAPRETA_510206,312301.860,2624186.200,130.4900,0.0000,1.9300,0.1233,-1
KHAPRETA_510206,312306.860,2624186.200,130.5600,0.3869,1.8600,0.1188,-1
KHAPRETA_510206,312307.860,2624186.200,130.5500,0.5686,1.8700,0.1195,-1
KHAPRETA_510206,312310.860,2624186.200,130.5000,0.4703,1.9200,0.1227,-1
KHAPRETA_510206,312311.860,2624186.200,130.4000,0.3619,2.0200,0.1291,-1
KHAPRETA_510206,312313.860,2624186.200,130.3900,0.0000,2.0300,0.1297,-1
KHAPRETA_510206,312318.860,2624186.200,130.5800,0.0000,1.8400,0.1176,-1
KHAPRETA_510206,312321.860,2624186.200,130.3700,0.2869,2.0500,0.1310,-1
KHAPRETA_510206,312324.860,2624186.200,130.5300,0.0650,1.8900,0.1208,-1
KHAPRETA_510206,312330.860,2624186.200,130.7700,0.0000,1.6500,0.1054,-1
KHAPRETA_510206,312332.860,2624186.200,130.8200,0.0000,1.6000,0.1022,-1
KHAPRETA_510206,312337.860,2624186.200,130.7700,0.4919,1.6500,0.1054,-1
KHAPRETA_510206,312338.860,2624186.200,130.7600,0.4969,1.6600,0.1061,-1
KHAPRETA_510206,312340.860,2624186.200,130.7200,0.4819,1.7000,0.1086,-1
KHAPRETA_510206,312344.860,2624186.200,130.8000,0.4869,1.6200,0.1035,-1
KHAPRETA_510206,312350.860,2624186.200,130.7700,0.7207,1.6500,0.1054,-1
KHAPRETA_510206,312351.860,2624186.200,130.8200,0.0461,1.6000,0.1022,-1
KHAPRETA_510206,312352.860,2624186.200,130.8400,0.0050,1.5800,0.1010,-1
KHAPRETA_510206,312353.860,2624186.200,130.8300,0.5319,1.5900,0.1016,-1
KHAPRETA_510206,312359.860,2624186.200,130.9700,0.5219,1.4500,0.0927,-1
KHAPRETA_510206,312372.860,2624186.200,131.1100,0.7319,1.3100,0.0837,-1
KHAPRETA_510206,312374.860,2624186.200,131.0200,0.0000,1.4000,0.0895,-1
KHAPRETA_510206,312376.860,2624186.200,131.0600,0.6769,1.3600,0.0869,-1
KHAPRETA_510206,312396.860,2624186.200,132.3500,0.0000,0.0700,0.0045,-1
KHAPRETA_510206,312405.860,2624186.200,131.6000,0.0000,0.8200,0.0524,-1
KHAPRETA_510206,312409.860,2624186.200,131.6500,0.9619,0.7700,0.0492,-1
KHAPRETA_510206,312413.860,2624186.200,131.6700,0.0000,0.7500,0.0479,-1
KHAPRETA_510206,312416.860,2624186.200,131.7800,0.0000,0.6400,0.0409,-1
KHAPRETA_510206,312418.860,2624186.200,131.8300,1.0319,0.5900,0.0377,-1
KHAPRETA_510206,312422.860,2624186.200,131.8000,0.9919,0.6200,0.0396,-1
KHAPRETA_510206,312423.860,2624186.200,131.7600,1.0119,0.6600,0.0422,-1
KHAPRETA_510206,312426.860,2624186.200,131.9300,1.0119,0.4900,0.0313,-1
KHAPRETA_510206,312430.860,2624186.200,131.8900,1.0469,0.5300,0.0339,-1
KHAPRETA_510206,312462.860,2624186.200,131.9600,0.0000,0.4600,0.0294,-1
KHAPRETA_510206,312467.860,2624186.200,132.2800,0.0000,0.1400,0.0089,-1
KHAPRETA_510206,312487.860,2624186.200,131.9800,0.0000,0.4400,0.0281,-1
KHAPRETA_510206,312490.860,2624186.200,132.3200,1.0919,0.1000,0.0064,-1
KHAPRETA_510206,312500.860,2624186.200,131.0600,1.1569,1.3600,0.0869,-1
KHAPRETA_510206,312501.860,2624186.200,132.0900,1.3100,0.3300,0.0211,-1
KHAPRETA_510206,312507.860,2624186.200,131.7900,1.0069,0.6300,0.0403,-1
KHAPRETA_510206,312510.860,2624186.200,131.7100,1.4243,0.7100,0.0454,-1
KHAPRETA_510206,312511.860,2624186.200,131.7500,0.9669,0.6700,0.0428,-1
KHAPRETA_510206,312513.860,2624186.200,131.7800,0.9869,0.6400,0.0409,-1
KHAPRETA_510206,312515.860,2624186.200,131.7200,0.0000,0.7000,0.0447,-1
KHAPRETA_510206,312519.860,2624186.200,131.8800,1.4948,0.5400,0.0345,-1
KHAPRETA_510206,312520.860,2624186.200,131.9000,1.0521,0.5200,0.0332,-1
KHAPRETA_510206,312521.860,2624186.200,131.8400,1.5268,0.5800,0.0371,-1
KHAPRETA_510206,312524.860,2624186.200,131.9000,1.4882,0.5200,0.0332,-1
KHAPRETA_510206,312525.860,2624186.200,132.0300,1.5340,0.3900,0.0249,-1
KHAPRETA_510206,312527.860,2624186.200,131.8300,1.0569,0.5900,0.0377,-1
KHAPRETA_510206,312530.860,2624186.200,131.7900,1.0319,0.6300,0.0403,-1
KHAPRETA_510206,312531.860,2624186.200,131.8400,1.0477,0.5800,0.0371,-1
KHAPRETA_510206,312532.860,2624186.200,131.7100,1.0534,0.7100,0.0454,-1
KHAPRETA_510206,312533.860,2624186.200,131.7300,1.0169,0.6900,0.0441,-1
KHAPRETA_510206,312534.860,2624186.200,131.7200,0.9769,0.7000,0.0447,-1
KHAPRETA_510206,312010.860,2624187.200,127.2700,0.0000,5.1500,0.3291,-1
KHAPRETA_510206,312017.860,2624187.200,127.1400,1.1381,5.2800,0.3374,-1
KHAPRETA_510206,312020.860,2624187.200,127.0700,0.0500,5.3500,0.3419,-1
KHAPRETA_510206,312022.860,2624187.200,127.0100,0.0000,5.4100,0.3457,-1
KHAPRETA_510206,312031.860,2624187.200,126.8400,0.0000,5.5800,0.3565,-1
KHAPRETA_510206,312033.860,2624187.200,126.5900,2.1718,5.8300,0.3725,-1
KHAPRETA_510206,312034.860,2624187.200,126.6700,1.5931,5.7500,0.3674,-1
KHAPRETA_510206,312040.860,2624187.200,126.8000,1.4531,5.6200,0.3591,-1
KHAPRETA_510206,312042.860,2624187.200,126.8700,1.4557,5.5500,0.3546,-1
KHAPRETA_510206,312043.860,2624187.200,129.0000,1.9440,3.4200,0.2185,-1
KHAPRETA_510206,312044.860,2624187.200,129.3600,0.3881,3.0600,0.1955,-1
KHAPRETA_510206,312052.860,2624187.200,132.1200,0.0000,0.3000,0.0192,-1
KHAPRETA_510206,312057.860,2624187.200,131.4200,0.3269,1.0000,0.0639,-1
KHAPRETA_510206,312060.860,2624187.200,130.8000,0.0000,1.6200,0.1035,-1
KHAPRETA_510206,312065.860,2624187.200,130.8200,0.0000,1.6000,0.1022,-1
KHAPRETA_510206,312070.860,2624187.200,124.3400,2.6381,8.0800,0.5163,-1
KHAPRETA_510206,312071.860,2624187.200,124.5000,0.1600,7.9200,0.5061,-1
KHAPRETA_510206,312072.860,2624187.200,124.6600,0.1000,7.7600,0.4958,-1
KHAPRETA_510206,312073.860,2624187.200,124.7000,2.5445,7.7200,0.4933,-1
KHAPRETA_510206,312074.860,2624187.200,124.0000,3.5964,8.4200,0.5380,-1
KHAPRETA_510206,312078.860,2624187.200,123.7000,0.0000,8.7200,0.5572,-1
KHAPRETA_510206,312088.860,2624187.200,124.0400,0.0000,8.3800,0.5355,-1
KHAPRETA_510206,312091.860,2624187.200,124.8200,0.0000,7.6000,0.4856,-1
KHAPRETA_510206,312100.860,2624187.200,127.7900,0.0000,4.6300,0.2958,-1
KHAPRETA_510206,312105.860,2624187.200,128.5800,0.0000,3.8400,0.2454,-1
KHAPRETA_510206,312111.860,2624187.200,128.4300,0.9165,3.9900,0.2550,-1
KHAPRETA_510206,312112.860,2624187.200,128.4700,0.9483,3.9500,0.2524,-1
KHAPRETA_510206,312135.860,2624187.200,128.5800,0.5831,3.8400,0.2454,-1
KHAPRETA_510206,312136.860,2624187.200,128.6100,0.5981,3.8100,0.2435,-1
KHAPRETA_510206,312139.860,2624187.200,128.6800,0.5281,3.7400,0.2390,-1
KHAPRETA_510206,312142.860,2624187.200,128.7600,0.4881,3.6600,0.2339,-1
KHAPRETA_510206,312145.860,2624187.200,128.7900,0.0000,3.6300,0.2319,-1
KHAPRETA_510206,312155.860,2624187.200,128.6800,0.0000,3.7400,0.2390,-1
KHAPRETA_510206,312158.860,2624187.200,128.8500,0.4981,3.5700,0.2281,-1
KHAPRETA_510206,312161.860,2624187.200,128.9400,0.4531,3.4800,0.2224,-1
KHAPRETA_510206,312162.860,2624187.200,128.8700,0.3976,3.5500,0.2268,-1
KHAPRETA_510206,312163.860,2624187.200,129.0600,0.3523,3.3600,0.2147,-1
KHAPRETA_510206,312164.860,2624187.200,129.0300,0.5171,3.3900,0.2166,-1
KHAPRETA_510206,312166.860,2624187.200,128.7200,0.3681,3.7000,0.2364,-1
KHAPRETA_510206,312168.860,2624187.200,128.5700,0.5489,3.8500,0.2460,-1
KHAPRETA_510206,312169.860,2624187.200,128.6800,0.7821,3.7400,0.2390,-1
KHAPRETA_510206,312176.860,2624187.200,128.5000,0.0000,3.9200,0.2505,-1
KHAPRETA_510206,312178.860,2624187.200,128.6200,0.0000,3.8000,0.2428,-1
KHAPRETA_510206,312180.860,2624187.200,131.7100,0.8569,0.7100,0.0454,-1
KHAPRETA_510206,312184.860,2624187.200,129.0800,0.0000,3.3400,0.2134,-1
KHAPRETA_510206,312188.860,2624187.200,129.0900,0.4817,3.3300,0.2128,-1
KHAPRETA_510206,312189.860,2624187.200,129.0800,0.4545,3.3400,0.2134,-1
KHAPRETA_510206,312196.860,2624187.200,129.1000,0.0000,3.3200,0.2121,-1
KHAPRETA_510206,312198.860,2624187.200,129.1500,0.3031,3.2700,0.2089,-1
KHAPRETA_510206,312200.860,2624187.200,129.1500,0.0000,3.2700,0.2089,-1
KHAPRETA_510206,312203.860,2624187.200,129.2600,0.0000,3.1600,0.2019,-1
KHAPRETA_510206,312210.860,2624187.200,129.2900,0.2431,3.1300,0.2000,-1
KHAPRETA_510206,312213.860,2624187.200,129.5900,0.0000,2.8300,0.1808,-1
KHAPRETA_510206,312215.860,2624187.200,131.1300,0.1119,1.2900,0.0824,-1
KHAPRETA_510206,312217.860,2624187.200,130.6800,0.3470,1.7400,0.1112,-1
KHAPRETA_510206,312218.860,2624187.200,130.4700,0.7167,1.9500,0.1246,-1
KHAPRETA_510206,312219.860,2624187.200,129.6100,0.4600,2.8100,0.1796,-1
KHAPRETA_510206,312220.860,2624187.200,129.5500,0.0831,2.8700,0.1834,-1
KHAPRETA_510206,312224.860,2624187.200,129.5800,0.0000,2.8400,0.1815,-1
KHAPRETA_510206,312232.860,2624187.200,129.6500,0.0531,2.7700,0.1770,-1
KHAPRETA_510206,312239.860,2624187.200,129.7500,0.0000,2.6700,0.1706,-1
KHAPRETA_510206,312242.860,2624187.200,129.6900,0.0431,2.7300,0.1744,-1
KHAPRETA_510206,312247.860,2624187.200,130.0300,0.0000,2.3900,0.1527,-1
KHAPRETA_510206,312255.860,2624187.200,130.1400,0.0000,2.2800,0.1457,-1
KHAPRETA_510206,312263.860,2624187.200,130.3100,0.0000,2.1100,0.1348,-1
KHAPRETA_510206,312268.860,2624187.200,130.5600,0.3669,1.8600,0.1188,-1
KHAPRETA_510206,312269.860,2624187.200,130.5100,0.5722,1.9100,0.1220,-1
KHAPRETA_510206,312274.860,2624187.200,130.5500,0.4119,1.8700,0.1195,-1
KHAPRETA_510206,312275.860,2624187.200,130.6000,0.6064,1.8200,0.1163,-1
KHAPRETA_510206,312282.860,2624187.200,130.6100,0.0000,1.8100,0.1157,-1
KHAPRETA_510206,312286.860,2624187.200,130.6800,0.0000,1.7400,0.1112,-1
KHAPRETA_510206,312290.860,2624187.200,130.7200,0.4669,1.7000,0.1086,-1
KHAPRETA_510206,312291.860,2624187.200,130.7100,0.6569,1.7100,0.1093,-1
KHAPRETA_510206,312296.860,2624187.200,130.5700,0.3569,1.8500,0.1182,-1
KHAPRETA_510206,312304.860,2624187.200,130.5500,0.0000,1.8700,0.1195,-1
KHAPRETA_510206,312308.860,2624187.200,130.6000,0.0000,1.8200,0.1163,-1
KHAPRETA_510206,312321.860,2624187.200,130.3500,0.3167,2.0700,0.1323,-1
KHAPRETA_510206,312322.860,2624187.200,130.4000,0.2869,2.0200,0.1291,-1
KHAPRETA_510206,312324.860,2624187.200,130.5400,0.3769,1.8800,0.1201,-1
KHAPRETA_510206,312326.860,2624187.200,130.1600,0.0000,2.2600,0.1444,-1
KHAPRETA_510206,312329.860,2624187.200,130.7600,0.0000,1.6600,0.1061,-1
KHAPRETA_510206,312340.860,2624187.200,130.7400,0.4719,1.6800,0.1073,-1
KHAPRETA_510206,312342.860,2624187.200,130.7800,0.7064,1.6400,0.1048,-1
KHAPRETA_510206,312343.860,2624187.200,130.7600,0.0150,1.6600,0.1061,-1
KHAPRETA_510206,312344.860,2624187.200,130.7500,0.5120,1.6700,0.1067,-1
KHAPRETA_510206,312345.860,2624187.200,130.7700,0.4869,1.6500,0.1054,-1
KHAPRETA_510206,312351.860,2624187.200,130.7900,0.5219,1.6300,0.1042,-1
KHAPRETA_510206,312355.860,2624187.200,130.8400,0.5219,1.5800,0.1010,-1
KHAPRETA_510206,312361.860,2624187.200,130.9900,0.0000,1.4300,0.0914,-1
KHAPRETA_510206,312366.860,2624187.200,131.0900,0.7019,1.3300,0.0850,-1
KHAPRETA_510206,312367.860,2624187.200,131.1800,0.6569,1.2400,0.0792,-1
KHAPRETA_510206,312369.860,2624187.200,131.2400,0.0000,1.1800,0.0754,-1
KHAPRETA_510206,312372.860,2624187.200,131.2400,0.6669,1.1800,0.0754,-1
KHAPRETA_510206,312376.860,2624187.200,131.1300,0.6419,1.2900,0.0824,-1
KHAPRETA_510206,312378.860,2624187.200,131.0000,0.7469,1.4200,0.0907,-1
KHAPRETA_510206,312379.860,2624187.200,131.2700,0.6119,1.1500,0.0735,-1
KHAPRETA_510206,312394.860,2624187.200,132.2900,1.5392,0.1300,0.0083,-1
KHAPRETA_510206,312395.860,2624187.200,132.1300,1.5355,0.2900,0.0185,-1
KHAPRETA_510206,312408.860,2624187.200,131.7000,0.0000,0.7200,0.0460,-1
KHAPRETA_510206,312413.860,2624187.200,131.6600,0.0350,0.7600,0.0486,-1
KHAPRETA_510206,312425.860,2624187.200,131.8000,1.0119,0.6200,0.0396,-1
KHAPRETA_510206,312426.860,2624187.200,131.8000,1.0122,0.6200,0.0396,-1
KHAPRETA_510206,312464.860,2624187.200,132.0100,0.0000,0.4100,0.0262,-1
KHAPRETA_510206,312485.860,2624187.200,132.0000,0.0000,0.4200,0.0268,-1
KHAPRETA_510206,312490.860,2624187.200,131.9600,1.1830,0.4600,0.0294,-1
KHAPRETA_510206,312491.860,2624187.200,132.1300,1.0919,0.2900,0.0185,-1
KHAPRETA_510206,312499.860,2624187.200,130.9700,0.0000,1.4500,0.0927,-1
KHAPRETA_510206,312501.860,2624187.200,132.0600,0.1950,0.3600,0.0230,-1
KHAPRETA_510206,312513.860,2624187.200,131.7500,0.0200,0.6700,0.0428,-1
KHAPRETA_510206,312516.860,2624187.200,131.8900,0.0000,0.5300,0.0339,-1
KHAPRETA_510206,312519.860,2624187.200,131.8800,0.0000,0.5400,0.0345,-1
KHAPRETA_510206,312521.860,2624187.200,131.9700,1.0319,0.4500,0.0288,-1
KHAPRETA_510206,312527.860,2624187.200,131.8900,1.0925,0.5300,0.0339,-1
KHAPRETA_510206,312528.860,2624187.200,131.9600,1.0569,0.4600,0.0294,-1
KHAPRETA_510206,312533.860,2624187.200,131.8100,0.9769,0.6100,0.0390,-1
KHAPRETA_510206,312535.860,2624187.200,131.8000,0.0000,0.6200,0.0396,-1
KHAPRETA_510206,312537.860,2624187.200,131.7800,1.0369,0.6400,0.0409,-1
KHAPRETA_510206,312009.860,2624188.200,127.2100,0.0000,5.2100,0.3329,-1
KHAPRETA_510206,312013.860,2624188.200,126.9900,1.2531,5.4300,0.3470,-1
KHAPRETA_510206,312017.860,2624188.200,127.5000,1.3002,4.9200,0.3144,-1
KHAPRETA_510206,312018.860,2624188.200,127.1800,1.6927,5.2400,0.3348,-1
KHAPRETA_510206,312020.860,2624188.200,127.4200,1.8578,5.0000,0.3195,-1
KHAPRETA_510206,312021.860,2624188.200,127.2300,1.7455,5.1900,0.3316,-1
KHAPRETA_510206,312023.860,2624188.200,127.0900,0.0000,5.3300,0.3406,-1
KHAPRETA_510206,312029.860,2624188.200,126.9700,1.8817,5.4500,0.3482,-1
KHAPRETA_510206,312030.860,2624188.200,127.1300,1.9319,5.2900,0.3380,-1
KHAPRETA_510206,312032.860,2624188.200,126.8600,1.5181,5.5600,0.3553,-1
KHAPRETA_510206,312033.860,2624188.200,126.7400,1.4600,5.6800,0.3629,-1
KHAPRETA_510206,312035.860,2624188.200,126.5200,0.0000,5.9000,0.3770,-1
KHAPRETA_510206,312040.860,2624188.200,126.8700,0.0150,5.5500,0.3546,-1
KHAPRETA_510206,312042.860,2624188.200,126.9700,1.4934,5.4500,0.3482,-1
KHAPRETA_510206,312043.860,2624188.200,126.7900,1.4557,5.6300,0.3597,-1
KHAPRETA_510206,312051.860,2624188.200,132.3100,0.0000,0.1100,0.0070,-1
KHAPRETA_510206,312057.860,2624188.200,130.4300,0.8219,1.9900,0.1272,-1
KHAPRETA_510206,312059.860,2624188.200,129.7400,0.0000,2.6800,0.1712,-1
KHAPRETA_510206,312064.860,2624188.200,129.6100,0.0000,2.8100,0.1796,-1
KHAPRETA_510206,312073.860,2624188.200,124.7300,3.5964,7.6900,0.4914,-1
KHAPRETA_510206,312074.860,2624188.200,124.6800,3.8349,7.7400,0.4946,-1
KHAPRETA_510206,312076.860,2624188.200,124.0100,2.5631,8.4100,0.5374,-1
KHAPRETA_510206,312079.860,2624188.200,123.0500,0.0000,9.3700,0.5987,-1
KHAPRETA_510206,312099.860,2624188.200,128.0600,0.0000,4.3600,0.2786,-1
KHAPRETA_510206,312106.860,2624188.200,128.4800,0.0000,3.9400,0.2518,-1
KHAPRETA_510206,312112.860,2624188.200,128.4400,0.0100,3.9800,0.2543,-1
KHAPRETA_510206,312117.860,2624188.200,128.4300,0.0000,3.9900,0.2550,-1
KHAPRETA_510206,312119.860,2624188.200,128.4700,0.0000,3.9500,0.2524,-1
KHAPRETA_510206,312123.860,2624188.200,128.6000,0.0000,3.8200,0.2441,-1
KHAPRETA_510206,312135.860,2624188.200,128.6000,0.5981,3.8200,0.2441,-1
KHAPRETA_510206,312137.860,2624188.200,128.5900,0.0000,3.8300,0.2447,-1
KHAPRETA_510206,312139.860,2624188.200,128.7200,0.0200,3.7000,0.2364,-1
KHAPRETA_510206,312150.860,2624188.200,128.5500,0.0000,3.8700,0.2473,-1
KHAPRETA_510206,312153.860,2624188.200,128.8900,0.4481,3.5300,0.2256,-1
KHAPRETA_510206,312154.860,2624188.200,128.8800,0.4431,3.5400,0.2262,-1
KHAPRETA_510206,312162.860,2624188.200,128.9900,0.5683,3.4300,0.2192,-1
KHAPRETA_510206,312163.860,2624188.200,129.0900,0.3586,3.3300,0.2128,-1
KHAPRETA_510206,312164.860,2624188.200,129.0300,0.5068,3.3900,0.2166,-1
KHAPRETA_510206,312166.860,2624188.200,129.0400,0.1400,3.3800,0.2160,-1
KHAPRETA_510206,312168.860,2624188.200,128.6600,0.7821,3.7600,0.2403,-1
KHAPRETA_510206,312169.860,2624188.200,128.7800,0.5483,3.6400,0.2326,-1
KHAPRETA_510206,312170.860,2624188.200,128.6300,0.4775,3.7900,0.2422,-1
KHAPRETA_510206,312171.860,2624188.200,128.6500,0.5731,3.7700,0.2409,-1
KHAPRETA_510206,312179.860,2624188.200,128.5800,0.8569,3.8400,0.2454,-1
KHAPRETA_510206,312180.860,2624188.200,131.4900,1.0081,0.9300,0.0594,-1
KHAPRETA_510206,312181.860,2624188.200,129.1500,0.9041,3.2700,0.2089,-1
KHAPRETA_510206,312183.860,2624188.200,129.1200,0.0000,3.3000,0.2109,-1
KHAPRETA_510206,312191.860,2624188.200,129.1200,0.0000,3.3000,0.2109,-1
KHAPRETA_510206,312194.860,2624188.200,129.1400,0.0000,3.2800,0.2096,-1
KHAPRETA_510206,312199.860,2624188.200,129.2200,0.0000,3.2000,0.2045,-1
KHAPRETA_510206,312202.860,2624188.200,129.2200,0.0000,3.2000,0.2045,-1
KHAPRETA_510206,312209.860,2624188.200,129.2700,0.2431,3.1500,0.2013,-1
KHAPRETA_510206,312210.860,2624188.200,129.2900,0.2435,3.1300,0.2000,-1
KHAPRETA_510206,312211.860,2624188.200,129.3000,0.2431,3.1200,0.1994,-1
KHAPRETA_510206,312214.860,2624188.200,129.6700,0.1119,2.7500,0.1757,-1
KHAPRETA_510206,312215.860,2624188.200,130.0000,0.6790,2.4200,0.1546,-1
KHAPRETA_510206,312217.860,2624188.200,129.7600,0.4519,2.6600,0.1700,-1
KHAPRETA_510206,312225.860,2624188.200,129.6100,0.0781,2.8100,0.1796,-1
KHAPRETA_510206,312226.860,2624188.200,129.6200,0.1247,2.8000,0.1789,-1
KHAPRETA_510206,312234.860,2624188.200,129.6900,0.0000,2.7300,0.1744,-1
KHAPRETA_510206,312238.860,2624188.200,129.7400,0.0000,2.6800,0.1712,-1
KHAPRETA_510206,312242.860,2624188.200,129.6900,0.0431,2.7300,0.1744,-1
KHAPRETA_510206,312249.860,2624188.200,130.1100,0.0000,2.3100,0.1476,-1
KHAPRETA_510206,312251.860,2624188.200,130.0800,0.0000,2.3400,0.1495,-1
KHAPRETA_510206,312259.860,2624188.200,130.1400,0.1769,2.2800,0.1457,-1
KHAPRETA_510206,312262.860,2624188.200,129.9500,0.0000,2.4700,0.1578,-1
KHAPRETA_510206,312266.860,2624188.200,130.5800,0.0000,1.8400,0.1176,-1
KHAPRETA_510206,312269.860,2624188.200,130.6100,0.3669,1.8100,0.1157,-1
KHAPRETA_510206,312272.860,2624188.200,130.6500,0.4169,1.7700,0.1131,-1
KHAPRETA_510206,312273.860,2624188.200,130.6100,0.6322,1.8100,0.1157,-1
KHAPRETA_510206,312275.860,2624188.200,130.7100,0.0100,1.7100,0.1093,-1
KHAPRETA_510206,312281.860,2624188.200,130.6900,0.0000,1.7300,0.1105,-1
KHAPRETA_510206,312292.860,2624188.200,130.7100,0.0000,1.7100,0.1093,-1
KHAPRETA_510206,312294.860,2624188.200,130.7700,0.5019,1.6500,0.1054,-1
KHAPRETA_510206,312297.860,2624188.200,130.5700,0.0000,1.8500,0.1182,-1
KHAPRETA_510206,312302.860,2624188.200,130.4600,0.3819,1.9600,0.1252,-1
KHAPRETA_510206,312303.860,2624188.200,130.5400,0.3419,1.8800,0.1201,-1
KHAPRETA_510206,312307.860,2624188.200,130.5600,0.4119,1.8600,0.1188,-1
KHAPRETA_510206,312313.860,2624188.200,130.3800,0.0000,2.0400,0.1304,-1
KHAPRETA_510206,312321.860,2624188.200,130.4800,0.2869,1.9400,0.1240,-1
KHAPRETA_510206,312323.860,2624188.200,130.4700,0.0000,1.9500,0.1246,-1
KHAPRETA_510206,312336.860,2624188.200,130.7800,0.0000,1.6400,0.1048,-1
KHAPRETA_510206,312338.860,2624188.200,130.8100,0.4919,1.6100,0.1029,-1
KHAPRETA_510206,312339.860,2624188.200,130.7600,0.7382,1.6600,0.1061,-1
KHAPRETA_510206,312342.860,2624188.200,130.7900,0.5019,1.6300,0.1042,-1
KHAPRETA_510206,312349.860,2624188.200,130.7900,0.0000,1.6300,0.1042,-1
KHAPRETA_510206,312352.860,2624188.200,130.7900,0.0000,1.6300,0.1042,-1
KHAPRETA_510206,312354.860,2624188.200,130.8700,0.5219,1.5500,0.0990,-1
KHAPRETA_510206,312355.860,2624188.200,130.8200,0.0150,1.6000,0.1022,-1
KHAPRETA_510206,312356.860,2624188.200,130.8400,0.0150,1.5800,0.1010,-1
KHAPRETA_510206,312357.860,2624188.200,130.7900,0.5319,1.6300,0.1042,-1
KHAPRETA_510206,312360.860,2624188.200,131.0300,0.0000,1.3900,0.0888,-1
KHAPRETA_510206,312394.860,2624188.200,131.7600,1.5355,0.6600,0.0422,-1
KHAPRETA_510206,312395.860,2624188.200,131.5400,1.5392,0.8800,0.0562,-1
KHAPRETA_510206,312397.860,2624188.200,131.6900,0.0000,0.7300,0.0466,-1
KHAPRETA_510206,312401.860,2624188.200,131.6700,0.9919,0.7500,0.0479,-1
KHAPRETA_510206,312402.860,2624188.200,131.7600,1.3427,0.6600,0.0422,-1
KHAPRETA_510206,312410.860,2624188.200,131.6600,0.9369,0.7600,0.0486,-1
KHAPRETA_510206,312411.860,2624188.200,131.6500,0.9726,0.7700,0.0492,-1
KHAPRETA_510206,312412.860,2624188.200,131.7300,0.0450,0.6900,0.0441,-1
KHAPRETA_510206,312413.860,2624188.200,131.7400,1.3571,0.6800,0.0435,-1
KHAPRETA_510206,312415.860,2624188.200,131.7400,0.9219,0.6800,0.0435,-1
KHAPRETA_510206,312417.860,2624188.200,131.6500,0.0000,0.7700,0.0492,-1
KHAPRETA_510206,312421.860,2624188.200,131.9100,1.0719,0.5100,0.0326,-1
KHAPRETA_510206,312426.860,2624188.200,131.8800,1.0119,0.5400,0.0345,-1
KHAPRETA_510206,312429.860,2624188.200,132.1300,0.0000,0.2900,0.0185,-1
KHAPRETA_510206,312490.860,2624188.200,132.0800,0.0950,0.3400,0.0217,-1
KHAPRETA_510206,312500.860,2624188.200,131.2900,1.0992,1.1300,0.0722,-1
KHAPRETA_510206,312501.860,2624188.200,131.7000,1.3700,0.7200,0.0460,-1
KHAPRETA_510206,312504.860,2624188.200,131.7300,0.0000,0.6900,0.0441,-1
KHAPRETA_510206,312512.860,2624188.200,131.8200,1.0219,0.6000,0.0383,-1
KHAPRETA_510206,312513.860,2624188.200,131.8200,0.1070,0.6000,0.0383,-1
KHAPRETA_510206,312514.860,2624188.200,131.6500,0.0600,0.7700,0.0492,-1
KHAPRETA_510206,312515.860,2624188.200,131.7000,0.9369,0.7200,0.0460,-1
KHAPRETA_510206,312518.860,2624188.200,131.9300,1.0519,0.4900,0.0313,-1
KHAPRETA_510206,312519.860,2624188.200,131.8800,1.5054,0.5400,0.0345,-1
KHAPRETA_510206,312522.860,2624188.200,131.9100,0.0000,0.5100,0.0326,-1
KHAPRETA_510206,312527.860,2624188.200,131.9000,1.0569,0.5200,0.0332,-1
KHAPRETA_510206,312537.860,2624188.200,131.8500,0.0000,0.5700,0.0364,-1
KHAPRETA_510206,312010.860,2624189.200,127.1700,1.2581,5.2500,0.3355,-1
KHAPRETA_510206,312011.860,2624189.200,127.2600,1.2981,5.1600,0.3297,-1
KHAPRETA_510206,312012.860,2624189.200,127.1800,1.1331,5.2400,0.3348,-1
KHAPRETA_510206,312013.860,2624189.200,127.2700,0.0743,5.1500,0.3291,-1
KHAPRETA_510206,312014.860,2624189.200,127.2800,0.0500,5.1400,0.3284,-1
KHAPRETA_510206,312015.860,2624189.200,127.1700,1.7370,5.2500,0.3355,-1
KHAPRETA_510206,312017.860,2624189.200,127.2900,1.6927,5.1300,0.3278,-1
KHAPRETA_510206,312018.860,2624189.200,127.2700,1.7973,5.1500,0.3291,-1
KHAPRETA_510206,312021.860,2624189.200,127.2000,1.3199,5.2200,0.3335,-1
KHAPRETA_510206,312022.860,2624189.200,127.1400,1.2881,5.2800,0.3374,-1
KHAPRETA_510206,312028.860,2624189.200,127.3100,1.3381,5.1100,0.3265,-1
KHAPRETA_510206,312029.860,2624189.200,127.1000,1.4063,5.3200,0.3399,-1
KHAPRETA_510206,312030.860,2624189.200,127.1200,1.3396,5.3000,0.3387,-1
KHAPRETA_510206,312033.860,2624189.200,126.7400,0.1300,5.6800,0.3629,-1
KHAPRETA_510206,312036.860,2624189.200,126.5700,0.0000,5.8500,0.3738,-1
KHAPRETA_510206,312039.860,2624189.200,126.9400,2.0172,5.4800,0.3502,-1
KHAPRETA_510206,312040.860,2624189.200,126.8300,1.4538,5.5900,0.3572,-1
KHAPRETA_510206,312041.860,2624189.200,126.8500,1.4489,5.5700,0.3559,-1
KHAPRETA_510206,312042.860,2624189.200,126.9300,2.0271,5.4900,0.3508,-1
KHAPRETA_510206,312047.860,2624189.200,127.0700,0.0000,5.3500,0.3419,-1
KHAPRETA_510206,312050.860,2624189.200,127.0600,1.3681,5.3600,0.3425,-1
KHAPRETA_510206,312052.860,2624189.200,129.9600,0.0000,2.4600,0.1572,-1
KHAPRETA_510206,312058.860,2624189.200,131.0500,0.0000,1.3700,0.0875,-1
KHAPRETA_510206,312065.860,2624189.200,130.3700,0.0000,2.0500,0.1310,-1
KHAPRETA_510206,312070.860,2624189.200,128.7700,0.8381,3.6500,0.2332,-1
KHAPRETA_510206,312071.860,2624189.200,128.1000,0.3150,4.3200,0.2760,-1
KHAPRETA_510206,312072.860,2624189.200,128.1400,0.8381,4.2800,0.2735,-1
KHAPRETA_510206,312075.860,2624189.200,124.7400,3.5860,7.6800,0.4907,-1
KHAPRETA_510206,312076.860,2624189.200,124.6500,2.9073,7.7700,0.4965,-1
KHAPRETA_510206,312077.860,2624189.200,123.9900,3.6106,8.4300,0.5387,-1
KHAPRETA_510206,312098.860,2624189.200,132.0100,0.0000,0.4100,0.0262,-1
KHAPRETA_510206,312100.860,2624189.200,131.4700,0.0000,0.9500,0.0607,-1
KHAPRETA_510206,312102.860,2624189.200,127.7400,0.0000,4.6800,0.2990,-1
KHAPRETA_510206,312104.860,2624189.200,127.9100,0.7631,4.5100,0.2882,-1
KHAPRETA_510206,312105.860,2624189.200,128.2500,0.9331,4.1700,0.2665,-1
KHAPRETA_510206,312110.860,2624189.200,128.5000,0.0000,3.9200,0.2505,-1
KHAPRETA_510206,312112.860,2624189.200,128.4900,0.6681,3.9300,0.2511,-1
KHAPRETA_510206,312132.860,2624189.200,128.5600,0.0000,3.8600,0.2466,-1
KHAPRETA_510206,312139.860,2624189.200,128.6400,0.7611,3.7800,0.2415,-1
KHAPRETA_510206,312140.860,2624189.200,128.6800,0.5681,3.7400,0.2390,-1
KHAPRETA_510206,312146.860,2624189.200,128.5400,0.9851,3.8800,0.2479,-1
KHAPRETA_510206,312147.860,2624189.200,128.4600,0.7969,3.9600,0.2530,-1
KHAPRETA_510206,312161.860,2624189.200,128.9300,0.0000,3.4900,0.2230,-1
KHAPRETA_510206,312166.860,2624189.200,129.0000,0.3681,3.4200,0.2185,-1
KHAPRETA_510206,312170.860,2624189.200,128.8300,0.5731,3.5900,0.2294,-1
KHAPRETA_510206,312173.860,2624189.200,128.6200,0.0000,3.8000,0.2428,-1
KHAPRETA_510206,312178.860,2624189.200,128.5300,0.0000,3.8900,0.2486,-1
KHAPRETA_510206,312181.860,2624189.200,129.2000,0.3531,3.2200,0.2058,-1
KHAPRETA_510206,312182.860,2624189.200,129.0700,0.2881,3.3500,0.2141,-1
KHAPRETA_510206,312189.860,2624189.200,129.1000,0.3331,3.3200,0.2121,-1
KHAPRETA_510206,312197.860,2624189.200,129.1800,0.0000,3.2400,0.2070,-1
KHAPRETA_510206,312207.860,2624189.200,129.2500,0.0000,3.1700,0.2026,-1
KHAPRETA_510206,312220.860,2624189.200,129.5700,0.0000,2.8500,0.1821,-1
KHAPRETA_510206,312222.860,2624189.200,129.5700,0.0000,2.8500,0.1821,-1
KHAPRETA_510206,312226.860,2624189.200,129.5900,0.0782,2.8300,0.1808,-1
KHAPRETA_510206,312227.860,2624189.200,129.6200,0.0931,2.8000,0.1789,-1
KHAPRETA_510206,312230.860,2624189.200,129.6500,0.2319,2.7700,0.1770,-1
KHAPRETA_510206,312241.860,2624189.200,129.7200,0.0000,2.7000,0.1725,-1
KHAPRETA_510206,312252.860,2624189.200,130.1200,0.2396,2.3000,0.1470,-1
KHAPRETA_510206,312253.860,2624189.200,130.1200,0.1719,2.3000,0.1470,-1
KHAPRETA_510206,312256.860,2624189.200,130.1900,0.1219,2.2300,0.1425,-1
KHAPRETA_510206,312257.860,2624189.200,130.0200,0.2082,2.4000,0.1534,-1
KHAPRETA_510206,312259.860,2624189.200,130.1300,0.2397,2.2900,0.1463,-1
KHAPRETA_510206,312260.860,2624189.200,130.1500,0.1769,2.2700,0.1450,-1
KHAPRETA_510206,312267.860,2624189.200,130.6500,0.0000,1.7700,0.1131,-1
KHAPRETA_510206,312271.860,2624189.200,130.5900,0.3269,1.8300,0.1169,-1
KHAPRETA_510206,312273.860,2624189.200,130.6900,0.4169,1.7300,0.1105,-1
KHAPRETA_510206,312275.860,2624189.200,130.6200,0.4669,1.8000,0.1150,-1
KHAPRETA_510206,312283.860,2624189.200,130.6800,0.0000,1.7400,0.1112,-1
KHAPRETA_510206,312286.860,2624189.200,130.6900,0.0000,1.7300,0.1105,-1
KHAPRETA_510206,312289.860,2624189.200,130.7000,0.4819,1.7200,0.1099,-1
KHAPRETA_510206,312291.860,2624189.200,130.7900,0.0000,1.6300,0.1042,-1
KHAPRETA_510206,312294.860,2624189.200,130.7800,0.4969,1.6400,0.1048,-1
KHAPRETA_510206,312300.860,2624189.200,130.2200,0.0000,2.2000,0.1406,-1
KHAPRETA_510206,312304.860,2624189.200,130.6000,0.0000,1.8200,0.1163,-1
KHAPRETA_510206,312306.860,2624189.200,130.6500,0.4119,1.7700,0.1131,-1
KHAPRETA_510206,312307.860,2624189.200,130.6000,0.5870,1.8200,0.1163,-1
KHAPRETA_510206,312329.860,2624189.200,130.7600,0.0000,1.6600,0.1061,-1
KHAPRETA_510206,312334.860,2624189.200,130.7900,0.0000,1.6300,0.1042,-1
KHAPRETA_510206,312337.860,2624189.200,130.7700,0.0000,1.6500,0.1054,-1
KHAPRETA_510206,312339.860,2624189.200,130.8300,0.4919,1.5900,0.1016,-1
KHAPRETA_510206,312344.860,2624189.200,130.8300,0.5019,1.5900,0.1016,-1
KHAPRETA_510206,312345.860,2624189.200,130.7800,0.0000,1.6400,0.1048,-1
KHAPRETA_510206,312346.860,2624189.200,130.8300,0.7205,1.5900,0.1016,-1
KHAPRETA_510206,312355.860,2624189.200,130.8400,0.5219,1.5800,0.1010,-1
KHAPRETA_510206,312359.860,2624189.200,130.8600,0.5469,1.5600,0.0997,-1
KHAPRETA_510206,312361.860,2624189.200,131.1300,0.0000,1.2900,0.0824,-1
KHAPRETA_510206,312368.860,2624189.200,131.2400,0.6819,1.1800,0.0754,-1
KHAPRETA_510206,312379.860,2624189.200,131.1500,0.7419,1.2700,0.0812,-1
KHAPRETA_510206,312380.860,2624189.200,131.2600,0.6869,1.1600,0.0741,-1
KHAPRETA_510206,312392.860,2624189.200,131.7900,0.0000,0.6300,0.0403,-1
KHAPRETA_510206,312396.860,2624189.200,131.6600,0.0000,0.7600,0.0486,-1
KHAPRETA_510206,312398.860,2624189.200,131.6000,0.0000,0.8200,0.0524,-1
KHAPRETA_510206,312402.860,2624189.200,131.6800,0.9919,0.7400,0.0473,-1
KHAPRETA_510206,312404.860,2624189.200,131.6100,0.9769,0.8100,0.0518,-1
KHAPRETA_510206,312405.860,2624189.200,131.7300,0.0200,0.6900,0.0441,-1
KHAPRETA_510206,312406.860,2624189.200,131.6500,0.0050,0.7700,0.0492,-1
KHAPRETA_510206,312407.860,2624189.200,131.7200,0.9369,0.7000,0.0447,-1
KHAPRETA_510206,312411.860,2624189.200,131.7200,0.9369,0.7000,0.0447,-1
KHAPRETA_510206,312415.860,2624189.200,131.6200,0.9819,0.8000,0.0511,-1
KHAPRETA_510206,312419.860,2624189.200,131.7200,0.0000,0.7000,0.0447,-1
KHAPRETA_510206,312421.860,2624189.200,131.9200,1.0669,0.5000,0.0319,-1
KHAPRETA_510206,312427.860,2624189.200,131.9000,0.0000,0.5200,0.0332,-1
KHAPRETA_510206,312463.860,2624189.200,132.1800,0.0000,0.2400,0.0153,-1
KHAPRETA_510206,312490.860,2624189.200,132.1500,1.1521,0.2700,0.0173,-1
KHAPRETA_510206,312491.860,2624189.200,132.0800,1.6645,0.3400,0.0217,-1
KHAPRETA_510206,312498.860,2624189.200,130.3500,0.3619,2.0700,0.1323,-1
KHAPRETA_510206,312500.860,2624189.200,130.8400,0.7569,1.5800,0.1010,-1
KHAPRETA_510206,312509.860,2624189.200,131.6400,0.0000,0.7800,0.0498,-1
KHAPRETA_510206,312511.860,2624189.200,131.6500,0.0000,0.7700,0.0492,-1
KHAPRETA_510206,312513.860,2624189.200,131.6200,1.0219,0.8000,0.0511,-1
KHAPRETA_510206,312520.860,2624189.200,131.8900,0.0000,0.5300,0.0339,-1
KHAPRETA_510206,312523.860,2624189.200,131.9400,0.0000,0.4800,0.0307,-1
KHAPRETA_510206,312526.860,2624189.200,131.8700,1.0819,0.5500,0.0351,-1
KHAPRETA_510206,312536.860,2624189.200,131.6700,1.0019,0.7500,0.0479,-1
KHAPRETA_510206,312537.860,2624189.200,131.7800,1.4043,0.6400,0.0409,-1
KHAPRETA_510206,312011.860,2624190.200,127.1800,1.6931,5.2400,0.3348,-1
KHAPRETA_510206,312012.860,2624190.200,127.5100,1.2987,4.9100,0.3137,-1
KHAPRETA_510206,312013.860,2624190.200,127.1000,1.6894,5.3200,0.3399,-1
KHAPRETA_510206,312015.860,2624190.200,127.3600,1.7803,5.0600,0.3233,-1
KHAPRETA_510206,312016.860,2624190.200,127.3500,1.2081,5.0700,0.3240,-1
KHAPRETA_510206,312021.860,2624190.200,127.3700,1.2881,5.0500,0.3227,-1
KHAPRETA_510206,312027.860,2624190.200,127.1500,0.0000,5.2700,0.3367,-1
KHAPRETA_510206,312030.860,2624190.200,127.2600,1.8571,5.1600,0.3297,-1
KHAPRETA_510206,312031.860,2624190.200,127.1800,1.2581,5.2400,0.3348,-1
KHAPRETA_510206,312033.860,2624190.200,127.0000,1.5181,5.4200,0.3463,-1
KHAPRETA_510206,312035.860,2624190.200,126.5700,0.0000,5.8500,0.3738,-1
KHAPRETA_510206,312037.860,2624190.200,127.0100,0.0000,5.4100,0.3457,-1
KHAPRETA_510206,312039.860,2624190.200,127.0200,1.4181,5.4000,0.3450,-1
KHAPRETA_510206,312041.860,2624190.200,126.8800,0.0650,5.5400,0.3540,-1
KHAPRETA_510206,312050.860,2624190.200,127.0400,1.3581,5.3800,0.3438,-1
KHAPRETA_510206,312054.860,2624190.200,132.4200,0.0000,0.0000,0.0000,-1
KHAPRETA_510206,312057.860,2624190.200,131.3100,0.0000,1.1100,0.0709,-1
KHAPRETA_510206,312059.860,2624190.200,129.8200,0.1169,2.6000,0.1661,-1
KHAPRETA_510206,312069.860,2624190.200,128.5000,0.0000,3.9200,0.2505,-1
KHAPRETA_510206,312075.860,2624190.200,124.7600,2.5181,7.6600,0.4895,-1
KHAPRETA_510206,312077.860,2624190.200,124.6900,4.0178,7.7300,0.4939,-1
KHAPRETA_510206,312078.860,2624190.200,124.2000,3.6177,8.2200,0.5252,-1
KHAPRETA_510206,312081.860,2624190.200,123.8500,2.8981,8.5700,0.5476,-1
KHAPRETA_510206,312106.860,2624190.200,128.1700,0.7731,4.2500,0.2716,-1
KHAPRETA_510206,312118.860,2624190.200,128.5500,0.6581,3.8700,0.2473,-1
KHAPRETA_510206,312119.860,2624190.200,128.4600,0.6131,3.9600,0.2530,-1
KHAPRETA_510206,312121.860,2624190.200,128.4500,0.0000,3.9700,0.2537,-1
KHAPRETA_510206,312127.860,2624190.200,128.5600,0.6631,3.8600,0.2466,-1
KHAPRETA_510206,312135.860,2624190.200,128.6700,0.5381,3.7500,0.2396,-1
KHAPRETA_510206,312138.860,2624190.200,128.5900,0.0000,3.8300,0.2447,-1
KHAPRETA_510206,312143.860,2624190.200,128.6100,0.0000,3.8100,0.2435,-1
KHAPRETA_510206,312146.860,2624190.200,128.3100,0.7969,4.1100,0.2626,-1
KHAPRETA_510206,312147.860,2624190.200,128.7700,0.9851,3.6500,0.2332,-1
KHAPRETA_510206,312152.860,2624190.200,128.6600,0.4831,3.7600,0.2403,-1
KHAPRETA_510206,312153.860,2624190.200,128.8100,0.0400,3.6100,0.2307,-1
KHAPRETA_510206,312154.860,2624190.200,128.7400,0.4831,3.6800,0.2351,-1
KHAPRETA_510206,312158.860,2624190.200,128.8900,0.3881,3.5300,0.2256,-1
KHAPRETA_510206,312164.860,2624190.200,129.0800,0.4531,3.3400,0.2134,-1
KHAPRETA_510206,312176.860,2624190.200,128.6000,0.5881,3.8200,0.2441,-1
KHAPRETA_510206,312179.860,2624190.200,128.5600,0.7454,3.8600,0.2466,-1
KHAPRETA_510206,312180.860,2624190.200,128.9000,0.2900,3.5200,0.2249,-1
KHAPRETA_510206,312181.860,2624190.200,129.1400,0.4399,3.2800,0.2096,-1
KHAPRETA_510206,312183.860,2624190.200,129.1000,0.0000,3.3200,0.2121,-1
KHAPRETA_510206,312189.860,2624190.200,129.1100,0.3432,3.3100,0.2115,-1
KHAPRETA_510206,312190.860,2624190.200,129.0900,0.3295,3.3300,0.2128,-1
KHAPRETA_510206,312191.860,2624190.200,129.2400,0.3431,3.1800,0.2032,-1
KHAPRETA_510206,312202.860,2624190.200,129.2200,0.0000,3.2000,0.2045,-1
KHAPRETA_510206,312205.860,2624190.200,129.2000,0.2681,3.2200,0.2058,-1
KHAPRETA_510206,312209.860,2624190.200,129.2300,0.3548,3.1900,0.2038,-1
KHAPRETA_510206,312210.860,2624190.200,129.3000,0.2389,3.1200,0.1994,-1
KHAPRETA_510206,312211.860,2624190.200,129.2700,0.2381,3.1500,0.2013,-1
KHAPRETA_510206,312221.860,2624190.200,129.5900,0.0000,2.8300,0.1808,-1
KHAPRETA_510206,312226.860,2624190.200,129.6100,0.0300,2.8100,0.1796,-1
KHAPRETA_510206,312230.860,2624190.200,130.2400,0.0631,2.1800,0.1393,-1
KHAPRETA_510206,312232.860,2624190.200,129.6900,0.0680,2.7300,0.1744,-1
KHAPRETA_510206,312233.860,2624190.200,129.6800,0.0431,2.7400,0.1751,-1
KHAPRETA_510206,312236.860,2624190.200,129.8000,0.0081,2.6200,0.1674,-1
KHAPRETA_510206,312240.860,2624190.200,129.7200,0.0000,2.7000,0.1725,-1
KHAPRETA_510206,312242.860,2624190.200,129.7400,0.0000,2.6800,0.1712,-1
KHAPRETA_510206,312247.860,2624190.200,129.7400,0.0000,2.6800,0.1712,-1
KHAPRETA_510206,312252.860,2624190.200,130.1100,0.1719,2.3100,0.1476,-1
KHAPRETA_510206,312255.860,2624190.200,130.1600,0.0000,2.2600,0.1444,-1
KHAPRETA_510206,312257.860,2624190.200,129.7300,0.1350,2.6900,0.1719,-1
KHAPRETA_510206,312259.860,2624190.200,130.4400,0.1769,1.9800,0.1265,-1
KHAPRETA_510206,312261.860,2624190.200,130.5600,0.0000,1.8600,0.1188,-1
KHAPRETA_510206,312268.860,2624190.200,130.6600,0.4369,1.7600,0.1125,-1
KHAPRETA_510206,312271.860,2624190.200,130.4300,0.4069,1.9900,0.1272,-1
KHAPRETA_510206,312277.860,2624190.200,130.6700,0.4419,1.7500,0.1118,-1
KHAPRETA_510206,312278.860,2624190.200,130.6600,0.4469,1.7600,0.1125,-1
KHAPRETA_510206,312282.860,2624190.200,130.7100,0.0000,1.7100,0.1093,-1
KHAPRETA_510206,312285.860,2624190.200,130.7000,0.0000,1.7200,0.1099,-1
KHAPRETA_510206,312289.860,2624190.200,130.7400,0.4619,1.6800,0.1073,-1
KHAPRETA_510206,312293.860,2624190.200,130.6600,0.0000,1.7600,0.1125,-1
KHAPRETA_510206,312302.860,2624190.200,130.5600,0.0000,1.8600,0.1188,-1
KHAPRETA_510206,312308.860,2624190.200,130.4400,0.0000,1.9800,0.1265,-1
KHAPRETA_510206,312311.860,2624190.200,130.4100,0.0000,2.0100,0.1284,-1
KHAPRETA_510206,312325.860,2624190.200,130.9200,0.0000,1.5000,0.0958,-1
KHAPRETA_510206,312327.860,2624190.200,130.9500,0.5869,1.4700,0.0939,-1
KHAPRETA_510206,312328.860,2624190.200,130.9500,0.5869,1.4700,0.0939,-1
KHAPRETA_510206,312331.860,2624190.200,130.8400,0.5419,1.5800,0.1010,-1
KHAPRETA_510206,312332.860,2624190.200,130.8600,0.7523,1.5600,0.0997,-1
KHAPRETA_510206,312336.860,2624190.200,130.7700,0.0000,1.6500,0.1054,-1
KHAPRETA_510206,312338.860,2624190.200,130.7800,0.0000,1.6400,0.1048,-1
KHAPRETA_510206,312341.860,2624190.200,130.7600,0.5069,1.6600,0.1061,-1
KHAPRETA_510206,312346.860,2624190.200,130.8100,0.0100,1.6100,0.1029,-1
KHAPRETA_510206,312348.860,2624190.200,130.8300,0.5519,1.5900,0.1016,-1
KHAPRETA_510206,312349.860,2624190.200,130.8800,0.7703,1.5400,0.0984,-1
KHAPRETA_510206,312356.860,2624190.200,130.8000,0.0000,1.6200,0.1035,-1
KHAPRETA_510206,312359.860,2624190.200,130.8700,0.5419,1.5500,0.0990,-1
KHAPRETA_510206,312362.860,2624190.200,131.1900,0.0000,1.2300,0.0786,-1
KHAPRETA_510206,312368.860,2624190.200,131.1400,0.7319,1.2800,0.0818,-1
KHAPRETA_510206,312374.860,2624190.200,130.8800,0.0000,1.5400,0.0984,-1
KHAPRETA_510206,312390.860,2624190.200,132.0000,0.0000,0.4200,0.0268,-1
KHAPRETA_510206,312403.860,2624190.200,131.7400,0.0000,0.6800,0.0435,-1
KHAPRETA_510206,312416.860,2624190.200,131.6500,0.9619,0.7700,0.0492,-1
KHAPRETA_510206,312423.860,2624190.200,131.8500,0.0000,0.5700,0.0364,-1
KHAPRETA_510206,312425.860,2624190.200,131.9600,1.2969,0.4600,0.0294,-1
KHAPRETA_510206,312426.860,2624190.200,132.3700,1.0919,0.0500,0.0032,-1
KHAPRETA_510206,312490.860,2624190.200,132.1200,1.6645,0.3000,0.0192,-1
KHAPRETA_510206,312491.860,2624190.200,132.1100,1.1719,0.3100,0.0198,-1
KHAPRETA_510206,312498.860,2624190.200,130.5000,0.2869,1.9200,0.1227,-1
KHAPRETA_510206,312504.860,2624190.200,131.7100,0.9869,0.7100,0.0454,-1
KHAPRETA_510206,312507.860,2624190.200,131.8400,0.0000,0.5800,0.0371,-1
KHAPRETA_510206,312526.860,2624190.200,131.9400,1.4912,0.4800,0.0307,-1
KHAPRETA_510206,312527.860,2624190.200,131.9000,1.4814,0.5200,0.0332,-1
KHAPRETA_510206,312530.860,2624190.200,131.8200,1.0369,0.6000,0.0383,-1
KHAPRETA_510206,312531.860,2624190.200,131.8500,1.4738,0.5700,0.0364,-1
KHAPRETA_510206,312533.860,2624190.200,131.8300,0.0000,0.5900,0.0377,-1
KHAPRETA_510206,312535.860,2624190.200,131.7600,0.0000,0.6600,0.0422,-1
KHAPRETA_510206,312538.860,2624190.200,131.8200,0.0000,0.6000,0.0383,-1
KHAPRETA_510206,312014.860,2624191.200,127.3200,0.0000,5.1000,0.3259,-1
KHAPRETA_510206,312019.860,2624191.200,127.1100,1.2481,5.3100,0.3393,-1
KHAPRETA_510206,312020.860,2624191.200,127.2800,1.8537,5.1400,0.3284,-1
KHAPRETA_510206,312022.860,2624191.200,127.0400,0.0000,5.3800,0.3438,-1
KHAPRETA_510206,312026.860,2624191.200,127.1700,1.3081,5.2500,0.3355,-1
KHAPRETA_510206,312029.860,2624191.200,127.4700,0.0000,4.9500,0.3163,-1
KHAPRETA_510206,312036.860,2624191.200,126.7400,0.0000,5.6800,0.3629,-1
KHAPRETA_510206,312041.860,2624191.200,126.9800,0.0200,5.4400,0.3476,-1
KHAPRETA_510206,312043.860,2624191.200,126.9700,0.0000,5.4500,0.3482,-1
KHAPRETA_510206,312045.860,2624191.200,126.8600,0.0000,5.5600,0.3553,-1
KHAPRETA_510206,312055.860,2624191.200,130.7300,0.0000,1.6900,0.1080,-1
KHAPRETA_510206,312059.860,2624191.200,130.0100,0.1239,2.4100,0.1540,-1
KHAPRETA_510206,312060.860,2624191.200,130.0200,0.3519,2.4000,0.1534,-1
KHAPRETA_510206,312071.860,2624191.200,130.2600,2.6181,2.1600,0.1380,-1
KHAPRETA_510206,312078.860,2624191.200,124.6300,2.7881,7.7900,0.4978,-1
KHAPRETA_510206,312081.860,2624191.200,123.9800,2.9631,8.4400,0.5393,-1
KHAPRETA_510206,312101.860,2624191.200,127.0600,1.1681,5.3600,0.3425,-1
KHAPRETA_510206,312106.860,2624191.200,128.2300,0.8031,4.1900,0.2677,-1
KHAPRETA_510206,312112.860,2624191.200,128.3700,0.0000,4.0500,0.2588,-1
KHAPRETA_510206,312124.860,2624191.200,128.5400,0.6431,3.8800,0.2479,-1
KHAPRETA_510206,312125.860,2624191.200,128.4900,0.6181,3.9300,0.2511,-1
KHAPRETA_510206,312127.860,2624191.200,128.4500,0.6081,3.9700,0.2537,-1
KHAPRETA_510206,312131.860,2624191.200,128.6100,0.0000,3.8100,0.2435,-1
KHAPRETA_510206,312135.860,2624191.200,128.7000,0.5531,3.7200,0.2377,-1
KHAPRETA_510206,312144.860,2624191.200,128.3400,0.0000,4.0800,0.2607,-1
KHAPRETA_510206,312158.860,2624191.200,129.0000,0.4431,3.4200,0.2185,-1
KHAPRETA_510206,312160.860,2624191.200,129.0200,0.3631,3.4000,0.2173,-1
KHAPRETA_510206,312161.860,2624191.200,129.0500,0.3781,3.3700,0.2153,-1
KHAPRETA_510206,312164.860,2624191.200,128.8700,0.3481,3.5500,0.2268,-1
KHAPRETA_510206,312167.860,2624191.200,129.0200,0.0000,3.4000,0.2173,-1
KHAPRETA_510206,312170.860,2624191.200,129.3800,0.6131,3.0400,0.1942,-1
KHAPRETA_510206,312175.860,2624191.200,128.6700,0.5881,3.7500,0.2396,-1
KHAPRETA_510206,312176.860,2624191.200,128.6000,0.5558,3.8200,0.2441,-1
KHAPRETA_510206,312179.860,2624191.200,128.5700,0.6081,3.8500,0.2460,-1
KHAPRETA_510206,312181.860,2624191.200,129.1200,0.3181,3.3000,0.2109,-1
KHAPRETA_510206,312188.860,2624191.200,129.1100,0.3281,3.3100,0.2115,-1
KHAPRETA_510206,312189.860,2624191.200,129.1200,0.3332,3.3000,0.2109,-1
KHAPRETA_510206,312190.860,2624191.200,129.1300,0.4747,3.2900,0.2102,-1
KHAPRETA_510206,312197.860,2624191.200,129.2100,0.3081,3.2100,0.2051,-1
KHAPRETA_510206,312205.860,2624191.200,129.2400,0.2881,3.1800,0.2032,-1
KHAPRETA_510206,312209.860,2624191.200,129.2500,0.3623,3.1700,0.2026,-1
KHAPRETA_510206,312210.860,2624191.200,129.3000,0.3548,3.1200,0.1994,-1
KHAPRETA_510206,312214.860,2624191.200,129.4200,0.0000,3.0000,0.1917,-1
KHAPRETA_510206,312216.860,2624191.200,129.5900,0.1331,2.8300,0.1808,-1
KHAPRETA_510206,312218.860,2624191.200,129.8900,0.0831,2.5300,0.1617,-1
KHAPRETA_510206,312219.860,2624191.200,129.6100,0.0569,2.8100,0.1796,-1
KHAPRETA_510206,312224.860,2624191.200,129.6100,0.0781,2.8100,0.1796,-1
KHAPRETA_510206,312225.860,2624191.200,129.6200,0.0200,2.8000,0.1789,-1
KHAPRETA_510206,312226.860,2624191.200,129.6500,0.1140,2.7700,0.1770,-1
KHAPRETA_510206,312231.860,2624191.200,129.6800,0.0481,2.7400,0.1751,-1
KHAPRETA_510206,312232.860,2624191.200,129.6800,0.0542,2.7400,0.1751,-1
KHAPRETA_510206,312236.860,2624191.200,129.7600,0.0119,2.6600,0.1700,-1
KHAPRETA_510206,312238.860,2624191.200,129.7200,0.0000,2.7000,0.1725,-1
KHAPRETA_510206,312243.860,2624191.200,129.7400,0.0269,2.6800,0.1712,-1
KHAPRETA_510206,312244.860,2624191.200,129.8300,0.0411,2.5900,0.1655,-1
KHAPRETA_510206,312249.860,2624191.200,129.8600,0.0000,2.5600,0.1636,-1
KHAPRETA_510206,312251.860,2624191.200,130.0800,0.0000,2.3400,0.1495,-1
KHAPRETA_510206,312256.860,2624191.200,129.9700,0.3207,2.4500,0.1565,-1
KHAPRETA_510206,312257.860,2624191.200,130.2900,0.0996,2.1300,0.1361,-1
KHAPRETA_510206,312260.860,2624191.200,130.6300,0.0000,1.7900,0.1144,-1
KHAPRETA_510206,312267.860,2624191.200,130.6400,0.4369,1.7800,0.1137,-1
KHAPRETA_510206,312268.860,2624191.200,130.6500,0.4420,1.7700,0.1131,-1
KHAPRETA_510206,312269.860,2624191.200,130.6300,0.6005,1.7900,0.1144,-1
KHAPRETA_510206,312274.860,2624191.200,130.7000,0.0000,1.7200,0.1099,-1
KHAPRETA_510206,312276.860,2624191.200,130.6000,0.0000,1.8200,0.1163,-1
KHAPRETA_510206,312290.860,2624191.200,130.7300,0.4969,1.6900,0.1080,-1
KHAPRETA_510206,312291.860,2624191.200,130.7700,0.4769,1.6500,0.1054,-1
KHAPRETA_510206,312300.860,2624191.200,130.4000,0.5023,2.0200,0.1291,-1
KHAPRETA_510206,312301.860,2624191.200,130.5300,0.3119,1.8900,0.1208,-1
KHAPRETA_510206,312307.860,2624191.200,130.5800,0.0000,1.8400,0.1176,-1
KHAPRETA_510206,312323.860,2624191.200,130.9600,0.5819,1.4600,0.0933,-1
KHAPRETA_510206,312324.860,2624191.200,130.9400,0.5919,1.4800,0.0946,-1
KHAPRETA_510206,312326.860,2624191.200,130.9200,0.0000,1.5000,0.0958,-1
KHAPRETA_510206,312332.860,2624191.200,130.8400,0.5419,1.5800,0.1010,-1
KHAPRETA_510206,312334.860,2624191.200,130.8200,0.0000,1.6000,0.1022,-1
KHAPRETA_510206,312339.860,2624191.200,130.8300,0.0000,1.5900,0.1016,-1
KHAPRETA_510206,312341.860,2624191.200,130.7900,0.0300,1.6300,0.1042,-1
KHAPRETA_510206,312346.860,2624191.200,130.8100,0.7562,1.6100,0.1029,-1
KHAPRETA_510206,312347.860,2624191.200,130.8800,0.7635,1.5400,0.0984,-1
KHAPRETA_510206,312349.860,2624191.200,130.9000,0.0050,1.5200,0.0971,-1
KHAPRETA_510206,312358.860,2624191.200,130.8700,0.0000,1.5500,0.0990,-1
KHAPRETA_510206,312360.860,2624191.200,130.8700,0.7630,1.5500,0.0990,-1
KHAPRETA_510206,312361.860,2624191.200,130.8400,0.5469,1.5800,0.1010,-1
KHAPRETA_510206,312364.860,2624191.200,131.0500,0.0000,1.3700,0.0875,-1
KHAPRETA_510206,312367.860,2624191.200,131.2200,0.7019,1.2000,0.0767,-1
KHAPRETA_510206,312370.860,2624191.200,131.0900,0.6519,1.3300,0.0850,-1
KHAPRETA_510206,312371.860,2624191.200,131.0800,0.6569,1.3400,0.0856,-1
KHAPRETA_510206,312379.860,2624191.200,131.2600,0.0000,1.1600,0.0741,-1
KHAPRETA_510206,312389.860,2624191.200,131.5800,0.8619,0.8400,0.0537,-1
KHAPRETA_510206,312392.860,2624191.200,131.7000,0.0000,0.7200,0.0460,-1
KHAPRETA_510206,312394.860,2624191.200,131.7400,0.9369,0.6800,0.0435,-1
KHAPRETA_510206,312395.860,2624191.200,131.6500,0.0250,0.7700,0.0492,-1
KHAPRETA_510206,312396.860,2624191.200,131.6900,0.9369,0.7300,0.0466,-1
KHAPRETA_510206,312398.860,2624191.200,131.6900,0.9319,0.7300,0.0466,-1
KHAPRETA_510206,312399.860,2624191.200,131.6400,0.9569,0.7800,0.0498,-1
KHAPRETA_510206,312405.860,2624191.200,131.5900,0.9319,0.8300,0.0530,-1
KHAPRETA_510206,312406.860,2624191.200,131.6400,0.9069,0.7800,0.0498,-1
KHAPRETA_510206,312410.860,2624191.200,131.7600,1.0019,0.6600,0.0422,-1
KHAPRETA_510206,312411.860,2624191.200,131.7800,0.9919,0.6400,0.0409,-1
KHAPRETA_510206,312416.860,2624191.200,131.7000,0.9369,0.7200,0.0460,-1
KHAPRETA_510206,312479.860,2624191.200,132.4000,1.7493,0.0200,0.0013,-1
KHAPRETA_510206,312480.860,2624191.200,132.2400,1.3119,0.1800,0.0115,-1
KHAPRETA_510206,312487.860,2624191.200,131.9700,0.0000,0.4500,0.0288,-1
KHAPRETA_510206,312491.860,2624191.200,132.0700,0.0100,0.3500,0.0224,-1
KHAPRETA_510206,312495.860,2624191.200,131.5800,0.0000,0.8400,0.0537,-1
KHAPRETA_510206,312500.860,2624191.200,130.5400,0.8019,1.8800,0.1201,-1
KHAPRETA_510206,312501.860,2624191.200,131.3800,0.3819,1.0400,0.0665,-1
KHAPRETA_510206,312503.860,2624191.200,132.1600,0.9869,0.2600,0.0166,-1
KHAPRETA_510206,312504.860,2624191.200,131.7500,1.5348,0.6700,0.0428,-1
KHAPRETA_510206,312509.860,2624191.200,131.6100,0.9469,0.8100,0.0518,-1
KHAPRETA_510206,312510.860,2624191.200,131.6700,0.9169,0.7500,0.0479,-1
KHAPRETA_510206,312515.860,2624191.200,131.7100,0.9819,0.7100,0.0454,-1
KHAPRETA_510206,312516.860,2624191.200,131.7400,0.0000,0.6800,0.0435,-1
KHAPRETA_510206,312517.860,2624191.200,131.7100,1.4208,0.7100,0.0454,-1
KHAPRETA_510206,312519.860,2624191.200,131.6800,1.0019,0.7400,0.0473,-1
KHAPRETA_510206,312523.860,2624191.200,131.7700,1.0219,0.6500,0.0415,-1
KHAPRETA_510206,312527.860,2624191.200,131.8000,1.0421,0.6200,0.0396,-1
KHAPRETA_510206,312528.860,2624191.200,131.8600,1.4240,0.5600,0.0358,-1
KHAPRETA_510206,312531.860,2624191.200,131.9000,0.0050,0.5200,0.0332,-1
KHAPRETA_510206,312539.860,2624191.200,131.7500,0.0000,0.6700,0.0428,-1
KHAPRETA_510206,312005.860,2624192.200,127.2900,1.2181,5.1300,0.3278,-1
KHAPRETA_510206,312006.860,2624192.200,127.3400,1.7793,5.0800,0.3246,-1
KHAPRETA_510206,312009.860,2624192.200,127.2500,0.0000,5.1700,0.3304,-1
KHAPRETA_510206,312020.860,2624192.200,127.2000,1.7509,5.2200,0.3335,-1
KHAPRETA_510206,312021.860,2624192.200,127.3200,1.7728,5.1000,0.3259,-1
KHAPRETA_510206,312024.860,2624192.200,127.3500,0.0000,5.0700,0.3240,-1
KHAPRETA_510206,312026.860,2624192.200,127.1600,0.0200,5.2600,0.3361,-1
KHAPRETA_510206,312028.860,2624192.200,127.2000,0.0000,5.2200,0.3335,-1
KHAPRETA_510206,312030.860,2624192.200,127.1300,1.3081,5.2900,0.3380,-1
KHAPRETA_510206,312031.860,2624192.200,127.1600,1.3231,5.2600,0.3361,-1
KHAPRETA_510206,312033.860,2624192.200,127.1400,1.4581,5.2800,0.3374,-1
KHAPRETA_510206,312034.860,2624192.200,126.8600,1.3181,5.5600,0.3553,-1
KHAPRETA_510206,312040.860,2624192.200,126.9200,2.0020,5.5000,0.3514,-1
KHAPRETA_510206,312041.860,2624192.200,126.9200,1.9985,5.5000,0.3514,-1
KHAPRETA_510206,312060.860,2624192.200,130.4400,0.1800,1.9800,0.1265,-1
KHAPRETA_510206,312061.860,2624192.200,129.7800,0.3319,2.6400,0.1687,-1
KHAPRETA_510206,312063.860,2624192.200,130.8400,0.0000,1.5800,0.1010,-1
KHAPRETA_510206,312066.860,2624192.200,130.5100,0.0000,1.9100,0.1220,-1
KHAPRETA_510206,312068.860,2624192.200,128.9600,0.0000,3.4600,0.2211,-1
KHAPRETA_510206,312070.860,2624192.200,128.3600,2.7474,4.0600,0.2594,-1
KHAPRETA_510206,312071.860,2624192.200,124.5400,1.3250,7.8800,0.5035,-1
KHAPRETA_510206,312075.860,2624192.200,124.6700,3.5541,7.7500,0.4952,-1
KHAPRETA_510206,312076.860,2624192.200,124.7800,0.0400,7.6400,0.4882,-1
KHAPRETA_510206,312077.860,2624192.200,124.7500,3.5293,7.6700,0.4901,-1
KHAPRETA_510206,312079.860,2624192.200,124.6200,0.0000,7.8000,0.4984,-1
KHAPRETA_510206,312082.860,2624192.200,123.7000,0.0000,8.7200,0.5572,-1
KHAPRETA_510206,312087.860,2624192.200,123.1800,0.0000,9.2400,0.5904,-1
KHAPRETA_510206,312089.860,2624192.200,123.5500,0.0000,8.8700,0.5668,-1
KHAPRETA_510206,312101.860,2624192.200,127.4400,1.3581,4.9800,0.3182,-1
KHAPRETA_510206,312105.860,2624192.200,127.6900,0.0000,4.7300,0.3022,-1
KHAPRETA_510206,312108.860,2624192.200,128.3900,0.9343,4.0300,0.2575,-1
KHAPRETA_510206,312109.860,2624192.200,128.4800,0.6931,3.9400,0.2518,-1
KHAPRETA_510206,312115.860,2624192.200,128.4900,0.6081,3.9300,0.2511,-1
KHAPRETA_510206,312119.860,2624192.200,128.5500,0.6081,3.8700,0.2473,-1
KHAPRETA_510206,312120.860,2624192.200,128.5600,0.6131,3.8600,0.2466,-1
KHAPRETA_510206,312150.860,2624192.200,128.9400,0.4081,3.4800,0.2224,-1
KHAPRETA_510206,312155.860,2624192.200,128.9700,0.4681,3.4500,0.2204,-1
KHAPRETA_510206,312156.860,2624192.200,128.8400,0.5736,3.5800,0.2288,-1
KHAPRETA_510206,312162.860,2624192.200,128.8600,0.0000,3.5600,0.2275,-1
KHAPRETA_510206,312170.860,2624192.200,128.5500,0.1981,3.8700,0.2473,-1
KHAPRETA_510206,312176.860,2624192.200,128.7100,0.0250,3.7100,0.2371,-1
KHAPRETA_510206,312186.860,2624192.200,129.1100,0.0000,3.3100,0.2115,-1
KHAPRETA_510206,312191.860,2624192.200,129.1500,0.0000,3.2700,0.2089,-1
KHAPRETA_510206,312194.860,2624192.200,129.1300,0.3081,3.2900,0.2102,-1
KHAPRETA_510206,312195.860,2624192.200,129.1600,0.0150,3.2600,0.2083,-1
KHAPRETA_510206,312196.860,2624192.200,129.1600,0.0000,3.2600,0.2083,-1
KHAPRETA_510206,312197.860,2624192.200,129.1600,0.2838,3.2600,0.2083,-1
KHAPRETA_510206,312198.860,2624192.200,129.2000,0.3081,3.2200,0.2058,-1
KHAPRETA_510206,312202.860,2624192.200,129.2200,0.0000,3.2000,0.2045,-1
KHAPRETA_510206,312211.860,2624192.200,129.3000,0.0000,3.1200,0.1994,-1
KHAPRETA_510206,312213.860,2624192.200,129.3100,0.0000,3.1100,0.1987,-1
KHAPRETA_510206,312216.860,2624192.200,129.5100,0.1038,2.9100,0.1859,-1
KHAPRETA_510206,312217.860,2624192.200,129.6000,0.1331,2.8200,0.1802,-1
KHAPRETA_510206,312227.860,2624192.200,129.6400,0.0681,2.7800,0.1776,-1
KHAPRETA_510206,312229.860,2624192.200,129.6200,0.0731,2.8000,0.1789,-1
KHAPRETA_510206,312230.860,2624192.200,129.6300,0.0917,2.7900,0.1783,-1
KHAPRETA_510206,312232.860,2624192.200,129.7400,0.0481,2.6800,0.1712,-1
KHAPRETA_510206,312240.860,2624192.200,129.7400,0.0000,2.6800,0.1712,-1
KHAPRETA_510206,312244.860,2624192.200,129.8500,0.0269,2.5700,0.1642,-1
KHAPRETA_510206,312252.860,2624192.200,130.1000,0.0000,2.3200,0.1482,-1
KHAPRETA_510206,312256.860,2624192.200,130.1600,0.0969,2.2600,0.1444,-1
KHAPRETA_510206,312259.860,2624192.200,130.6000,0.0000,1.8200,0.1163,-1
KHAPRETA_510206,312264.860,2624192.200,130.6300,0.0000,1.7900,0.1144,-1
KHAPRETA_510206,312269.860,2624192.200,130.6000,0.6109,1.8200,0.1163,-1
KHAPRETA_510206,312270.860,2624192.200,130.6500,0.4119,1.7700,0.1131,-1
KHAPRETA_510206,312272.860,2624192.200,130.6500,0.4219,1.7700,0.1131,-1
KHAPRETA_510206,312273.860,2624192.200,130.6200,0.4369,1.8000,0.1150,-1
KHAPRETA_510206,312280.860,2624192.200,130.6700,0.0000,1.7500,0.1118,-1
KHAPRETA_510206,312293.860,2624192.200,130.8000,0.4919,1.6200,0.1035,-1
KHAPRETA_510206,312294.860,2624192.200,130.7600,0.5119,1.6600,0.1061,-1
KHAPRETA_510206,312300.860,2624192.200,130.4400,0.3119,1.9800,0.1265,-1
KHAPRETA_510206,312309.860,2624192.200,130.5900,0.0000,1.8300,0.1169,-1
KHAPRETA_510206,312312.860,2624192.200,130.3000,0.0000,2.1200,0.1355,-1
KHAPRETA_510206,312328.860,2624192.200,130.8500,0.5669,1.5700,0.1003,-1
KHAPRETA_510206,312335.860,2624192.200,130.7800,0.0000,1.6400,0.1048,-1
KHAPRETA_510206,312341.860,2624192.200,130.8200,0.7240,1.6000,0.1022,-1
KHAPRETA_510206,312342.860,2624192.200,130.8100,0.0100,1.6100,0.1029,-1
KHAPRETA_510206,312343.860,2624192.200,130.8400,0.7635,1.5800,0.1010,-1
KHAPRETA_510206,312347.860,2624192.200,130.9000,0.0250,1.5200,0.0971,-1
KHAPRETA_510206,312349.860,2624192.200,130.8700,0.5619,1.5500,0.0990,-1
KHAPRETA_510206,312352.860,2624192.200,130.8900,0.5219,1.5300,0.0978,-1
KHAPRETA_510206,312360.860,2624192.200,130.8700,0.5469,1.5500,0.0990,-1
KHAPRETA_510206,312363.860,2624192.200,131.2500,0.6619,1.1700,0.0748,-1
KHAPRETA_510206,312367.860,2624192.200,131.1800,0.9829,1.2400,0.0792,-1
KHAPRETA_510206,312368.860,2624192.200,131.1100,0.7019,1.3100,0.0837,-1
KHAPRETA_510206,312373.860,2624192.200,131.0700,0.0000,1.3500,0.0863,-1
KHAPRETA_510206,312380.860,2624192.200,131.1500,0.0000,1.2700,0.0812,-1
KHAPRETA_510206,312388.860,2624192.200,131.4900,1.2296,0.9300,0.0594,-1
KHAPRETA_510206,312389.860,2624192.200,131.5000,1.2441,0.9200,0.0588,-1
KHAPRETA_510206,312401.860,2624192.200,131.7000,0.0000,0.7200,0.0460,-1
KHAPRETA_510206,312404.860,2624192.200,131.6500,0.0000,0.7700,0.0492,-1
KHAPRETA_510206,312408.860,2624192.200,131.7800,0.0000,0.6400,0.0409,-1
KHAPRETA_510206,312458.860,2624192.200,132.3500,0.0000,0.0700,0.0045,-1
KHAPRETA_510206,312479.860,2624192.200,132.2600,1.3119,0.1600,0.0102,-1
KHAPRETA_510206,312491.860,2624192.200,132.1300,1.6650,0.2900,0.0185,-1
KHAPRETA_510206,312492.860,2624192.200,132.1900,0.1150,0.2300,0.0147,-1
KHAPRETA_510206,312493.860,2624192.200,131.9000,1.2069,0.5200,0.0332,-1
KHAPRETA_510206,312496.860,2624192.200,131.0700,0.7898,1.3500,0.0863,-1
KHAPRETA_510206,312497.860,2624192.200,130.7100,0.5768,1.7100,0.1093,-1
KHAPRETA_510206,312498.860,2624192.200,130.7700,0.4669,1.6500,0.1054,-1
KHAPRETA_510206,312512.860,2624192.200,131.7100,0.9869,0.7100,0.0454,-1
KHAPRETA_510206,312517.860,2624192.200,131.8300,0.9669,0.5900,0.0377,-1
KHAPRETA_510206,312519.860,2624192.200,131.7800,0.9519,0.6400,0.0409,-1
KHAPRETA_510206,312521.860,2624192.200,131.8200,0.9919,0.6000,0.0383,-1
KHAPRETA_510206,312522.860,2624192.200,131.7600,0.0000,0.6600,0.0422,-1
KHAPRETA_510206,312523.860,2624192.200,131.8200,0.9923,0.6000,0.0383,-1
KHAPRETA_510206,312525.860,2624192.200,131.8500,1.0519,0.5700,0.0364,-1
KHAPRETA_510206,312526.860,2624192.200,131.8800,1.0129,0.5400,0.0345,-1
KHAPRETA_510206,312527.860,2624192.200,131.9400,1.0132,0.4800,0.0307,-1
KHAPRETA_510206,312528.860,2624192.200,131.7800,1.5021,0.6400,0.0409,-1
KHAPRETA_510206,312530.860,2624192.200,131.7800,1.0319,0.6400,0.0409,-1
KHAPRETA_510206,312531.860,2624192.200,131.8400,1.4600,0.5800,0.0371,-1
KHAPRETA_510206,312534.860,2624192.200,131.8300,0.0000,0.5900,0.0377,-1
KHAPRETA_510206,312536.860,2624192.200,131.7700,1.0119,0.6500,0.0415,-1
KHAPRETA_510206,312537.860,2624192.200,131.8000,0.9969,0.6200,0.0396,-1
KHAPRETA_510206,312540.860,2624192.200,132.1200,0.0000,0.3000,0.0192,-1
KHAPRETA_510206,312003.860,2624193.200,127.3900,1.6823,5.0300,0.3214,-1
KHAPRETA_510206,312004.860,2624193.200,127.5200,1.1931,4.9000,0.3131,-1
KHAPRETA_510206,312006.860,2624193.200,127.2300,1.2181,5.1900,0.3316,-1
KHAPRETA_510206,312017.860,2624193.200,127.1100,1.1981,5.3100,0.3393,-1
KHAPRETA_510206,312018.860,2624193.200,127.3800,1.3331,5.0400,0.3220,-1
KHAPRETA_510206,312021.860,2624193.200,127.3400,1.6743,5.0800,0.3246,-1
KHAPRETA_510206,312022.860,2624193.200,127.5000,1.2181,4.9200,0.3144,-1
KHAPRETA_510206,312026.860,2624193.200,127.2100,1.3047,5.2100,0.3329,-1
KHAPRETA_510206,312027.860,2624193.200,127.1700,1.2831,5.2500,0.3355,-1
KHAPRETA_510206,312036.860,2624193.200,126.8000,0.0000,5.6200,0.3591,-1
KHAPRETA_510206,312039.860,2624193.200,126.9800,1.4031,5.4400,0.3476,-1
KHAPRETA_510206,312040.860,2624193.200,126.9700,1.9985,5.4500,0.3482,-1
KHAPRETA_510206,312044.860,2624193.200,126.9000,0.0000,5.5200,0.3527,-1
KHAPRETA_510206,312047.860,2624193.200,127.0900,1.4231,5.3300,0.3406,-1
KHAPRETA_510206,312050.860,2624193.200,126.9100,0.0000,5.5100,0.3521,-1
KHAPRETA_510206,312056.860,2624193.200,127.6800,1.5031,4.7400,0.3029,-1
KHAPRETA_510206,312058.860,2624193.200,126.7800,0.9081,5.6400,0.3604,-1
KHAPRETA_510206,312059.860,2624193.200,127.9600,1.4400,4.4600,0.2850,-1
KHAPRETA_510206,312060.860,2624193.200,129.6600,0.9668,2.7600,0.1764,-1
KHAPRETA_510206,312070.860,2624193.200,128.1100,1.1280,4.3100,0.2754,-1
KHAPRETA_510206,312071.860,2624193.200,128.0200,2.6209,4.4000,0.2811,-1
KHAPRETA_510206,312074.860,2624193.200,128.9200,2.5281,3.5000,0.2236,-1
KHAPRETA_510206,312075.860,2624193.200,124.7200,2.5887,7.7000,0.4920,-1
KHAPRETA_510206,312077.860,2624193.200,124.7900,0.0100,7.6300,0.4875,-1
KHAPRETA_510206,312108.860,2624193.200,128.4300,0.6931,3.9900,0.2550,-1
KHAPRETA_510206,312115.860,2624193.200,128.5600,0.9059,3.8600,0.2466,-1
KHAPRETA_510206,312116.860,2624193.200,128.5000,0.0400,3.9200,0.2505,-1
KHAPRETA_510206,312117.860,2624193.200,128.4800,0.6381,3.9400,0.2518,-1
KHAPRETA_510206,312123.860,2624193.200,128.4900,0.6281,3.9300,0.2511,-1
KHAPRETA_510206,312135.860,2624193.200,128.5500,0.0000,3.8700,0.2473,-1
KHAPRETA_510206,312139.860,2624193.200,128.6400,0.0000,3.7800,0.2415,-1
KHAPRETA_510206,312141.860,2624193.200,128.7800,0.5081,3.6400,0.2326,-1
KHAPRETA_510206,312142.860,2624193.200,128.7600,0.0150,3.6600,0.2339,-1
KHAPRETA_510206,312143.860,2624193.200,128.8100,0.5081,3.6100,0.2307,-1
KHAPRETA_510206,312148.860,2624193.200,128.6100,0.0000,3.8100,0.2435,-1
KHAPRETA_510206,312150.860,2624193.200,128.9600,0.5948,3.4600,0.2211,-1
KHAPRETA_510206,312151.860,2624193.200,128.9300,0.4081,3.4900,0.2230,-1
KHAPRETA_510206,312154.860,2624193.200,128.9600,0.0000,3.4600,0.2211,-1
KHAPRETA_510206,312156.860,2624193.200,128.9600,0.4681,3.4600,0.2211,-1
KHAPRETA_510206,312160.860,2624193.200,128.6200,0.5559,3.8000,0.2428,-1
KHAPRETA_510206,312161.860,2624193.200,128.9900,0.5781,3.4300,0.2192,-1
KHAPRETA_510206,312166.860,2624193.200,129.0600,0.0000,3.3600,0.2147,-1
KHAPRETA_510206,312172.860,2624193.200,128.7800,0.3881,3.6400,0.2326,-1
KHAPRETA_510206,312175.860,2624193.200,128.6200,0.5631,3.8000,0.2428,-1
KHAPRETA_510206,312176.860,2624193.200,128.6500,0.7863,3.7700,0.2409,-1
KHAPRETA_510206,312180.860,2624193.200,128.6000,0.0000,3.8200,0.2441,-1
KHAPRETA_510206,312182.860,2624193.200,129.2000,0.4381,3.2200,0.2058,-1
KHAPRETA_510206,312184.860,2624193.200,129.1800,0.2781,3.2400,0.2070,-1
KHAPRETA_510206,312185.860,2624193.200,129.2200,0.2981,3.2000,0.2045,-1
KHAPRETA_510206,312187.860,2624193.200,129.1800,0.0000,3.2400,0.2070,-1
KHAPRETA_510206,312189.860,2624193.200,129.1400,0.3231,3.2800,0.2096,-1
KHAPRETA_510206,312190.860,2624193.200,129.1300,0.4463,3.2900,0.2102,-1
KHAPRETA_510206,312203.860,2624193.200,129.2700,0.2631,3.1500,0.2013,-1
KHAPRETA_510206,312205.860,2624193.200,129.2200,0.2731,3.2000,0.2045,-1
KHAPRETA_510206,312208.860,2624193.200,129.2800,0.2581,3.1400,0.2006,-1
KHAPRETA_510206,312209.860,2624193.200,129.2600,0.2481,3.1600,0.2019,-1
KHAPRETA_510206,312212.860,2624193.200,129.3300,0.2281,3.0900,0.1974,-1
KHAPRETA_510206,312216.860,2624193.200,129.4800,0.1331,2.9400,0.1879,-1
KHAPRETA_510206,312221.860,2624193.200,129.6300,0.0000,2.7900,0.1783,-1
KHAPRETA_510206,312224.860,2624193.200,129.6200,0.0000,2.8000,0.1789,-1
KHAPRETA_510206,312227.860,2624193.200,129.6400,0.0050,2.7800,0.1776,-1
KHAPRETA_510206,312230.860,2624193.200,129.6800,0.0731,2.7400,0.1751,-1
KHAPRETA_510206,312234.860,2624193.200,129.7000,0.0000,2.7200,0.1738,-1
KHAPRETA_510206,312237.860,2624193.200,129.7500,0.0331,2.6700,0.1706,-1
KHAPRETA_510206,312238.860,2624193.200,129.7100,0.0223,2.7100,0.1732,-1
KHAPRETA_510206,312241.860,2624193.200,129.7400,0.0081,2.6800,0.1712,-1
KHAPRETA_510206,312255.860,2624193.200,130.3000,0.0000,2.1200,0.1355,-1
KHAPRETA_510206,312257.860,2624193.200,130.6000,0.0000,1.8200,0.1163,-1
KHAPRETA_510206,312261.860,2624193.200,130.6000,0.4169,1.8200,0.1163,-1
KHAPRETA_510206,312262.860,2624193.200,130.6100,0.4119,1.8100,0.1157,-1
KHAPRETA_510206,312265.860,2624193.200,130.6500,0.4119,1.7700,0.1131,-1
KHAPRETA_510206,312268.860,2624193.200,130.6700,0.4119,1.7500,0.1118,-1
KHAPRETA_510206,312277.860,2624193.200,130.7200,0.0000,1.7000,0.1086,-1
KHAPRETA_510206,312283.860,2624193.200,130.7200,0.6144,1.7000,0.1086,-1
KHAPRETA_510206,312284.860,2624193.200,130.6500,0.6674,1.7700,0.1131,-1
KHAPRETA_510206,312287.860,2624193.200,130.7100,0.0000,1.7100,0.1093,-1
KHAPRETA_510206,312303.860,2624193.200,130.6000,0.0000,1.8200,0.1163,-1
KHAPRETA_510206,312328.860,2624193.200,130.9100,0.0550,1.5100,0.0965,-1
KHAPRETA_510206,312343.860,2624193.200,130.9000,0.0000,1.5200,0.0971,-1
KHAPRETA_510206,312345.860,2624193.200,130.8600,0.0000,1.5600,0.0997,-1
KHAPRETA_510206,312347.860,2624193.200,130.8300,0.5619,1.5900,0.1016,-1
KHAPRETA_510206,312350.860,2624193.200,130.8400,0.0000,1.5800,0.1010,-1
KHAPRETA_510206,312352.860,2624193.200,130.8200,0.5569,1.6000,0.1022,-1
KHAPRETA_510206,312355.860,2624193.200,130.8900,0.0000,1.5300,0.0978,-1
KHAPRETA_510206,312363.860,2624193.200,131.1000,1.0075,1.3200,0.0843,-1
KHAPRETA_510206,312364.860,2624193.200,131.1500,0.0600,1.2700,0.0812,-1
KHAPRETA_510206,312365.860,2624193.200,131.2200,0.6869,1.2000,0.0767,-1
KHAPRETA_510206,312370.860,2624193.200,131.0800,0.0000,1.3400,0.0856,-1
KHAPRETA_510206,312375.860,2624193.200,131.1800,0.0000,1.2400,0.0792,-1
KHAPRETA_510206,312379.860,2624193.200,131.4400,0.0000,0.9800,0.0626,-1
KHAPRETA_510206,312381.860,2624193.200,131.2100,0.0000,1.2100,0.0773,-1
KHAPRETA_510206,312383.860,2624193.200,132.0900,1.1719,0.3300,0.0211,-1
KHAPRETA_510206,312384.860,2624193.200,132.1200,1.4427,0.3000,0.0192,-1
KHAPRETA_510206,312388.860,2624193.200,131.5300,0.8569,0.8900,0.0569,-1
KHAPRETA_510206,312392.860,2624193.200,131.7200,0.0000,0.7000,0.0447,-1
KHAPRETA_510206,312397.860,2624193.200,131.7100,0.9869,0.7100,0.0454,-1
KHAPRETA_510206,312400.860,2624193.200,131.7600,0.9319,0.6600,0.0422,-1
KHAPRETA_510206,312405.860,2624193.200,131.7900,0.0000,0.6300,0.0403,-1
KHAPRETA_510206,312415.860,2624193.200,131.7800,0.0000,0.6400,0.0409,-1
KHAPRETA_510206,312477.860,2624193.200,132.3100,0.0000,0.1100,0.0070,-1
KHAPRETA_510206,312482.860,2624193.200,132.2600,0.0000,0.1600,0.0102,-1
KHAPRETA_510206,312487.860,2624193.200,132.2300,1.1919,0.1900,0.0121,-1
KHAPRETA_510206,312488.860,2624193.200,132.1600,1.2269,0.2600,0.0166,-1
KHAPRETA_510206,312496.860,2624193.200,131.0500,0.8536,1.3700,0.0875,-1
KHAPRETA_510206,312497.860,2624193.200,130.8900,0.7898,1.5300,0.0978,-1
KHAPRETA_510206,312499.860,2624193.200,130.4000,0.5685,2.0200,0.1291,-1
KHAPRETA_510206,312500.860,2624193.200,130.7200,0.5079,1.7000,0.1086,-1
KHAPRETA_510206,312501.860,2624193.200,130.9800,0.7570,1.4400,0.0920,-1
KHAPRETA_510206,312506.860,2624193.200,131.7100,0.0000,0.7100,0.0454,-1
KHAPRETA_510206,312509.860,2624193.200,131.7700,1.0219,0.6500,0.0415,-1
KHAPRETA_510206,312510.860,2624193.200,131.8200,0.9969,0.6000,0.0383,-1
KHAPRETA_510206,312512.860,2624193.200,131.7500,0.0050,0.6700,0.0428,-1
KHAPRETA_510206,312514.860,2624193.200,131.7700,0.0000,0.6500,0.0415,-1
KHAPRETA_510206,312518.860,2624193.200,131.8900,0.0000,0.5300,0.0339,-1
KHAPRETA_510206,312523.860,2624193.200,131.8200,0.0200,0.6000,0.0383,-1
KHAPRETA_510206,312526.860,2624193.200,131.8000,0.0050,0.6200,0.0396,-1
KHAPRETA_510206,312529.860,2624193.200,131.7800,0.0000,0.6400,0.0409,-1
KHAPRETA_510206,312533.860,2624193.200,132.0400,0.9769,0.3800,0.0243,-1
KHAPRETA_510206,312535.860,2624193.200,131.7400,0.0000,0.6800,0.0435,-1
KHAPRETA_510206,312003.860,2624194.200,127.2800,1.1931,5.1400,0.3284,-1
KHAPRETA_510206,312005.860,2624194.200,127.1700,0.0000,5.2500,0.3355,-1
KHAPRETA_510206,312012.860,2624194.200,126.9900,0.0000,5.4300,0.3470,-1
KHAPRETA_510206,312014.860,2624194.200,127.4200,0.0000,5.0000,0.3195,-1
KHAPRETA_510206,312020.860,2624194.200,127.1800,1.1831,5.2400,0.3348,-1
KHAPRETA_510206,312026.860,2624194.200,127.0300,0.1700,5.3900,0.3444,-1
KHAPRETA_510206,312031.860,2624194.200,127.2100,1.3131,5.2100,0.3329,-1
KHAPRETA_510206,312041.860,2624194.200,126.9200,1.2831,5.5000,0.3514,-1
KHAPRETA_510206,312047.860,2624194.200,126.9300,1.3431,5.4900,0.3508,-1
KHAPRETA_510206,312056.860,2624194.200,126.7700,0.3350,5.6500,0.3610,-1
KHAPRETA_510206,312066.860,2624194.200,130.0800,0.0481,2.3400,0.1495,-1
KHAPRETA_510206,312071.860,2624194.200,129.5100,0.8781,2.9100,0.1859,-1
KHAPRETA_510206,312077.860,2624194.200,124.7300,3.5293,7.6900,0.4914,-1
KHAPRETA_510206,312078.860,2624194.200,124.7800,2.5283,7.6400,0.4882,-1
KHAPRETA_510206,312079.860,2624194.200,124.6600,0.0400,7.7600,0.4958,-1
KHAPRETA_510206,312080.860,2624194.200,124.7000,2.5581,7.7200,0.4933,-1
KHAPRETA_510206,312083.860,2624194.200,123.7800,2.6081,8.6400,0.5521,-1
KHAPRETA_510206,312086.860,2624194.200,123.5900,3.1081,8.8300,0.5642,-1
KHAPRETA_510206,312087.860,2624194.200,123.5600,3.0931,8.8600,0.5661,-1
KHAPRETA_510206,312090.860,2624194.200,123.9700,0.0000,8.4500,0.5399,-1
KHAPRETA_510206,312102.860,2624194.200,131.4700,0.0000,0.9500,0.0607,-1
KHAPRETA_510206,312114.860,2624194.200,128.4300,0.6481,3.9900,0.2550,-1
KHAPRETA_510206,312118.860,2624194.200,128.4900,0.0000,3.9300,0.2511,-1
KHAPRETA_510206,312121.860,2624194.200,128.5100,0.6281,3.9100,0.2498,-1
KHAPRETA_510206,312123.860,2624194.200,128.5200,0.6431,3.9000,0.2492,-1
KHAPRETA_510206,312126.860,2624194.200,128.5400,0.0000,3.8800,0.2479,-1
KHAPRETA_510206,312144.860,2624194.200,128.8500,0.0000,3.5700,0.2281,-1
KHAPRETA_510206,312147.860,2624194.200,129.0000,0.5231,3.4200,0.2185,-1
KHAPRETA_510206,312155.860,2624194.200,128.9500,0.0000,3.4700,0.2217,-1
KHAPRETA_510206,312157.860,2624194.200,129.0400,0.0000,3.3800,0.2160,-1
KHAPRETA_510206,312160.860,2624194.200,128.9900,0.5781,3.4300,0.2192,-1
KHAPRETA_510206,312170.860,2624194.200,128.8800,0.5819,3.5400,0.2262,-1
KHAPRETA_510206,312171.860,2624194.200,129.0100,0.0600,3.4100,0.2179,-1
KHAPRETA_510206,312172.860,2624194.200,129.0000,0.6283,3.4200,0.2185,-1
KHAPRETA_510206,312179.860,2624194.200,128.6700,0.5231,3.7500,0.2396,-1
KHAPRETA_510206,312182.860,2624194.200,128.9000,0.2800,3.5200,0.2249,-1
KHAPRETA_510206,312186.860,2624194.200,129.1200,0.0000,3.3000,0.2109,-1
KHAPRETA_510206,312190.860,2624194.200,129.1500,0.4464,3.2700,0.2089,-1
KHAPRETA_510206,312191.860,2624194.200,129.1600,0.3131,3.2600,0.2083,-1
KHAPRETA_510206,312195.860,2624194.200,129.2200,0.0000,3.2000,0.2045,-1
KHAPRETA_510206,312201.860,2624194.200,129.2500,0.0000,3.1700,0.2026,-1
KHAPRETA_510206,312203.860,2624194.200,129.2500,0.2531,3.1700,0.2026,-1
KHAPRETA_510206,312205.860,2624194.200,129.2300,0.2781,3.1900,0.2038,-1
KHAPRETA_510206,312212.860,2624194.200,129.3200,0.2181,3.1000,0.1981,-1
KHAPRETA_510206,312213.860,2624194.200,129.3400,0.2281,3.0800,0.1968,-1
KHAPRETA_510206,312215.860,2624194.200,129.3600,0.0000,3.0600,0.1955,-1
KHAPRETA_510206,312227.860,2624194.200,129.6500,0.0681,2.7700,0.1770,-1
KHAPRETA_510206,312232.860,2624194.200,129.6600,0.0000,2.7600,0.1764,-1
KHAPRETA_510206,312238.860,2624194.200,129.7400,0.0150,2.6800,0.1712,-1
KHAPRETA_510206,312241.860,2624194.200,129.7600,0.0255,2.6600,0.1700,-1
KHAPRETA_510206,312242.860,2624194.200,129.7400,0.0081,2.6800,0.1712,-1
KHAPRETA_510206,312247.860,2624194.200,129.8000,0.0019,2.6200,0.1674,-1
KHAPRETA_510206,312251.860,2624194.200,130.3100,0.2069,2.1100,0.1348,-1
KHAPRETA_510206,312258.860,2624194.200,130.5900,0.4369,1.8300,0.1169,-1
KHAPRETA_510206,312259.860,2624194.200,130.6500,0.4069,1.7700,0.1131,-1
KHAPRETA_510206,312263.860,2624194.200,130.6600,0.4369,1.7600,0.1125,-1
KHAPRETA_510206,312264.860,2624194.200,130.6500,0.4380,1.7700,0.1131,-1
KHAPRETA_510206,312265.860,2624194.200,130.6000,0.6179,1.8200,0.1163,-1
KHAPRETA_510206,312268.860,2624194.200,130.6000,0.0850,1.8200,0.1163,-1
KHAPRETA_510206,312273.860,2624194.200,130.6100,0.0000,1.8100,0.1157,-1
KHAPRETA_510206,312283.860,2624194.200,130.6400,0.4720,1.7800,0.1137,-1
KHAPRETA_510206,312284.860,2624194.200,130.7200,0.4330,1.7000,0.1086,-1
KHAPRETA_510206,312286.860,2624194.200,130.6200,0.0000,1.8000,0.1150,-1
KHAPRETA_510206,312288.860,2624194.200,130.7400,0.4669,1.6800,0.1073,-1
KHAPRETA_510206,312289.860,2624194.200,130.7100,0.4819,1.7100,0.1093,-1
KHAPRETA_510206,312294.860,2624194.200,130.8400,0.5169,1.5800,0.1010,-1
KHAPRETA_510206,312295.860,2624194.200,130.8100,0.5319,1.6100,0.1029,-1
KHAPRETA_510206,312298.860,2624194.200,130.8100,0.0000,1.6100,0.1029,-1
KHAPRETA_510206,312304.860,2624194.200,130.4800,0.0000,1.9400,0.1240,-1
KHAPRETA_510206,312306.860,2624194.200,130.5700,0.0000,1.8500,0.1182,-1
KHAPRETA_510206,312308.860,2624194.200,130.6000,0.3819,1.8200,0.1163,-1
KHAPRETA_510206,312309.860,2624194.200,130.5400,0.3786,1.8800,0.1201,-1
KHAPRETA_510206,312310.860,2624194.200,130.5300,0.3487,1.8900,0.1208,-1
KHAPRETA_510206,312311.860,2624194.200,130.4700,0.3769,1.9500,0.1246,-1
KHAPRETA_510206,312324.860,2624194.200,130.9500,0.0000,1.4700,0.0939,-1
KHAPRETA_510206,312328.860,2624194.200,130.9600,0.5669,1.4600,0.0933,-1
KHAPRETA_510206,312332.860,2624194.200,130.7800,0.0000,1.6400,0.1048,-1
KHAPRETA_510206,312334.860,2624194.200,130.7800,0.0000,1.6400,0.1048,-1
KHAPRETA_510206,312341.860,2624194.200,130.9300,0.0000,1.4900,0.0952,-1
KHAPRETA_510206,312343.860,2624194.200,130.8400,0.5619,1.5800,0.1010,-1
KHAPRETA_510206,312359.860,2624194.200,130.9000,0.5569,1.5200,0.0971,-1
KHAPRETA_510206,312360.860,2624194.200,130.8900,0.5619,1.5300,0.0978,-1
KHAPRETA_510206,312367.860,2624194.200,131.0300,0.0000,1.3900,0.0888,-1
KHAPRETA_510206,312372.860,2624194.200,131.1700,0.7119,1.2500,0.0799,-1
KHAPRETA_510206,312373.860,2624194.200,131.2000,0.6969,1.2200,0.0780,-1
KHAPRETA_510206,312376.860,2624194.200,131.3400,0.0000,1.0800,0.0690,-1
KHAPRETA_510206,312382.860,2624194.200,131.3000,0.0000,1.1200,0.0716,-1
KHAPRETA_510206,312384.860,2624194.200,131.5000,0.9223,0.9200,0.0588,-1
KHAPRETA_510206,312385.860,2624194.200,131.5400,0.8619,0.8800,0.0562,-1
KHAPRETA_510206,312389.860,2624194.200,131.6900,0.0000,0.7300,0.0466,-1
KHAPRETA_510206,312396.860,2624194.200,131.6900,0.9869,0.7300,0.0466,-1
KHAPRETA_510206,312397.860,2624194.200,131.7500,1.3604,0.6700,0.0428,-1
KHAPRETA_510206,312399.860,2624194.200,131.7000,0.9319,0.7200,0.0460,-1
KHAPRETA_510206,312400.860,2624194.200,131.6400,0.9920,0.7800,0.0498,-1
KHAPRETA_510206,312401.860,2624194.200,131.7300,0.9319,0.6900,0.0441,-1
KHAPRETA_510206,312404.860,2624194.200,131.7900,0.0000,0.6300,0.0403,-1
KHAPRETA_510206,312408.860,2624194.200,131.7200,0.0000,0.7000,0.0447,-1
KHAPRETA_510206,312410.860,2624194.200,131.5900,1.4064,0.8300,0.0530,-1
KHAPRETA_510206,312411.860,2624194.200,131.7500,0.9069,0.6700,0.0428,-1
KHAPRETA_510206,312419.860,2624194.200,131.7800,1.1469,0.6400,0.0409,-1
KHAPRETA_510206,312420.860,2624194.200,132.0700,1.0019,0.3500,0.0224,-1
KHAPRETA_510206,312473.860,2624194.200,132.3600,0.0000,0.0600,0.0038,-1
KHAPRETA_510206,312479.860,2624194.200,132.3000,0.0000,0.1200,0.0077,-1
KHAPRETA_510206,312481.860,2624194.200,132.3900,1.2669,0.0300,0.0019,-1
KHAPRETA_510206,312490.860,2624194.200,132.1900,1.5735,0.2300,0.0147,-1
KHAPRETA_510206,312491.860,2624194.200,131.9200,1.2069,0.5000,0.0319,-1
KHAPRETA_510206,312499.860,2624194.200,130.4100,0.5207,2.0100,0.1284,-1
KHAPRETA_510206,312500.860,2624194.200,130.6100,0.3109,1.8100,0.1157,-1
KHAPRETA_510206,312501.860,2624194.200,130.9600,0.7427,1.4600,0.0933,-1
KHAPRETA_510206,312502.860,2624194.200,131.4800,0.5919,0.9400,0.0601,-1
KHAPRETA_510206,312505.860,2624194.200,131.7000,0.9269,0.7200,0.0460,-1
KHAPRETA_510206,312512.860,2624194.200,131.7000,0.9869,0.7200,0.0460,-1
KHAPRETA_510206,312515.860,2624194.200,131.8700,0.0000,0.5500,0.0351,-1
KHAPRETA_510206,312521.860,2624194.200,131.8500,1.0169,0.5700,0.0364,-1
KHAPRETA_510206,312523.860,2624194.200,131.7800,1.0219,0.6400,0.0409,-1
KHAPRETA_510206,312526.860,2624194.200,131.8700,1.0119,0.5500,0.0351,-1
KHAPRETA_510206,312532.860,2624194.200,131.8800,1.5762,0.5400,0.0345,-1
KHAPRETA_510206,312533.860,2624194.200,131.7300,0.1818,0.6900,0.0441,-1
KHAPRETA_510206,312534.860,2624194.200,132.1900,1.6157,0.2300,0.0147,-1
KHAPRETA_510206,312536.860,2624194.200,132.3900,0.0000,0.0300,0.0019,-1
KHAPRETA_510206,312013.860,2624195.200,127.3800,1.1931,5.0400,0.3220,-1
KHAPRETA_510206,312016.860,2624195.200,126.9700,0.0000,5.4500,0.3482,-1
KHAPRETA_510206,312018.860,2624195.200,126.8200,0.0000,5.6000,0.3578,-1
KHAPRETA_510206,312020.860,2624195.200,127.4100,1.8750,5.0100,0.3201,-1
KHAPRETA_510206,312021.860,2624195.200,127.0700,1.1831,5.3500,0.3419,-1
KHAPRETA_510206,312026.860,2624195.200,126.8700,1.9277,5.5500,0.3546,-1
KHAPRETA_510206,312027.860,2624195.200,127.0700,1.4531,5.3500,0.3419,-1
KHAPRETA_510206,312031.860,2624195.200,127.1500,1.2831,5.2700,0.3367,-1
KHAPRETA_510206,312033.860,2624195.200,127.2300,0.0000,5.1900,0.3316,-1
KHAPRETA_510206,312035.860,2624195.200,127.2000,0.0000,5.2200,0.3335,-1
KHAPRETA_510206,312037.860,2624195.200,126.8000,1.5181,5.6200,0.3591,-1
KHAPRETA_510206,312038.860,2624195.200,126.7400,1.4881,5.6800,0.3629,-1
KHAPRETA_510206,312041.860,2624195.200,127.2100,1.4281,5.2100,0.3329,-1
KHAPRETA_510206,312048.860,2624195.200,126.9400,0.0000,5.4800,0.3502,-1
KHAPRETA_510206,312054.860,2624195.200,126.9000,1.4231,5.5200,0.3527,-1
KHAPRETA_510206,312056.860,2624195.200,127.0100,1.5031,5.4100,0.3457,-1
KHAPRETA_510206,312059.860,2624195.200,127.2400,0.0000,5.1800,0.3310,-1
KHAPRETA_510206,312066.860,2624195.200,129.6800,0.1519,2.7400,0.1751,-1
KHAPRETA_510206,312073.860,2624195.200,129.5300,0.1509,2.8900,0.1847,-1
KHAPRETA_510206,312074.860,2624195.200,129.4900,2.5305,2.9300,0.1872,-1
KHAPRETA_510206,312075.860,2624195.200,124.6800,0.1431,7.7400,0.4946,-1
KHAPRETA_510206,312078.860,2624195.200,124.7200,2.4981,7.7000,0.4920,-1
KHAPRETA_510206,312083.860,2624195.200,124.5600,0.3050,7.8600,0.5022,-1
KHAPRETA_510206,312103.860,2624195.200,127.6200,0.0000,4.8000,0.3067,-1
KHAPRETA_510206,312105.860,2624195.200,128.1300,0.8481,4.2900,0.2741,-1
KHAPRETA_510206,312111.860,2624195.200,128.4200,0.6831,4.0000,0.2556,-1
KHAPRETA_510206,312112.860,2624195.200,128.4100,0.0050,4.0100,0.2562,-1
KHAPRETA_510206,312113.860,2624195.200,128.4100,0.0350,4.0100,0.2562,-1
KHAPRETA_510206,312114.860,2624195.200,128.4800,0.9590,3.9400,0.2518,-1
KHAPRETA_510206,312121.860,2624195.200,128.5200,0.9167,3.9000,0.2492,-1
KHAPRETA_510206,312122.860,2624195.200,128.4500,0.6281,3.9700,0.2537,-1
KHAPRETA_510206,312127.860,2624195.200,128.5600,0.0000,3.8600,0.2466,-1
KHAPRETA_510206,312129.860,2624195.200,128.6000,0.0000,3.8200,0.2441,-1
KHAPRETA_510206,312133.860,2624195.200,128.4800,0.0000,3.9400,0.2518,-1
KHAPRETA_510206,312143.860,2624195.200,128.9600,0.0000,3.4600,0.2211,-1
KHAPRETA_510206,312147.860,2624195.200,128.7300,0.3881,3.6900,0.2358,-1
KHAPRETA_510206,312153.860,2624195.200,129.0100,0.3981,3.4100,0.2179,-1
KHAPRETA_510206,312154.860,2624195.200,128.9800,0.5670,3.4400,0.2198,-1
KHAPRETA_510206,312156.860,2624195.200,128.9100,0.4031,3.5100,0.2243,-1
KHAPRETA_510206,312163.860,2624195.200,128.9300,0.0000,3.4900,0.2230,-1
KHAPRETA_510206,312170.860,2624195.200,128.9000,0.4481,3.5200,0.2249,-1
KHAPRETA_510206,312173.860,2624195.200,128.8700,0.6482,3.5500,0.2268,-1
KHAPRETA_510206,312174.860,2624195.200,128.6700,0.7188,3.7500,0.2396,-1
KHAPRETA_510206,312179.860,2624195.200,128.7300,0.7612,3.6900,0.2358,-1
KHAPRETA_510206,312180.860,2624195.200,128.7300,0.7649,3.6900,0.2358,-1
KHAPRETA_510206,312182.860,2624195.200,128.6400,0.4381,3.7800,0.2415,-1
KHAPRETA_510206,312184.860,2624195.200,129.2300,0.4147,3.1900,0.2038,-1
KHAPRETA_510206,312185.860,2624195.200,129.1700,0.2731,3.2500,0.2077,-1
KHAPRETA_510206,312193.860,2624195.200,129.1800,0.4323,3.2400,0.2070,-1
KHAPRETA_510206,312194.860,2624195.200,129.1500,0.2981,3.2700,0.2089,-1
KHAPRETA_510206,312207.860,2624195.200,129.2900,0.0000,3.1300,0.2000,-1
KHAPRETA_510206,312212.860,2624195.200,129.3300,0.2281,3.0900,0.1974,-1
KHAPRETA_510206,312225.860,2624195.200,129.6300,0.0031,2.7900,0.1783,-1
KHAPRETA_510206,312226.860,2624195.200,129.7700,0.0731,2.6500,0.1693,-1
KHAPRETA_510206,312228.860,2624195.200,129.6600,0.0631,2.7600,0.1764,-1
KHAPRETA_510206,312231.860,2624195.200,129.6600,0.0000,2.7600,0.1764,-1
KHAPRETA_510206,312238.860,2624195.200,129.7400,0.0181,2.6800,0.1712,-1
KHAPRETA_510206,312247.860,2624195.200,129.7800,0.0169,2.6400,0.1687,-1
KHAPRETA_510206,312248.860,2624195.200,129.8000,0.0019,2.6200,0.1674,-1
KHAPRETA_510206,312251.860,2624195.200,130.1900,0.2669,2.2300,0.1425,-1
KHAPRETA_510206,312260.860,2624195.200,130.5700,0.0000,1.8500,0.1182,-1
KHAPRETA_510206,312264.860,2624195.200,130.6500,0.0250,1.7700,0.1131,-1
KHAPRETA_510206,312268.860,2624195.200,130.5000,0.4119,1.9200,0.1227,-1
KHAPRETA_510206,312271.860,2624195.200,130.6700,0.0000,1.7500,0.1118,-1
KHAPRETA_510206,312282.860,2624195.200,130.7000,0.4819,1.7200,0.1099,-1
KHAPRETA_510206,312283.860,2624195.200,130.7400,0.4320,1.6800,0.1073,-1
KHAPRETA_510206,312284.860,2624195.200,130.7100,0.6745,1.7100,0.1093,-1
KHAPRETA_510206,312287.860,2624195.200,130.7000,0.5019,1.7200,0.1099,-1
KHAPRETA_510206,312299.860,2624195.200,130.8300,0.0000,1.5900,0.1016,-1
KHAPRETA_510206,312307.860,2624195.200,130.5500,0.0000,1.8700,0.1195,-1
KHAPRETA_510206,312309.860,2624195.200,130.5300,0.5160,1.8900,0.1208,-1
KHAPRETA_510206,312310.860,2624195.200,130.4700,0.4135,1.9500,0.1246,-1
KHAPRETA_510206,312331.860,2624195.200,130.9300,0.0000,1.4900,0.0952,-1
KHAPRETA_510206,312333.860,2624195.200,130.8300,0.0000,1.5900,0.1016,-1
KHAPRETA_510206,312339.860,2624195.200,130.8200,0.5469,1.6000,0.1022,-1
KHAPRETA_510206,312342.860,2624195.200,130.9400,0.0000,1.4800,0.0946,-1
KHAPRETA_510206,312345.860,2624195.200,130.8300,0.7700,1.5900,0.1016,-1
KHAPRETA_510206,312346.860,2624195.200,130.8800,0.0100,1.5400,0.0984,-1
KHAPRETA_510206,312347.860,2624195.200,130.8500,0.5519,1.5700,0.1003,-1
KHAPRETA_510206,312349.860,2624195.200,130.9700,0.0000,1.4500,0.0927,-1
KHAPRETA_510206,312351.860,2624195.200,130.9200,0.0000,1.5000,0.0958,-1
KHAPRETA_510206,312361.860,2624195.200,130.9300,0.0000,1.4900,0.0952,-1
KHAPRETA_510206,312377.860,2624195.200,131.3500,0.7769,1.0700,0.0684,-1
KHAPRETA_510206,312379.860,2624195.200,131.4300,0.0000,0.9900,0.0633,-1
KHAPRETA_510206,312384.860,2624195.200,131.5800,0.8619,0.8400,0.0537,-1
KHAPRETA_510206,312387.860,2624195.200,131.6300,0.0000,0.7900,0.0505,-1
KHAPRETA_510206,312394.860,2624195.200,131.7600,0.0000,0.6600,0.0422,-1
KHAPRETA_510206,312410.860,2624195.200,131.7800,0.9069,0.6400,0.0409,-1
KHAPRETA_510206,312412.860,2624195.200,131.7900,0.0000,0.6300,0.0403,-1
KHAPRETA_510206,312415.860,2624195.200,131.8500,0.0000,0.5700,0.0364,-1
KHAPRETA_510206,312471.860,2624195.200,132.1200,0.0000,0.3000,0.0192,-1
KHAPRETA_510206,312481.860,2624195.200,132.3100,1.3069,0.1100,0.0070,-1
KHAPRETA_510206,312490.860,2624195.200,132.0800,0.0700,0.3400,0.0217,-1
KHAPRETA_510206,312492.860,2624195.200,132.1800,1.2719,0.2400,0.0153,-1
KHAPRETA_510206,312493.860,2624195.200,132.3200,1.2019,0.1000,0.0064,-1
KHAPRETA_510206,312496.860,2624195.200,131.2700,0.0000,1.1500,0.0735,-1
KHAPRETA_510206,312500.860,2624195.200,130.4300,0.4169,1.9900,0.1272,-1
KHAPRETA_510206,312503.860,2624195.200,131.6500,1.2369,0.7700,0.0492,-1
KHAPRETA_510206,312504.860,2624195.200,132.2500,0.0100,0.1700,0.0109,-1
KHAPRETA_510206,312505.860,2624195.200,131.6300,1.2514,0.7900,0.0505,-1
KHAPRETA_510206,312507.860,2624195.200,131.7200,0.9519,0.7000,0.0447,-1
KHAPRETA_510206,312508.860,2624195.200,131.6800,0.9719,0.7400,0.0473,-1
KHAPRETA_510206,312510.860,2624195.200,131.7100,0.9319,0.7100,0.0454,-1
KHAPRETA_510206,312511.860,2624195.200,131.6400,0.9669,0.7800,0.0498,-1
KHAPRETA_510206,312518.860,2624195.200,131.8300,0.0000,0.5900,0.0377,-1
KHAPRETA_510206,312521.860,2624195.200,131.8100,1.0369,0.6100,0.0390,-1
KHAPRETA_510206,312527.860,2624195.200,131.9100,0.9719,0.5100,0.0326,-1
KHAPRETA_510206,312530.860,2624195.200,131.8500,1.5411,0.5700,0.0364,-1
KHAPRETA_510206,312531.860,2624195.200,131.7300,0.2000,0.6900,0.0441,-1
KHAPRETA_510206,312532.860,2624195.200,132.2500,1.0812,0.1700,0.0109,-1
KHAPRETA_510206,312533.860,2624195.200,132.2300,0.9782,0.1900,0.0121,-1
KHAPRETA_510206,312534.860,2624195.200,132.3500,1.7211,0.0700,0.0045,-1
KHAPRETA_510206,312537.860,2624195.200,132.2900,0.0000,0.1300,0.0083,-1
KHAPRETA_510206,312003.860,2624196.200,127.1700,0.0000,5.2500,0.3355,-1
KHAPRETA_510206,312005.860,2624196.200,127.4200,1.3081,5.0000,0.3195,-1
KHAPRETA_510206,312011.860,2624196.200,126.9400,1.3731,5.4800,0.3502,-1
KHAPRETA_510206,312013.860,2624196.200,127.3900,1.7085,5.0300,0.3214,-1
KHAPRETA_510206,312014.860,2624196.200,127.3400,1.1931,5.0800,0.3246,-1
KHAPRETA_510206,312017.860,2624196.200,127.2900,0.0000,5.1300,0.3278,-1
KHAPRETA_510206,312019.860,2624196.200,127.3300,0.0000,5.0900,0.3252,-1
KHAPRETA_510206,312023.860,2624196.200,127.1900,0.0000,5.2300,0.3342,-1
KHAPRETA_510206,312025.860,2624196.200,126.9300,0.0000,5.4900,0.3508,-1
KHAPRETA_510206,312028.860,2624196.200,127.1500,1.3731,5.2700,0.3367,-1
KHAPRETA_510206,312039.860,2624196.200,127.0500,1.8518,5.3700,0.3431,-1
KHAPRETA_510206,312040.860,2624196.200,127.0400,2.0033,5.3800,0.3438,-1
KHAPRETA_510206,312043.860,2624196.200,126.9700,0.0000,5.4500,0.3482,-1
KHAPRETA_510206,312045.860,2624196.200,126.9700,2.0380,5.4500,0.3482,-1
KHAPRETA_510206,312046.860,2624196.200,126.9700,1.4031,5.4500,0.3482,-1
KHAPRETA_510206,312049.860,2624196.200,127.0400,0.0000,5.3800,0.3438,-1
KHAPRETA_510206,312054.860,2624196.200,126.9300,2.0373,5.4900,0.3508,-1
KHAPRETA_510206,312055.860,2624196.200,126.8900,1.4231,5.5300,0.3534,-1
KHAPRETA_510206,312057.860,2624196.200,126.8000,2.0231,5.6200,0.3591,-1
KHAPRETA_510206,312058.860,2624196.200,126.9200,1.4881,5.5000,0.3514,-1
KHAPRETA_510206,312060.860,2624196.200,126.6600,0.0000,5.7600,0.3681,-1
KHAPRETA_510206,312067.860,2624196.200,130.1400,0.0000,2.2800,0.1457,-1
KHAPRETA_510206,312069.860,2624196.200,129.5400,0.0281,2.8800,0.1840,-1
KHAPRETA_510206,312072.860,2624196.200,129.2700,0.0481,3.1500,0.2013,-1
KHAPRETA_510206,312073.860,2624196.200,129.6800,0.4858,2.7400,0.1751,-1
KHAPRETA_510206,312074.860,2624196.200,128.3300,0.1509,4.0900,0.2613,-1
KHAPRETA_510206,312081.860,2624196.200,124.6400,2.5631,7.7800,0.4971,-1
KHAPRETA_510206,312082.860,2624196.200,124.6500,0.1250,7.7700,0.4965,-1
KHAPRETA_510206,312083.860,2624196.200,124.3900,2.5631,8.0300,0.5131,-1
KHAPRETA_510206,312104.860,2624196.200,127.8300,1.2243,4.5900,0.2933,-1
KHAPRETA_510206,312105.860,2624196.200,128.0800,1.2745,4.3400,0.2773,-1
KHAPRETA_510206,312107.860,2624196.200,128.3900,0.6731,4.0300,0.2575,-1
KHAPRETA_510206,312108.860,2624196.200,128.4300,0.6931,3.9900,0.2550,-1
KHAPRETA_510206,312116.860,2624196.200,128.4700,0.0000,3.9500,0.2524,-1
KHAPRETA_510206,312128.860,2624196.200,128.5900,0.0000,3.8300,0.2447,-1
KHAPRETA_510206,312138.860,2624196.200,128.6500,0.6631,3.7700,0.2409,-1
KHAPRETA_510206,312140.860,2624196.200,128.5900,0.0000,3.8300,0.2447,-1
KHAPRETA_510206,312152.860,2624196.200,128.9500,0.4431,3.4700,0.2217,-1
KHAPRETA_510206,312154.860,2624196.200,128.9400,0.3981,3.4800,0.2224,-1
KHAPRETA_510206,312156.860,2624196.200,128.9700,0.0450,3.4500,0.2204,-1
KHAPRETA_510206,312166.860,2624196.200,128.9700,0.0000,3.4500,0.2204,-1
KHAPRETA_510206,312168.860,2624196.200,129.1100,0.3481,3.3100,0.2115,-1
KHAPRETA_510206,312171.860,2624196.200,128.7700,0.4731,3.6500,0.2332,-1
KHAPRETA_510206,312173.860,2624196.200,129.1000,0.7188,3.3200,0.2121,-1
KHAPRETA_510206,312174.860,2624196.200,128.6600,0.6482,3.7600,0.2403,-1
KHAPRETA_510206,312176.860,2624196.200,128.6700,0.0000,3.7500,0.2396,-1
KHAPRETA_510206,312180.860,2624196.200,128.6600,0.5231,3.7600,0.2403,-1
KHAPRETA_510206,312184.860,2624196.200,129.2100,0.0200,3.2100,0.2051,-1
KHAPRETA_510206,312187.860,2624196.200,129.1900,0.0000,3.2300,0.2064,-1
KHAPRETA_510206,312189.860,2624196.200,129.2600,0.0000,3.1600,0.2019,-1
KHAPRETA_510206,312191.860,2624196.200,129.1800,0.0000,3.2400,0.2070,-1
KHAPRETA_510206,312193.860,2624196.200,129.1800,0.2981,3.2400,0.2070,-1
KHAPRETA_510206,312205.860,2624196.200,129.2600,0.2381,3.1600,0.2019,-1
KHAPRETA_510206,312206.860,2624196.200,129.3000,0.2581,3.1200,0.1994,-1
KHAPRETA_510206,312209.860,2624196.200,129.3100,0.0000,3.1100,0.1987,-1
KHAPRETA_510206,312211.860,2624196.200,129.2700,0.2431,3.1500,0.2013,-1
KHAPRETA_510206,312214.860,2624196.200,129.3400,0.0000,3.0800,0.1968,-1
KHAPRETA_510206,312219.860,2624196.200,129.5900,0.1031,2.8300,0.1808,-1
KHAPRETA_510206,312220.860,2624196.200,129.5700,0.0931,2.8500,0.1821,-1
KHAPRETA_510206,312228.860,2624196.200,129.6500,0.0581,2.7700,0.1770,-1
KHAPRETA_510206,312233.860,2624196.200,129.7000,0.0000,2.7200,0.1738,-1
KHAPRETA_510206,312239.860,2624196.200,129.7400,0.0269,2.6800,0.1712,-1
KHAPRETA_510206,312250.860,2624196.200,129.7500,0.0000,2.6700,0.1706,-1
KHAPRETA_510206,312252.860,2624196.200,129.7600,0.0000,2.6600,0.1700,-1
KHAPRETA_510206,312256.860,2624196.200,130.6000,0.3769,1.8200,0.1163,-1
KHAPRETA_510206,312257.860,2624196.200,130.5300,0.4119,1.8900,0.1208,-1
KHAPRETA_510206,312261.860,2624196.200,130.6100,0.5686,1.8100,0.1157,-1
KHAPRETA_510206,312262.860,2624196.200,130.6000,0.4169,1.8200,0.1163,-1
KHAPRETA_510206,312264.860,2624196.200,130.6000,0.4369,1.8200,0.1163,-1
KHAPRETA_510206,312270.860,2624196.200,130.6600,0.0000,1.7600,0.1125,-1
KHAPRETA_510206,312272.860,2624196.200,130.7000,0.4619,1.7200,0.1099,-1
KHAPRETA_510206,312273.860,2624196.200,130.7000,0.6498,1.7200,0.1099,-1
KHAPRETA_510206,312277.860,2624196.200,130.4700,0.3219,1.9500,0.1246,-1
KHAPRETA_510206,312278.860,2624196.200,130.4200,0.3469,2.0000,0.1278,-1
KHAPRETA_510206,312280.860,2624196.200,130.7000,0.0000,1.7200,0.1099,-1
KHAPRETA_510206,312287.860,2624196.200,130.7800,0.0100,1.6400,0.1048,-1
KHAPRETA_510206,312293.860,2624196.200,130.8100,0.0000,1.6100,0.1029,-1
KHAPRETA_510206,312300.860,2624196.200,130.7100,0.0000,1.7100,0.1093,-1
KHAPRETA_510206,312304.860,2624196.200,130.4400,0.0000,1.9800,0.1265,-1
KHAPRETA_510206,312310.860,2624196.200,130.1900,0.4871,2.2300,0.1425,-1
KHAPRETA_510206,312311.860,2624196.200,130.4600,0.2069,1.9600,0.1252,-1
KHAPRETA_510206,312313.860,2624196.200,130.8500,0.0000,1.5700,0.1003,-1
KHAPRETA_510206,312316.860,2624196.200,130.8500,0.0000,1.5700,0.1003,-1
KHAPRETA_510206,312320.860,2624196.200,131.0500,0.0000,1.3700,0.0875,-1
KHAPRETA_510206,312322.860,2624196.200,130.9500,0.0000,1.4700,0.0939,-1
KHAPRETA_510206,312324.860,2624196.200,131.0300,0.5819,1.3900,0.0888,-1
KHAPRETA_510206,312325.860,2624196.200,130.9400,0.0000,1.4800,0.0946,-1
KHAPRETA_510206,312326.860,2624196.200,131.0300,0.5819,1.3900,0.0888,-1
KHAPRETA_510206,312329.860,2624196.200,130.9600,0.0000,1.4600,0.0933,-1
KHAPRETA_510206,312338.860,2624196.200,130.8700,0.5469,1.5500,0.0990,-1
KHAPRETA_510206,312339.860,2624196.200,130.8700,0.7560,1.5500,0.0990,-1
KHAPRETA_510206,312341.860,2624196.200,130.8900,0.0000,1.5300,0.0978,-1
KHAPRETA_510206,312345.860,2624196.200,130.8500,0.0250,1.5700,0.1003,-1
KHAPRETA_510206,312357.860,2624196.200,130.9400,0.5619,1.4800,0.0946,-1
KHAPRETA_510206,312358.860,2624196.200,130.9000,0.5620,1.5200,0.0971,-1
KHAPRETA_510206,312359.860,2624196.200,130.9200,0.5619,1.5000,0.0958,-1
KHAPRETA_510206,312363.860,2624196.200,130.9100,0.6169,1.5100,0.0965,-1
KHAPRETA_510206,312364.860,2624196.200,131.0100,0.0400,1.4100,0.0901,-1
KHAPRETA_510206,312365.860,2624196.200,130.8300,0.6169,1.5900,0.1016,-1
KHAPRETA_510206,312369.860,2624196.200,131.1300,0.0000,1.2900,0.0824,-1
KHAPRETA_510206,312377.860,2624196.200,131.3300,0.7869,1.0900,0.0696,-1
KHAPRETA_510206,312385.860,2624196.200,131.2500,0.7719,1.1700,0.0748,-1
KHAPRETA_510206,312388.860,2624196.200,131.7300,0.8969,0.6900,0.0441,-1
KHAPRETA_510206,312390.860,2624196.200,131.7500,0.0000,0.6700,0.0428,-1
KHAPRETA_510206,312392.860,2624196.200,131.7800,0.0000,0.6400,0.0409,-1
KHAPRETA_510206,312399.860,2624196.200,131.8300,0.0000,0.5900,0.0377,-1
KHAPRETA_510206,312403.860,2624196.200,131.7600,0.0000,0.6600,0.0422,-1
KHAPRETA_510206,312406.860,2624196.200,131.8000,0.0000,0.6200,0.0396,-1
KHAPRETA_510206,312473.860,2624196.200,132.3800,1.8059,0.0400,0.0026,-1
KHAPRETA_510206,312474.860,2624196.200,132.3300,1.8342,0.0900,0.0058,-1
KHAPRETA_510206,312476.860,2624196.200,132.3600,0.0000,0.0600,0.0038,-1
KHAPRETA_510206,312478.860,2624196.200,132.4200,0.0000,0.0000,0.0000,-1
KHAPRETA_510206,312487.860,2624196.200,132.2600,0.0000,0.1600,0.0102,-1
KHAPRETA_510206,312490.860,2624196.200,132.0500,1.1519,0.3700,0.0236,-1
KHAPRETA_510206,312494.860,2624196.200,131.9700,0.8869,0.4500,0.0288,-1
KHAPRETA_510206,312495.860,2624196.200,131.5500,1.0969,0.8700,0.0556,-1
KHAPRETA_510206,312499.860,2624196.200,130.5900,0.5569,1.8300,0.1169,-1
KHAPRETA_510206,312505.860,2624196.200,132.0800,0.9269,0.3400,0.0217,-1
KHAPRETA_510206,312522.860,2624196.200,131.8900,0.0000,0.5300,0.0339,-1
KHAPRETA_510206,312527.860,2624196.200,131.7200,0.0250,0.7000,0.0447,-1
KHAPRETA_510206,312529.860,2624196.200,132.2300,1.1919,0.1900,0.0121,-1
KHAPRETA_510206,312530.860,2624196.200,132.1600,1.2563,0.2600,0.0166,-1
KHAPRETA_510206,312539.860,2624196.200,132.4200,0.0000,0.0000,0.0000,-1
KHAPRETA_510206,312005.860,2624197.200,127.1600,1.7018,5.2600,0.3361,-1
KHAPRETA_510206,312006.860,2624197.200,127.3200,1.3081,5.1000,0.3259,-1
KHAPRETA_510206,312011.860,2624197.200,127.0300,1.4181,5.3900,0.3444,-1
KHAPRETA_510206,312024.860,2624197.200,127.1900,1.1781,5.2300,0.3342,-1
KHAPRETA_510206,312028.860,2624197.200,127.0300,0.0250,5.3900,0.3444,-1
KHAPRETA_510206,312030.860,2624197.200,127.1800,1.3081,5.2400,0.3348,-1
KHAPRETA_510206,312034.860,2624197.200,127.2400,1.2881,5.1800,0.3310,-1
KHAPRETA_510206,312039.860,2624197.200,127.2800,2.0033,5.1400,0.3284,-1
KHAPRETA_510206,312040.860,2624197.200,126.8400,1.8518,5.5800,0.3565,-1
KHAPRETA_510206,312044.860,2624197.200,126.8900,1.4781,5.5300,0.3534,-1
KHAPRETA_510206,312045.860,2624197.200,126.8200,1.4431,5.6000,0.3578,-1
KHAPRETA_510206,312048.860,2624197.200,126.9500,0.0000,5.4700,0.3495,-1
KHAPRETA_510206,312050.860,2624197.200,126.9900,0.0000,5.4300,0.3470,-1
KHAPRETA_510206,312057.860,2624197.200,126.9100,0.0550,5.5100,0.3521,-1
KHAPRETA_510206,312062.860,2624197.200,127.0000,0.0000,5.4200,0.3463,-1
KHAPRETA_510206,312064.860,2624197.200,129.6400,0.0000,2.7800,0.1776,-1
KHAPRETA_510206,312069.860,2624197.200,129.7200,0.1181,2.7000,0.1725,-1
KHAPRETA_510206,312075.860,2624197.200,124.6900,0.0000,7.7300,0.4939,-1
KHAPRETA_510206,312083.860,2624197.200,124.5900,3.8405,7.8300,0.5003,-1
KHAPRETA_510206,312084.860,2624197.200,124.3000,0.3800,8.1200,0.5188,-1
KHAPRETA_510206,312085.860,2624197.200,123.8300,2.7381,8.5900,0.5489,-1
KHAPRETA_510206,312087.860,2624197.200,123.9600,2.8931,8.4600,0.5406,-1
KHAPRETA_510206,312104.860,2624197.200,128.0100,0.9731,4.4100,0.2818,-1
KHAPRETA_510206,312106.860,2624197.200,128.3500,0.0000,4.0700,0.2601,-1
KHAPRETA_510206,312109.860,2624197.200,128.4500,0.6431,3.9700,0.2537,-1
KHAPRETA_510206,312110.860,2624197.200,128.4900,0.6631,3.9300,0.2511,-1
KHAPRETA_510206,312113.860,2624197.200,128.3800,0.6381,4.0400,0.2581,-1
KHAPRETA_510206,312114.860,2624197.200,128.5000,0.6981,3.9200,0.2505,-1
KHAPRETA_510206,312120.860,2624197.200,128.5300,0.0000,3.8900,0.2486,-1
KHAPRETA_510206,312123.860,2624197.200,128.5100,0.0000,3.9100,0.2498,-1
KHAPRETA_510206,312126.860,2624197.200,128.4900,0.0000,3.9300,0.2511,-1
KHAPRETA_510206,312131.860,2624197.200,128.5100,0.5931,3.9100,0.2498,-1
KHAPRETA_510206,312132.860,2624197.200,128.5900,0.1100,3.8300,0.2447,-1
KHAPRETA_510206,312133.860,2624197.200,128.7300,0.5931,3.6900,0.2358,-1
KHAPRETA_510206,312136.860,2624197.200,128.3100,0.0000,4.1100,0.2626,-1
KHAPRETA_510206,312138.860,2624197.200,128.4500,0.5631,3.9700,0.2537,-1
KHAPRETA_510206,312141.860,2624197.200,128.8300,0.4831,3.5900,0.2294,-1
KHAPRETA_510206,312147.860,2624197.200,128.9100,0.6868,3.5100,0.2243,-1
KHAPRETA_510206,312148.860,2624197.200,128.7900,0.4544,3.6300,0.2319,-1
KHAPRETA_510206,312149.860,2624197.200,128.9800,0.4931,3.4400,0.2198,-1
KHAPRETA_510206,312152.860,2624197.200,128.8900,0.4135,3.5300,0.2256,-1
KHAPRETA_510206,312153.860,2624197.200,128.9500,0.4431,3.4700,0.2217,-1
KHAPRETA_510206,312155.860,2624197.200,128.9300,0.3881,3.4900,0.2230,-1
KHAPRETA_510206,312156.860,2624197.200,129.0000,0.4297,3.4200,0.2185,-1
KHAPRETA_510206,312161.860,2624197.200,129.0300,0.3681,3.3900,0.2166,-1
KHAPRETA_510206,312165.860,2624197.200,128.9400,0.3831,3.4800,0.2224,-1
KHAPRETA_510206,312168.860,2624197.200,129.0800,0.3331,3.3400,0.2134,-1
KHAPRETA_510206,312171.860,2624197.200,128.8300,0.5064,3.5900,0.2294,-1
KHAPRETA_510206,312172.860,2624197.200,129.6600,0.4731,2.7600,0.1764,-1
KHAPRETA_510206,312175.860,2624197.200,128.7400,0.5531,3.6800,0.2351,-1
KHAPRETA_510206,312177.860,2624197.200,128.6700,0.0000,3.7500,0.2396,-1
KHAPRETA_510206,312184.860,2624197.200,129.1900,0.2831,3.2300,0.2064,-1
KHAPRETA_510206,312200.860,2624197.200,129.2300,0.0000,3.1900,0.2038,-1
KHAPRETA_510206,312211.860,2624197.200,129.2900,0.3308,3.1300,0.2000,-1
KHAPRETA_510206,312212.860,2624197.200,129.3500,0.3299,3.0700,0.1962,-1
KHAPRETA_510206,312223.860,2624197.200,129.6100,0.0681,2.8100,0.1796,-1
KHAPRETA_510206,312224.860,2624197.200,129.6400,0.1043,2.7800,0.1776,-1
KHAPRETA_510206,312226.860,2624197.200,129.6800,0.0000,2.7400,0.1751,-1
KHAPRETA_510206,312238.860,2624197.200,129.7400,0.0271,2.6800,0.1712,-1
KHAPRETA_510206,312239.860,2624197.200,129.8300,0.0255,2.5900,0.1655,-1
KHAPRETA_510206,312241.860,2624197.200,129.7800,0.0134,2.6400,0.1687,-1
KHAPRETA_510206,312242.860,2624197.200,129.7500,0.0131,2.6700,0.1706,-1
KHAPRETA_510206,312243.860,2624197.200,129.7800,0.0131,2.6400,0.1687,-1
KHAPRETA_510206,312248.860,2624197.200,129.7800,0.0000,2.6400,0.1687,-1
KHAPRETA_510206,312259.860,2624197.200,130.4600,0.0000,1.9600,0.1252,-1
KHAPRETA_510206,312261.860,2624197.200,130.5600,0.4169,1.8600,0.1188,-1
KHAPRETA_510206,312273.860,2624197.200,130.6900,0.0150,1.7300,0.1105,-1
KHAPRETA_510206,312276.860,2624197.200,130.7100,0.0000,1.7100,0.1093,-1
KHAPRETA_510206,312287.860,2624197.200,130.7200,0.5019,1.7000,0.1086,-1
KHAPRETA_510206,312291.860,2624197.200,130.7600,0.0000,1.6600,0.1061,-1
KHAPRETA_510206,312296.860,2624197.200,130.8200,0.0000,1.6000,0.1022,-1
KHAPRETA_510206,312301.860,2624197.200,130.7500,0.4769,1.6700,0.1067,-1
KHAPRETA_510206,312302.860,2624197.200,130.7300,0.5053,1.6900,0.1080,-1
KHAPRETA_510206,312303.860,2624197.200,130.4800,0.6468,1.9400,0.1240,-1
KHAPRETA_510206,312306.860,2624197.200,130.1000,0.0000,2.3200,0.1482,-1
KHAPRETA_510206,312308.860,2624197.200,130.1900,0.0000,2.2300,0.1425,-1
KHAPRETA_510206,312312.860,2624197.200,130.8600,0.0000,1.5600,0.0997,-1
KHAPRETA_510206,312321.860,2624197.200,130.9500,0.0000,1.4700,0.0939,-1
KHAPRETA_510206,312323.860,2624197.200,130.9400,0.0000,1.4800,0.0946,-1
KHAPRETA_510206,312331.860,2624197.200,130.9100,0.0000,1.5100,0.0965,-1
KHAPRETA_510206,312334.860,2624197.200,130.8600,0.0000,1.5600,0.0997,-1
KHAPRETA_510206,312345.860,2624197.200,130.8800,0.5369,1.5400,0.0984,-1
KHAPRETA_510206,312347.860,2624197.200,130.8900,0.0000,1.5300,0.0978,-1
KHAPRETA_510206,312350.860,2624197.200,130.8500,0.0000,1.5700,0.1003,-1
KHAPRETA_510206,312352.860,2624197.200,130.8700,0.5619,1.5500,0.0990,-1
KHAPRETA_510206,312355.860,2624197.200,130.9700,0.7842,1.4500,0.0927,-1
KHAPRETA_510206,312356.860,2624197.200,130.8700,0.8477,1.5500,0.0990,-1
KHAPRETA_510206,312358.860,2624197.200,130.9000,0.0350,1.5200,0.0971,-1
KHAPRETA_510206,312362.860,2624197.200,130.9700,0.0000,1.4500,0.0927,-1
KHAPRETA_510206,312367.860,2624197.200,131.1400,0.0000,1.2800,0.0818,-1
KHAPRETA_510206,312380.860,2624197.200,131.4000,0.0000,1.0200,0.0652,-1
KHAPRETA_510206,312385.860,2624197.200,131.3200,0.7369,1.1000,0.0703,-1
KHAPRETA_510206,312387.860,2624197.200,131.5900,0.8969,0.8300,0.0530,-1
KHAPRETA_510206,312388.860,2624197.200,131.5700,1.3330,0.8500,0.0543,-1
KHAPRETA_510206,312394.860,2624197.200,131.7600,0.0000,0.6600,0.0422,-1
KHAPRETA_510206,312396.860,2624197.200,131.7700,1.4276,0.6500,0.0415,-1
KHAPRETA_510206,312397.860,2624197.200,131.8100,0.9969,0.6100,0.0390,-1
KHAPRETA_510206,312413.860,2624197.200,131.7400,0.0000,0.6800,0.0435,-1
KHAPRETA_510206,312470.860,2624197.200,132.4000,1.2569,0.0200,0.0013,-1
KHAPRETA_510206,312471.860,2624197.200,132.2900,1.3119,0.1300,0.0083,-1
KHAPRETA_510206,312473.860,2624197.200,132.3300,1.2921,0.0900,0.0058,-1
KHAPRETA_510206,312474.860,2624197.200,132.3600,1.8059,0.0600,0.0038,-1
KHAPRETA_510206,312477.860,2624197.200,132.3600,0.0000,0.0600,0.0038,-1
KHAPRETA_510206,312498.860,2624197.200,130.9600,0.5569,1.4600,0.0933,-1
KHAPRETA_510206,312499.860,2624197.200,130.8900,0.4802,1.5300,0.0978,-1
KHAPRETA_510206,312500.860,2624197.200,130.4500,0.5569,1.9700,0.1259,-1
KHAPRETA_510206,312507.860,2624197.200,131.8200,1.4531,0.6000,0.0383,-1
KHAPRETA_510206,312508.860,2624197.200,131.9000,1.0219,0.5200,0.0332,-1
KHAPRETA_510206,312512.860,2624197.200,131.7200,0.9469,0.7000,0.0447,-1
KHAPRETA_510206,312513.860,2624197.200,131.6700,0.9719,0.7500,0.0479,-1
KHAPRETA_510206,312519.860,2624197.200,131.9100,1.0919,0.5100,0.0326,-1
KHAPRETA_510206,312523.860,2624197.200,131.8900,0.0000,0.5300,0.0339,-1
KHAPRETA_510206,312527.860,2624197.200,131.9600,0.9719,0.4600,0.0294,-1
KHAPRETA_510206,312530.860,2624197.200,132.3900,1.1919,0.0300,0.0019,-1
KHAPRETA_510206,312538.860,2624197.200,132.3700,1.2619,0.0500,0.0032,-1
KHAPRETA_510206,312542.860,2624197.200,132.4200,1.2919,0.0000,0.0000,-1
KHAPRETA_510206,312001.860,2624198.200,127.5200,1.1531,4.9000,0.3131,-1
KHAPRETA_510206,312004.860,2624198.200,127.1900,0.0000,5.2300,0.3342,-1
KHAPRETA_510206,312009.860,2624198.200,127.3000,0.0000,5.1200,0.3272,-1
KHAPRETA_510206,312014.860,2624198.200,126.9100,0.0000,5.5100,0.3521,-1
KHAPRETA_510206,312019.860,2624198.200,127.2800,0.0000,5.1400,0.3284,-1
KHAPRETA_510206,312023.860,2624198.200,127.2700,1.7753,5.1500,0.3291,-1
KHAPRETA_510206,312024.860,2624198.200,127.4200,1.2965,5.0000,0.3195,-1
KHAPRETA_510206,312025.860,2624198.200,127.0800,1.1781,5.3400,0.3412,-1
KHAPRETA_510206,312028.860,2624198.200,127.1000,0.1500,5.3200,0.3399,-1
KHAPRETA_510206,312030.860,2624198.200,127.1600,1.8181,5.2600,0.3361,-1
KHAPRETA_510206,312031.860,2624198.200,127.2300,1.3081,5.1900,0.3316,-1
KHAPRETA_510206,312033.860,2624198.200,127.2300,1.8358,5.1900,0.3316,-1
KHAPRETA_510206,312034.860,2624198.200,127.2000,1.7968,5.2200,0.3335,-1
KHAPRETA_510206,312036.860,2624198.200,127.1900,0.0000,5.2300,0.3342,-1
KHAPRETA_510206,312045.860,2624198.200,126.9700,1.4781,5.4500,0.3482,-1
KHAPRETA_510206,312047.860,2624198.200,127.0100,1.4631,5.4100,0.3457,-1
KHAPRETA_510206,312049.860,2624198.200,127.0400,0.0000,5.3800,0.3438,-1
KHAPRETA_510206,312056.860,2624198.200,126.9700,1.4331,5.4500,0.3482,-1
KHAPRETA_510206,312057.860,2624198.200,126.9100,2.0056,5.5100,0.3521,-1
KHAPRETA_510206,312070.860,2624198.200,129.9500,0.2995,2.4700,0.1578,-1
KHAPRETA_510206,312071.860,2624198.200,129.2600,0.4550,3.1600,0.2019,-1
KHAPRETA_510206,312072.860,2624198.200,129.0400,0.5127,3.3800,0.2160,-1
KHAPRETA_510206,312074.860,2624198.200,128.0400,0.0000,4.3800,0.2799,-1
KHAPRETA_510206,312077.860,2624198.200,124.6900,0.0000,7.7300,0.4939,-1
KHAPRETA_510206,312082.860,2624198.200,124.6700,0.0000,7.7500,0.4952,-1
KHAPRETA_510206,312087.860,2624198.200,123.9900,0.0400,8.4300,0.5387,-1
KHAPRETA_510206,312091.860,2624198.200,124.1200,0.0000,8.3000,0.5304,-1
KHAPRETA_510206,312103.860,2624198.200,128.0800,0.0000,4.3400,0.2773,-1
KHAPRETA_510206,312105.860,2624198.200,128.3700,0.0000,4.0500,0.2588,-1
KHAPRETA_510206,312108.860,2624198.200,128.4900,0.0000,3.9300,0.2511,-1
KHAPRETA_510206,312122.860,2624198.200,128.5100,0.6231,3.9100,0.2498,-1
KHAPRETA_510206,312141.860,2624198.200,128.8100,0.4731,3.6100,0.2307,-1
KHAPRETA_510206,312147.860,2624198.200,128.8200,0.4610,3.6000,0.2300,-1
KHAPRETA_510206,312148.860,2624198.200,128.8700,0.6868,3.5500,0.2268,-1
KHAPRETA_510206,312152.860,2624198.200,128.9100,0.4431,3.5100,0.2243,-1
KHAPRETA_510206,312156.860,2624198.200,128.8200,0.0150,3.6000,0.2300,-1
KHAPRETA_510206,312161.860,2624198.200,129.0400,0.3708,3.3800,0.2160,-1
KHAPRETA_510206,312162.860,2624198.200,129.0400,0.5170,3.3800,0.2160,-1
KHAPRETA_510206,312165.860,2624198.200,129.0100,0.4181,3.4100,0.2179,-1
KHAPRETA_510206,312167.860,2624198.200,129.0300,0.0000,3.3900,0.2166,-1
KHAPRETA_510206,312170.860,2624198.200,129.0800,0.0000,3.3400,0.2134,-1
KHAPRETA_510206,312175.860,2624198.200,128.6700,0.0400,3.7500,0.2396,-1
KHAPRETA_510206,312179.860,2624198.200,128.8700,0.0000,3.5500,0.2268,-1
KHAPRETA_510206,312181.860,2624198.200,128.8500,0.0000,3.5700,0.2281,-1
KHAPRETA_510206,312193.860,2624198.200,129.2100,0.2631,3.2100,0.2051,-1
KHAPRETA_510206,312195.860,2624198.200,129.2000,0.0000,3.2200,0.2058,-1
KHAPRETA_510206,312199.860,2624198.200,129.2000,0.0000,3.2200,0.2058,-1
KHAPRETA_510206,312202.860,2624198.200,129.3200,0.2181,3.1000,0.1981,-1
KHAPRETA_510206,312205.860,2624198.200,129.3100,0.2131,3.1100,0.1987,-1
KHAPRETA_510206,312212.860,2624198.200,129.3300,0.2131,3.0900,0.1974,-1
KHAPRETA_510206,312218.860,2624198.200,129.4200,0.0000,3.0000,0.1917,-1
KHAPRETA_510206,312220.860,2624198.200,129.6000,0.0000,2.8200,0.1802,-1
KHAPRETA_510206,312222.860,2624198.200,129.6100,0.0000,2.8100,0.1796,-1
KHAPRETA_510206,312224.860,2624198.200,129.6500,0.0681,2.7700,0.1770,-1
KHAPRETA_510206,312229.860,2624198.200,129.6700,0.0531,2.7500,0.1757,-1
KHAPRETA_510206,312230.860,2624198.200,129.6700,0.0531,2.7500,0.1757,-1
KHAPRETA_510206,312232.860,2624198.200,129.7200,0.0000,2.7000,0.1725,-1
KHAPRETA_510206,312234.860,2624198.200,129.7100,0.0334,2.7100,0.1732,-1
KHAPRETA_510206,312235.860,2624198.200,129.7400,0.0331,2.6800,0.1712,-1
KHAPRETA_510206,312238.860,2624198.200,129.7700,0.0181,2.6500,0.1693,-1
KHAPRETA_510206,312241.860,2624198.200,129.7700,0.0132,2.6500,0.1693,-1
KHAPRETA_510206,312242.860,2624198.200,129.7500,0.0059,2.6700,0.1706,-1
KHAPRETA_510206,312244.860,2624198.200,129.7700,0.0081,2.6500,0.1693,-1
KHAPRETA_510206,312245.860,2624198.200,129.7600,0.0150,2.6600,0.1700,-1
KHAPRETA_510206,312246.860,2624198.200,129.8000,0.0081,2.6200,0.1674,-1
KHAPRETA_510206,312253.860,2624198.200,130.0600,0.0000,2.3600,0.1508,-1
KHAPRETA_510206,312260.860,2624198.200,130.5300,0.0000,1.8900,0.1208,-1
KHAPRETA_510206,312262.860,2624198.200,130.5400,0.4269,1.8800,0.1201,-1
KHAPRETA_510206,312263.860,2624198.200,130.6300,0.0300,1.7900,0.1144,-1
KHAPRETA_510206,312264.860,2624198.200,130.6000,0.4269,1.8200,0.1163,-1
KHAPRETA_510206,312267.860,2624198.200,130.6000,0.0000,1.8200,0.1163,-1
KHAPRETA_510206,312273.860,2624198.200,130.7300,0.6605,1.6900,0.1080,-1
KHAPRETA_510206,312274.860,2624198.200,130.7300,0.4769,1.6900,0.1080,-1
KHAPRETA_510206,312279.860,2624198.200,130.4100,0.0000,2.0100,0.1284,-1
KHAPRETA_510206,312283.860,2624198.200,130.7300,0.0000,1.6900,0.1080,-1
KHAPRETA_510206,312285.860,2624198.200,130.7800,0.0000,1.6400,0.1048,-1
KHAPRETA_510206,312290.860,2624198.200,130.7100,0.0000,1.7100,0.1093,-1
KHAPRETA_510206,312297.860,2624198.200,130.8500,0.5269,1.5700,0.1003,-1
KHAPRETA_510206,312298.860,2624198.200,130.8300,0.5369,1.5900,0.1016,-1
KHAPRETA_510206,312302.860,2624198.200,130.7500,0.6468,1.6700,0.1067,-1
KHAPRETA_510206,312303.860,2624198.200,130.6500,0.6008,1.7700,0.1131,-1
KHAPRETA_510206,312311.860,2624198.200,130.8700,0.0000,1.5500,0.0990,-1
KHAPRETA_510206,312327.860,2624198.200,131.0000,0.5969,1.4200,0.0907,-1
KHAPRETA_510206,312329.860,2624198.200,130.9000,0.0000,1.5200,0.0971,-1
KHAPRETA_510206,312333.860,2624198.200,130.9700,0.0000,1.4500,0.0927,-1
KHAPRETA_510206,312336.860,2624198.200,130.9000,0.0000,1.5200,0.0971,-1
KHAPRETA_510206,312352.860,2624198.200,130.9000,0.5469,1.5200,0.0971,-1
KHAPRETA_510206,312354.860,2624198.200,130.8800,0.5619,1.5400,0.0984,-1
KHAPRETA_510206,312355.860,2624198.200,130.9000,0.5990,1.5200,0.0971,-1
KHAPRETA_510206,312356.860,2624198.200,130.9800,0.5470,1.4400,0.0920,-1
KHAPRETA_510206,312357.860,2624198.200,130.8900,0.0050,1.5300,0.0978,-1
KHAPRETA_510206,312358.860,2624198.200,130.9700,0.5575,1.4500,0.0927,-1
KHAPRETA_510206,312360.860,2624198.200,130.9300,0.6169,1.4900,0.0952,-1
KHAPRETA_510206,312361.860,2624198.200,131.0100,0.5769,1.4100,0.0901,-1
KHAPRETA_510206,312369.860,2624198.200,131.2800,0.0000,1.1400,0.0728,-1
KHAPRETA_510206,312373.860,2624198.200,131.3300,0.0000,1.0900,0.0696,-1
KHAPRETA_510206,312377.860,2624198.200,131.4200,0.0000,1.0000,0.0639,-1
KHAPRETA_510206,312381.860,2624198.200,131.4400,1.2048,0.9800,0.0626,-1
KHAPRETA_510206,312382.860,2624198.200,131.4700,0.0050,0.9500,0.0607,-1
KHAPRETA_510206,312383.860,2624198.200,131.4300,0.8469,0.9900,0.0633,-1
KHAPRETA_510206,312391.860,2624198.200,131.7600,1.0569,0.6600,0.0422,-1
KHAPRETA_510206,312392.860,2624198.200,131.8900,0.9919,0.5300,0.0339,-1
KHAPRETA_510206,312396.860,2624198.200,131.7800,0.9969,0.6400,0.0409,-1
KHAPRETA_510206,312399.860,2624198.200,131.8200,0.0000,0.6000,0.0383,-1
KHAPRETA_510206,312405.860,2624198.200,131.7700,0.0000,0.6500,0.0415,-1
KHAPRETA_510206,312409.860,2624198.200,131.7500,0.0000,0.6700,0.0428,-1
KHAPRETA_510206,312412.860,2624198.200,131.7400,1.0669,0.6800,0.0435,-1
KHAPRETA_510206,312469.860,2624198.200,132.3300,0.0000,0.0900,0.0058,-1
KHAPRETA_510206,312473.860,2624198.200,132.3400,1.2769,0.0800,0.0051,-1
KHAPRETA_510206,312475.860,2624198.200,132.3400,0.0000,0.0800,0.0051,-1
KHAPRETA_510206,312480.860,2624198.200,132.4200,0.0000,0.0000,0.0000,-1
KHAPRETA_510206,312494.860,2624198.200,131.9600,0.0000,0.4600,0.0294,-1
KHAPRETA_510206,312496.860,2624198.200,131.5500,0.8019,0.8700,0.0556,-1
KHAPRETA_510206,312497.860,2624198.200,131.3800,0.8869,1.0400,0.0665,-1
KHAPRETA_510206,312503.860,2624198.200,131.0100,1.0687,1.4100,0.0901,-1
KHAPRETA_510206,312504.860,2624198.200,131.4300,1.1279,0.9900,0.0633,-1
KHAPRETA_510206,312505.860,2624198.200,132.2200,0.8269,0.2000,0.0128,-1
KHAPRETA_510206,312507.860,2624198.200,131.7600,0.0200,0.6600,0.0422,-1
KHAPRETA_510206,312509.860,2624198.200,131.7900,1.0619,0.6300,0.0403,-1
KHAPRETA_510206,312519.860,2624198.200,131.9600,0.0550,0.4600,0.0294,-1
KHAPRETA_510206,312524.860,2624198.200,131.7900,1.2669,0.6300,0.0403,-1
KHAPRETA_510206,312538.860,2624198.200,132.3000,1.2969,0.1200,0.0077,-1
KHAPRETA_510206,312542.860,2624198.200,132.3600,1.3219,0.0600,0.0038,-1
KHAPRETA_510206,312001.860,2624199.200,127.4700,1.1281,4.9500,0.3163,-1
KHAPRETA_510206,312005.860,2624199.200,127.2900,0.0000,5.1300,0.3278,-1
KHAPRETA_510206,312007.860,2624199.200,127.1900,1.3081,5.2300,0.3342,-1
KHAPRETA_510206,312008.860,2624199.200,127.1600,1.2931,5.2600,0.3361,-1
KHAPRETA_510206,312016.860,2624199.200,127.1300,0.0000,5.2900,0.3380,-1
KHAPRETA_510206,312018.860,2624199.200,127.2400,1.3881,5.1800,0.3310,-1
KHAPRETA_510206,312021.860,2624199.200,127.3400,0.0000,5.0800,0.3246,-1
KHAPRETA_510206,312023.860,2624199.200,127.1200,1.2531,5.3000,0.3387,-1
KHAPRETA_510206,312026.860,2624199.200,127.0900,0.0000,5.3300,0.3406,-1
KHAPRETA_510206,312028.860,2624199.200,127.3300,1.3381,5.0900,0.3252,-1
KHAPRETA_510206,312033.860,2624199.200,127.1600,1.2731,5.2600,0.3361,-1
KHAPRETA_510206,312039.860,2624199.200,126.8400,1.3431,5.5800,0.3565,-1
KHAPRETA_510206,312047.860,2624199.200,126.8500,1.9419,5.5700,0.3559,-1
KHAPRETA_510206,312048.860,2624199.200,127.0500,1.4631,5.3700,0.3431,-1
KHAPRETA_510206,312064.860,2624199.200,129.4000,0.0000,3.0200,0.1930,-1
KHAPRETA_510206,312066.860,2624199.200,130.3600,0.3169,2.0600,0.1316,-1
KHAPRETA_510206,312068.860,2624199.200,130.7300,0.2119,1.6900,0.1080,-1
KHAPRETA_510206,312069.860,2624199.200,130.2000,0.3250,2.2200,0.1419,-1
KHAPRETA_510206,312070.860,2624199.200,130.0800,0.3240,2.3400,0.1495,-1
KHAPRETA_510206,312072.860,2624199.200,128.8900,0.5608,3.5300,0.2256,-1
KHAPRETA_510206,312073.860,2624199.200,128.9300,0.4431,3.4900,0.2230,-1
KHAPRETA_510206,312081.860,2624199.200,124.6500,0.0000,7.7700,0.4965,-1
KHAPRETA_510206,312084.860,2624199.200,124.0000,0.0000,8.4200,0.5380,-1
KHAPRETA_510206,312087.860,2624199.200,123.8800,2.7889,8.5400,0.5457,-1
KHAPRETA_510206,312088.860,2624199.200,124.2000,0.1250,8.2200,0.5252,-1
KHAPRETA_510206,312089.860,2624199.200,124.1300,0.0350,8.2900,0.5297,-1
KHAPRETA_510206,312090.860,2624199.200,124.1300,4.0315,8.2900,0.5297,-1
KHAPRETA_510206,312106.860,2624199.200,128.4300,0.6831,3.9900,0.2550,-1
KHAPRETA_510206,312107.860,2624199.200,128.4100,0.6731,4.0100,0.2562,-1
KHAPRETA_510206,312110.860,2624199.200,128.4400,0.0000,3.9800,0.2543,-1
KHAPRETA_510206,312112.860,2624199.200,128.4900,0.6781,3.9300,0.2511,-1
KHAPRETA_510206,312113.860,2624199.200,128.4200,0.6431,4.0000,0.2556,-1
KHAPRETA_510206,312116.860,2624199.200,128.4600,0.0000,3.9600,0.2530,-1
KHAPRETA_510206,312120.860,2624199.200,128.4300,0.0000,3.9900,0.2550,-1
KHAPRETA_510206,312122.860,2624199.200,128.5300,0.6331,3.8900,0.2486,-1
KHAPRETA_510206,312125.860,2624199.200,128.4500,0.9324,3.9700,0.2537,-1
KHAPRETA_510206,312126.860,2624199.200,128.3800,0.6631,4.0400,0.2581,-1
KHAPRETA_510206,312130.860,2624199.200,128.7400,0.0000,3.6800,0.2351,-1
KHAPRETA_510206,312135.860,2624199.200,128.7000,0.0000,3.7200,0.2377,-1
KHAPRETA_510206,312137.860,2624199.200,128.7700,0.0000,3.6500,0.2332,-1
KHAPRETA_510206,312140.860,2624199.200,128.8400,0.0000,3.5800,0.2288,-1
KHAPRETA_510206,312147.860,2624199.200,128.7400,0.4781,3.6800,0.2351,-1
KHAPRETA_510206,312149.860,2624199.200,128.7200,0.0000,3.7000,0.2364,-1
KHAPRETA_510206,312154.860,2624199.200,128.9500,0.3981,3.4700,0.2217,-1
KHAPRETA_510206,312155.860,2624199.200,128.9800,0.0400,3.4400,0.2198,-1
KHAPRETA_510206,312156.860,2624199.200,129.0300,0.6221,3.3900,0.2166,-1
KHAPRETA_510206,312161.860,2624199.200,128.9400,0.3636,3.4800,0.2224,-1
KHAPRETA_510206,312162.860,2624199.200,129.0500,0.5570,3.3700,0.2153,-1
KHAPRETA_510206,312168.860,2624199.200,128.9700,0.0000,3.4500,0.2204,-1
KHAPRETA_510206,312173.860,2624199.200,129.0200,0.5731,3.4000,0.2173,-1
KHAPRETA_510206,312174.860,2624199.200,128.6300,0.4414,3.7900,0.2422,-1
KHAPRETA_510206,312175.860,2624199.200,128.6600,0.7964,3.7600,0.2403,-1
KHAPRETA_510206,312177.860,2624199.200,128.6100,0.0000,3.8100,0.2435,-1
KHAPRETA_510206,312180.860,2624199.200,128.8600,0.0000,3.5600,0.2275,-1
KHAPRETA_510206,312193.860,2624199.200,129.2500,0.2831,3.1700,0.2026,-1
KHAPRETA_510206,312197.860,2624199.200,129.2200,0.0000,3.2000,0.2045,-1
KHAPRETA_510206,312202.860,2624199.200,129.3400,0.2281,3.0800,0.1968,-1
KHAPRETA_510206,312205.860,2624199.200,129.3500,0.2331,3.0700,0.1962,-1
KHAPRETA_510206,312207.860,2624199.200,129.3000,0.0000,3.1200,0.1994,-1
KHAPRETA_510206,312209.860,2624199.200,129.2900,0.2331,3.1300,0.2000,-1
KHAPRETA_510206,312210.860,2624199.200,129.3100,0.0100,3.1100,0.1987,-1
KHAPRETA_510206,312211.860,2624199.200,129.3100,0.2331,3.1100,0.1987,-1
KHAPRETA_510206,312216.860,2624199.200,129.4200,0.1631,3.0000,0.1917,-1
KHAPRETA_510206,312217.860,2624199.200,129.4500,0.1781,2.9700,0.1898,-1
KHAPRETA_510206,312219.860,2624199.200,129.5400,0.0000,2.8800,0.1840,-1
KHAPRETA_510206,312234.860,2624199.200,129.7200,0.0331,2.7000,0.1725,-1
KHAPRETA_510206,312237.860,2624199.200,129.7400,0.0231,2.6800,0.1712,-1
KHAPRETA_510206,312240.860,2624199.200,129.7800,0.0031,2.6400,0.1687,-1
KHAPRETA_510206,312242.860,2624199.200,129.7600,0.0200,2.6600,0.1700,-1
KHAPRETA_510206,312254.860,2624199.200,130.2000,0.0000,2.2200,0.1419,-1
KHAPRETA_510206,312256.860,2624199.200,130.5900,0.0000,1.8300,0.1169,-1
KHAPRETA_510206,312259.860,2624199.200,130.6100,0.0000,1.8100,0.1157,-1
KHAPRETA_510206,312266.860,2624199.200,130.6300,0.0000,1.7900,0.1144,-1
KHAPRETA_510206,312276.860,2624199.200,130.6600,0.0000,1.7600,0.1125,-1
KHAPRETA_510206,312278.860,2624199.200,130.7300,0.0000,1.6900,0.1080,-1
KHAPRETA_510206,312280.860,2624199.200,130.4700,0.0000,1.9500,0.1246,-1
KHAPRETA_510206,312282.860,2624199.200,130.7700,0.0000,1.6500,0.1054,-1
KHAPRETA_510206,312286.860,2624199.200,130.7700,0.4769,1.6500,0.1054,-1
KHAPRETA_510206,312287.860,2624199.200,130.7300,0.4969,1.6900,0.1080,-1
KHAPRETA_510206,312295.860,2624199.200,130.8100,0.0000,1.6100,0.1029,-1
KHAPRETA_510206,312301.860,2624199.200,130.8800,0.0000,1.5400,0.0984,-1
KHAPRETA_510206,312306.860,2624199.200,130.1800,0.7511,2.2400,0.1431,-1
KHAPRETA_510206,312307.860,2624199.200,130.9200,0.2019,1.5000,0.0958,-1
KHAPRETA_510206,312312.860,2624199.200,130.8100,0.5119,1.6100,0.1029,-1
KHAPRETA_510206,312313.860,2624199.200,130.8000,0.5169,1.6200,0.1035,-1
KHAPRETA_510206,312320.860,2624199.200,130.8600,0.5569,1.5600,0.0997,-1
KHAPRETA_510206,312321.860,2624199.200,130.8900,0.0400,1.5300,0.0978,-1
KHAPRETA_510206,312322.860,2624199.200,130.9400,0.5945,1.4800,0.0946,-1
KHAPRETA_510206,312323.860,2624199.200,131.0000,0.5819,1.4200,0.0907,-1
KHAPRETA_510206,312326.860,2624199.200,130.9600,0.5969,1.4600,0.0933,-1
KHAPRETA_510206,312327.860,2624199.200,130.9700,0.8514,1.4500,0.0927,-1
KHAPRETA_510206,312332.860,2624199.200,130.9800,0.0000,1.4400,0.0920,-1
KHAPRETA_510206,312335.860,2624199.200,130.8800,0.0000,1.5400,0.0984,-1
KHAPRETA_510206,312340.860,2624199.200,130.8500,0.0000,1.5700,0.1003,-1
KHAPRETA_510206,312342.860,2624199.200,130.9000,0.5669,1.5200,0.0971,-1
KHAPRETA_510206,312343.860,2624199.200,130.9100,0.5619,1.5100,0.0965,-1
KHAPRETA_510206,312353.860,2624199.200,130.9600,0.5669,1.4600,0.0933,-1
KHAPRETA_510206,312358.860,2624199.200,130.9500,0.5969,1.4700,0.0939,-1
KHAPRETA_510206,312363.860,2624199.200,131.1900,0.0000,1.2300,0.0786,-1
KHAPRETA_510206,312365.860,2624199.200,131.1300,0.7419,1.2900,0.0824,-1
KHAPRETA_510206,312376.860,2624199.200,131.3600,0.0000,1.0600,0.0677,-1
KHAPRETA_510206,312380.860,2624199.200,131.4200,0.8569,1.0000,0.0639,-1
KHAPRETA_510206,312381.860,2624199.200,131.4900,1.1695,0.9300,0.0594,-1
KHAPRETA_510206,312385.860,2624199.200,131.4700,0.8519,0.9500,0.0607,-1
KHAPRETA_510206,312387.860,2624199.200,131.2800,0.7369,1.1400,0.0728,-1
KHAPRETA_510206,312389.860,2624199.200,131.5200,0.9769,0.9000,0.0575,-1
KHAPRETA_510206,312412.860,2624199.200,131.9100,0.9819,0.5100,0.0326,-1
KHAPRETA_510206,312482.860,2624199.200,132.4100,0.0000,0.0100,0.0006,-1
KHAPRETA_510206,312503.860,2624199.200,131.1300,1.1344,1.2900,0.0824,-1
KHAPRETA_510206,312504.860,2624199.200,131.6800,1.0687,0.7400,0.0473,-1
KHAPRETA_510206,312507.860,2624199.200,131.7800,0.9919,0.6400,0.0409,-1
KHAPRETA_510206,312509.860,2624199.200,131.9000,1.0069,0.5200,0.0332,-1
KHAPRETA_510206,312511.860,2624199.200,131.9000,1.5018,0.5200,0.0332,-1
KHAPRETA_510206,312512.860,2624199.200,131.9100,0.0250,0.5100,0.0326,-1
KHAPRETA_510206,312513.860,2624199.200,131.8500,1.0669,0.5700,0.0364,-1
KHAPRETA_510206,312515.860,2624199.200,131.9600,0.0000,0.4600,0.0294,-1
KHAPRETA_510206,312517.860,2624199.200,131.8800,0.0000,0.5400,0.0345,-1
KHAPRETA_510206,312519.860,2624199.200,132.0200,1.0919,0.4000,0.0256,-1
KHAPRETA_510206,312521.860,2624199.200,131.7900,1.2819,0.6300,0.0403,-1
KHAPRETA_510206,312524.860,2624199.200,132.3100,1.0069,0.1100,0.0070,-1
KHAPRETA_510206,312527.860,2624199.200,132.4200,0.0000,0.0000,0.0000,-1
KHAPRETA_510206,312541.860,2624199.200,132.2700,0.0000,0.1500,0.0096,-1
KHAPRETA_510206,312002.860,2624200.200,127.1200,0.0000,5.3000,0.3387,-1
KHAPRETA_510206,312004.860,2624200.200,127.2700,0.0000,5.1500,0.3291,-1
KHAPRETA_510206,312009.860,2624200.200,127.0900,0.0000,5.3300,0.3406,-1
KHAPRETA_510206,312012.860,2624200.200,126.9600,1.2631,5.4600,0.3489,-1
KHAPRETA_510206,312014.860,2624200.200,127.1900,1.3181,5.2300,0.3342,-1
KHAPRETA_510206,312015.860,2624200.200,127.1400,1.7325,5.2800,0.3374,-1
KHAPRETA_510206,312018.860,2624200.200,127.0000,1.2681,5.4200,0.3463,-1
KHAPRETA_510206,312020.860,2624200.200,127.1900,1.2831,5.2300,0.3342,-1
KHAPRETA_510206,312027.860,2624200.200,127.0200,0.0000,5.4000,0.3450,-1
KHAPRETA_510206,312036.860,2624200.200,127.2400,0.0000,5.1800,0.3310,-1
KHAPRETA_510206,312039.860,2624200.200,127.0900,2.0481,5.3300,0.3406,-1
KHAPRETA_510206,312040.860,2624200.200,126.9200,0.1250,5.5000,0.3514,-1
KHAPRETA_510206,312041.860,2624200.200,126.8400,0.0350,5.5800,0.3565,-1
KHAPRETA_510206,312042.860,2624200.200,126.8500,1.4091,5.5700,0.3559,-1
KHAPRETA_510206,312043.860,2624200.200,126.9500,2.0480,5.4700,0.3495,-1
KHAPRETA_510206,312046.860,2624200.200,127.0700,1.3681,5.3500,0.3419,-1
KHAPRETA_510206,312049.860,2624200.200,126.9700,0.0000,5.4500,0.3482,-1
KHAPRETA_510206,312051.860,2624200.200,126.9700,0.0000,5.4500,0.3482,-1
KHAPRETA_510206,312053.860,2624200.200,127.0500,0.0000,5.3700,0.3431,-1
KHAPRETA_510206,312060.860,2624200.200,126.7600,1.4881,5.6600,0.3617,-1
KHAPRETA_510206,312066.860,2624200.200,130.4100,0.2919,2.0100,0.1284,-1
KHAPRETA_510206,312070.860,2624200.200,130.4400,0.1519,1.9800,0.1265,-1
KHAPRETA_510206,312075.860,2624200.200,126.9000,0.6631,5.5200,0.3527,-1
KHAPRETA_510206,312080.860,2624200.200,124.6900,0.0000,7.7300,0.4939,-1
KHAPRETA_510206,312083.860,2624200.200,124.5600,0.0000,7.8600,0.5022,-1
KHAPRETA_510206,312087.860,2624200.200,123.8500,2.9481,8.5700,0.5476,-1
KHAPRETA_510206,312090.860,2624200.200,124.0200,2.8231,8.4000,0.5367,-1
KHAPRETA_510206,312099.860,2624200.200,127.7800,0.0000,4.6400,0.2965,-1
KHAPRETA_510206,312104.860,2624200.200,128.4100,0.0000,4.0100,0.2562,-1
KHAPRETA_510206,312109.860,2624200.200,128.3500,0.0000,4.0700,0.2601,-1
KHAPRETA_510206,312118.860,2624200.200,128.4900,0.6381,3.9300,0.2511,-1
KHAPRETA_510206,312121.860,2624200.200,128.5100,0.0000,3.9100,0.2498,-1
KHAPRETA_510206,312123.860,2624200.200,128.2800,0.0000,4.1400,0.2645,-1
KHAPRETA_510206,312125.860,2624200.200,128.5400,0.6631,3.8800,0.2479,-1
KHAPRETA_510206,312131.860,2624200.200,128.7000,0.5331,3.7200,0.2377,-1
KHAPRETA_510206,312132.860,2624200.200,128.7100,0.0500,3.7100,0.2371,-1
KHAPRETA_510206,312133.860,2624200.200,128.8000,0.0650,3.6200,0.2313,-1
KHAPRETA_510206,312134.860,2624200.200,128.8400,0.6797,3.5800,0.2288,-1
KHAPRETA_510206,312136.860,2624200.200,128.6000,0.0000,3.8200,0.2441,-1
KHAPRETA_510206,312145.860,2624200.200,128.8200,0.4531,3.6000,0.2300,-1
KHAPRETA_510206,312150.860,2624200.200,128.6300,0.0000,3.7900,0.2422,-1
KHAPRETA_510206,312157.860,2624200.200,128.8300,0.0000,3.5900,0.2294,-1
KHAPRETA_510206,312160.860,2624200.200,129.0200,0.5453,3.4000,0.2173,-1
KHAPRETA_510206,312161.860,2624200.200,129.0000,0.5637,3.4200,0.2185,-1
KHAPRETA_510206,312165.860,2624200.200,129.0200,0.0000,3.4000,0.2173,-1
KHAPRETA_510206,312174.860,2624200.200,128.9700,0.5731,3.4500,0.2204,-1
KHAPRETA_510206,312179.860,2624200.200,128.9900,0.0000,3.4300,0.2192,-1
KHAPRETA_510206,312182.860,2624200.200,128.8800,0.0000,3.5400,0.2262,-1
KHAPRETA_510206,312189.860,2624200.200,129.1900,0.0000,3.2300,0.2064,-1
KHAPRETA_510206,312191.860,2624200.200,129.2300,0.0000,3.1900,0.2038,-1
KHAPRETA_510206,312195.860,2624200.200,129.2100,0.2731,3.2100,0.2051,-1
KHAPRETA_510206,312198.860,2624200.200,129.2900,0.3482,3.1300,0.2000,-1
KHAPRETA_510206,312199.860,2624200.200,129.3200,0.2431,3.1000,0.1981,-1
KHAPRETA_510206,312220.860,2624200.200,129.7300,0.0000,2.6900,0.1719,-1
KHAPRETA_510206,312230.860,2624200.200,129.7300,0.0331,2.6900,0.1719,-1
KHAPRETA_510206,312235.860,2624200.200,129.7300,0.0231,2.6900,0.1719,-1
KHAPRETA_510206,312236.860,2624200.200,129.7300,0.0181,2.6900,0.1719,-1
KHAPRETA_510206,312237.860,2624200.200,129.7300,0.0231,2.6900,0.1719,-1
KHAPRETA_510206,312240.860,2624200.200,129.7700,0.0000,2.6500,0.1693,-1
KHAPRETA_510206,312242.860,2624200.200,129.7900,0.0081,2.6300,0.1681,-1
KHAPRETA_510206,312250.860,2624200.200,129.8300,0.0319,2.5900,0.1655,-1
KHAPRETA_510206,312251.860,2624200.200,129.8400,0.0481,2.5800,0.1649,-1
KHAPRETA_510206,312252.860,2624200.200,129.7400,0.0550,2.6800,0.1712,-1
KHAPRETA_510206,312253.860,2624200.200,129.7300,0.0255,2.6900,0.1719,-1
KHAPRETA_510206,312258.860,2624200.200,130.5900,0.0000,1.8300,0.1169,-1
KHAPRETA_510206,312261.860,2624200.200,130.5300,0.0000,1.8900,0.1208,-1
KHAPRETA_510206,312267.860,2624200.200,130.6600,0.0000,1.7600,0.1125,-1
KHAPRETA_510206,312272.860,2624200.200,130.7200,0.0000,1.7000,0.1086,-1
KHAPRETA_510206,312298.860,2624200.200,130.8500,0.5369,1.5700,0.1003,-1
KHAPRETA_510206,312299.860,2624200.200,130.8500,0.5369,1.5700,0.1003,-1
KHAPRETA_510206,312304.860,2624200.200,130.8000,0.4619,1.6200,0.1035,-1
KHAPRETA_510206,312306.860,2624200.200,130.7500,0.2019,1.6700,0.1067,-1
KHAPRETA_510206,312308.860,2624200.200,130.8200,0.0000,1.6000,0.1022,-1
KHAPRETA_510206,312314.860,2624200.200,130.8500,0.5719,1.5700,0.1003,-1
KHAPRETA_510206,312315.860,2624200.200,130.9200,0.5369,1.5000,0.0958,-1
KHAPRETA_510206,312317.860,2624200.200,130.9600,0.0000,1.4600,0.0933,-1
KHAPRETA_510206,312322.860,2624200.200,130.9600,0.5819,1.4600,0.0933,-1
KHAPRETA_510206,312325.860,2624200.200,130.9500,0.5869,1.4700,0.0939,-1
KHAPRETA_510206,312333.860,2624200.200,130.9500,0.5919,1.4700,0.0939,-1
KHAPRETA_510206,312334.860,2624200.200,130.9600,0.5869,1.4600,0.0933,-1
KHAPRETA_510206,312347.860,2624200.200,130.8900,0.0000,1.5300,0.0978,-1
KHAPRETA_510206,312352.860,2624200.200,130.9500,0.5669,1.4700,0.0939,-1
KHAPRETA_510206,312353.860,2624200.200,130.9100,0.8336,1.5100,0.0965,-1
KHAPRETA_510206,312356.860,2624200.200,131.0000,0.5719,1.4200,0.0907,-1
KHAPRETA_510206,312357.860,2624200.200,130.9200,0.6119,1.5000,0.0958,-1
KHAPRETA_510206,312359.860,2624200.200,130.9900,0.6419,1.4300,0.0914,-1
KHAPRETA_510206,312360.860,2624200.200,131.0600,0.8907,1.3600,0.0869,-1
KHAPRETA_510206,312365.860,2624200.200,131.2600,0.6769,1.1600,0.0741,-1
KHAPRETA_510206,312368.860,2624200.200,131.3000,0.0000,1.1200,0.0716,-1
KHAPRETA_510206,312373.860,2624200.200,131.3200,0.0000,1.1000,0.0703,-1
KHAPRETA_510206,312385.860,2624200.200,131.4800,1.1698,0.9400,0.0601,-1
KHAPRETA_510206,312386.860,2624200.200,131.3900,0.1150,1.0300,0.0658,-1
KHAPRETA_510206,312387.860,2624200.200,131.2500,0.8104,1.1700,0.0748,-1
KHAPRETA_510206,312389.860,2624200.200,131.7300,0.8719,0.6900,0.0441,-1
KHAPRETA_510206,312395.860,2624200.200,131.8100,1.0169,0.6100,0.0390,-1
KHAPRETA_510206,312399.860,2624200.200,131.7200,1.0019,0.7000,0.0447,-1
KHAPRETA_510206,312402.860,2624200.200,131.8000,0.0000,0.6200,0.0396,-1
KHAPRETA_510206,312411.860,2624200.200,132.0200,0.0000,0.4000,0.0256,-1
KHAPRETA_510206,312466.860,2624200.200,132.3700,1.2869,0.0500,0.0032,-1
KHAPRETA_510206,312467.860,2624200.200,132.3500,1.8306,0.0700,0.0045,-1
KHAPRETA_510206,312473.860,2624200.200,132.3700,1.8589,0.0500,0.0032,-1
KHAPRETA_510206,312474.860,2624200.200,132.4100,1.2969,0.0100,0.0006,-1
KHAPRETA_510206,312496.860,2624200.200,131.9700,1.0819,0.4500,0.0288,-1
KHAPRETA_510206,312497.860,2624200.200,131.9400,1.0969,0.4800,0.0307,-1
KHAPRETA_510206,312506.860,2624200.200,132.2000,0.0000,0.2200,0.0141,-1
KHAPRETA_510206,312511.860,2624200.200,131.8900,1.0619,0.5300,0.0339,-1
KHAPRETA_510206,312514.860,2624200.200,131.7200,0.0000,0.7000,0.0447,-1
KHAPRETA_510206,312521.860,2624200.200,132.3400,1.0069,0.0800,0.0051,-1
KHAPRETA_510206,312528.860,2624200.200,132.4200,0.0000,0.0000,0.0000,-1
KHAPRETA_510206,312531.860,2624200.200,132.2600,0.0000,0.1600,0.0102,-1
KHAPRETA_510206,311997.860,2624201.200,127.3100,1.2931,5.1100,0.3265,-1
KHAPRETA_510206,312001.860,2624201.200,127.2100,0.0000,5.2100,0.3329,-1
KHAPRETA_510206,312007.860,2624201.200,127.1000,0.0000,5.3200,0.3399,-1
KHAPRETA_510206,312012.860,2624201.200,127.2500,1.4081,5.1700,0.3304,-1
KHAPRETA_510206,312015.860,2624201.200,127.4700,1.8290,4.9500,0.3163,-1
KHAPRETA_510206,312016.860,2624201.200,127.2400,1.8084,5.1800,0.3310,-1
KHAPRETA_510206,312020.860,2624201.200,127.2100,0.0100,5.2100,0.3329,-1
KHAPRETA_510206,312024.860,2624201.200,127.1200,1.3531,5.3000,0.3387,-1
KHAPRETA_510206,312032.860,2624201.200,127.2700,0.0000,5.1500,0.3291,-1
KHAPRETA_510206,312035.860,2624201.200,127.1500,0.0000,5.2700,0.3367,-1
KHAPRETA_510206,312042.860,2624201.200,126.9600,2.0480,5.4600,0.3489,-1
KHAPRETA_510206,312043.860,2624201.200,126.9100,1.4141,5.5100,0.3521,-1
KHAPRETA_510206,312044.860,2624201.200,127.0700,1.4331,5.3500,0.3419,-1
KHAPRETA_510206,312046.860,2624201.200,127.0400,1.3531,5.3800,0.3438,-1
KHAPRETA_510206,312048.860,2624201.200,126.9500,1.4131,5.4700,0.3495,-1
KHAPRETA_510206,312052.860,2624201.200,126.8000,0.0000,5.6200,0.3591,-1
KHAPRETA_510206,312055.860,2624201.200,127.0100,0.0000,5.4100,0.3457,-1
KHAPRETA_510206,312060.860,2624201.200,126.8000,0.0250,5.6200,0.3591,-1
KHAPRETA_510206,312064.860,2624201.200,129.7900,0.0000,2.6300,0.1681,-1
KHAPRETA_510206,312068.860,2624201.200,130.6600,0.0000,1.7600,0.1125,-1
KHAPRETA_510206,312073.860,2624201.200,130.3600,0.4519,2.0600,0.1316,-1
KHAPRETA_510206,312075.860,2624201.200,128.4500,2.6716,3.9700,0.2537,-1
KHAPRETA_510206,312076.860,2624201.200,126.2000,1.6400,6.2200,0.3974,-1
KHAPRETA_510206,312077.860,2624201.200,125.1700,1.6286,7.2500,0.4633,-1
KHAPRETA_510206,312078.860,2624201.200,124.6900,2.3031,7.7300,0.4939,-1
KHAPRETA_510206,312084.860,2624201.200,124.0300,0.0000,8.3900,0.5361,-1
KHAPRETA_510206,312103.860,2624201.200,128.4500,0.0000,3.9700,0.2537,-1
KHAPRETA_510206,312113.860,2624201.200,128.5100,0.0000,3.9100,0.2498,-1
KHAPRETA_510206,312117.860,2624201.200,128.4800,0.6381,3.9400,0.2518,-1
KHAPRETA_510206,312118.860,2624201.200,128.5000,0.9130,3.9200,0.2505,-1
KHAPRETA_510206,312134.860,2624201.200,128.8300,0.4681,3.5900,0.2294,-1
KHAPRETA_510206,312143.860,2624201.200,128.8000,0.6942,3.6200,0.2313,-1
KHAPRETA_510206,312144.860,2624201.200,128.7600,0.4893,3.6600,0.2339,-1
KHAPRETA_510206,312145.860,2624201.200,128.8700,0.6976,3.5500,0.2268,-1
KHAPRETA_510206,312148.860,2624201.200,128.6800,0.0000,3.7400,0.2390,-1
KHAPRETA_510206,312152.860,2624201.200,128.9000,0.3981,3.5200,0.2249,-1
KHAPRETA_510206,312155.860,2624201.200,128.8500,0.0000,3.5700,0.2281,-1
KHAPRETA_510206,312160.860,2624201.200,129.0100,0.3781,3.4100,0.2179,-1
KHAPRETA_510206,312164.860,2624201.200,128.7700,0.0000,3.6500,0.2332,-1
KHAPRETA_510206,312168.860,2624201.200,129.0700,0.0000,3.3500,0.2141,-1
KHAPRETA_510206,312171.860,2624201.200,128.8700,0.0000,3.5500,0.2268,-1
KHAPRETA_510206,312175.860,2624201.200,128.8900,0.4681,3.5300,0.2256,-1
KHAPRETA_510206,312177.860,2624201.200,128.9900,0.0000,3.4300,0.2192,-1
KHAPRETA_510206,312183.860,2624201.200,128.9600,0.0000,3.4600,0.2211,-1
KHAPRETA_510206,312186.860,2624201.200,129.1900,0.0000,3.2300,0.2064,-1
KHAPRETA_510206,312195.860,2624201.200,129.2300,0.0150,3.1900,0.2038,-1
KHAPRETA_510206,312198.860,2624201.200,129.2500,0.0200,3.1700,0.2026,-1
KHAPRETA_510206,312200.860,2624201.200,129.2700,0.0000,3.1500,0.2013,-1
KHAPRETA_510206,312205.860,2624201.200,129.3000,0.0000,3.1200,0.1994,-1
KHAPRETA_510206,312221.860,2624201.200,129.6500,0.0831,2.7700,0.1770,-1
KHAPRETA_510206,312222.860,2624201.200,129.6100,0.2108,2.8100,0.1796,-1
KHAPRETA_510206,312223.860,2624201.200,129.9200,0.0831,2.5000,0.1597,-1
KHAPRETA_510206,312228.860,2624201.200,129.6800,0.0000,2.7400,0.1751,-1
KHAPRETA_510206,312230.860,2624201.200,129.7100,0.0187,2.7100,0.1732,-1
KHAPRETA_510206,312231.860,2624201.200,129.7400,0.0331,2.6800,0.1712,-1
KHAPRETA_510206,312234.860,2624201.200,129.7200,0.0231,2.7000,0.1725,-1
KHAPRETA_510206,312236.860,2624201.200,129.7400,0.0293,2.6800,0.1712,-1
KHAPRETA_510206,312237.860,2624201.200,129.7400,0.0236,2.6800,0.1712,-1
KHAPRETA_510206,312238.860,2624201.200,129.7500,0.0181,2.6700,0.1706,-1
KHAPRETA_510206,312240.860,2624201.200,129.7800,0.0100,2.6400,0.1687,-1
KHAPRETA_510206,312243.860,2624201.200,129.7900,0.0000,2.6300,0.1681,-1
KHAPRETA_510206,312247.860,2624201.200,129.8100,0.0000,2.6100,0.1668,-1
KHAPRETA_510206,312251.860,2624201.200,129.8100,0.0319,2.6100,0.1668,-1
KHAPRETA_510206,312253.860,2624201.200,129.7400,0.1094,2.6800,0.1712,-1
KHAPRETA_510206,312254.860,2624201.200,129.9900,0.2559,2.4300,0.1553,-1
KHAPRETA_510206,312255.860,2624201.200,130.1900,0.1131,2.2300,0.1425,-1
KHAPRETA_510206,312257.860,2624201.200,130.6100,0.0000,1.8100,0.1157,-1
KHAPRETA_510206,312260.860,2624201.200,130.5700,0.0000,1.8500,0.1182,-1
KHAPRETA_510206,312262.860,2624201.200,130.5500,0.0000,1.8700,0.1195,-1
KHAPRETA_510206,312266.860,2624201.200,130.6900,0.0000,1.7300,0.1105,-1
KHAPRETA_510206,312268.860,2624201.200,130.7100,0.0000,1.7100,0.1093,-1
KHAPRETA_510206,312285.860,2624201.200,130.6600,0.4869,1.7600,0.1125,-1
KHAPRETA_510206,312286.860,2624201.200,130.7500,0.4419,1.6700,0.1067,-1
KHAPRETA_510206,312293.860,2624201.200,130.8800,0.4969,1.5400,0.0984,-1
KHAPRETA_510206,312297.860,2624201.200,130.9200,0.0000,1.5000,0.0958,-1
KHAPRETA_510206,312304.860,2624201.200,130.7000,0.5119,1.7200,0.1099,-1
KHAPRETA_510206,312307.860,2624201.200,130.8500,0.0000,1.5700,0.1003,-1
KHAPRETA_510206,312311.860,2624201.200,130.8300,0.0000,1.5900,0.1016,-1
KHAPRETA_510206,312318.860,2624201.200,130.9800,0.6119,1.4400,0.0920,-1
KHAPRETA_510206,312319.860,2624201.200,131.0000,0.6019,1.4200,0.0907,-1
KHAPRETA_510206,312325.860,2624201.200,130.9500,0.8515,1.4700,0.0939,-1
KHAPRETA_510206,312326.860,2624201.200,131.0100,0.5869,1.4100,0.0901,-1
KHAPRETA_510206,312328.860,2624201.200,131.0300,0.6219,1.3900,0.0888,-1
KHAPRETA_510206,312329.860,2624201.200,131.0200,0.6269,1.4000,0.0895,-1
KHAPRETA_510206,312332.860,2624201.200,130.9500,0.0000,1.4700,0.0939,-1
KHAPRETA_510206,312345.860,2624201.200,130.9400,0.7982,1.4800,0.0946,-1
KHAPRETA_510206,312346.860,2624201.200,130.9000,0.8090,1.5200,0.0971,-1
KHAPRETA_510206,312348.860,2624201.200,130.8700,0.0000,1.5500,0.0990,-1
KHAPRETA_510206,312355.860,2624201.200,130.9200,0.0000,1.5000,0.0958,-1
KHAPRETA_510206,312358.860,2624201.200,131.1300,0.0000,1.2900,0.0824,-1
KHAPRETA_510206,312360.860,2624201.200,131.0800,0.0100,1.3400,0.0856,-1
KHAPRETA_510206,312364.860,2624201.200,131.2200,0.0000,1.2000,0.0767,-1
KHAPRETA_510206,312370.860,2624201.200,131.2700,0.7469,1.1500,0.0735,-1
KHAPRETA_510206,312374.860,2624201.200,131.3100,0.0000,1.1100,0.0709,-1
KHAPRETA_510206,312380.860,2624201.200,131.4200,0.0000,1.0000,0.0639,-1
KHAPRETA_510206,312383.860,2624201.200,131.5200,0.8569,0.9000,0.0575,-1
KHAPRETA_510206,312384.860,2624201.200,131.4900,1.1579,0.9300,0.0594,-1
KHAPRETA_510206,312387.860,2624201.200,131.4300,1.0636,0.9900,0.0633,-1
KHAPRETA_510206,312388.860,2624201.200,131.3100,0.8269,1.1100,0.0709,-1
KHAPRETA_510206,312392.860,2624201.200,131.8100,0.9569,0.6100,0.0390,-1
KHAPRETA_510206,312394.860,2624201.200,131.5100,1.0169,0.9100,0.0581,-1
KHAPRETA_510206,312395.860,2624201.200,131.8100,0.8716,0.6100,0.0390,-1
KHAPRETA_510206,312399.860,2624201.200,131.7800,0.0250,0.6400,0.0409,-1
KHAPRETA_510206,312401.860,2624201.200,131.8300,1.0369,0.5900,0.0377,-1
KHAPRETA_510206,312404.860,2624201.200,131.7800,1.4313,0.6400,0.0409,-1
KHAPRETA_510206,312405.860,2624201.200,131.8300,0.9721,0.5900,0.0377,-1
KHAPRETA_510206,312406.860,2624201.200,131.8100,0.0050,0.6100,0.0390,-1
KHAPRETA_510206,312407.860,2624201.200,131.8200,1.4488,0.6000,0.0383,-1
KHAPRETA_510206,312409.860,2624201.200,131.7400,0.0000,0.6800,0.0435,-1
KHAPRETA_510206,312464.860,2624201.200,132.3600,1.2769,0.0600,0.0038,-1
KHAPRETA_510206,312467.860,2624201.200,132.3600,1.2869,0.0600,0.0038,-1
KHAPRETA_510206,312469.860,2624201.200,132.4000,0.0000,0.0200,0.0013,-1
KHAPRETA_510206,312472.860,2624201.200,132.4100,1.8518,0.0100,0.0006,-1
KHAPRETA_510206,312473.860,2624201.200,132.4000,1.3170,0.0200,0.0013,-1
KHAPRETA_510206,312475.860,2624201.200,132.4200,0.0000,0.0000,0.0000,-1
KHAPRETA_510206,312477.860,2624201.200,132.3900,1.3119,0.0300,0.0019,-1
KHAPRETA_510206,312509.860,2624201.200,132.0000,0.0000,0.4200,0.0268,-1
KHAPRETA_510206,312518.860,2624201.200,132.3800,1.2569,0.0400,0.0026,-1
KHAPRETA_510206,312519.860,2624201.200,132.2900,1.8554,0.1300,0.0083,-1
KHAPRETA_510206,312530.860,2624201.200,132.4000,0.0000,0.0200,0.0013,-1
KHAPRETA_510206,311997.860,2624202.200,127.1900,1.2331,5.2300,0.3342,-1
KHAPRETA_510206,312000.860,2624202.200,127.3100,0.0000,5.1100,0.3265,-1
KHAPRETA_510206,312014.860,2624202.200,127.1900,0.0000,5.2300,0.3342,-1
KHAPRETA_510206,312016.860,2624202.200,126.9900,1.2681,5.4300,0.3470,-1
KHAPRETA_510206,312018.860,2624202.200,127.2200,0.0000,5.2000,0.3323,-1
KHAPRETA_510206,312020.860,2624202.200,127.1700,1.2831,5.2500,0.3355,-1
KHAPRETA_510206,312024.860,2624202.200,127.0700,1.9392,5.3500,0.3419,-1
KHAPRETA_510206,312025.860,2624202.200,126.9500,1.8924,5.4700,0.3495,-1
KHAPRETA_510206,312027.860,2624202.200,127.1400,1.3281,5.2800,0.3374,-1
KHAPRETA_510206,312028.860,2624202.200,127.1200,1.3584,5.3000,0.3387,-1
KHAPRETA_510206,312029.860,2624202.200,127.2000,0.0850,5.2200,0.3335,-1
KHAPRETA_510206,312030.860,2624202.200,126.9500,1.8717,5.4700,0.3495,-1
KHAPRETA_510206,312036.860,2624202.200,127.1700,0.0000,5.2500,0.3355,-1
KHAPRETA_510206,312039.860,2624202.200,127.2200,0.0000,5.2000,0.3323,-1
KHAPRETA_510206,312045.860,2624202.200,127.0800,1.3781,5.3400,0.3412,-1
KHAPRETA_510206,312048.860,2624202.200,126.9500,0.0500,5.4700,0.3495,-1
KHAPRETA_510206,312054.860,2624202.200,126.9200,0.0000,5.5000,0.3514,-1
KHAPRETA_510206,312056.860,2624202.200,126.9600,1.4231,5.4600,0.3489,-1
KHAPRETA_510206,312060.860,2624202.200,126.8100,1.4881,5.6100,0.3585,-1
KHAPRETA_510206,312063.860,2624202.200,127.1200,1.5081,5.3000,0.3387,-1
KHAPRETA_510206,312065.860,2624202.200,130.1000,0.3469,2.3200,0.1482,-1
KHAPRETA_510206,312066.860,2624202.200,130.4700,0.1619,1.9500,0.1246,-1
KHAPRETA_510206,312073.860,2624202.200,130.6800,0.3064,1.7400,0.1112,-1
KHAPRETA_510206,312074.860,2624202.200,130.3400,0.0950,2.0800,0.1329,-1
KHAPRETA_510206,312075.860,2624202.200,130.8700,0.3428,1.5500,0.0990,-1
KHAPRETA_510206,312077.860,2624202.200,126.8900,0.2050,5.5300,0.3534,-1
KHAPRETA_510206,312079.860,2624202.200,124.8400,2.5281,7.5800,0.4843,-1
KHAPRETA_510206,312082.860,2624202.200,124.6200,0.0000,7.8000,0.4984,-1
KHAPRETA_510206,312088.860,2624202.200,123.8700,0.0000,8.5500,0.5463,-1
KHAPRETA_510206,312112.860,2624202.200,128.4300,0.0000,3.9900,0.2550,-1
KHAPRETA_510206,312125.860,2624202.200,128.3700,0.9057,4.0500,0.2588,-1
KHAPRETA_510206,312126.860,2624202.200,128.3900,0.7031,4.0300,0.2575,-1
KHAPRETA_510206,312129.860,2624202.200,128.7200,0.5481,3.7000,0.2364,-1
KHAPRETA_510206,312137.860,2624202.200,128.8600,0.0000,3.5600,0.2275,-1
KHAPRETA_510206,312143.860,2624202.200,128.8300,0.6902,3.5900,0.2294,-1
KHAPRETA_510206,312144.860,2624202.200,128.8000,0.6942,3.6200,0.2313,-1
KHAPRETA_510206,312152.860,2624202.200,128.9800,0.0500,3.4400,0.2198,-1
KHAPRETA_510206,312156.860,2624202.200,128.8800,0.0000,3.5400,0.2262,-1
KHAPRETA_510206,312165.860,2624202.200,129.1000,0.3481,3.3200,0.2121,-1
KHAPRETA_510206,312166.860,2624202.200,129.0800,0.3947,3.3400,0.2134,-1
KHAPRETA_510206,312167.860,2624202.200,128.9100,0.3481,3.5100,0.2243,-1
KHAPRETA_510206,312175.860,2624202.200,128.8400,0.4431,3.5800,0.2288,-1
KHAPRETA_510206,312178.860,2624202.200,128.9100,0.0000,3.5100,0.2243,-1
KHAPRETA_510206,312195.860,2624202.200,129.2400,0.2731,3.1800,0.2032,-1
KHAPRETA_510206,312198.860,2624202.200,129.2500,0.2631,3.1700,0.2026,-1
KHAPRETA_510206,312202.860,2624202.200,129.2600,0.0000,3.1600,0.2019,-1
KHAPRETA_510206,312208.860,2624202.200,129.3300,0.0000,3.0900,0.1974,-1
KHAPRETA_510206,312211.860,2624202.200,129.3600,0.1731,3.0600,0.1955,-1
KHAPRETA_510206,312213.860,2624202.200,129.3600,0.0000,3.0600,0.1955,-1
KHAPRETA_510206,312219.860,2624202.200,129.4400,0.0000,2.9800,0.1904,-1
KHAPRETA_510206,312222.860,2624202.200,130.1000,0.0831,2.3200,0.1482,-1
KHAPRETA_510206,312224.860,2624202.200,130.4600,0.7589,1.9600,0.1252,-1
KHAPRETA_510206,312225.860,2624202.200,130.6600,0.6886,1.7600,0.1125,-1
KHAPRETA_510206,312226.860,2624202.200,129.6500,0.5000,2.7700,0.1770,-1
KHAPRETA_510206,312227.860,2624202.200,129.6600,0.0631,2.7600,0.1764,-1
KHAPRETA_510206,312229.860,2624202.200,129.7000,0.0281,2.7200,0.1738,-1
KHAPRETA_510206,312230.860,2624202.200,129.7200,0.0504,2.7000,0.1725,-1
KHAPRETA_510206,312232.860,2624202.200,129.7300,0.0231,2.6900,0.1719,-1
KHAPRETA_510206,312233.860,2624202.200,129.7300,0.0231,2.6900,0.1719,-1
KHAPRETA_510206,312234.860,2624202.200,129.7300,0.0363,2.6900,0.1719,-1
KHAPRETA_510206,312240.860,2624202.200,129.7500,0.0000,2.6700,0.1706,-1
KHAPRETA_510206,312242.860,2624202.200,129.8000,0.0000,2.6200,0.1674,-1
KHAPRETA_510206,312245.860,2624202.200,129.7900,0.0219,2.6300,0.1681,-1
KHAPRETA_510206,312246.860,2624202.200,129.8200,0.0069,2.6000,0.1661,-1
KHAPRETA_510206,312250.860,2624202.200,129.7900,0.0000,2.6300,0.1681,-1
KHAPRETA_510206,312254.860,2624202.200,130.0200,0.1131,2.4000,0.1534,-1
KHAPRETA_510206,312255.860,2624202.200,129.8500,0.1676,2.5700,0.1642,-1
KHAPRETA_510206,312261.860,2624202.200,130.3600,0.0000,2.0600,0.1316,-1
KHAPRETA_510206,312270.860,2624202.200,130.7000,0.4669,1.7200,0.1099,-1
KHAPRETA_510206,312271.860,2624202.200,130.7100,0.0150,1.7100,0.1093,-1
KHAPRETA_510206,312272.860,2624202.200,130.7300,0.6783,1.6900,0.1080,-1
KHAPRETA_510206,312278.860,2624202.200,130.7300,0.0000,1.6900,0.1080,-1
KHAPRETA_510206,312280.860,2624202.200,130.7500,0.0000,1.6700,0.1067,-1
KHAPRETA_510206,312293.860,2624202.200,130.7700,0.5519,1.6500,0.1054,-1
KHAPRETA_510206,312295.860,2624202.200,130.8100,0.0000,1.6100,0.1029,-1
KHAPRETA_510206,312298.860,2624202.200,130.8800,0.0000,1.5400,0.0984,-1
KHAPRETA_510206,312301.860,2624202.200,130.8800,0.0000,1.5400,0.0984,-1
KHAPRETA_510206,312305.860,2624202.200,130.7300,0.0000,1.6900,0.1080,-1
KHAPRETA_510206,312309.860,2624202.200,130.7700,0.5219,1.6500,0.1054,-1
KHAPRETA_510206,312310.860,2624202.200,130.8200,0.4969,1.6000,0.1022,-1
KHAPRETA_510206,312312.860,2624202.200,130.7200,0.4869,1.7000,0.1086,-1
KHAPRETA_510206,312320.860,2624202.200,130.9900,0.0000,1.4300,0.0914,-1
KHAPRETA_510206,312322.860,2624202.200,130.9700,0.6269,1.4500,0.0927,-1
KHAPRETA_510206,312334.860,2624202.200,131.0200,0.0000,1.4000,0.0895,-1
KHAPRETA_510206,312336.860,2624202.200,130.9000,0.5269,1.5200,0.0971,-1
KHAPRETA_510206,312340.860,2624202.200,130.9300,0.0000,1.4900,0.0952,-1
KHAPRETA_510206,312342.860,2624202.200,130.9200,0.5519,1.5000,0.0958,-1
KHAPRETA_510206,312343.860,2624202.200,130.8800,0.5719,1.5400,0.0984,-1
KHAPRETA_510206,312345.860,2624202.200,130.9100,0.8090,1.5100,0.0965,-1
KHAPRETA_510206,312346.860,2624202.200,130.9000,0.7982,1.5200,0.0971,-1
KHAPRETA_510206,312352.860,2624202.200,130.9000,0.5569,1.5200,0.0971,-1
KHAPRETA_510206,312357.860,2624202.200,131.1400,0.6469,1.2800,0.0818,-1
KHAPRETA_510206,312360.860,2624202.200,131.0800,0.6519,1.3400,0.0856,-1
KHAPRETA_510206,312368.860,2624202.200,131.2500,0.7369,1.1700,0.0748,-1
KHAPRETA_510206,312369.860,2624202.200,131.2500,0.0100,1.1700,0.0748,-1
KHAPRETA_510206,312370.860,2624202.200,131.2700,1.0493,1.1500,0.0735,-1
KHAPRETA_510206,312379.860,2624202.200,131.4200,0.0000,1.0000,0.0639,-1
KHAPRETA_510206,312381.860,2624202.200,131.4900,0.0000,0.9300,0.0594,-1
KHAPRETA_510206,312384.860,2624202.200,131.3000,0.8569,1.1200,0.0716,-1
KHAPRETA_510206,312386.860,2624202.200,131.2400,0.0000,1.1800,0.0754,-1
KHAPRETA_510206,312389.860,2624202.200,131.3700,1.3060,1.0500,0.0671,-1
KHAPRETA_510206,312390.860,2624202.200,131.8300,0.7969,0.5900,0.0377,-1
KHAPRETA_510206,312392.860,2624202.200,131.6900,1.0169,0.7300,0.0466,-1
KHAPRETA_510206,312395.860,2624202.200,131.6300,0.1050,0.7900,0.0505,-1
KHAPRETA_510206,312399.860,2624202.200,131.7700,0.9880,0.6500,0.0415,-1
KHAPRETA_510206,312400.860,2624202.200,131.7500,1.0377,0.6700,0.0428,-1
KHAPRETA_510206,312401.860,2624202.200,131.8500,1.4243,0.5700,0.0364,-1
KHAPRETA_510206,312404.860,2624202.200,131.7700,1.3959,0.6500,0.0415,-1
KHAPRETA_510206,312405.860,2624202.200,131.7200,0.9970,0.7000,0.0447,-1
KHAPRETA_510206,312407.860,2624202.200,131.8400,1.0219,0.5800,0.0371,-1
KHAPRETA_510206,312462.860,2624202.200,132.2600,0.0000,0.1600,0.0102,-1
KHAPRETA_510206,312464.860,2624202.200,132.3300,1.8095,0.0900,0.0058,-1
KHAPRETA_510206,312465.860,2624202.200,132.3100,1.2769,0.1100,0.0070,-1
KHAPRETA_510206,312471.860,2624202.200,132.3800,1.3069,0.0400,0.0026,-1
KHAPRETA_510206,312472.860,2624202.200,132.3900,1.3169,0.0300,0.0019,-1
KHAPRETA_510206,312473.860,2624202.200,132.3900,1.3119,0.0300,0.0019,-1
KHAPRETA_510206,312474.860,2624202.200,132.4000,1.3069,0.0200,0.0013,-1
KHAPRETA_510206,312477.860,2624202.200,132.4000,1.8483,0.0200,0.0013,-1
KHAPRETA_510206,312478.860,2624202.200,132.3900,1.3119,0.0300,0.0019,-1
KHAPRETA_510206,312481.860,2624202.200,132.4000,0.0000,0.0200,0.0013,-1
KHAPRETA_510206,312512.860,2624202.200,132.4200,0.0000,0.0000,0.0000,-1
KHAPRETA_510206,312516.860,2624202.200,132.4200,0.0000,0.0000,0.0000,-1
KHAPRETA_510206,312519.860,2624202.200,132.4200,1.2569,0.0000,0.0000,-1
KHAPRETA_510206,312522.860,2624202.200,132.4200,0.0000,0.0000,0.0000,-1
KHAPRETA_510206,312525.860,2624202.200,132.4200,1.3019,0.0000,0.0000,-1
KHAPRETA_510206,312526.860,2624202.200,132.3800,1.3219,0.0400,0.0026,-1
KHAPRETA_510206,312531.860,2624202.200,132.3000,0.0000,0.1200,0.0077,-1
KHAPRETA_510206,312003.860,2624203.200,126.8700,1.3181,5.5500,0.3546,-1
KHAPRETA_510206,312004.860,2624203.200,127.1400,0.1300,5.2800,0.3374,-1
KHAPRETA_510206,312005.860,2624203.200,127.1300,1.8325,5.2900,0.3380,-1
KHAPRETA_510206,312009.860,2624203.200,127.1400,1.8570,5.2800,0.3374,-1
KHAPRETA_510206,312010.860,2624203.200,127.1300,1.3181,5.2900,0.3380,-1
KHAPRETA_510206,312025.860,2624203.200,127.1300,0.1100,5.2900,0.3380,-1
KHAPRETA_510206,312028.860,2624203.200,127.0600,1.3281,5.3600,0.3425,-1
KHAPRETA_510206,312030.860,2624203.200,127.0600,1.4131,5.3600,0.3425,-1
KHAPRETA_510206,312034.860,2624203.200,127.0800,0.0000,5.3400,0.3412,-1
KHAPRETA_510206,312043.860,2624203.200,126.7400,1.5231,5.6800,0.3629,-1
KHAPRETA_510206,312045.860,2624203.200,127.0200,1.3481,5.4000,0.3450,-1
KHAPRETA_510206,312048.860,2624203.200,127.0500,0.0400,5.3700,0.3431,-1
KHAPRETA_510206,312050.860,2624203.200,126.9700,0.0000,5.4500,0.3482,-1
KHAPRETA_510206,312055.860,2624203.200,126.9200,1.4231,5.5000,0.3514,-1
KHAPRETA_510206,312056.860,2624203.200,126.9300,1.4081,5.4900,0.3508,-1
KHAPRETA_510206,312057.860,2624203.200,126.8900,0.0350,5.5300,0.3534,-1
KHAPRETA_510206,312058.860,2624203.200,126.8600,0.0050,5.5600,0.3553,-1
KHAPRETA_510206,312059.860,2624203.200,126.9000,2.0339,5.5200,0.3527,-1
KHAPRETA_510206,312063.860,2624203.200,126.7600,1.3281,5.6600,0.3617,-1
KHAPRETA_510206,312068.860,2624203.200,130.8100,0.0000,1.6100,0.1029,-1
KHAPRETA_510206,312071.860,2624203.200,129.8400,0.0000,2.5800,0.1649,-1
KHAPRETA_510206,312073.860,2624203.200,130.6000,0.4519,1.8200,0.1163,-1
KHAPRETA_510206,312075.860,2624203.200,128.8400,0.2800,3.5800,0.2288,-1
KHAPRETA_510206,312077.860,2624203.200,124.7600,1.4431,7.6600,0.4895,-1
KHAPRETA_510206,312079.860,2624203.200,124.7200,2.4681,7.7000,0.4920,-1
KHAPRETA_510206,312084.860,2624203.200,124.2700,3.9971,8.1500,0.5208,-1
KHAPRETA_510206,312085.860,2624203.200,123.9900,2.7531,8.4300,0.5387,-1
KHAPRETA_510206,312089.860,2624203.200,123.8100,0.0000,8.6100,0.5502,-1
KHAPRETA_510206,312091.860,2624203.200,123.9700,0.0000,8.4500,0.5399,-1
KHAPRETA_510206,312107.860,2624203.200,128.3900,0.0000,4.0300,0.2575,-1
KHAPRETA_510206,312110.860,2624203.200,128.4200,0.6731,4.0000,0.2556,-1
KHAPRETA_510206,312111.860,2624203.200,128.4300,0.6781,3.9900,0.2550,-1
KHAPRETA_510206,312117.860,2624203.200,128.4200,0.7331,4.0000,0.2556,-1
KHAPRETA_510206,312118.860,2624203.200,128.3100,0.6781,4.1100,0.2626,-1
KHAPRETA_510206,312121.860,2624203.200,128.3900,0.0000,4.0300,0.2575,-1
KHAPRETA_510206,312125.860,2624203.200,128.6100,0.7031,3.8100,0.2435,-1
KHAPRETA_510206,312129.860,2624203.200,128.6800,0.6069,3.7400,0.2390,-1
KHAPRETA_510206,312130.860,2624203.200,128.6200,0.7751,3.8000,0.2428,-1
KHAPRETA_510206,312134.860,2624203.200,128.8100,0.5131,3.6100,0.2307,-1
KHAPRETA_510206,312135.860,2624203.200,128.7500,0.4831,3.6700,0.2345,-1
KHAPRETA_510206,312141.860,2624203.200,128.8100,0.7013,3.6100,0.2307,-1
KHAPRETA_510206,312142.860,2624203.200,128.7500,0.4831,3.6700,0.2345,-1
KHAPRETA_510206,312146.860,2624203.200,128.6300,0.0000,3.7900,0.2422,-1
KHAPRETA_510206,312148.860,2624203.200,128.9400,0.0000,3.4800,0.2224,-1
KHAPRETA_510206,312150.860,2624203.200,128.9500,0.4481,3.4700,0.2217,-1
KHAPRETA_510206,312151.860,2624203.200,128.8800,0.0750,3.5400,0.2262,-1
KHAPRETA_510206,312152.860,2624203.200,128.8000,0.4758,3.6200,0.2313,-1
KHAPRETA_510206,312158.860,2624203.200,128.9700,0.0000,3.4500,0.2204,-1
KHAPRETA_510206,312163.860,2624203.200,128.9800,0.0000,3.4400,0.2198,-1
KHAPRETA_510206,312166.860,2624203.200,129.0100,0.3481,3.4100,0.2179,-1
KHAPRETA_510206,312170.860,2624203.200,129.7800,0.5804,2.6400,0.1687,-1
KHAPRETA_510206,312171.860,2624203.200,128.6300,0.3081,3.7900,0.2422,-1
KHAPRETA_510206,312182.860,2624203.200,128.9000,0.0000,3.5200,0.2249,-1
KHAPRETA_510206,312188.860,2624203.200,129.2400,0.0000,3.1800,0.2032,-1
KHAPRETA_510206,312197.860,2624203.200,129.2500,0.0000,3.1700,0.2026,-1
KHAPRETA_510206,312200.860,2624203.200,129.2600,0.0000,3.1600,0.2019,-1
KHAPRETA_510206,312205.860,2624203.200,129.3200,0.0000,3.1000,0.1981,-1
KHAPRETA_510206,312211.860,2624203.200,129.4300,0.2081,2.9900,0.1911,-1
KHAPRETA_510206,312218.860,2624203.200,129.4600,0.0000,2.9600,0.1891,-1
KHAPRETA_510206,312221.860,2624203.200,129.6300,0.0000,2.7900,0.1783,-1
KHAPRETA_510206,312224.860,2624203.200,131.0100,0.6535,1.4100,0.0901,-1
KHAPRETA_510206,312225.860,2624203.200,130.8900,0.7589,1.5300,0.0978,-1
KHAPRETA_510206,312228.860,2624203.200,129.7000,0.0000,2.7200,0.1738,-1
KHAPRETA_510206,312233.860,2624203.200,129.7300,0.0231,2.6900,0.1719,-1
KHAPRETA_510206,312236.860,2624203.200,129.7500,0.0000,2.6700,0.1706,-1
KHAPRETA_510206,312239.860,2624203.200,129.8000,0.0019,2.6200,0.1674,-1
KHAPRETA_510206,312240.860,2624203.200,129.7800,0.0177,2.6400,0.1687,-1
KHAPRETA_510206,312244.860,2624203.200,129.8200,0.0000,2.6000,0.1661,-1
KHAPRETA_510206,312249.860,2624203.200,129.8100,0.0000,2.6100,0.1668,-1
KHAPRETA_510206,312253.860,2624203.200,130.2200,0.1069,2.2000,0.1406,-1
KHAPRETA_510206,312255.860,2624203.200,129.9600,0.0369,2.4600,0.1572,-1
KHAPRETA_510206,312262.860,2624203.200,130.5900,0.0000,1.8300,0.1169,-1
KHAPRETA_510206,312269.860,2624203.200,130.6900,0.0000,1.7300,0.1105,-1
KHAPRETA_510206,312272.860,2624203.200,130.7600,0.4769,1.6600,0.1061,-1
KHAPRETA_510206,312276.860,2624203.200,130.7700,0.4769,1.6500,0.1054,-1
KHAPRETA_510206,312282.860,2624203.200,130.5400,0.6959,1.8800,0.1201,-1
KHAPRETA_510206,312283.860,2624203.200,130.7400,0.5177,1.6800,0.1073,-1
KHAPRETA_510206,312284.860,2624203.200,130.7500,0.6851,1.6700,0.1067,-1
KHAPRETA_510206,312287.860,2624203.200,130.7800,0.0000,1.6400,0.1048,-1
KHAPRETA_510206,312300.860,2624203.200,130.8300,0.0000,1.5900,0.1016,-1
KHAPRETA_510206,312303.860,2624203.200,130.9100,0.0000,1.5100,0.0965,-1
KHAPRETA_510206,312312.860,2624203.200,130.7500,0.4719,1.6700,0.1067,-1
KHAPRETA_510206,312315.860,2624203.200,130.9000,0.0000,1.5200,0.0971,-1
KHAPRETA_510206,312322.860,2624203.200,131.0300,0.5969,1.3900,0.0888,-1
KHAPRETA_510206,312336.860,2624203.200,130.8300,0.0200,1.5900,0.1016,-1
KHAPRETA_510206,312338.860,2624203.200,130.9500,0.0000,1.4700,0.0939,-1
KHAPRETA_510206,312341.860,2624203.200,130.9200,0.5769,1.5000,0.0958,-1
KHAPRETA_510206,312344.860,2624203.200,130.8400,0.0000,1.5800,0.1010,-1
KHAPRETA_510206,312352.860,2624203.200,130.8900,0.5619,1.5300,0.0978,-1
KHAPRETA_510206,312357.860,2624203.200,131.0700,0.6819,1.3500,0.0863,-1
KHAPRETA_510206,312389.860,2624203.200,131.3900,0.7969,1.0300,0.0658,-1
KHAPRETA_510206,312395.860,2624203.200,131.6000,0.9269,0.8200,0.0524,-1
KHAPRETA_510206,312397.860,2624203.200,131.7800,0.0000,0.6400,0.0409,-1
KHAPRETA_510206,312399.860,2624203.200,131.8700,1.4384,0.5500,0.0351,-1
KHAPRETA_510206,312400.860,2624203.200,131.8500,1.4388,0.5700,0.0364,-1
KHAPRETA_510206,312403.860,2624203.200,131.8300,0.0000,0.5900,0.0377,-1
KHAPRETA_510206,312405.860,2624203.200,131.8200,0.1550,0.6000,0.0383,-1
KHAPRETA_510206,312467.860,2624203.200,132.3600,0.0000,0.0600,0.0038,-1
KHAPRETA_510206,312479.860,2624203.200,132.3900,0.0000,0.0300,0.0019,-1
KHAPRETA_510206,312494.860,2624203.200,132.4100,0.0000,0.0100,0.0006,-1
KHAPRETA_510206,312523.860,2624203.200,132.3300,0.0000,0.0900,0.0058,-1
KHAPRETA_510206,312540.860,2624203.200,132.2600,0.0000,0.1600,0.0102,-1
KHAPRETA_510206,312544.860,2624203.200,132.4000,1.2669,0.0200,0.0013,-1
KHAPRETA_510206,311998.860,2624204.200,127.2900,1.2781,5.1300,0.3278,-1
KHAPRETA_510206,311999.860,2624204.200,127.2200,1.2431,5.2000,0.3323,-1
KHAPRETA_510206,312005.860,2624204.200,127.2300,1.9468,5.1900,0.3316,-1
KHAPRETA_510206,312006.860,2624204.200,126.9200,1.2731,5.5000,0.3514,-1
KHAPRETA_510206,312008.860,2624204.200,127.0500,1.3031,5.3700,0.3431,-1
KHAPRETA_510206,312009.860,2624204.200,127.1700,1.8961,5.2500,0.3355,-1
KHAPRETA_510206,312011.860,2624204.200,127.1700,1.2931,5.2500,0.3355,-1
KHAPRETA_510206,312012.860,2624204.200,127.1900,1.3031,5.2300,0.3342,-1
KHAPRETA_510206,312014.860,2624204.200,126.9300,1.4081,5.4900,0.3508,-1
KHAPRETA_510206,312015.860,2624204.200,126.9600,1.4231,5.4600,0.3489,-1
KHAPRETA_510206,312019.860,2624204.200,127.2200,1.3531,5.2000,0.3323,-1
KHAPRETA_510206,312020.860,2624204.200,127.0700,1.2781,5.3500,0.3419,-1
KHAPRETA_510206,312022.860,2624204.200,127.0400,0.0000,5.3800,0.3438,-1
KHAPRETA_510206,312024.860,2624204.200,127.0500,1.3031,5.3700,0.3431,-1
KHAPRETA_510206,312025.860,2624204.200,127.1700,1.8996,5.2500,0.3355,-1
KHAPRETA_510206,312027.860,2624204.200,127.1800,1.3281,5.2400,0.3348,-1
KHAPRETA_510206,312029.860,2624204.200,127.0300,0.0000,5.3900,0.3444,-1
KHAPRETA_510206,312038.860,2624204.200,127.1600,0.0000,5.2600,0.3361,-1
KHAPRETA_510206,312040.860,2624204.200,127.2800,0.0000,5.1400,0.3284,-1
KHAPRETA_510206,312043.860,2624204.200,126.7300,1.5181,5.6900,0.3636,-1
KHAPRETA_510206,312047.860,2624204.200,126.9600,1.4531,5.4600,0.3489,-1
KHAPRETA_510206,312048.860,2624204.200,126.8700,1.9597,5.5500,0.3546,-1
KHAPRETA_510206,312054.860,2624204.200,126.9700,0.0000,5.4500,0.3482,-1
KHAPRETA_510206,312059.860,2624204.200,126.9400,0.0100,5.4800,0.3502,-1
KHAPRETA_510206,312064.860,2624204.200,128.1200,0.0000,4.3000,0.2748,-1
KHAPRETA_510206,312066.860,2624204.200,130.5900,0.0000,1.8300,0.1169,-1
KHAPRETA_510206,312069.860,2624204.200,130.2500,0.3009,2.1700,0.1387,-1
KHAPRETA_510206,312070.860,2624204.200,130.1200,0.3459,2.3000,0.1470,-1
KHAPRETA_510206,312074.860,2624204.200,128.3600,0.2669,4.0600,0.2594,-1
KHAPRETA_510206,312075.860,2624204.200,130.3100,0.7671,2.1100,0.1348,-1
KHAPRETA_510206,312078.860,2624204.200,124.7500,0.0000,7.6700,0.4901,-1
KHAPRETA_510206,312081.860,2624204.200,124.8000,0.0000,7.6200,0.4869,-1
KHAPRETA_510206,312084.860,2624204.200,124.2600,2.7531,8.1600,0.5214,-1
KHAPRETA_510206,312088.860,2624204.200,123.7900,0.0000,8.6300,0.5514,-1
KHAPRETA_510206,312090.860,2624204.200,123.8400,0.0000,8.5800,0.5482,-1
KHAPRETA_510206,312108.860,2624204.200,128.4200,0.0000,4.0000,0.2556,-1
KHAPRETA_510206,312114.860,2624204.200,128.4900,0.0000,3.9300,0.2511,-1
KHAPRETA_510206,312119.860,2624204.200,128.4800,0.0000,3.9400,0.2518,-1
KHAPRETA_510206,312129.860,2624204.200,128.3500,0.5817,4.0700,0.2601,-1
KHAPRETA_510206,312130.860,2624204.200,128.6800,0.5829,3.7400,0.2390,-1
KHAPRETA_510206,312131.860,2624204.200,128.5000,0.7786,3.9200,0.2505,-1
KHAPRETA_510206,312133.860,2624204.200,128.6300,0.0000,3.7900,0.2422,-1
KHAPRETA_510206,312138.860,2624204.200,128.8500,0.0000,3.5700,0.2281,-1
KHAPRETA_510206,312141.860,2624204.200,128.8200,0.4831,3.6000,0.2300,-1
KHAPRETA_510206,312143.860,2624204.200,128.7700,0.4731,3.6500,0.2332,-1
KHAPRETA_510206,312147.860,2624204.200,128.9000,0.0000,3.5200,0.2249,-1
KHAPRETA_510206,312152.860,2624204.200,128.6600,0.6426,3.7600,0.2403,-1
KHAPRETA_510206,312153.860,2624204.200,128.9400,0.5581,3.4800,0.2224,-1
KHAPRETA_510206,312155.860,2624204.200,128.9400,0.0000,3.4800,0.2224,-1
KHAPRETA_510206,312165.860,2624204.200,128.8500,0.0000,3.5700,0.2281,-1
KHAPRETA_510206,312167.860,2624204.200,128.9200,0.0000,3.5000,0.2236,-1
KHAPRETA_510206,312169.860,2624204.200,130.0800,0.4770,2.3400,0.1495,-1
KHAPRETA_510206,312170.860,2624204.200,129.9600,0.6366,2.4600,0.1572,-1
KHAPRETA_510206,312171.860,2624204.200,129.1600,0.5804,3.2600,0.2083,-1
KHAPRETA_510206,312176.860,2624204.200,128.8100,0.0000,3.6100,0.2307,-1
KHAPRETA_510206,312183.860,2624204.200,128.8900,0.0000,3.5300,0.2256,-1
KHAPRETA_510206,312190.860,2624204.200,129.2200,0.0000,3.2000,0.2045,-1
KHAPRETA_510206,312208.860,2624204.200,129.3500,0.2131,3.0700,0.1962,-1
KHAPRETA_510206,312210.860,2624204.200,129.3400,0.0000,3.0800,0.1968,-1
KHAPRETA_510206,312212.860,2624204.200,129.3700,0.0000,3.0500,0.1949,-1
KHAPRETA_510206,312215.860,2624204.200,129.3800,0.0000,3.0400,0.1942,-1
KHAPRETA_510206,312219.860,2624204.200,130.8700,0.0000,1.5500,0.0990,-1
KHAPRETA_510206,312223.860,2624204.200,131.2500,0.8719,1.1700,0.0748,-1
KHAPRETA_510206,312226.860,2624204.200,129.8800,0.0000,2.5400,0.1623,-1
KHAPRETA_510206,312243.860,2624204.200,129.8400,0.0219,2.5800,0.1649,-1
KHAPRETA_510206,312247.860,2624204.200,129.7900,0.0000,2.6300,0.1681,-1
KHAPRETA_510206,312251.860,2624204.200,129.9400,0.0000,2.4800,0.1585,-1
KHAPRETA_510206,312253.860,2624204.200,129.9900,0.2219,2.4300,0.1553,-1
KHAPRETA_510206,312256.860,2624204.200,129.8600,0.1819,2.5600,0.1636,-1
KHAPRETA_510206,312257.860,2624204.200,130.1400,0.0419,2.2800,0.1457,-1
KHAPRETA_510206,312263.860,2624204.200,130.3400,0.6005,2.0800,0.1329,-1
KHAPRETA_510206,312264.860,2624204.200,130.6500,0.5033,1.7700,0.1131,-1
KHAPRETA_510206,312266.860,2624204.200,130.6700,0.0000,1.7500,0.1118,-1
KHAPRETA_510206,312268.860,2624204.200,130.6500,0.0000,1.7700,0.1131,-1
KHAPRETA_510206,312276.860,2624204.200,130.7300,0.4969,1.6900,0.1080,-1
KHAPRETA_510206,312279.860,2624204.200,130.7800,0.0000,1.6400,0.1048,-1
KHAPRETA_510206,312282.860,2624204.200,130.7800,0.6347,1.6400,0.1048,-1
KHAPRETA_510206,312283.860,2624204.200,130.7900,0.4822,1.6300,0.1042,-1
KHAPRETA_510206,312284.860,2624204.200,130.7500,0.5078,1.6700,0.1067,-1
KHAPRETA_510206,312290.860,2624204.200,130.8000,0.0000,1.6200,0.1035,-1
KHAPRETA_510206,312294.860,2624204.200,130.8900,0.5519,1.5300,0.0978,-1
KHAPRETA_510206,312295.860,2624204.200,130.8800,0.7667,1.5400,0.0984,-1
KHAPRETA_510206,312298.860,2624204.200,130.8800,0.0000,1.5400,0.0984,-1
KHAPRETA_510206,312316.860,2624204.200,130.9200,0.7680,1.5000,0.0958,-1
KHAPRETA_510206,312317.860,2624204.200,130.9800,0.5719,1.4400,0.0920,-1
KHAPRETA_510206,312319.860,2624204.200,130.9600,0.6319,1.4600,0.0933,-1
KHAPRETA_510206,312323.860,2624204.200,131.0100,0.0000,1.4100,0.0901,-1
KHAPRETA_510206,312328.860,2624204.200,131.0200,0.0000,1.4000,0.0895,-1
KHAPRETA_510206,312333.860,2624204.200,131.0700,0.6319,1.3500,0.0863,-1
KHAPRETA_510206,312336.860,2624204.200,130.9400,0.5269,1.4800,0.0946,-1
KHAPRETA_510206,312341.860,2624204.200,130.9300,0.0250,1.4900,0.0952,-1
KHAPRETA_510206,312350.860,2624204.200,130.8800,0.0000,1.5400,0.0984,-1
KHAPRETA_510206,312356.860,2624204.200,131.0700,0.0000,1.3500,0.0863,-1
KHAPRETA_510206,312358.860,2624204.200,131.1900,0.0000,1.2300,0.0786,-1
KHAPRETA_510206,312360.860,2624204.200,131.3000,0.0000,1.1200,0.0716,-1
KHAPRETA_510206,312362.860,2624204.200,131.3400,0.0000,1.0800,0.0690,-1
KHAPRETA_510206,312364.860,2624204.200,131.2600,0.7269,1.1600,0.0741,-1
KHAPRETA_510206,312365.860,2624204.200,131.2300,0.7419,1.1900,0.0760,-1
KHAPRETA_510206,312375.860,2624204.200,131.3000,0.0000,1.1200,0.0716,-1
KHAPRETA_510206,312377.860,2624204.200,131.4600,0.0000,0.9600,0.0613,-1
KHAPRETA_510206,312383.860,2624204.200,131.4700,1.1218,0.9500,0.0607,-1
KHAPRETA_510206,312384.860,2624204.200,131.5100,0.8469,0.9100,0.0581,-1
KHAPRETA_510206,312387.860,2624204.200,131.2400,0.0000,1.1800,0.0754,-1
KHAPRETA_510206,312392.860,2624204.200,131.7500,0.0000,0.6700,0.0428,-1
KHAPRETA_510206,312398.860,2624204.200,131.8500,0.0000,0.5700,0.0364,-1
KHAPRETA_510206,312401.860,2624204.200,131.8800,0.0000,0.5400,0.0345,-1
KHAPRETA_510206,312405.860,2624204.200,132.0300,1.0219,0.3900,0.0249,-1
KHAPRETA_510206,312439.860,2624204.200,132.4000,0.0000,0.0200,0.0013,-1
KHAPRETA_510206,312459.860,2624204.200,132.2600,1.2469,0.1600,0.0102,-1
KHAPRETA_510206,312460.860,2624204.200,132.2700,1.2419,0.1500,0.0096,-1
KHAPRETA_510206,312462.860,2624204.200,132.2900,0.0000,0.1300,0.0083,-1
KHAPRETA_510206,312464.860,2624204.200,132.3400,1.8306,0.0800,0.0051,-1
KHAPRETA_510206,312465.860,2624204.200,132.3600,1.2819,0.0600,0.0038,-1
KHAPRETA_510206,312514.860,2624204.200,132.2400,1.1819,0.1800,0.0115,-1
KHAPRETA_510206,312515.860,2624204.200,132.1400,1.7072,0.2800,0.0179,-1
KHAPRETA_510206,312518.860,2624204.200,132.3700,1.8449,0.0500,0.0032,-1
KHAPRETA_510206,312519.860,2624204.200,132.4200,1.2969,0.0000,0.0000,-1
KHAPRETA_510206,312530.860,2624204.200,132.4100,0.0000,0.0100,0.0006,-1
KHAPRETA_510206,312532.860,2624204.200,132.2100,1.8271,0.2100,0.0134,-1
KHAPRETA_510206,312533.860,2624204.200,132.3400,1.2936,0.0800,0.0051,-1
KHAPRETA_510206,312534.860,2624204.200,132.3400,1.2819,0.0800,0.0051,-1
KHAPRETA_510206,312539.860,2624204.200,132.3600,0.0000,0.0600,0.0038,-1
KHAPRETA_510206,312541.860,2624204.200,132.4200,0.0000,0.0000,0.0000,-1
KHAPRETA_510206,312544.860,2624204.200,132.3100,1.3119,0.1100,0.0070,-1
KHAPRETA_510206,311996.860,2624205.200,127.3200,1.2081,5.1000,0.3259,-1
KHAPRETA_510206,312000.860,2624205.200,127.3200,1.3881,5.1000,0.3259,-1
KHAPRETA_510206,312001.860,2624205.200,127.0000,1.7761,5.4200,0.3463,-1
KHAPRETA_510206,312013.860,2624205.200,127.0300,0.0000,5.3900,0.3444,-1
KHAPRETA_510206,312016.860,2624205.200,127.2600,0.0000,5.1600,0.3297,-1
KHAPRETA_510206,312027.860,2624205.200,127.1200,1.3331,5.3000,0.3387,-1
KHAPRETA_510206,312028.860,2624205.200,127.1100,1.3281,5.3100,0.3393,-1
KHAPRETA_510206,312033.860,2624205.200,127.0800,0.0000,5.3400,0.3412,-1
KHAPRETA_510206,312051.860,2624205.200,126.9200,0.0000,5.5000,0.3514,-1
KHAPRETA_510206,312055.860,2624205.200,126.9000,1.4231,5.5200,0.3527,-1
KHAPRETA_510206,312059.860,2624205.200,126.9200,1.4586,5.5000,0.3514,-1
KHAPRETA_510206,312060.860,2624205.200,126.8600,1.4281,5.5600,0.3553,-1
KHAPRETA_510206,312067.860,2624205.200,130.0200,0.3019,2.4000,0.1534,-1
KHAPRETA_510206,312068.860,2624205.200,130.3800,0.3454,2.0400,0.1304,-1
KHAPRETA_510206,312069.860,2624205.200,130.2700,0.2422,2.1500,0.1374,-1
KHAPRETA_510206,312070.860,2624205.200,130.2800,0.3009,2.1400,0.1367,-1
KHAPRETA_510206,312075.860,2624205.200,128.2500,0.2669,4.1700,0.2665,-1
KHAPRETA_510206,312077.860,2624205.200,127.9600,0.0000,4.4600,0.2850,-1
KHAPRETA_510206,312086.860,2624205.200,123.9400,2.9631,8.4800,0.5419,-1
KHAPRETA_510206,312087.860,2624205.200,123.8500,4.1801,8.5700,0.5476,-1
KHAPRETA_510206,312105.860,2624205.200,128.2400,0.0000,4.1800,0.2671,-1
KHAPRETA_510206,312109.860,2624205.200,128.4000,0.6881,4.0200,0.2569,-1
KHAPRETA_510206,312111.860,2624205.200,128.3800,0.6581,4.0400,0.2581,-1
KHAPRETA_510206,312120.860,2624205.200,128.3900,0.0000,4.0300,0.2575,-1
KHAPRETA_510206,312127.860,2624205.200,128.4800,0.0000,3.9400,0.2518,-1
KHAPRETA_510206,312129.860,2624205.200,128.2900,0.7131,4.1300,0.2639,-1
KHAPRETA_510206,312131.860,2624205.200,128.6700,0.1050,3.7500,0.2396,-1
KHAPRETA_510206,312143.860,2624205.200,128.8300,0.0200,3.5900,0.2294,-1
KHAPRETA_510206,312150.860,2624205.200,128.8400,0.4081,3.5800,0.2288,-1
KHAPRETA_510206,312154.860,2624205.200,129.0100,0.0000,3.4100,0.2179,-1
KHAPRETA_510206,312158.860,2624205.200,128.9300,0.0000,3.4900,0.2230,-1
KHAPRETA_510206,312160.860,2624205.200,128.9800,0.4331,3.4400,0.2198,-1
KHAPRETA_510206,312163.860,2624205.200,129.0800,0.5031,3.3400,0.2134,-1
KHAPRETA_510206,312166.860,2624205.200,128.7800,0.0000,3.6400,0.2326,-1
KHAPRETA_510206,312169.860,2624205.200,128.8400,0.4637,3.5800,0.2288,-1
KHAPRETA_510206,312170.860,2624205.200,128.9000,0.4770,3.5200,0.2249,-1
KHAPRETA_510206,312173.860,2624205.200,128.7500,0.0000,3.6700,0.2345,-1
KHAPRETA_510206,312178.860,2624205.200,128.9500,0.0000,3.4700,0.2217,-1
KHAPRETA_510206,312185.860,2624205.200,128.9200,0.0000,3.5000,0.2236,-1
KHAPRETA_510206,312191.860,2624205.200,129.2300,0.0000,3.1900,0.2038,-1
KHAPRETA_510206,312203.860,2624205.200,129.3200,0.0000,3.1000,0.1981,-1
KHAPRETA_510206,312205.860,2624205.200,129.3400,0.0000,3.0800,0.1968,-1
KHAPRETA_510206,312207.860,2624205.200,129.3500,0.2131,3.0700,0.1962,-1
KHAPRETA_510206,312208.860,2624205.200,129.3500,0.3013,3.0700,0.1962,-1
KHAPRETA_510206,312220.860,2624205.200,129.7300,0.0000,2.6900,0.1719,-1
KHAPRETA_510206,312222.860,2624205.200,130.2000,1.0511,2.2200,0.1419,-1
KHAPRETA_510206,312223.860,2624205.200,131.5200,0.9166,0.9000,0.0575,-1
KHAPRETA_510206,312224.860,2624205.200,131.2900,0.8719,1.1300,0.0722,-1
KHAPRETA_510206,312230.860,2624205.200,129.7400,0.0000,2.6800,0.1712,-1
KHAPRETA_510206,312233.860,2624205.200,129.7700,0.0081,2.6500,0.1693,-1
KHAPRETA_510206,312242.860,2624205.200,129.8800,0.0219,2.5400,0.1623,-1
KHAPRETA_510206,312243.860,2624205.200,129.8200,0.0610,2.6000,0.1661,-1
KHAPRETA_510206,312246.860,2624205.200,129.7900,0.0031,2.6300,0.1681,-1
KHAPRETA_510206,312255.860,2624205.200,129.8600,0.0000,2.5600,0.1636,-1
KHAPRETA_510206,312262.860,2624205.200,130.5300,0.4119,1.8900,0.1208,-1
KHAPRETA_510206,312263.860,2624205.200,130.6000,0.1649,1.8200,0.1163,-1
KHAPRETA_510206,312264.860,2624205.200,130.6100,0.4134,1.8100,0.1157,-1
KHAPRETA_510206,312272.860,2624205.200,130.7200,0.4719,1.7000,0.1086,-1
KHAPRETA_510206,312284.860,2624205.200,130.8100,0.4869,1.6100,0.1029,-1
KHAPRETA_510206,312286.860,2624205.200,130.8200,0.0000,1.6000,0.1022,-1
KHAPRETA_510206,312289.860,2624205.200,130.7500,0.0000,1.6700,0.1067,-1
KHAPRETA_510206,312291.860,2624205.200,130.7300,0.5219,1.6900,0.1080,-1
KHAPRETA_510206,312292.860,2624205.200,130.8200,0.4769,1.6000,0.1022,-1
KHAPRETA_510206,312295.860,2624205.200,130.8300,0.5519,1.5900,0.1016,-1
KHAPRETA_510206,312299.860,2624205.200,130.8700,0.5119,1.5500,0.0990,-1
KHAPRETA_510206,312300.860,2624205.200,130.8000,0.5469,1.6200,0.1035,-1
KHAPRETA_510206,312305.860,2624205.200,130.9100,0.0000,1.5100,0.0965,-1
KHAPRETA_510206,312307.860,2624205.200,130.8300,0.0000,1.5900,0.1016,-1
KHAPRETA_510206,312313.860,2624205.200,130.8700,0.0000,1.5500,0.0990,-1
KHAPRETA_510206,312316.860,2624205.200,130.7300,0.5719,1.6900,0.1080,-1
KHAPRETA_510206,312318.860,2624205.200,130.9800,0.6319,1.4400,0.0920,-1
KHAPRETA_510206,312319.860,2624205.200,131.0400,0.8442,1.3800,0.0882,-1
KHAPRETA_510206,312321.860,2624205.200,131.0700,0.0000,1.3500,0.0863,-1
KHAPRETA_510206,312329.860,2624205.200,131.0000,0.0000,1.4200,0.0907,-1
KHAPRETA_510206,312333.860,2624205.200,131.0400,0.9044,1.3800,0.0882,-1
KHAPRETA_510206,312334.860,2624205.200,131.0400,0.6319,1.3800,0.0882,-1
KHAPRETA_510206,312337.860,2624205.200,130.8300,0.6519,1.5900,0.1016,-1
KHAPRETA_510206,312341.860,2624205.200,130.8700,0.8338,1.5500,0.0990,-1
KHAPRETA_510206,312342.860,2624205.200,130.9800,0.5469,1.4400,0.0920,-1
KHAPRETA_510206,312353.860,2624205.200,131.0700,0.6719,1.3500,0.0863,-1
KHAPRETA_510206,312355.860,2624205.200,131.0500,0.6919,1.3700,0.0875,-1
KHAPRETA_510206,312359.860,2624205.200,131.2100,0.7619,1.2100,0.0773,-1
KHAPRETA_510206,312363.860,2624205.200,131.2400,0.0000,1.1800,0.0754,-1
KHAPRETA_510206,312366.860,2624205.200,131.2600,0.7719,1.1600,0.0741,-1
KHAPRETA_510206,312369.860,2624205.200,131.3200,0.0000,1.1000,0.0703,-1
KHAPRETA_510206,312371.860,2624205.200,131.3700,0.7769,1.0500,0.0671,-1
KHAPRETA_510206,312373.860,2624205.200,131.4600,1.1315,0.9600,0.0613,-1
KHAPRETA_510206,312374.860,2624205.200,131.3100,0.8419,1.1100,0.0709,-1
KHAPRETA_510206,312383.860,2624205.200,131.2000,0.8469,1.2200,0.0780,-1
KHAPRETA_510206,312391.860,2624205.200,131.5400,0.0000,0.8800,0.0562,-1
KHAPRETA_510206,312394.860,2624205.200,131.6500,0.9819,0.7700,0.0492,-1
KHAPRETA_510206,312395.860,2624205.200,131.7400,1.3500,0.6800,0.0435,-1
KHAPRETA_510206,312397.860,2624205.200,131.5800,0.0000,0.8400,0.0537,-1
KHAPRETA_510206,312402.860,2624205.200,131.7900,0.0000,0.6300,0.0403,-1
KHAPRETA_510206,312457.860,2624205.200,132.2600,0.0000,0.1600,0.0102,-1
KHAPRETA_510206,312463.860,2624205.200,132.3600,1.2969,0.0600,0.0038,-1
KHAPRETA_510206,312464.860,2624205.200,132.3700,1.8200,0.0500,0.0032,-1
KHAPRETA_510206,312466.860,2624205.200,132.3900,1.3069,0.0300,0.0019,-1
KHAPRETA_510206,312467.860,2624205.200,132.3900,1.3069,0.0300,0.0019,-1
KHAPRETA_510206,312469.860,2624205.200,132.4100,0.0000,0.0100,0.0006,-1
KHAPRETA_510206,312472.860,2624205.200,132.4200,0.0000,0.0000,0.0000,-1
KHAPRETA_510206,312505.860,2624205.200,130.9000,0.0000,1.5200,0.0971,-1
KHAPRETA_510206,312507.860,2624205.200,132.1100,0.6269,0.3100,0.0198,-1
KHAPRETA_510206,312515.860,2624205.200,132.1400,1.1819,0.2800,0.0179,-1
KHAPRETA_510206,312518.860,2624205.200,132.3500,1.2969,0.0700,0.0045,-1
KHAPRETA_510206,312521.860,2624205.200,132.4100,1.3019,0.0100,0.0006,-1
KHAPRETA_510206,312522.860,2624205.200,132.3800,0.0050,0.0400,0.0026,-1
KHAPRETA_510206,312523.860,2624205.200,132.4200,1.3019,0.0000,0.0000,-1
KHAPRETA_510206,312532.860,2624205.200,132.3800,1.7748,0.0400,0.0026,-1
KHAPRETA_510206,312533.860,2624205.200,132.3600,1.3022,0.0600,0.0038,-1
KHAPRETA_510206,312546.860,2624205.200,132.4200,0.0000,0.0000,0.0000,-1
KHAPRETA_510206,312548.860,2624205.200,132.2400,0.0000,0.1800,0.0115,-1
KHAPRETA_510206,311995.860,2624206.200,127.2200,1.2081,5.2000,0.3323,-1
KHAPRETA_510206,311996.860,2624206.200,127.3600,1.2781,5.0600,0.3233,-1
KHAPRETA_510206,311999.860,2624206.200,127.5100,0.0000,4.9100,0.3137,-1
KHAPRETA_510206,312001.860,2624206.200,127.2100,1.3881,5.2100,0.3329,-1
KHAPRETA_510206,312005.860,2624206.200,127.3300,1.2681,5.0900,0.3252,-1
KHAPRETA_510206,312006.860,2624206.200,127.2400,1.2231,5.1800,0.3310,-1
KHAPRETA_510206,312009.860,2624206.200,127.0200,0.0000,5.4000,0.3450,-1
KHAPRETA_510206,312017.860,2624206.200,127.0300,0.0000,5.3900,0.3444,-1
KHAPRETA_510206,312019.860,2624206.200,127.0900,0.0000,5.3300,0.3406,-1
KHAPRETA_510206,312027.860,2624206.200,127.2000,1.3281,5.2200,0.3335,-1
KHAPRETA_510206,312031.860,2624206.200,127.0300,1.3181,5.3900,0.3444,-1
KHAPRETA_510206,312032.860,2624206.200,127.1400,1.3731,5.2800,0.3374,-1
KHAPRETA_510206,312040.860,2624206.200,127.1500,1.2931,5.2700,0.3367,-1
KHAPRETA_510206,312042.860,2624206.200,127.2500,1.3631,5.1700,0.3304,-1
KHAPRETA_510206,312043.860,2624206.200,127.0500,1.2631,5.3700,0.3431,-1
KHAPRETA_510206,312047.860,2624206.200,126.9700,0.0000,5.4500,0.3482,-1
KHAPRETA_510206,312049.860,2624206.200,126.8100,0.0000,5.6100,0.3585,-1
KHAPRETA_510206,312052.860,2624206.200,126.9100,1.4231,5.5100,0.3521,-1
KHAPRETA_510206,312054.860,2624206.200,126.8800,1.4231,5.5400,0.3540,-1
KHAPRETA_510206,312055.860,2624206.200,126.9300,1.4384,5.4900,0.3508,-1
KHAPRETA_510206,312056.860,2624206.200,126.9400,0.0200,5.4800,0.3502,-1
KHAPRETA_510206,312057.860,2624206.200,126.9700,1.4181,5.4500,0.3482,-1
KHAPRETA_510206,312059.860,2624206.200,126.8600,1.4281,5.5600,0.3553,-1
KHAPRETA_510206,312061.860,2624206.200,126.8900,0.0000,5.5300,0.3534,-1
KHAPRETA_510206,312064.860,2624206.200,126.6600,0.0000,5.7600,0.3681,-1
KHAPRETA_510206,312068.860,2624206.200,130.4200,0.3019,2.0000,0.1278,-1
KHAPRETA_510206,312071.860,2624206.200,131.5000,0.9719,0.9200,0.0588,-1
KHAPRETA_510206,312076.860,2624206.200,127.7200,2.3031,4.7000,0.3003,-1
KHAPRETA_510206,312082.860,2624206.200,124.5900,0.0000,7.8300,0.5003,-1
KHAPRETA_510206,312087.860,2624206.200,123.7900,0.1300,8.6300,0.5514,-1
KHAPRETA_510206,312109.860,2624206.200,128.4000,0.0000,4.0200,0.2569,-1
KHAPRETA_510206,312111.860,2624206.200,128.4600,0.6685,3.9600,0.2530,-1
KHAPRETA_510206,312112.860,2624206.200,128.4500,0.6581,3.9700,0.2537,-1
KHAPRETA_510206,312131.860,2624206.200,128.7100,0.1400,3.7100,0.2371,-1
KHAPRETA_510206,312143.860,2624206.200,128.8100,0.4731,3.6100,0.2307,-1
KHAPRETA_510206,312147.860,2624206.200,128.9100,0.4331,3.5100,0.2243,-1
KHAPRETA_510206,312150.860,2624206.200,128.9600,0.4681,3.4600,0.2211,-1
KHAPRETA_510206,312152.860,2624206.200,129.0000,0.0000,3.4200,0.2185,-1
KHAPRETA_510206,312159.860,2624206.200,128.7600,0.4331,3.6600,0.2339,-1
KHAPRETA_510206,312160.860,2624206.200,128.9100,0.6454,3.5100,0.2243,-1
KHAPRETA_510206,312163.860,2624206.200,128.7700,0.7137,3.6500,0.2332,-1
KHAPRETA_510206,312164.860,2624206.200,128.5300,0.0950,3.8900,0.2486,-1
KHAPRETA_510206,312165.860,2624206.200,128.5800,0.6231,3.8400,0.2454,-1
KHAPRETA_510206,312168.860,2624206.200,128.7500,0.0000,3.6700,0.2345,-1
KHAPRETA_510206,312171.860,2624206.200,128.7900,0.0000,3.6300,0.2319,-1
KHAPRETA_510206,312177.860,2624206.200,128.8500,0.0000,3.5700,0.2281,-1
KHAPRETA_510206,312186.860,2624206.200,128.9900,0.0000,3.4300,0.2192,-1
KHAPRETA_510206,312194.860,2624206.200,129.2900,0.2381,3.1300,0.2000,-1
KHAPRETA_510206,312195.860,2624206.200,129.3000,0.3402,3.1200,0.1994,-1
KHAPRETA_510206,312198.860,2624206.200,129.2900,0.3262,3.1300,0.2000,-1
KHAPRETA_510206,312199.860,2624206.200,129.3000,0.0050,3.1200,0.1994,-1
KHAPRETA_510206,312200.860,2624206.200,129.3000,0.2283,3.1200,0.1994,-1
KHAPRETA_510206,312201.860,2624206.200,129.3200,0.3262,3.1000,0.1981,-1
KHAPRETA_510206,312215.860,2624206.200,130.1600,0.0281,2.2600,0.1444,-1
KHAPRETA_510206,312219.860,2624206.200,129.7100,0.0369,2.7100,0.1732,-1
KHAPRETA_510206,312221.860,2624206.200,129.7000,0.5869,2.7200,0.1738,-1
KHAPRETA_510206,312222.860,2624206.200,130.9500,0.1645,1.4700,0.0939,-1
KHAPRETA_510206,312225.860,2624206.200,131.2300,0.6539,1.1900,0.0760,-1
KHAPRETA_510206,312226.860,2624206.200,130.3100,0.7269,2.1100,0.1348,-1
KHAPRETA_510206,312228.860,2624206.200,129.7300,0.0000,2.6900,0.1719,-1
KHAPRETA_510206,312233.860,2624206.200,129.7600,0.0054,2.6600,0.1700,-1
KHAPRETA_510206,312234.860,2624206.200,129.7800,0.0054,2.6400,0.1687,-1
KHAPRETA_510206,312235.860,2624206.200,129.7700,0.0019,2.6500,0.1693,-1
KHAPRETA_510206,312244.860,2624206.200,129.7900,0.0869,2.6300,0.1681,-1
KHAPRETA_510206,312246.860,2624206.200,129.7700,0.1022,2.6500,0.1693,-1
KHAPRETA_510206,312247.860,2624206.200,129.9800,0.0770,2.4400,0.1559,-1
KHAPRETA_510206,312258.860,2624206.200,130.2800,0.0000,2.1400,0.1367,-1
KHAPRETA_510206,312263.860,2624206.200,130.6600,0.5755,1.7600,0.1125,-1
KHAPRETA_510206,312264.860,2624206.200,130.5800,0.4419,1.8400,0.1176,-1
KHAPRETA_510206,312266.860,2624206.200,130.7200,0.0000,1.7000,0.1086,-1
KHAPRETA_510206,312272.860,2624206.200,130.7200,0.0200,1.7000,0.1086,-1
KHAPRETA_510206,312281.860,2624206.200,130.8100,0.5219,1.6100,0.1029,-1
KHAPRETA_510206,312282.860,2624206.200,130.8200,0.5169,1.6000,0.1022,-1
KHAPRETA_510206,312303.860,2624206.200,130.9300,0.0000,1.4900,0.0952,-1
KHAPRETA_510206,312311.860,2624206.200,130.7100,0.0000,1.7100,0.1093,-1
KHAPRETA_510206,312314.860,2624206.200,130.7300,0.6169,1.6900,0.1080,-1
KHAPRETA_510206,312315.860,2624206.200,131.0100,0.4769,1.4100,0.0901,-1
KHAPRETA_510206,312317.860,2624206.200,130.8500,0.0000,1.5700,0.1003,-1
KHAPRETA_510206,312328.860,2624206.200,131.0500,0.0000,1.3700,0.0875,-1
KHAPRETA_510206,312337.860,2624206.200,131.0800,0.5824,1.3400,0.0856,-1
KHAPRETA_510206,312338.860,2624206.200,130.9200,0.9079,1.5000,0.0958,-1
KHAPRETA_510206,312340.860,2624206.200,130.8700,0.0000,1.5500,0.0990,-1
KHAPRETA_510206,312347.860,2624206.200,130.9300,0.0000,1.4900,0.0952,-1
KHAPRETA_510206,312351.860,2624206.200,131.0500,0.0000,1.3700,0.0875,-1
KHAPRETA_510206,312353.860,2624206.200,131.1200,0.6469,1.3000,0.0831,-1
KHAPRETA_510206,312355.860,2624206.200,131.1600,0.0800,1.2600,0.0805,-1
KHAPRETA_510206,312359.860,2624206.200,131.3000,0.7169,1.1200,0.0716,-1
KHAPRETA_510206,312362.860,2624206.200,131.2500,0.0000,1.1700,0.0748,-1
KHAPRETA_510206,312366.860,2624206.200,131.3200,0.7419,1.1000,0.0703,-1
KHAPRETA_510206,312371.860,2624206.200,131.3300,0.0250,1.0900,0.0696,-1
KHAPRETA_510206,312373.860,2624206.200,131.4400,0.0400,0.9800,0.0626,-1
KHAPRETA_510206,312376.860,2624206.200,131.3400,0.0000,1.0800,0.0690,-1
KHAPRETA_510206,312378.860,2624206.200,131.5100,0.0000,0.9100,0.0581,-1
KHAPRETA_510206,312395.860,2624206.200,131.7200,0.9819,0.7000,0.0447,-1
KHAPRETA_510206,312400.860,2624206.200,131.8200,1.2819,0.6000,0.0383,-1
KHAPRETA_510206,312401.860,2624206.200,132.3400,1.0219,0.0800,0.0051,-1
KHAPRETA_510206,312456.860,2624206.200,132.2900,0.0000,0.1300,0.0083,-1
KHAPRETA_510206,312507.860,2624206.200,131.0300,0.1050,1.3900,0.0888,-1
KHAPRETA_510206,312524.860,2624206.200,132.4200,1.3019,0.0000,0.0000,-1
KHAPRETA_510206,312529.860,2624206.200,132.3800,1.2769,0.0400,0.0026,-1
KHAPRETA_510206,312531.860,2624206.200,132.3400,0.0000,0.0800,0.0051,-1
KHAPRETA_510206,312533.860,2624206.200,132.2900,1.2919,0.1300,0.0083,-1
KHAPRETA_510206,312535.860,2624206.200,132.4100,0.0000,0.0100,0.0006,-1
KHAPRETA_510206,312538.860,2624206.200,132.3500,0.0000,0.0700,0.0045,-1
KHAPRETA_510206,311996.860,2624207.200,127.3100,1.2081,5.1100,0.3265,-1
KHAPRETA_510206,312020.860,2624207.200,127.0400,0.0000,5.3800,0.3438,-1
KHAPRETA_510206,312023.860,2624207.200,127.1800,0.0000,5.2400,0.3348,-1
KHAPRETA_510206,312026.860,2624207.200,127.1100,0.0000,5.3100,0.3393,-1
KHAPRETA_510206,312028.860,2624207.200,127.2700,1.3481,5.1500,0.3291,-1
KHAPRETA_510206,312029.860,2624207.200,127.0800,1.2531,5.3400,0.3412,-1
KHAPRETA_510206,312036.860,2624207.200,127.0800,0.0000,5.3400,0.3412,-1
KHAPRETA_510206,312038.860,2624207.200,127.1800,0.0000,5.2400,0.3348,-1
KHAPRETA_510206,312040.860,2624207.200,127.1900,1.3131,5.2300,0.3342,-1
KHAPRETA_510206,312052.860,2624207.200,126.9300,1.3931,5.4900,0.3508,-1
KHAPRETA_510206,312053.860,2624207.200,126.9900,1.4231,5.4300,0.3470,-1
KHAPRETA_510206,312060.860,2624207.200,126.8600,0.0000,5.5600,0.3553,-1
KHAPRETA_510206,312070.860,2624207.200,131.5000,0.9719,0.9200,0.0588,-1
KHAPRETA_510206,312071.860,2624207.200,131.7200,0.8637,0.7000,0.0447,-1
KHAPRETA_510206,312072.860,2624207.200,131.6100,0.9719,0.8100,0.0518,-1
KHAPRETA_510206,312076.860,2624207.200,125.1700,1.0281,7.2500,0.4633,-1
KHAPRETA_510206,312078.860,2624207.200,125.1500,2.4331,7.2700,0.4645,-1
KHAPRETA_510206,312079.860,2624207.200,124.9100,2.3131,7.5100,0.4799,-1
KHAPRETA_510206,312087.860,2624207.200,123.5900,2.9931,8.8300,0.5642,-1
KHAPRETA_510206,312105.860,2624207.200,128.3800,0.0000,4.0400,0.2581,-1
KHAPRETA_510206,312107.860,2624207.200,128.3500,0.7181,4.0700,0.2601,-1
KHAPRETA_510206,312109.860,2624207.200,128.4000,0.0500,4.0200,0.2569,-1
KHAPRETA_510206,312111.860,2624207.200,128.2100,0.6581,4.2100,0.2690,-1
KHAPRETA_510206,312115.860,2624207.200,128.6700,0.0000,3.7500,0.2396,-1
KHAPRETA_510206,312121.860,2624207.200,128.5200,0.0000,3.9000,0.2492,-1
KHAPRETA_510206,312123.860,2624207.200,128.2900,0.6031,4.1300,0.2639,-1
KHAPRETA_510206,312124.860,2624207.200,128.5700,0.7431,3.8500,0.2460,-1
KHAPRETA_510206,312126.860,2624207.200,128.5700,0.0000,3.8500,0.2460,-1
KHAPRETA_510206,312131.860,2624207.200,128.3900,0.1700,4.0300,0.2575,-1
KHAPRETA_510206,312135.860,2624207.200,128.6200,0.0000,3.8000,0.2428,-1
KHAPRETA_510206,312141.860,2624207.200,128.8500,0.0000,3.5700,0.2281,-1
KHAPRETA_510206,312146.860,2624207.200,129.1100,0.4331,3.3100,0.2115,-1
KHAPRETA_510206,312147.860,2624207.200,128.9100,0.5463,3.5100,0.2243,-1
KHAPRETA_510206,312154.860,2624207.200,128.9100,0.0000,3.5100,0.2243,-1
KHAPRETA_510206,312156.860,2624207.200,128.8900,0.0000,3.5300,0.2256,-1
KHAPRETA_510206,312158.860,2624207.200,128.8600,0.0000,3.5600,0.2275,-1
KHAPRETA_510206,312161.860,2624207.200,128.6700,0.6905,3.7500,0.2396,-1
KHAPRETA_510206,312162.860,2624207.200,128.7700,0.8750,3.6500,0.2332,-1
KHAPRETA_510206,312172.860,2624207.200,128.8600,0.0000,3.5600,0.2275,-1
KHAPRETA_510206,312175.860,2624207.200,128.8300,0.0000,3.5900,0.2294,-1
KHAPRETA_510206,312180.860,2624207.200,128.8800,0.0000,3.5400,0.2262,-1
KHAPRETA_510206,312183.860,2624207.200,128.9700,0.4281,3.4500,0.2204,-1
KHAPRETA_510206,312185.860,2624207.200,128.9200,0.0000,3.5000,0.2236,-1
KHAPRETA_510206,312191.860,2624207.200,129.2500,0.0000,3.1700,0.2026,-1
KHAPRETA_510206,312195.860,2624207.200,129.3000,0.3402,3.1200,0.1994,-1
KHAPRETA_510206,312196.860,2624207.200,129.2900,0.2381,3.1300,0.2000,-1
KHAPRETA_510206,312198.860,2624207.200,129.3300,0.2431,3.0900,0.1974,-1
KHAPRETA_510206,312200.860,2624207.200,129.3200,0.3262,3.1000,0.1981,-1
KHAPRETA_510206,312201.860,2624207.200,129.3300,0.2281,3.0900,0.1974,-1
KHAPRETA_510206,312202.860,2624207.200,129.3100,0.0100,3.1100,0.1987,-1
KHAPRETA_510206,312203.860,2624207.200,129.3100,0.3296,3.1100,0.1987,-1
KHAPRETA_510206,312210.860,2624207.200,129.3600,0.2431,3.0600,0.1955,-1
KHAPRETA_510206,312212.860,2624207.200,129.4600,0.0000,2.9600,0.1891,-1
KHAPRETA_510206,312214.860,2624207.200,129.7700,0.0281,2.6500,0.1693,-1
KHAPRETA_510206,312215.860,2624207.200,129.7200,0.1800,2.7000,0.1725,-1
KHAPRETA_510206,312217.860,2624207.200,129.7300,0.0469,2.6900,0.1719,-1
KHAPRETA_510206,312219.860,2624207.200,129.8500,0.2832,2.5700,0.1642,-1
KHAPRETA_510206,312220.860,2624207.200,130.1200,0.0369,2.3000,0.1470,-1
KHAPRETA_510206,312222.860,2624207.200,129.8800,0.4200,2.5400,0.1623,-1
KHAPRETA_510206,312225.860,2624207.200,130.9700,0.1300,1.4500,0.0927,-1
KHAPRETA_510206,312227.860,2624207.200,129.7000,0.0000,2.7200,0.1738,-1
KHAPRETA_510206,312229.860,2624207.200,129.7600,0.0000,2.6600,0.1700,-1
KHAPRETA_510206,312233.860,2624207.200,129.7600,0.0102,2.6600,0.1700,-1
KHAPRETA_510206,312234.860,2624207.200,129.7800,0.0083,2.6400,0.1687,-1
KHAPRETA_510206,312241.860,2624207.200,129.7900,0.0723,2.6300,0.1681,-1
KHAPRETA_510206,312242.860,2624207.200,129.7900,0.0072,2.6300,0.1681,-1
KHAPRETA_510206,312244.860,2624207.200,129.9500,0.0600,2.4700,0.1578,-1
KHAPRETA_510206,312247.860,2624207.200,129.9300,0.1019,2.4900,0.1591,-1
KHAPRETA_510206,312253.860,2624207.200,129.9300,0.0769,2.4900,0.1591,-1
KHAPRETA_510206,312257.860,2624207.200,129.9500,0.0669,2.4700,0.1578,-1
KHAPRETA_510206,312264.860,2624207.200,130.6100,0.4019,1.8100,0.1157,-1
KHAPRETA_510206,312267.860,2624207.200,130.6600,0.6468,1.7600,0.1125,-1
KHAPRETA_510206,312268.860,2624207.200,130.7300,0.4419,1.6900,0.1080,-1
KHAPRETA_510206,312272.860,2624207.200,130.6800,0.0050,1.7400,0.1112,-1
KHAPRETA_510206,312276.860,2624207.200,130.8100,0.5369,1.6100,0.1029,-1
KHAPRETA_510206,312277.860,2624207.200,130.8500,0.7240,1.5700,0.1003,-1
KHAPRETA_510206,312280.860,2624207.200,130.6900,0.0000,1.7300,0.1105,-1
KHAPRETA_510206,312285.860,2624207.200,130.7800,0.4969,1.6400,0.1048,-1
KHAPRETA_510206,312286.860,2624207.200,130.7700,0.5019,1.6500,0.1054,-1
KHAPRETA_510206,312295.860,2624207.200,130.8700,0.5619,1.5500,0.0990,-1
KHAPRETA_510206,312296.860,2624207.200,130.9000,0.7842,1.5200,0.0971,-1
KHAPRETA_510206,312304.860,2624207.200,130.9500,0.0000,1.4700,0.0939,-1
KHAPRETA_510206,312306.860,2624207.200,130.9400,0.5819,1.4800,0.0946,-1
KHAPRETA_510206,312307.860,2624207.200,130.9400,0.5819,1.4800,0.0946,-1
KHAPRETA_510206,312312.860,2624207.200,130.7800,0.4869,1.6400,0.1048,-1
KHAPRETA_510206,312313.860,2624207.200,130.7500,0.5019,1.6700,0.1067,-1
KHAPRETA_510206,312318.860,2624207.200,130.8300,0.0000,1.5900,0.1016,-1
KHAPRETA_510206,312321.860,2624207.200,130.9900,0.5719,1.4300,0.0914,-1
KHAPRETA_510206,312329.860,2624207.200,131.0100,0.0000,1.4100,0.0901,-1
KHAPRETA_510206,312332.860,2624207.200,131.0300,0.6169,1.3900,0.0888,-1
KHAPRETA_510206,312333.860,2624207.200,131.0100,0.6269,1.4100,0.0901,-1
KHAPRETA_510206,312337.860,2624207.200,131.0500,0.9079,1.3700,0.0875,-1
KHAPRETA_510206,312338.860,2624207.200,131.0400,0.6408,1.3800,0.0882,-1
KHAPRETA_510206,312345.860,2624207.200,130.9700,0.0000,1.4500,0.0927,-1
KHAPRETA_510206,312352.860,2624207.200,131.0600,0.0000,1.3600,0.0869,-1
KHAPRETA_510206,312355.860,2624207.200,131.2100,1.0145,1.2100,0.0773,-1
KHAPRETA_510206,312356.860,2624207.200,131.2600,0.7169,1.1600,0.0741,-1
KHAPRETA_510206,312360.860,2624207.200,131.2000,0.7419,1.2200,0.0780,-1
KHAPRETA_510206,312361.860,2624207.200,131.2600,0.7119,1.1600,0.0741,-1
KHAPRETA_510206,312369.860,2624207.200,131.2500,0.8019,1.1700,0.0748,-1
KHAPRETA_510206,312370.860,2624207.200,131.3800,0.0850,1.0400,0.0665,-1
KHAPRETA_510206,312371.860,2624207.200,131.4200,1.1166,1.0000,0.0639,-1
KHAPRETA_510206,312373.860,2624207.200,131.3800,0.8319,1.0400,0.0665,-1
KHAPRETA_510206,312379.860,2624207.200,131.4100,0.8569,1.0100,0.0645,-1
KHAPRETA_510206,312380.860,2624207.200,131.4900,0.8169,0.9300,0.0594,-1
KHAPRETA_510206,312382.860,2624207.200,131.2000,0.7419,1.2200,0.0780,-1
KHAPRETA_510206,312383.860,2624207.200,131.2600,1.0612,1.1600,0.0741,-1
KHAPRETA_510206,312392.860,2624207.200,131.3500,0.0000,1.0700,0.0684,-1
KHAPRETA_510206,312397.860,2624207.200,131.7900,0.0000,0.6300,0.0403,-1
KHAPRETA_510206,312453.860,2624207.200,132.3600,1.2369,0.0600,0.0038,-1
KHAPRETA_510206,312454.860,2624207.200,132.2500,1.7680,0.1700,0.0109,-1
KHAPRETA_510206,312459.860,2624207.200,132.2500,1.2369,0.1700,0.0109,-1
KHAPRETA_510206,312460.860,2624207.200,132.2500,1.2369,0.1700,0.0109,-1
KHAPRETA_510206,312462.860,2624207.200,132.3600,0.0000,0.0600,0.0038,-1
KHAPRETA_510206,312465.860,2624207.200,132.3900,0.0000,0.0300,0.0019,-1
KHAPRETA_510206,312504.860,2624207.200,131.5100,0.0000,0.9100,0.0581,-1
KHAPRETA_510206,312506.860,2624207.200,131.1200,1.0619,1.3000,0.0831,-1
KHAPRETA_510206,312507.860,2624207.200,131.9000,0.9190,0.5200,0.0332,-1
KHAPRETA_510206,312524.860,2624207.200,132.3800,1.3219,0.0400,0.0026,-1
KHAPRETA_510206,312529.860,2624207.200,132.3300,1.3019,0.0900,0.0058,-1
KHAPRETA_510206,312534.860,2624207.200,132.3800,1.3169,0.0400,0.0026,-1
KHAPRETA_510206,312548.860,2624207.200,132.4000,0.0000,0.0200,0.0013,-1
KHAPRETA_510206,311994.860,2624208.200,127.0000,1.2431,5.4200,0.3463,-1
KHAPRETA_510206,311995.860,2624208.200,127.2900,1.3881,5.1300,0.3278,-1
KHAPRETA_510206,311999.860,2624208.200,127.3500,1.2081,5.0700,0.3240,-1
KHAPRETA_510206,312005.860,2624208.200,127.5300,1.3231,4.8900,0.3125,-1
KHAPRETA_510206,312007.860,2624208.200,126.5000,1.4431,5.9200,0.3783,-1
KHAPRETA_510206,312016.860,2624208.200,127.1400,1.2931,5.2800,0.3374,-1
KHAPRETA_510206,312019.860,2624208.200,127.1600,0.0000,5.2600,0.3361,-1
KHAPRETA_510206,312022.860,2624208.200,127.1800,1.2881,5.2400,0.3348,-1
KHAPRETA_510206,312025.860,2624208.200,127.1000,0.0000,5.3200,0.3399,-1
KHAPRETA_510206,312039.860,2624208.200,127.1500,1.2881,5.2700,0.3367,-1
KHAPRETA_510206,312046.860,2624208.200,126.7900,0.0000,5.6300,0.3597,-1
KHAPRETA_510206,312050.860,2624208.200,126.7800,1.5181,5.6400,0.3604,-1
KHAPRETA_510206,312051.860,2624208.200,126.7400,0.0600,5.6800,0.3629,-1
KHAPRETA_510206,312052.860,2624208.200,126.9000,2.0808,5.5200,0.3527,-1
KHAPRETA_510206,312059.860,2624208.200,126.9200,0.0000,5.5000,0.3514,-1
KHAPRETA_510206,312062.860,2624208.200,126.9000,0.0000,5.5200,0.3527,-1
KHAPRETA_510206,312065.860,2624208.200,126.9900,0.7131,5.4300,0.3470,-1
KHAPRETA_510206,312066.860,2624208.200,128.3500,1.3931,4.0700,0.2601,-1
KHAPRETA_510206,312080.860,2624208.200,124.8900,2.5581,7.5300,0.4812,-1
KHAPRETA_510206,312081.860,2624208.200,124.6600,2.4431,7.7600,0.4958,-1
KHAPRETA_510206,312084.860,2624208.200,124.0200,4.1522,8.4000,0.5367,-1
KHAPRETA_510206,312085.860,2624208.200,123.8000,2.8781,8.6200,0.5508,-1
KHAPRETA_510206,312093.860,2624208.200,124.5200,0.0000,7.9000,0.5048,-1
KHAPRETA_510206,312106.860,2624208.200,128.4300,1.0698,3.9900,0.2550,-1
KHAPRETA_510206,312107.860,2624208.200,128.3400,0.9805,4.0800,0.2607,-1
KHAPRETA_510206,312109.860,2624208.200,128.3000,0.6881,4.1200,0.2633,-1
KHAPRETA_510206,312114.860,2624208.200,128.6800,0.0000,3.7400,0.2390,-1
KHAPRETA_510206,312117.860,2624208.200,128.5400,0.5381,3.8800,0.2479,-1
KHAPRETA_510206,312118.860,2624208.200,128.7000,0.5436,3.7200,0.2377,-1
KHAPRETA_510206,312119.860,2624208.200,128.5900,0.5381,3.8300,0.2447,-1
KHAPRETA_510206,312122.860,2624208.200,128.6100,0.0000,3.8100,0.2435,-1
KHAPRETA_510206,312125.860,2624208.200,128.6200,0.6081,3.8000,0.2428,-1
KHAPRETA_510206,312127.860,2624208.200,128.4300,0.6881,3.9900,0.2550,-1
KHAPRETA_510206,312128.860,2624208.200,128.4000,0.6731,4.0200,0.2569,-1
KHAPRETA_510206,312131.860,2624208.200,128.3700,0.6931,4.0500,0.2588,-1
KHAPRETA_510206,312133.860,2624208.200,128.3000,0.4981,4.1200,0.2633,-1
KHAPRETA_510206,312134.860,2624208.200,128.7800,0.9406,3.6400,0.2326,-1
KHAPRETA_510206,312137.860,2624208.200,128.9100,0.0000,3.5100,0.2243,-1
KHAPRETA_510206,312139.860,2624208.200,128.8000,0.4381,3.6200,0.2313,-1
KHAPRETA_510206,312153.860,2624208.200,128.9900,0.0000,3.4300,0.2192,-1
KHAPRETA_510206,312155.860,2624208.200,128.7500,0.0000,3.6700,0.2345,-1
KHAPRETA_510206,312157.860,2624208.200,128.9100,0.0000,3.5100,0.2243,-1
KHAPRETA_510206,312159.860,2624208.200,128.9600,0.4581,3.4600,0.2211,-1
KHAPRETA_510206,312160.860,2624208.200,128.8600,0.0650,3.5600,0.2275,-1
KHAPRETA_510206,312161.860,2624208.200,128.8300,0.2417,3.5900,0.2294,-1
KHAPRETA_510206,312162.860,2624208.200,128.4200,0.6905,4.0000,0.2556,-1
KHAPRETA_510206,312164.860,2624208.200,128.7300,0.0000,3.6900,0.2358,-1
KHAPRETA_510206,312166.860,2624208.200,128.6900,0.0000,3.7300,0.2383,-1
KHAPRETA_510206,312174.860,2624208.200,128.8000,0.0000,3.6200,0.2313,-1
KHAPRETA_510206,312181.860,2624208.200,128.8800,0.0000,3.5400,0.2262,-1
KHAPRETA_510206,312183.860,2624208.200,128.9200,0.0250,3.5000,0.2236,-1
KHAPRETA_510206,312186.860,2624208.200,128.9500,0.4031,3.4700,0.2217,-1
KHAPRETA_510206,312187.860,2624208.200,128.9700,0.5806,3.4500,0.2204,-1
KHAPRETA_510206,312197.860,2624208.200,129.3200,0.2131,3.1000,0.1981,-1
KHAPRETA_510206,312203.860,2624208.200,129.3100,0.3296,3.1100,0.1987,-1
KHAPRETA_510206,312204.860,2624208.200,129.3100,0.2331,3.1100,0.1987,-1
KHAPRETA_510206,312206.860,2624208.200,129.3400,0.0000,3.0800,0.1968,-1
KHAPRETA_510206,312208.860,2624208.200,129.3800,0.2081,3.0400,0.1942,-1
KHAPRETA_510206,312209.860,2624208.200,129.3600,0.1826,3.0600,0.1955,-1
KHAPRETA_510206,312210.860,2624208.200,129.2900,0.9091,3.1300,0.2000,-1
KHAPRETA_510206,312215.860,2624208.200,129.8000,0.0433,2.6200,0.1674,-1
KHAPRETA_510206,312216.860,2624208.200,129.6900,0.0350,2.7300,0.1744,-1
KHAPRETA_510206,312217.860,2624208.200,129.8700,0.0488,2.5500,0.1629,-1
KHAPRETA_510206,312219.860,2624208.200,130.1600,0.0369,2.2600,0.1444,-1
KHAPRETA_510206,312222.860,2624208.200,130.1100,0.0200,2.3100,0.1476,-1
KHAPRETA_510206,312225.860,2624208.200,130.9700,0.0950,1.4500,0.0927,-1
KHAPRETA_510206,312233.860,2624208.200,129.7800,0.0081,2.6400,0.1687,-1
KHAPRETA_510206,312236.860,2624208.200,129.7800,0.0000,2.6400,0.1687,-1
KHAPRETA_510206,312241.860,2624208.200,129.9200,0.0072,2.5000,0.1597,-1
KHAPRETA_510206,312242.860,2624208.200,129.7800,0.0723,2.6400,0.1687,-1
KHAPRETA_510206,312244.860,2624208.200,129.9100,0.0869,2.5100,0.1604,-1
KHAPRETA_510206,312253.860,2624208.200,129.9300,0.0769,2.4900,0.1591,-1
KHAPRETA_510206,312256.860,2624208.200,129.8800,0.0879,2.5400,0.1623,-1
KHAPRETA_510206,312257.860,2624208.200,129.9100,0.0920,2.5100,0.1604,-1
KHAPRETA_510206,312258.860,2624208.200,129.9400,0.0669,2.4800,0.1585,-1
KHAPRETA_510206,312262.860,2624208.200,130.4900,0.5897,1.9300,0.1233,-1
KHAPRETA_510206,312263.860,2624208.200,130.6000,0.3569,1.8200,0.1163,-1
KHAPRETA_510206,312265.860,2624208.200,130.6800,0.0000,1.7400,0.1112,-1
KHAPRETA_510206,312267.860,2624208.200,130.6500,0.0050,1.7700,0.1131,-1
KHAPRETA_510206,312272.860,2624208.200,130.7300,0.4519,1.6900,0.1080,-1
KHAPRETA_510206,312277.860,2624208.200,130.7900,0.5369,1.6300,0.1042,-1
KHAPRETA_510206,312279.860,2624208.200,130.8000,0.0000,1.6200,0.1035,-1
KHAPRETA_510206,312281.860,2624208.200,130.8200,0.0000,1.6000,0.1022,-1
KHAPRETA_510206,312283.860,2624208.200,130.8000,0.5169,1.6200,0.1035,-1
KHAPRETA_510206,312288.860,2624208.200,130.7800,0.0000,1.6400,0.1048,-1
KHAPRETA_510206,312290.860,2624208.200,130.8300,0.7240,1.5900,0.1016,-1
KHAPRETA_510206,312291.860,2624208.200,130.8100,0.0350,1.6100,0.1029,-1
KHAPRETA_510206,312292.860,2624208.200,130.7600,0.5169,1.6600,0.1061,-1
KHAPRETA_510206,312296.860,2624208.200,130.9000,0.0200,1.5200,0.0971,-1
KHAPRETA_510206,312298.860,2624208.200,130.9000,0.5819,1.5200,0.0971,-1
KHAPRETA_510206,312299.860,2624208.200,130.9400,0.5619,1.4800,0.0946,-1
KHAPRETA_510206,312305.860,2624208.200,130.8800,0.0000,1.5400,0.0984,-1
KHAPRETA_510206,312309.860,2624208.200,130.8500,0.5069,1.5700,0.1003,-1
KHAPRETA_510206,312310.860,2624208.200,130.7900,0.7282,1.6300,0.1042,-1
KHAPRETA_510206,312321.860,2624208.200,130.9200,0.6069,1.5000,0.0958,-1
KHAPRETA_510206,312325.860,2624208.200,130.9100,0.0000,1.5100,0.0965,-1
KHAPRETA_510206,312328.860,2624208.200,131.0400,0.0000,1.3800,0.0882,-1
KHAPRETA_510206,312335.860,2624208.200,131.0500,0.0000,1.3700,0.0875,-1
KHAPRETA_510206,312338.860,2624208.200,131.0600,0.8693,1.3600,0.0869,-1
KHAPRETA_510206,312339.860,2624208.200,130.9700,0.6419,1.4500,0.0927,-1
KHAPRETA_510206,312342.860,2624208.200,130.9300,0.6169,1.4900,0.0952,-1
KHAPRETA_510206,312343.860,2624208.200,131.0100,0.7984,1.4100,0.0901,-1
KHAPRETA_510206,312347.860,2624208.200,131.0700,0.0000,1.3500,0.0863,-1
KHAPRETA_510206,312353.860,2624208.200,131.3100,1.0493,1.1100,0.0709,-1
KHAPRETA_510206,312354.860,2624208.200,131.2700,1.0671,1.1500,0.0735,-1
KHAPRETA_510206,312362.860,2624208.200,131.3200,0.0000,1.1000,0.0703,-1
KHAPRETA_510206,312383.860,2624208.200,131.3500,0.0150,1.0700,0.0684,-1
KHAPRETA_510206,312388.860,2624208.200,131.4300,0.0000,0.9900,0.0633,-1
KHAPRETA_510206,312390.860,2624208.200,131.5700,0.8969,0.8500,0.0543,-1
KHAPRETA_510206,312394.860,2624208.200,131.3900,0.7719,1.0300,0.0658,-1
KHAPRETA_510206,312398.860,2624208.200,132.0000,1.2069,0.4200,0.0268,-1
KHAPRETA_510206,312399.860,2624208.200,132.1900,1.1119,0.2300,0.0147,-1
KHAPRETA_510206,312454.860,2624208.200,132.1900,1.7387,0.2300,0.0147,-1
KHAPRETA_510206,312455.860,2624208.200,132.2200,1.2069,0.2000,0.0128,-1
KHAPRETA_510206,312464.860,2624208.200,132.4000,0.0000,0.0200,0.0013,-1
KHAPRETA_510206,312513.860,2624208.200,132.2700,0.0000,0.1500,0.0096,-1
KHAPRETA_510206,312516.860,2624208.200,132.3900,0.0000,0.0300,0.0019,-1
KHAPRETA_510206,312530.860,2624208.200,132.3700,0.0000,0.0500,0.0032,-1
KHAPRETA_510206,312534.860,2624208.200,132.4100,1.3019,0.0100,0.0006,-1
KHAPRETA_510206,311997.860,2624209.200,127.5000,1.2581,4.9200,0.3144,-1
KHAPRETA_510206,311998.860,2624209.200,127.2600,0.0700,5.1600,0.3297,-1
KHAPRETA_510206,311999.860,2624209.200,127.3600,0.0381,5.0600,0.3233,-1
KHAPRETA_510206,312000.860,2624209.200,127.1900,1.2081,5.2300,0.3342,-1
KHAPRETA_510206,312004.860,2624209.200,127.1100,1.8465,5.3100,0.3393,-1
KHAPRETA_510206,312005.860,2624209.200,127.1300,1.7431,5.2900,0.3380,-1
KHAPRETA_510206,312007.860,2624209.200,126.8900,1.3928,5.5300,0.3534,-1
KHAPRETA_510206,312008.860,2624209.200,127.0800,1.2931,5.3400,0.3412,-1
KHAPRETA_510206,312009.860,2624209.200,126.8800,1.3481,5.5400,0.3540,-1
KHAPRETA_510206,312013.860,2624209.200,127.0500,0.0000,5.3700,0.3431,-1
KHAPRETA_510206,312015.860,2624209.200,127.0800,1.2931,5.3400,0.3412,-1
KHAPRETA_510206,312016.860,2624209.200,127.1900,1.8854,5.2300,0.3342,-1
KHAPRETA_510206,312018.860,2624209.200,127.0200,0.0000,5.4000,0.3450,-1
KHAPRETA_510206,312022.860,2624209.200,127.2000,0.0250,5.2200,0.3335,-1
KHAPRETA_510206,312024.860,2624209.200,127.2200,0.0000,5.2000,0.3323,-1
KHAPRETA_510206,312026.860,2624209.200,127.1300,0.0000,5.2900,0.3380,-1
KHAPRETA_510206,312030.860,2624209.200,127.1800,1.2681,5.2400,0.3348,-1
KHAPRETA_510206,312032.860,2624209.200,127.2200,0.0000,5.2000,0.3323,-1
KHAPRETA_510206,312034.860,2624209.200,127.1700,1.2781,5.2500,0.3355,-1
KHAPRETA_510206,312036.860,2624209.200,127.1900,0.0000,5.2300,0.3342,-1
KHAPRETA_510206,312039.860,2624209.200,127.2000,1.3131,5.2200,0.3335,-1
KHAPRETA_510206,312045.860,2624209.200,126.8800,1.4331,5.5400,0.3540,-1
KHAPRETA_510206,312055.860,2624209.200,127.0000,0.0000,5.4200,0.3463,-1
KHAPRETA_510206,312070.860,2624209.200,132.4100,0.0000,0.0100,0.0006,-1
KHAPRETA_510206,312074.860,2624209.200,130.0900,0.0869,2.3300,0.1489,-1
KHAPRETA_510206,312075.860,2624209.200,129.9500,0.1604,2.4700,0.1578,-1
KHAPRETA_510206,312077.860,2624209.200,129.3000,0.0531,3.1200,0.1994,-1
KHAPRETA_510206,312084.860,2624209.200,124.0100,0.0000,8.4100,0.5374,-1
KHAPRETA_510206,312106.860,2624209.200,128.1900,0.6731,4.2300,0.2703,-1
KHAPRETA_510206,312108.860,2624209.200,128.4200,0.0000,4.0000,0.2556,-1
KHAPRETA_510206,312116.860,2624209.200,128.6000,0.0000,3.8200,0.2441,-1
KHAPRETA_510206,312118.860,2624209.200,128.6900,0.5381,3.7300,0.2383,-1
KHAPRETA_510206,312123.860,2624209.200,128.6100,0.7331,3.8100,0.2435,-1
KHAPRETA_510206,312124.860,2624209.200,128.3100,0.0250,4.1100,0.2626,-1
KHAPRETA_510206,312125.860,2624209.200,128.5600,0.9336,3.8600,0.2466,-1
KHAPRETA_510206,312134.860,2624209.200,128.6100,0.4981,3.8100,0.2435,-1
KHAPRETA_510206,312139.860,2624209.200,128.9000,0.0350,3.5200,0.2249,-1
KHAPRETA_510206,312141.860,2624209.200,128.8400,0.0000,3.5800,0.2288,-1
KHAPRETA_510206,312143.860,2624209.200,129.0100,0.6131,3.4100,0.2179,-1
KHAPRETA_510206,312144.860,2624209.200,128.9500,0.3831,3.4700,0.2217,-1
KHAPRETA_510206,312161.860,2624209.200,128.4700,0.4731,3.9500,0.2524,-1
KHAPRETA_510206,312165.860,2624209.200,128.6800,0.0000,3.7400,0.2390,-1
KHAPRETA_510206,312168.860,2624209.200,128.7400,0.5031,3.6800,0.2351,-1
KHAPRETA_510206,312171.860,2624209.200,128.7500,0.0000,3.6700,0.2345,-1
KHAPRETA_510206,312178.860,2624209.200,128.8500,0.0000,3.5700,0.2281,-1
KHAPRETA_510206,312183.860,2624209.200,128.9200,0.0400,3.5000,0.2236,-1
KHAPRETA_510206,312187.860,2624209.200,128.9600,0.4031,3.4600,0.2211,-1
KHAPRETA_510206,312197.860,2624209.200,129.3500,0.2431,3.0700,0.1962,-1
KHAPRETA_510206,312198.860,2624209.200,129.2900,0.2131,3.1300,0.2000,-1
KHAPRETA_510206,312207.860,2624209.200,129.3000,0.0000,3.1200,0.1994,-1
KHAPRETA_510206,312209.860,2624209.200,130.1300,0.7082,2.2900,0.1463,-1
KHAPRETA_510206,312210.860,2624209.200,131.1300,0.3006,1.2900,0.0824,-1
KHAPRETA_510206,312213.860,2624209.200,129.7900,0.0000,2.6300,0.1681,-1
KHAPRETA_510206,312215.860,2624209.200,129.7300,0.0119,2.6900,0.1719,-1
KHAPRETA_510206,312222.860,2624209.200,129.9200,0.1669,2.5000,0.1597,-1
KHAPRETA_510206,312225.860,2624209.200,131.1600,0.5298,1.2600,0.0805,-1
KHAPRETA_510206,312226.860,2624209.200,130.7400,0.6919,1.6800,0.1073,-1
KHAPRETA_510206,312239.860,2624209.200,129.8100,0.0000,2.6100,0.1668,-1
KHAPRETA_510206,312248.860,2624209.200,129.9600,0.0969,2.4600,0.1572,-1
KHAPRETA_510206,312249.860,2624209.200,129.9700,0.0919,2.4500,0.1565,-1
KHAPRETA_510206,312251.860,2624209.200,129.9500,0.1161,2.4700,0.1578,-1
KHAPRETA_510206,312252.860,2624209.200,129.9300,0.0869,2.4900,0.1591,-1
KHAPRETA_510206,312256.860,2624209.200,129.8900,0.0519,2.5300,0.1617,-1
KHAPRETA_510206,312259.860,2624209.200,129.9900,0.0000,2.4300,0.1553,-1
KHAPRETA_510206,312262.860,2624209.200,130.6200,0.3569,1.8000,0.1150,-1
KHAPRETA_510206,312264.860,2624209.200,130.6300,0.0000,1.7900,0.1144,-1
KHAPRETA_510206,312267.860,2624209.200,130.6500,0.4369,1.7700,0.1131,-1
KHAPRETA_510206,312275.860,2624209.200,130.7800,0.5069,1.6400,0.1048,-1
KHAPRETA_510206,312278.860,2624209.200,130.8300,0.5319,1.5900,0.1016,-1
KHAPRETA_510206,312282.860,2624209.200,130.8000,0.5169,1.6200,0.1035,-1
KHAPRETA_510206,312283.860,2624209.200,130.8100,0.5122,1.6100,0.1029,-1
KHAPRETA_510206,312284.860,2624209.200,130.8300,0.0950,1.5900,0.1016,-1
KHAPRETA_510206,312285.860,2624209.200,130.6200,0.5269,1.8000,0.1150,-1
KHAPRETA_510206,312290.860,2624209.200,130.7900,0.5269,1.6300,0.1042,-1
KHAPRETA_510206,312293.860,2624209.200,130.7900,0.0000,1.6300,0.1042,-1
KHAPRETA_510206,312296.860,2624209.200,130.8600,0.5619,1.5600,0.0997,-1
KHAPRETA_510206,312302.860,2624209.200,130.9500,0.0000,1.4700,0.0939,-1
KHAPRETA_510206,312310.860,2624209.200,130.7600,0.7756,1.6600,0.1061,-1
KHAPRETA_510206,312311.860,2624209.200,130.9500,0.4919,1.4700,0.0939,-1
KHAPRETA_510206,312313.860,2624209.200,130.9500,0.0000,1.4700,0.0939,-1
KHAPRETA_510206,312317.860,2624209.200,130.9300,0.0000,1.4900,0.0952,-1
KHAPRETA_510206,312330.860,2624209.200,131.0800,0.0000,1.3400,0.0856,-1
KHAPRETA_510206,312334.860,2624209.200,130.9900,0.0000,1.4300,0.0914,-1
KHAPRETA_510206,312343.860,2624209.200,130.8800,0.6169,1.5400,0.0984,-1
KHAPRETA_510206,312353.860,2624209.200,131.2500,0.7428,1.1700,0.0748,-1
KHAPRETA_510206,312354.860,2624209.200,131.2600,0.7475,1.1600,0.0741,-1
KHAPRETA_510206,312355.860,2624209.200,131.1900,1.0317,1.2300,0.0786,-1
KHAPRETA_510206,312360.860,2624209.200,131.2400,0.0000,1.1800,0.0754,-1
KHAPRETA_510206,312367.860,2624209.200,131.4000,0.8419,1.0200,0.0652,-1
KHAPRETA_510206,312368.860,2624209.200,131.4600,0.8119,0.9600,0.0613,-1
KHAPRETA_510206,312371.860,2624209.200,131.3800,0.7919,1.0400,0.0665,-1
KHAPRETA_510206,312374.860,2624209.200,131.4100,0.7869,1.0100,0.0645,-1
KHAPRETA_510206,312376.860,2624209.200,131.4300,0.8419,0.9900,0.0633,-1
KHAPRETA_510206,312377.860,2624209.200,131.4600,0.8269,0.9600,0.0613,-1
KHAPRETA_510206,312381.860,2624209.200,131.2400,0.0000,1.1800,0.0754,-1
KHAPRETA_510206,312383.860,2624209.200,131.2300,0.0650,1.1900,0.0760,-1
KHAPRETA_510206,312390.860,2624209.200,131.5700,0.8969,0.8500,0.0543,-1
KHAPRETA_510206,312394.860,2624209.200,131.3200,0.8069,1.1000,0.0703,-1
KHAPRETA_510206,312450.860,2624209.200,132.4000,0.0000,0.0200,0.0013,-1
KHAPRETA_510206,312456.860,2624209.200,132.2500,0.0000,0.1700,0.0109,-1
KHAPRETA_510206,312458.860,2624209.200,132.3000,0.0000,0.1200,0.0077,-1
KHAPRETA_510206,312521.860,2624209.200,132.4000,0.0000,0.0200,0.0013,-1
KHAPRETA_510206,312531.860,2624209.200,132.2700,1.3069,0.1500,0.0096,-1
KHAPRETA_510206,312532.860,2624209.200,132.3900,1.2469,0.0300,0.0019,-1
KHAPRETA_510206,311992.860,2624210.200,127.4100,1.8259,5.0100,0.3201,-1
KHAPRETA_510206,311993.860,2624210.200,127.1200,0.2050,5.3000,0.3387,-1
KHAPRETA_510206,311994.860,2624210.200,127.0000,1.9722,5.4200,0.3463,-1
KHAPRETA_510206,311996.860,2624210.200,127.1600,1.2981,5.2600,0.3361,-1
KHAPRETA_510206,311999.860,2624210.200,127.3200,0.0250,5.1000,0.3259,-1
KHAPRETA_510206,312003.860,2624210.200,127.2000,1.8790,5.2200,0.3335,-1
KHAPRETA_510206,312004.860,2624210.200,127.2000,1.2887,5.2200,0.3335,-1
KHAPRETA_510206,312006.860,2624210.200,127.1900,1.8465,5.2300,0.3342,-1
KHAPRETA_510206,312007.860,2624210.200,127.2000,1.4431,5.2200,0.3335,-1
KHAPRETA_510206,312008.860,2624210.200,127.1900,1.2890,5.2300,0.3342,-1
KHAPRETA_510206,312010.860,2624210.200,127.0200,1.3431,5.4000,0.3450,-1
KHAPRETA_510206,312022.860,2624210.200,127.2300,0.0300,5.1900,0.3316,-1
KHAPRETA_510206,312030.860,2624210.200,127.2400,0.0350,5.1800,0.3310,-1
KHAPRETA_510206,312033.860,2624210.200,127.1800,1.2781,5.2400,0.3348,-1
KHAPRETA_510206,312034.860,2624210.200,127.2200,1.2982,5.2000,0.3323,-1
KHAPRETA_510206,312041.860,2624210.200,127.0800,0.0000,5.3400,0.3412,-1
KHAPRETA_510206,312044.860,2624210.200,127.0500,1.4331,5.3700,0.3431,-1
KHAPRETA_510206,312045.860,2624210.200,126.9100,1.4569,5.5100,0.3521,-1
KHAPRETA_510206,312046.860,2624210.200,126.7300,2.0767,5.6900,0.3636,-1
KHAPRETA_510206,312048.860,2624210.200,126.9800,0.0000,5.4400,0.3476,-1
KHAPRETA_510206,312051.860,2624210.200,126.9600,1.4331,5.4600,0.3489,-1
KHAPRETA_510206,312054.860,2624210.200,126.8500,0.0000,5.5700,0.3559,-1
KHAPRETA_510206,312075.860,2624210.200,129.7100,0.2650,2.7100,0.1732,-1
KHAPRETA_510206,312077.860,2624210.200,129.6700,2.4612,2.7500,0.1757,-1
KHAPRETA_510206,312078.860,2624210.200,124.8600,0.6452,7.5600,0.4831,-1
KHAPRETA_510206,312082.860,2624210.200,124.2300,0.0000,8.1900,0.5233,-1
KHAPRETA_510206,312084.860,2624210.200,124.0200,0.0150,8.4000,0.5367,-1
KHAPRETA_510206,312086.860,2624210.200,124.4000,0.0000,8.0200,0.5125,-1
KHAPRETA_510206,312111.860,2624210.200,128.3900,0.0000,4.0300,0.2575,-1
KHAPRETA_510206,312114.860,2624210.200,128.5500,0.9377,3.8700,0.2473,-1
KHAPRETA_510206,312115.860,2624210.200,128.5700,0.6131,3.8500,0.2460,-1
KHAPRETA_510206,312119.860,2624210.200,128.6200,0.5331,3.8000,0.2428,-1
KHAPRETA_510206,312122.860,2624210.200,128.6100,0.0000,3.8100,0.2435,-1
KHAPRETA_510206,312129.860,2624210.200,128.7900,0.0000,3.6300,0.2319,-1
KHAPRETA_510206,312132.860,2624210.200,128.5900,0.0000,3.8300,0.2447,-1
KHAPRETA_510206,312135.860,2624210.200,128.4300,0.0000,3.9900,0.2550,-1
KHAPRETA_510206,312137.860,2624210.200,128.7800,0.0000,3.6400,0.2326,-1
KHAPRETA_510206,312139.860,2624210.200,128.8700,0.4381,3.5500,0.2268,-1
KHAPRETA_510206,312143.860,2624210.200,128.8700,0.3831,3.5500,0.2268,-1
KHAPRETA_510206,312145.860,2624210.200,128.9500,0.0000,3.4700,0.2217,-1
KHAPRETA_510206,312157.860,2624210.200,128.7400,0.6581,3.6800,0.2351,-1
KHAPRETA_510206,312158.860,2624210.200,128.4600,0.5181,3.9600,0.2530,-1
KHAPRETA_510206,312168.860,2624210.200,128.7700,0.0050,3.6500,0.2332,-1
KHAPRETA_510206,312172.860,2624210.200,128.7600,0.5181,3.6600,0.2339,-1
KHAPRETA_510206,312174.860,2624210.200,128.7800,0.0000,3.6400,0.2326,-1
KHAPRETA_510206,312180.860,2624210.200,128.8900,0.0000,3.5300,0.2256,-1
KHAPRETA_510206,312182.860,2624210.200,128.9000,0.3881,3.5200,0.2249,-1
KHAPRETA_510206,312183.860,2624210.200,129.0000,0.6125,3.4200,0.2185,-1
KHAPRETA_510206,312195.860,2624210.200,129.3600,0.0000,3.0600,0.1955,-1
KHAPRETA_510206,312197.860,2624210.200,129.3100,0.0150,3.1100,0.1987,-1
KHAPRETA_510206,312204.860,2624210.200,129.3400,0.3919,3.0800,0.1968,-1
KHAPRETA_510206,312206.860,2624210.200,130.6000,0.1669,1.8200,0.1163,-1
KHAPRETA_510206,312216.860,2624210.200,130.2700,0.0000,2.1500,0.1374,-1
KHAPRETA_510206,312223.860,2624210.200,129.9600,0.0000,2.4600,0.1572,-1
KHAPRETA_510206,312225.860,2624210.200,131.4100,0.2750,1.0100,0.0645,-1
KHAPRETA_510206,312229.860,2624210.200,129.7500,0.0131,2.6700,0.1706,-1
KHAPRETA_510206,312231.860,2624210.200,129.7700,0.0000,2.6500,0.1693,-1
KHAPRETA_510206,312234.860,2624210.200,129.7700,0.0000,2.6500,0.1693,-1
KHAPRETA_510206,312236.860,2624210.200,129.7800,0.0000,2.6400,0.1687,-1
KHAPRETA_510206,312238.860,2624210.200,129.8200,0.0000,2.6000,0.1661,-1
KHAPRETA_510206,312240.860,2624210.200,129.9000,0.0619,2.5200,0.1610,-1
KHAPRETA_510206,312244.860,2624210.200,129.9000,0.0970,2.5200,0.1610,-1
KHAPRETA_510206,312245.860,2624210.200,129.9400,0.0150,2.4800,0.1585,-1
KHAPRETA_510206,312246.860,2624210.200,129.9300,0.1159,2.4900,0.1591,-1
KHAPRETA_510206,312251.860,2624210.200,129.9500,0.0869,2.4700,0.1578,-1
KHAPRETA_510206,312257.860,2624210.200,129.9600,0.1169,2.4600,0.1572,-1
KHAPRETA_510206,312260.860,2624210.200,130.1300,0.0000,2.2900,0.1463,-1
KHAPRETA_510206,312266.860,2624210.200,130.4900,0.0000,1.9300,0.1233,-1
KHAPRETA_510206,312271.860,2624210.200,130.6800,0.4969,1.7400,0.1112,-1
KHAPRETA_510206,312275.860,2624210.200,130.7900,0.0350,1.6300,0.1042,-1
KHAPRETA_510206,312277.860,2624210.200,130.8100,0.5319,1.6100,0.1029,-1
KHAPRETA_510206,312278.860,2624210.200,130.8400,0.7382,1.5800,0.1010,-1
KHAPRETA_510206,312280.860,2624210.200,130.8300,0.0000,1.5900,0.1016,-1
KHAPRETA_510206,312287.860,2624210.200,130.8400,0.5369,1.5800,0.1010,-1
KHAPRETA_510206,312288.860,2624210.200,130.8500,0.0300,1.5700,0.1003,-1
KHAPRETA_510206,312289.860,2624210.200,130.7800,0.7419,1.6400,0.1048,-1
KHAPRETA_510206,312297.860,2624210.200,130.8500,0.0000,1.5700,0.1003,-1
KHAPRETA_510206,312299.860,2624210.200,130.9200,0.0000,1.5000,0.0958,-1
KHAPRETA_510206,312309.860,2624210.200,130.8600,0.5619,1.5600,0.0997,-1
KHAPRETA_510206,312320.860,2624210.200,130.8300,0.5169,1.5900,0.1016,-1
KHAPRETA_510206,312322.860,2624210.200,131.0300,0.6169,1.3900,0.0888,-1
KHAPRETA_510206,312323.860,2624210.200,131.0100,0.6269,1.4100,0.0901,-1
KHAPRETA_510206,312326.860,2624210.200,131.0400,0.0000,1.3800,0.0882,-1
KHAPRETA_510206,312331.860,2624210.200,131.0000,0.0000,1.4200,0.0907,-1
KHAPRETA_510206,312337.860,2624210.200,131.0600,0.0000,1.3600,0.0869,-1
KHAPRETA_510206,312342.860,2624210.200,131.2400,0.0000,1.1800,0.0754,-1
KHAPRETA_510206,312348.860,2624210.200,131.2100,0.0000,1.2100,0.0773,-1
KHAPRETA_510206,312350.860,2624210.200,131.1900,0.0000,1.2300,0.0786,-1
KHAPRETA_510206,312353.860,2624210.200,131.2400,0.7369,1.1800,0.0754,-1
KHAPRETA_510206,312355.860,2624210.200,131.2100,0.7069,1.2100,0.0773,-1
KHAPRETA_510206,312358.860,2624210.200,131.1900,0.7269,1.2300,0.0786,-1
KHAPRETA_510206,312359.860,2624210.200,131.2300,0.7069,1.1900,0.0760,-1
KHAPRETA_510206,312361.860,2624210.200,131.3400,0.8119,1.0800,0.0690,-1
KHAPRETA_510206,312371.860,2624210.200,131.3600,0.8019,1.0600,0.0677,-1
KHAPRETA_510206,312374.860,2624210.200,131.3500,0.8038,1.0700,0.0684,-1
KHAPRETA_510206,312375.860,2624210.200,131.3800,0.7869,1.0400,0.0665,-1
KHAPRETA_510206,312378.860,2624210.200,131.2300,0.0000,1.1900,0.0760,-1
KHAPRETA_510206,312380.860,2624210.200,131.2700,0.0000,1.1500,0.0735,-1
KHAPRETA_510206,312383.860,2624210.200,131.4800,0.7269,0.9400,0.0601,-1
KHAPRETA_510206,312385.860,2624210.200,131.5800,0.8819,0.8400,0.0537,-1
KHAPRETA_510206,312388.860,2624210.200,131.5300,0.9469,0.8900,0.0569,-1
KHAPRETA_510206,312389.860,2624210.200,131.6700,0.8769,0.7500,0.0479,-1
KHAPRETA_510206,312391.860,2624210.200,131.7300,0.0000,0.6900,0.0441,-1
KHAPRETA_510206,312448.860,2624210.200,132.3200,1.7425,0.1000,0.0064,-1
KHAPRETA_510206,312449.860,2624210.200,132.2800,1.7466,0.1400,0.0089,-1
KHAPRETA_510206,312452.860,2624210.200,132.3000,0.0000,0.1200,0.0077,-1
KHAPRETA_510206,312457.860,2624210.200,132.2600,0.0000,0.1600,0.0102,-1
KHAPRETA_510206,312459.860,2624210.200,132.3100,0.0000,0.1100,0.0070,-1
KHAPRETA_510206,312461.860,2624210.200,132.3600,0.0000,0.0600,0.0038,-1
KHAPRETA_510206,312463.860,2624210.200,132.4000,0.0000,0.0200,0.0013,-1
KHAPRETA_510206,312512.860,2624210.200,132.1300,1.2969,0.2900,0.0185,-1
KHAPRETA_510206,312513.860,2624210.200,132.3700,1.1769,0.0500,0.0032,-1
KHAPRETA_510206,312536.860,2624210.200,132.4100,0.0000,0.0100,0.0006,-1
KHAPRETA_510206,312548.860,2624210.200,132.4100,0.0000,0.0100,0.0006,-1
KHAPRETA_510206,311992.860,2624211.200,127.2700,0.0750,5.1500,0.3291,-1
KHAPRETA_510206,311994.860,2624211.200,126.8600,2.0277,5.5600,0.3553,-1
KHAPRETA_510206,311995.860,2624211.200,126.8200,0.1600,5.6000,0.3578,-1
KHAPRETA_510206,311996.860,2624211.200,127.1800,1.3336,5.2400,0.3348,-1
KHAPRETA_510206,311997.860,2624211.200,127.3400,0.0300,5.0800,0.3246,-1
KHAPRETA_510206,311998.860,2624211.200,127.2400,0.0150,5.1800,0.3310,-1
KHAPRETA_510206,311999.860,2624211.200,127.3100,1.2282,5.1100,0.3265,-1
KHAPRETA_510206,312000.860,2624211.200,127.2000,1.2331,5.2200,0.3335,-1
KHAPRETA_510206,312002.860,2624211.200,127.2100,1.3681,5.2100,0.3329,-1
KHAPRETA_510206,312003.860,2624211.200,127.0400,0.0364,5.3800,0.3438,-1
KHAPRETA_510206,312004.860,2624211.200,127.1900,1.8790,5.2300,0.3342,-1
KHAPRETA_510206,312006.860,2624211.200,127.1300,1.2931,5.2900,0.3380,-1
KHAPRETA_510206,312008.860,2624211.200,127.1800,1.2931,5.2400,0.3348,-1
KHAPRETA_510206,312010.860,2624211.200,127.0900,0.1250,5.3300,0.3406,-1
KHAPRETA_510206,312019.860,2624211.200,127.2600,0.0000,5.1600,0.3297,-1
KHAPRETA_510206,312021.860,2624211.200,127.1300,1.3181,5.2900,0.3380,-1
KHAPRETA_510206,312022.860,2624211.200,127.1400,1.8361,5.2800,0.3374,-1
KHAPRETA_510206,312026.860,2624211.200,127.1500,0.0000,5.2700,0.3367,-1
KHAPRETA_510206,312030.860,2624211.200,127.2500,1.8435,5.1700,0.3304,-1
KHAPRETA_510206,312031.860,2624211.200,127.1000,1.2631,5.3200,0.3399,-1
KHAPRETA_510206,312034.860,2624211.200,127.2100,1.2781,5.2100,0.3329,-1
KHAPRETA_510206,312037.860,2624211.200,127.1200,0.0000,5.3000,0.3387,-1
KHAPRETA_510206,312043.860,2624211.200,127.1400,1.3331,5.2800,0.3374,-1
KHAPRETA_510206,312046.860,2624211.200,126.7700,2.0708,5.6500,0.3610,-1
KHAPRETA_510206,312047.860,2624211.200,126.9700,2.0837,5.4500,0.3482,-1
KHAPRETA_510206,312051.860,2624211.200,126.9100,0.0050,5.5100,0.3521,-1
KHAPRETA_510206,312059.860,2624211.200,126.9500,0.0000,5.4700,0.3495,-1
KHAPRETA_510206,312074.860,2624211.200,130.8000,0.3814,1.6200,0.1035,-1
KHAPRETA_510206,312075.860,2624211.200,130.4800,1.0105,1.9400,0.1240,-1
KHAPRETA_510206,312076.860,2624211.200,128.7800,0.7150,3.6400,0.2326,-1
KHAPRETA_510206,312077.860,2624211.200,129.0500,0.5736,3.3700,0.2153,-1
KHAPRETA_510206,312078.860,2624211.200,128.4900,2.5118,3.9300,0.2511,-1
KHAPRETA_510206,312079.860,2624211.200,124.8200,2.5601,7.6000,0.4856,-1
KHAPRETA_510206,312081.860,2624211.200,124.6400,0.0000,7.7800,0.4971,-1
KHAPRETA_510206,312084.860,2624211.200,124.0400,2.8781,8.3800,0.5355,-1
KHAPRETA_510206,312088.860,2624211.200,127.8200,0.0000,4.6000,0.2939,-1
KHAPRETA_510206,312091.860,2624211.200,131.4200,0.0000,1.0000,0.0639,-1
KHAPRETA_510206,312096.860,2624211.200,132.1700,0.0000,0.2500,0.0160,-1
KHAPRETA_510206,312112.860,2624211.200,128.6600,0.5781,3.7600,0.2403,-1
KHAPRETA_510206,312113.860,2624211.200,128.6200,0.1600,3.8000,0.2428,-1
KHAPRETA_510206,312114.860,2624211.200,128.3400,0.8426,4.0800,0.2607,-1
KHAPRETA_510206,312118.860,2624211.200,128.4700,0.8276,3.9500,0.2524,-1
KHAPRETA_510206,312119.860,2624211.200,128.7100,0.8722,3.7100,0.2371,-1
KHAPRETA_510206,312124.860,2624211.200,128.6000,0.7431,3.8200,0.2441,-1
KHAPRETA_510206,312125.860,2624211.200,128.2900,0.5881,4.1300,0.2639,-1
KHAPRETA_510206,312131.860,2624211.200,128.6900,0.5331,3.7300,0.2383,-1
KHAPRETA_510206,312133.860,2624211.200,128.7300,0.0000,3.6900,0.2358,-1
KHAPRETA_510206,312147.860,2624211.200,128.9300,0.4281,3.4900,0.2230,-1
KHAPRETA_510206,312152.860,2624211.200,128.8400,0.4481,3.5800,0.2288,-1
KHAPRETA_510206,312153.860,2624211.200,128.8800,0.4717,3.5400,0.2262,-1
KHAPRETA_510206,312154.860,2624211.200,128.6600,0.4481,3.7600,0.2403,-1
KHAPRETA_510206,312156.860,2624211.200,128.8600,0.0000,3.5600,0.2275,-1
KHAPRETA_510206,312161.860,2624211.200,128.6500,0.0000,3.7700,0.2409,-1
KHAPRETA_510206,312163.860,2624211.200,128.6500,0.0000,3.7700,0.2409,-1
KHAPRETA_510206,312166.860,2624211.200,128.7000,0.0000,3.7200,0.2377,-1
KHAPRETA_510206,312168.860,2624211.200,128.7500,0.6737,3.6700,0.2345,-1
KHAPRETA_510206,312169.860,2624211.200,128.8800,0.7291,3.5400,0.2262,-1
KHAPRETA_510206,312172.860,2624211.200,128.7400,0.0050,3.6800,0.2351,-1
KHAPRETA_510206,312178.860,2624211.200,128.8500,0.4431,3.5700,0.2281,-1
KHAPRETA_510206,312184.860,2624211.200,128.9600,0.4131,3.4600,0.2211,-1
KHAPRETA_510206,312186.860,2624211.200,128.9500,0.4181,3.4700,0.2217,-1
KHAPRETA_510206,312197.860,2624211.200,129.3200,0.2331,3.1000,0.1981,-1
KHAPRETA_510206,312204.860,2624211.200,130.5600,0.2181,1.8600,0.1188,-1
KHAPRETA_510206,312206.860,2624211.200,130.1100,0.4165,2.3100,0.1476,-1
KHAPRETA_510206,312207.860,2624211.200,129.6300,0.1767,2.7900,0.1783,-1
KHAPRETA_510206,312209.860,2624211.200,129.7100,0.0000,2.7100,0.1732,-1
KHAPRETA_510206,312212.860,2624211.200,130.1900,0.1719,2.2300,0.1425,-1
KHAPRETA_510206,312214.860,2624211.200,130.1500,0.0000,2.2700,0.1450,-1
KHAPRETA_510206,312217.860,2624211.200,130.3000,0.2769,2.1200,0.1355,-1
KHAPRETA_510206,312218.860,2624211.200,130.3300,0.2619,2.0900,0.1335,-1
KHAPRETA_510206,312224.860,2624211.200,129.7500,0.4202,2.6700,0.1706,-1
KHAPRETA_510206,312225.860,2624211.200,130.6100,0.7701,1.8100,0.1157,-1
KHAPRETA_510206,312228.860,2624211.200,129.7200,0.0131,2.7000,0.1725,-1
KHAPRETA_510206,312229.860,2624211.200,129.7500,0.0310,2.6700,0.1706,-1
KHAPRETA_510206,312232.860,2624211.200,129.8000,0.0027,2.6200,0.1674,-1
KHAPRETA_510206,312233.860,2624211.200,129.7800,0.0119,2.6400,0.1687,-1
KHAPRETA_510206,312237.860,2624211.200,129.7900,0.0000,2.6300,0.1681,-1
KHAPRETA_510206,312240.860,2624211.200,129.9000,0.0619,2.5200,0.1610,-1
KHAPRETA_510206,312244.860,2624211.200,129.8800,0.0600,2.5400,0.1623,-1
KHAPRETA_510206,312246.860,2624211.200,129.9400,0.0150,2.4800,0.1585,-1
KHAPRETA_510206,312253.860,2624211.200,129.9500,0.0000,2.4700,0.1578,-1
KHAPRETA_510206,312256.860,2624211.200,130.0000,0.1169,2.4200,0.1546,-1
KHAPRETA_510206,312257.860,2624211.200,130.0100,0.0206,2.4100,0.1540,-1
KHAPRETA_510206,312258.860,2624211.200,129.9600,0.1169,2.4600,0.1572,-1
KHAPRETA_510206,312264.860,2624211.200,130.6600,0.0000,1.7600,0.1125,-1
KHAPRETA_510206,312270.860,2624211.200,130.7800,0.4969,1.6400,0.1048,-1
KHAPRETA_510206,312271.860,2624211.200,130.7700,0.6754,1.6500,0.1054,-1
KHAPRETA_510206,312274.860,2624211.200,130.7800,0.6855,1.6400,0.1048,-1
KHAPRETA_510206,312275.860,2624211.200,130.7100,0.0502,1.7100,0.1093,-1
KHAPRETA_510206,312276.860,2624211.200,130.7900,0.6855,1.6300,0.1042,-1
KHAPRETA_510206,312283.860,2624211.200,130.8200,0.0000,1.6000,0.1022,-1
KHAPRETA_510206,312289.860,2624211.200,130.8000,0.0450,1.6200,0.1035,-1
KHAPRETA_510206,312291.860,2624211.200,130.8100,0.5269,1.6100,0.1029,-1
KHAPRETA_510206,312292.860,2624211.200,130.8300,0.5169,1.5900,0.1016,-1
KHAPRETA_510206,312307.860,2624211.200,130.9300,0.5819,1.4900,0.0952,-1
KHAPRETA_510206,312309.860,2624211.200,130.9000,0.7916,1.5200,0.0971,-1
KHAPRETA_510206,312310.860,2624211.200,130.9300,0.5619,1.4900,0.0952,-1
KHAPRETA_510206,312312.860,2624211.200,130.8500,0.0000,1.5700,0.1003,-1
KHAPRETA_510206,312317.860,2624211.200,130.8900,0.0000,1.5300,0.0978,-1
KHAPRETA_510206,312319.860,2624211.200,130.8500,0.7205,1.5700,0.1003,-1
KHAPRETA_510206,312320.860,2624211.200,130.8100,0.7523,1.6100,0.1029,-1
KHAPRETA_510206,312333.860,2624211.200,131.0100,0.0000,1.4100,0.0901,-1
KHAPRETA_510206,312345.860,2624211.200,131.0600,0.0000,1.3600,0.0869,-1
KHAPRETA_510206,312351.860,2624211.200,131.2200,0.7119,1.2000,0.0767,-1
KHAPRETA_510206,312352.860,2624211.200,131.2000,0.7219,1.2200,0.0780,-1
KHAPRETA_510206,312361.860,2624211.200,131.4000,0.0150,1.0200,0.0652,-1
KHAPRETA_510206,312364.860,2624211.200,131.3800,1.1238,1.0400,0.0665,-1
KHAPRETA_510206,312365.860,2624211.200,131.4000,0.8019,1.0200,0.0652,-1
KHAPRETA_510206,312369.860,2624211.200,131.4700,0.0000,0.9500,0.0607,-1
KHAPRETA_510206,312372.860,2624211.200,131.3500,0.7869,1.0700,0.0684,-1
KHAPRETA_510206,312374.860,2624211.200,131.5200,0.7869,0.9000,0.0575,-1
KHAPRETA_510206,312385.860,2624211.200,131.5400,0.9019,0.8800,0.0562,-1
KHAPRETA_510206,312387.860,2624211.200,131.5600,0.0000,0.8600,0.0550,-1
KHAPRETA_510206,312390.860,2624211.200,131.4500,0.0000,0.9700,0.0620,-1
KHAPRETA_510206,312448.860,2624211.200,132.2000,1.7466,0.2200,0.0141,-1
KHAPRETA_510206,312449.860,2624211.200,132.1700,1.2149,0.2500,0.0160,-1
KHAPRETA_510206,312451.860,2624211.200,132.1900,0.0000,0.2300,0.0147,-1
KHAPRETA_510206,312455.860,2624211.200,132.2600,1.2469,0.1600,0.0102,-1
KHAPRETA_510206,312456.860,2624211.200,132.2700,1.7599,0.1500,0.0096,-1
KHAPRETA_510206,312458.860,2624211.200,132.3100,0.0000,0.1100,0.0070,-1
KHAPRETA_510206,312519.860,2624211.200,132.3600,0.0000,0.0600,0.0038,-1
KHAPRETA_510206,312521.860,2624211.200,132.3800,1.3219,0.0400,0.0026,-1
KHAPRETA_510206,311992.860,2624212.200,127.2600,0.0700,5.1600,0.3297,-1
KHAPRETA_510206,312001.860,2624212.200,127.1800,1.2831,5.2400,0.3348,-1
KHAPRETA_510206,312003.860,2624212.200,127.1300,1.3681,5.2900,0.3380,-1
KHAPRETA_510206,312010.860,2624212.200,127.2700,1.3431,5.1500,0.3291,-1
KHAPRETA_510206,312017.860,2624212.200,127.0900,1.3331,5.3300,0.3406,-1
KHAPRETA_510206,312018.860,2624212.200,127.1100,1.3431,5.3100,0.3393,-1
KHAPRETA_510206,312024.860,2624212.200,127.2000,0.0000,5.2200,0.3335,-1
KHAPRETA_510206,312029.860,2624212.200,127.1600,0.0000,5.2600,0.3361,-1
KHAPRETA_510206,312032.860,2624212.200,127.1600,0.0000,5.2600,0.3361,-1
KHAPRETA_510206,312041.860,2624212.200,127.1000,0.0000,5.3200,0.3399,-1
KHAPRETA_510206,312043.860,2624212.200,127.1100,1.3181,5.3100,0.3393,-1
KHAPRETA_510206,312045.860,2624212.200,127.0700,1.3781,5.3500,0.3419,-1
KHAPRETA_510206,312047.860,2624212.200,126.8900,1.4031,5.5300,0.3534,-1
KHAPRETA_510206,312051.860,2624212.200,126.9700,1.4331,5.4500,0.3482,-1
KHAPRETA_510206,312053.860,2624212.200,126.9800,0.0000,5.4400,0.3476,-1
KHAPRETA_510206,312071.860,2624212.200,130.8400,0.6235,1.5800,0.1010,-1
KHAPRETA_510206,312072.860,2624212.200,130.8500,0.4628,1.5700,0.1003,-1
KHAPRETA_510206,312073.860,2624212.200,131.0800,0.5529,1.3400,0.0856,-1
KHAPRETA_510206,312074.860,2624212.200,130.0700,0.8289,2.3500,0.1502,-1
KHAPRETA_510206,312077.860,2624212.200,128.5600,1.1613,3.8600,0.2466,-1
KHAPRETA_510206,312078.860,2624212.200,127.5700,1.8829,4.8500,0.3099,-1
KHAPRETA_510206,312079.860,2624212.200,124.8200,2.7125,7.6000,0.4856,-1
KHAPRETA_510206,312087.860,2624212.200,128.0300,0.0000,4.3900,0.2805,-1
KHAPRETA_510206,312092.860,2624212.200,130.9100,1.0219,1.5100,0.0965,-1
KHAPRETA_510206,312103.860,2624212.200,128.0000,0.0000,4.4200,0.2824,-1
KHAPRETA_510206,312108.860,2624212.200,128.4500,0.0000,3.9700,0.2537,-1
KHAPRETA_510206,312110.860,2624212.200,128.5900,0.0000,3.8300,0.2447,-1
KHAPRETA_510206,312115.860,2624212.200,128.3300,0.0000,4.0900,0.2613,-1
KHAPRETA_510206,312117.860,2624212.200,128.5300,0.6331,3.8900,0.2486,-1
KHAPRETA_510206,312118.860,2624212.200,128.5100,0.9026,3.9100,0.2498,-1
KHAPRETA_510206,312121.860,2624212.200,128.6700,0.8244,3.7500,0.2396,-1
KHAPRETA_510206,312122.860,2624212.200,128.5100,0.0100,3.9100,0.2498,-1
KHAPRETA_510206,312123.860,2624212.200,128.6500,0.6331,3.7700,0.2409,-1
KHAPRETA_510206,312128.860,2624212.200,128.3400,0.5881,4.0800,0.2607,-1
KHAPRETA_510206,312131.860,2624212.200,128.7100,0.5431,3.7100,0.2371,-1
KHAPRETA_510206,312140.860,2624212.200,128.8800,0.0000,3.5400,0.2262,-1
KHAPRETA_510206,312143.860,2624212.200,128.9600,0.0000,3.4600,0.2211,-1
KHAPRETA_510206,312147.860,2624212.200,128.9200,0.4231,3.5000,0.2236,-1
KHAPRETA_510206,312150.860,2624212.200,128.8300,0.0000,3.5900,0.2294,-1
KHAPRETA_510206,312153.860,2624212.200,128.8500,0.4481,3.5700,0.2281,-1
KHAPRETA_510206,312165.860,2624212.200,128.8500,0.0000,3.5700,0.2281,-1
KHAPRETA_510206,312169.860,2624212.200,128.7400,0.0600,3.6800,0.2351,-1
KHAPRETA_510206,312171.860,2624212.200,128.7700,0.6804,3.6500,0.2332,-1
KHAPRETA_510206,312172.860,2624212.200,128.7700,0.7221,3.6500,0.2332,-1
KHAPRETA_510206,312178.860,2624212.200,128.8900,0.0300,3.5300,0.2256,-1
KHAPRETA_510206,312182.860,2624212.200,128.9000,0.4381,3.5200,0.2249,-1
KHAPRETA_510206,312183.860,2624212.200,128.9000,0.0250,3.5200,0.2249,-1
KHAPRETA_510206,312184.860,2624212.200,128.9500,0.4100,3.4700,0.2217,-1
KHAPRETA_510206,312185.860,2624212.200,128.9800,0.0050,3.4400,0.2198,-1
KHAPRETA_510206,312186.860,2624212.200,128.9400,0.5737,3.4800,0.2224,-1
KHAPRETA_510206,312195.860,2624212.200,129.2800,0.0000,3.1400,0.2006,-1
KHAPRETA_510206,312200.860,2624212.200,129.3600,0.0000,3.0600,0.1955,-1
KHAPRETA_510206,312202.860,2624212.200,129.2900,0.0000,3.1300,0.2000,-1
KHAPRETA_510206,312206.860,2624212.200,129.7800,0.2372,2.6400,0.1687,-1
KHAPRETA_510206,312207.860,2624212.200,129.6600,0.0731,2.7600,0.1764,-1
KHAPRETA_510206,312211.860,2624212.200,130.1300,0.2968,2.2900,0.1463,-1
KHAPRETA_510206,312212.860,2624212.200,130.1200,0.2723,2.3000,0.1470,-1
KHAPRETA_510206,312224.860,2624212.200,129.8800,0.0487,2.5400,0.1623,-1
KHAPRETA_510206,312225.860,2624212.200,129.8700,0.5641,2.5500,0.1629,-1
KHAPRETA_510206,312226.860,2624212.200,130.6400,0.0600,1.7800,0.1137,-1
KHAPRETA_510206,312227.860,2624212.200,129.7500,0.4332,2.6700,0.1706,-1
KHAPRETA_510206,312232.860,2624212.200,129.7800,0.0119,2.6400,0.1687,-1
KHAPRETA_510206,312238.860,2624212.200,129.8600,0.0569,2.5600,0.1636,-1
KHAPRETA_510206,312239.860,2624212.200,129.8900,0.0419,2.5300,0.1617,-1
KHAPRETA_510206,312244.860,2624212.200,130.0200,0.0519,2.4000,0.1534,-1
KHAPRETA_510206,312246.860,2624212.200,129.9600,0.0819,2.4600,0.1572,-1
KHAPRETA_510206,312249.860,2624212.200,129.9500,0.0000,2.4700,0.1578,-1
KHAPRETA_510206,312251.860,2624212.200,129.9500,0.0000,2.4700,0.1578,-1
KHAPRETA_510206,312257.860,2624212.200,129.9700,0.1169,2.4500,0.1565,-1
KHAPRETA_510206,312260.860,2624212.200,129.9800,0.0000,2.4400,0.1559,-1
KHAPRETA_510206,312262.860,2624212.200,130.6000,0.0000,1.8200,0.1163,-1
KHAPRETA_510206,312265.860,2624212.200,130.6000,0.0000,1.8200,0.1163,-1
KHAPRETA_510206,312268.860,2624212.200,130.6500,0.4869,1.7700,0.1131,-1
KHAPRETA_510206,312269.860,2624212.200,130.7500,0.4369,1.6700,0.1067,-1
KHAPRETA_510206,312274.860,2624212.200,130.7800,0.4570,1.6400,0.1048,-1
KHAPRETA_510206,312275.860,2624212.200,130.6900,0.4669,1.7300,0.1105,-1
KHAPRETA_510206,312276.860,2624212.200,130.7800,0.6825,1.6400,0.1048,-1
KHAPRETA_510206,312289.860,2624212.200,130.8700,0.0350,1.5500,0.0990,-1
KHAPRETA_510206,312300.860,2624212.200,130.9500,0.0000,1.4700,0.0939,-1
KHAPRETA_510206,312303.860,2624212.200,131.0100,0.0000,1.4100,0.0901,-1
KHAPRETA_510206,312307.860,2624212.200,130.9400,0.5769,1.4800,0.0946,-1
KHAPRETA_510206,312311.860,2624212.200,130.9900,0.0000,1.4300,0.0914,-1
KHAPRETA_510206,312314.860,2624212.200,131.0600,0.0000,1.3600,0.0869,-1
KHAPRETA_510206,312316.860,2624212.200,130.8200,0.0000,1.6000,0.1022,-1
KHAPRETA_510206,312318.860,2624212.200,130.7700,0.5019,1.6500,0.1054,-1
KHAPRETA_510206,312319.860,2624212.200,130.7800,0.7316,1.6400,0.1048,-1
KHAPRETA_510206,312325.860,2624212.200,130.9500,0.0000,1.4700,0.0939,-1
KHAPRETA_510206,312328.860,2624212.200,131.0400,0.6369,1.3800,0.0882,-1
KHAPRETA_510206,312341.860,2624212.200,131.2200,0.7569,1.2000,0.0767,-1
KHAPRETA_510206,312344.860,2624212.200,131.1300,0.0000,1.2900,0.0824,-1
KHAPRETA_510206,312346.860,2624212.200,131.2400,0.0000,1.1800,0.0754,-1
KHAPRETA_510206,312355.860,2624212.200,131.1800,0.7319,1.2400,0.0792,-1
KHAPRETA_510206,312356.860,2624212.200,131.2400,0.7593,1.1800,0.0754,-1
KHAPRETA_510206,312357.860,2624212.200,131.3000,0.7319,1.1200,0.0716,-1
KHAPRETA_510206,312361.860,2624212.200,131.3100,0.8119,1.1100,0.0709,-1
KHAPRETA_510206,312364.860,2624212.200,131.3300,0.8019,1.0900,0.0696,-1
KHAPRETA_510206,312372.860,2624212.200,131.3500,0.0650,1.0700,0.0684,-1
KHAPRETA_510206,312383.860,2624212.200,131.5900,0.0000,0.8300,0.0530,-1
KHAPRETA_510206,312388.860,2624212.200,131.4100,0.0000,1.0100,0.0645,-1
KHAPRETA_510206,312447.860,2624212.200,132.1400,0.0000,0.2800,0.0179,-1
KHAPRETA_510206,312449.860,2624212.200,132.1100,1.7321,0.3100,0.0198,-1
KHAPRETA_510206,312450.860,2624212.200,132.2800,1.1669,0.1400,0.0089,-1
KHAPRETA_510206,312453.860,2624212.200,132.3000,1.2319,0.1200,0.0077,-1
KHAPRETA_510206,312454.860,2624212.200,132.2400,1.2619,0.1800,0.0115,-1
KHAPRETA_510206,312456.860,2624212.200,132.2700,1.2469,0.1500,0.0096,-1
KHAPRETA_510206,312521.860,2624212.200,132.4200,1.3019,0.0000,0.0000,-1
KHAPRETA_510206,312527.860,2624212.200,132.3800,0.0000,0.0400,0.0026,-1
KHAPRETA_510206,312534.860,2624212.200,132.3600,0.0000,0.0600,0.0038,-1
KHAPRETA_510206,311992.860,2624213.200,127.1300,1.3035,5.2900,0.3380,-1
KHAPRETA_510206,311993.860,2624213.200,127.1700,0.1150,5.2500,0.3355,-1
KHAPRETA_510206,311994.860,2624213.200,127.3600,1.3031,5.0600,0.3233,-1
KHAPRETA_510206,311996.860,2624213.200,126.7900,0.0000,5.6300,0.3597,-1
KHAPRETA_510206,311999.860,2624213.200,127.0800,0.0000,5.3400,0.3412,-1
KHAPRETA_510206,312001.860,2624213.200,127.2100,1.2981,5.2100,0.3329,-1
KHAPRETA_510206,312006.860,2624213.200,127.0500,0.0000,5.3700,0.3431,-1
KHAPRETA_510206,312019.860,2624213.200,127.1400,0.0000,5.2800,0.3374,-1
KHAPRETA_510206,312022.860,2624213.200,127.1600,1.2481,5.2600,0.3361,-1
KHAPRETA_510206,312023.860,2624213.200,127.2800,1.8393,5.1400,0.3284,-1
KHAPRETA_510206,312033.860,2624213.200,127.1900,0.0000,5.2300,0.3342,-1
KHAPRETA_510206,312035.860,2624213.200,127.2000,1.3131,5.2200,0.3335,-1
KHAPRETA_510206,312037.860,2624213.200,127.2500,1.2931,5.1700,0.3304,-1
KHAPRETA_510206,312045.860,2624213.200,127.0200,1.3531,5.4000,0.3450,-1
KHAPRETA_510206,312049.860,2624213.200,126.8300,0.0000,5.5900,0.3572,-1
KHAPRETA_510206,312054.860,2624213.200,126.9100,1.4031,5.5100,0.3521,-1
KHAPRETA_510206,312055.860,2624213.200,126.9700,1.4331,5.4500,0.3482,-1
KHAPRETA_510206,312061.860,2624213.200,126.6900,0.0000,5.7300,0.3661,-1
KHAPRETA_510206,312071.860,2624213.200,130.4100,0.5248,2.0100,0.1284,-1
KHAPRETA_510206,312072.860,2624213.200,130.6700,0.5422,1.7500,0.1118,-1
KHAPRETA_510206,312073.860,2624213.200,130.5600,0.7904,1.8600,0.1188,-1
KHAPRETA_510206,312075.860,2624213.200,129.5900,0.3381,2.8300,0.1808,-1
KHAPRETA_510206,312078.860,2624213.200,128.0500,1.1031,4.3700,0.2792,-1
KHAPRETA_510206,312092.860,2624213.200,131.8200,0.5669,0.6000,0.0383,-1
KHAPRETA_510206,312102.860,2624213.200,128.0300,0.0000,4.3900,0.2805,-1
KHAPRETA_510206,312107.860,2624213.200,128.4600,0.6181,3.9600,0.2530,-1
KHAPRETA_510206,312121.860,2624213.200,128.7200,0.5531,3.7000,0.2364,-1
KHAPRETA_510206,312126.860,2624213.200,128.6700,0.7717,3.7500,0.2396,-1
KHAPRETA_510206,312127.860,2624213.200,128.7100,0.6290,3.7100,0.2371,-1
KHAPRETA_510206,312128.860,2624213.200,128.6000,0.8943,3.8200,0.2441,-1
KHAPRETA_510206,312138.860,2624213.200,128.7800,0.0000,3.6400,0.2326,-1
KHAPRETA_510206,312144.860,2624213.200,128.9400,0.4481,3.4800,0.2224,-1
KHAPRETA_510206,312154.860,2624213.200,128.3600,0.5931,4.0600,0.2594,-1
KHAPRETA_510206,312156.860,2624213.200,128.6100,0.5981,3.8100,0.2435,-1
KHAPRETA_510206,312157.860,2624213.200,128.5800,0.5831,3.8400,0.2454,-1
KHAPRETA_510206,312160.860,2624213.200,128.6300,0.0000,3.7900,0.2422,-1
KHAPRETA_510206,312169.860,2624213.200,128.7600,0.0500,3.6600,0.2339,-1
KHAPRETA_510206,312171.860,2624213.200,128.8600,0.5031,3.5600,0.2275,-1
KHAPRETA_510206,312177.860,2624213.200,128.8600,0.4331,3.5600,0.2275,-1
KHAPRETA_510206,312178.860,2624213.200,128.9100,0.4433,3.5100,0.2243,-1
KHAPRETA_510206,312179.860,2624213.200,128.8900,0.4331,3.5300,0.2256,-1
KHAPRETA_510206,312187.860,2624213.200,128.9500,0.0000,3.4700,0.2217,-1
KHAPRETA_510206,312190.860,2624213.200,128.9800,0.0000,3.4400,0.2198,-1
KHAPRETA_510206,312193.860,2624213.200,129.2200,0.0000,3.2000,0.2045,-1
KHAPRETA_510206,312206.860,2624213.200,129.6500,0.0019,2.7700,0.1770,-1
KHAPRETA_510206,312210.860,2624213.200,130.2000,0.2419,2.2200,0.1419,-1
KHAPRETA_510206,312211.860,2624213.200,130.2600,0.2232,2.1600,0.1380,-1
KHAPRETA_510206,312215.860,2624213.200,130.3100,0.2669,2.1100,0.1348,-1
KHAPRETA_510206,312219.860,2624213.200,130.2800,0.0000,2.1400,0.1367,-1
KHAPRETA_510206,312227.860,2624213.200,129.7100,0.0131,2.7100,0.1732,-1
KHAPRETA_510206,312233.860,2624213.200,129.8900,0.0269,2.5300,0.1617,-1
KHAPRETA_510206,312237.860,2624213.200,129.8600,0.0000,2.5600,0.1636,-1
KHAPRETA_510206,312240.860,2624213.200,129.8800,0.0569,2.5400,0.1623,-1
KHAPRETA_510206,312247.860,2624213.200,129.9300,0.0769,2.4900,0.1591,-1
KHAPRETA_510206,312248.860,2624213.200,129.9300,0.0769,2.4900,0.1591,-1
KHAPRETA_510206,312255.860,2624213.200,129.9700,0.0000,2.4500,0.1565,-1
KHAPRETA_510206,312270.860,2624213.200,130.7100,0.0000,1.7100,0.1093,-1
KHAPRETA_510206,312274.860,2624213.200,130.7900,0.0100,1.6300,0.1042,-1
KHAPRETA_510206,312277.860,2624213.200,130.8000,0.4019,1.6200,0.1035,-1
KHAPRETA_510206,312278.860,2624213.200,130.5800,0.6666,1.8400,0.1176,-1
KHAPRETA_510206,312280.860,2624213.200,130.8500,0.0000,1.5700,0.1003,-1
KHAPRETA_510206,312283.860,2624213.200,130.7700,0.7771,1.6500,0.1054,-1
KHAPRETA_510206,312284.860,2624213.200,130.8900,0.0250,1.5300,0.0978,-1
KHAPRETA_510206,312285.860,2624213.200,130.8200,0.5569,1.6000,0.1022,-1
KHAPRETA_510206,312289.860,2624213.200,130.8700,0.5419,1.5500,0.0990,-1
KHAPRETA_510206,312290.860,2624213.200,130.8600,0.7770,1.5600,0.0997,-1
KHAPRETA_510206,312293.860,2624213.200,130.8700,0.5719,1.5500,0.0990,-1
KHAPRETA_510206,312299.860,2624213.200,130.8800,0.0000,1.5400,0.0984,-1
KHAPRETA_510206,312326.860,2624213.200,131.0100,0.0000,1.4100,0.0901,-1
KHAPRETA_510206,312328.860,2624213.200,131.0500,0.6319,1.3700,0.0875,-1
KHAPRETA_510206,312332.860,2624213.200,131.0000,0.0000,1.4200,0.0907,-1
KHAPRETA_510206,312340.860,2624213.200,131.1800,0.7569,1.2400,0.0792,-1
KHAPRETA_510206,312341.860,2624213.200,131.2900,0.0364,1.1300,0.0722,-1
KHAPRETA_510206,312342.860,2624213.200,131.2500,0.7569,1.1700,0.0748,-1
KHAPRETA_510206,312349.860,2624213.200,131.1900,0.7119,1.2300,0.0786,-1
KHAPRETA_510206,312350.860,2624213.200,131.2000,1.0033,1.2200,0.0780,-1
KHAPRETA_510206,312352.860,2624213.200,131.2000,0.0000,1.2200,0.0780,-1
KHAPRETA_510206,312356.860,2624213.200,131.2900,0.7319,1.1300,0.0722,-1
KHAPRETA_510206,312359.860,2624213.200,131.3700,0.7919,1.0500,0.0671,-1
KHAPRETA_510206,312366.860,2624213.200,131.4300,0.0000,0.9900,0.0633,-1
KHAPRETA_510206,312372.860,2624213.200,131.2200,0.0650,1.2000,0.0767,-1
KHAPRETA_510206,312374.860,2624213.200,131.2300,0.7869,1.1900,0.0760,-1
KHAPRETA_510206,312375.860,2624213.200,131.3500,0.7269,1.0700,0.0684,-1
KHAPRETA_510206,312381.860,2624213.200,131.5700,0.9119,0.8500,0.0543,-1
KHAPRETA_510206,312382.860,2624213.200,131.6000,0.8969,0.8200,0.0524,-1
KHAPRETA_510206,312384.860,2624213.200,131.6300,0.0000,0.7900,0.0505,-1
KHAPRETA_510206,312386.860,2624213.200,131.8500,1.0069,0.5700,0.0364,-1
KHAPRETA_510206,312389.860,2624213.200,131.7800,1.5975,0.6400,0.0409,-1
KHAPRETA_510206,312390.860,2624213.200,132.0700,1.0019,0.3500,0.0224,-1
KHAPRETA_510206,312393.860,2624213.200,131.8200,0.0000,0.6000,0.0383,-1
KHAPRETA_510206,312446.860,2624213.200,132.3700,0.0000,0.0500,0.0032,-1
KHAPRETA_510206,312462.860,2624213.200,132.4000,1.3069,0.0200,0.0013,-1
KHAPRETA_510206,312517.860,2624213.200,132.3600,1.7536,0.0600,0.0038,-1
KHAPRETA_510206,312518.860,2624213.200,132.3300,1.2919,0.0900,0.0058,-1
KHAPRETA_510206,311991.860,2624214.200,127.4400,1.7696,4.9800,0.3182,-1
KHAPRETA_510206,311992.860,2624214.200,127.1900,1.7649,5.2300,0.3342,-1
KHAPRETA_510206,311997.860,2624214.200,126.7400,0.0000,5.6800,0.3629,-1
KHAPRETA_510206,312002.860,2624214.200,127.2200,0.0000,5.2000,0.3323,-1
KHAPRETA_510206,312005.860,2624214.200,127.2900,0.0000,5.1300,0.3278,-1
KHAPRETA_510206,312011.860,2624214.200,127.2600,1.2981,5.1600,0.3297,-1
KHAPRETA_510206,312012.860,2624214.200,127.1800,1.2581,5.2400,0.3348,-1
KHAPRETA_510206,312016.860,2624214.200,127.1500,0.0000,5.2700,0.3367,-1
KHAPRETA_510206,312021.860,2624214.200,127.1600,0.0000,5.2600,0.3361,-1
KHAPRETA_510206,312023.860,2624214.200,127.1900,1.2481,5.2300,0.3342,-1
KHAPRETA_510206,312027.860,2624214.200,127.2100,0.0000,5.2100,0.3329,-1
KHAPRETA_510206,312032.860,2624214.200,127.0800,1.3231,5.3400,0.3412,-1
KHAPRETA_510206,312035.860,2624214.200,127.1500,1.8251,5.2700,0.3367,-1
KHAPRETA_510206,312036.860,2624214.200,127.1900,0.0200,5.2300,0.3342,-1
KHAPRETA_510206,312037.860,2624214.200,127.1900,1.8076,5.2300,0.3342,-1
KHAPRETA_510206,312040.860,2624214.200,127.2200,0.0000,5.2000,0.3323,-1
KHAPRETA_510206,312046.860,2624214.200,126.7800,1.3381,5.6400,0.3604,-1
KHAPRETA_510206,312048.860,2624214.200,126.5100,0.0000,5.9100,0.3776,-1
KHAPRETA_510206,312050.860,2624214.200,127.0200,0.0000,5.4000,0.3450,-1
KHAPRETA_510206,312057.860,2624214.200,126.7700,0.0000,5.6500,0.3610,-1
KHAPRETA_510206,312059.860,2624214.200,126.8900,0.0000,5.5300,0.3534,-1
KHAPRETA_510206,312068.860,2624214.200,131.8700,0.9819,0.5500,0.0351,-1
KHAPRETA_510206,312069.860,2624214.200,131.7400,1.0469,0.6800,0.0435,-1
KHAPRETA_510206,312071.860,2624214.200,130.2900,0.3169,2.1300,0.1361,-1
KHAPRETA_510206,312074.860,2624214.200,129.4300,0.6957,2.9900,0.1911,-1
KHAPRETA_510206,312075.860,2624214.200,129.1000,0.1965,3.3200,0.2121,-1
KHAPRETA_510206,312081.860,2624214.200,124.3700,2.8681,8.0500,0.5144,-1
KHAPRETA_510206,312082.860,2624214.200,124.0400,2.7031,8.3800,0.5355,-1
KHAPRETA_510206,312091.860,2624214.200,132.3000,0.0000,0.1200,0.0077,-1
KHAPRETA_510206,312103.860,2624214.200,128.2500,0.6381,4.1700,0.2665,-1
KHAPRETA_510206,312104.860,2624214.200,128.5000,0.7631,3.9200,0.2505,-1
KHAPRETA_510206,312106.860,2624214.200,128.4600,0.6181,3.9600,0.2530,-1
KHAPRETA_510206,312107.860,2624214.200,128.5400,0.9306,3.8800,0.2479,-1
KHAPRETA_510206,312109.860,2624214.200,128.5900,0.0000,3.8300,0.2447,-1
KHAPRETA_510206,312120.860,2624214.200,128.5300,0.0000,3.8900,0.2486,-1
KHAPRETA_510206,312125.860,2624214.200,128.6600,0.8071,3.7600,0.2403,-1
KHAPRETA_510206,312126.860,2624214.200,128.6600,0.5575,3.7600,0.2403,-1
KHAPRETA_510206,312127.860,2624214.200,128.5200,0.7717,3.9000,0.2492,-1
KHAPRETA_510206,312129.860,2624214.200,128.6100,0.7751,3.8100,0.2435,-1
KHAPRETA_510206,312130.860,2624214.200,128.6900,0.8717,3.7300,0.2383,-1
KHAPRETA_510206,312136.860,2624214.200,128.5800,0.0000,3.8400,0.2454,-1
KHAPRETA_510206,312141.860,2624214.200,128.8300,0.0000,3.5900,0.2294,-1
KHAPRETA_510206,312144.860,2624214.200,128.8800,0.4181,3.5400,0.2262,-1
KHAPRETA_510206,312151.860,2624214.200,128.3300,0.0000,4.0900,0.2613,-1
KHAPRETA_510206,312154.860,2624214.200,128.5900,0.5286,3.8300,0.2447,-1
KHAPRETA_510206,312155.860,2624214.200,128.7400,0.5931,3.6800,0.2351,-1
KHAPRETA_510206,312166.860,2624214.200,128.8400,0.5431,3.5800,0.2288,-1
KHAPRETA_510206,312168.860,2624214.200,128.7500,0.4681,3.6700,0.2345,-1
KHAPRETA_510206,312169.860,2624214.200,128.8400,0.7221,3.5800,0.2288,-1
KHAPRETA_510206,312172.860,2624214.200,128.8300,0.0000,3.5900,0.2294,-1
KHAPRETA_510206,312181.860,2624214.200,128.9000,0.0000,3.5200,0.2249,-1
KHAPRETA_510206,312194.860,2624214.200,129.1200,0.0000,3.3000,0.2109,-1
KHAPRETA_510206,312196.860,2624214.200,129.2700,0.0000,3.1500,0.2013,-1
KHAPRETA_510206,312203.860,2624214.200,129.5800,0.0000,2.8400,0.1815,-1
KHAPRETA_510206,312211.860,2624214.200,130.2700,0.3250,2.1500,0.1374,-1
KHAPRETA_510206,312212.860,2624214.200,130.2100,0.2469,2.2100,0.1412,-1
KHAPRETA_510206,312215.860,2624214.200,130.3100,0.0350,2.1100,0.1348,-1
KHAPRETA_510206,312218.860,2624214.200,130.3100,0.0000,2.1100,0.1348,-1
KHAPRETA_510206,312221.860,2624214.200,130.3100,0.0000,2.1100,0.1348,-1
KHAPRETA_510206,312229.860,2624214.200,131.0100,0.1019,1.4100,0.0901,-1
KHAPRETA_510206,312231.860,2624214.200,129.8200,0.0000,2.6000,0.1661,-1
KHAPRETA_510206,312233.860,2624214.200,129.8300,0.0569,2.5900,0.1655,-1
KHAPRETA_510206,312240.860,2624214.200,129.8900,0.0519,2.5300,0.1617,-1
KHAPRETA_510206,312253.860,2624214.200,129.9800,0.0000,2.4400,0.1559,-1
KHAPRETA_510206,312259.860,2624214.200,129.9900,0.0000,2.4300,0.1553,-1
KHAPRETA_510206,312265.860,2624214.200,130.5100,0.4469,1.9100,0.1220,-1
KHAPRETA_510206,312266.860,2624214.200,130.6700,0.0850,1.7500,0.1118,-1
KHAPRETA_510206,312267.860,2624214.200,130.6800,0.4469,1.7400,0.1112,-1
KHAPRETA_510206,312274.860,2624214.200,130.7600,0.5069,1.6600,0.1061,-1
KHAPRETA_510206,312278.860,2624214.200,130.6300,0.6509,1.7900,0.1144,-1
KHAPRETA_510206,312279.860,2624214.200,130.8000,0.4269,1.6200,0.1035,-1
KHAPRETA_510206,312281.860,2624214.200,130.8800,0.0000,1.5400,0.0984,-1
KHAPRETA_510206,312283.860,2624214.200,130.8600,0.0400,1.5600,0.0997,-1
KHAPRETA_510206,312286.860,2624214.200,130.8900,0.0000,1.5300,0.0978,-1
KHAPRETA_510206,312289.860,2624214.200,130.8700,0.5638,1.5500,0.0990,-1
KHAPRETA_510206,312290.860,2624214.200,130.8800,0.5419,1.5400,0.0984,-1
KHAPRETA_510206,312291.860,2624214.200,130.8700,0.7984,1.5500,0.0990,-1
KHAPRETA_510206,312293.860,2624214.200,130.9200,0.5469,1.5000,0.0958,-1
KHAPRETA_510206,312296.860,2624214.200,130.8800,0.0000,1.5400,0.0984,-1
KHAPRETA_510206,312300.860,2624214.200,130.9600,0.5969,1.4600,0.0933,-1
KHAPRETA_510206,312301.860,2624214.200,130.9700,0.0050,1.4500,0.0927,-1
KHAPRETA_510206,312302.860,2624214.200,130.9500,0.8267,1.4700,0.0939,-1
KHAPRETA_510206,312306.860,2624214.200,130.8700,0.8447,1.5500,0.0990,-1
KHAPRETA_510206,312307.860,2624214.200,130.9300,0.5469,1.4900,0.0952,-1
KHAPRETA_510206,312309.860,2624214.200,130.9400,0.5769,1.4800,0.0946,-1
KHAPRETA_510206,312321.860,2624214.200,130.8900,0.5269,1.5300,0.0978,-1
KHAPRETA_510206,312336.860,2624214.200,131.1200,0.0000,1.3000,0.0831,-1
KHAPRETA_510206,312341.860,2624214.200,131.2400,0.7569,1.1800,0.0754,-1
KHAPRETA_510206,312344.860,2624214.200,131.2300,0.0000,1.1900,0.0760,-1
KHAPRETA_510206,312348.860,2624214.200,131.2100,0.7119,1.2100,0.0773,-1
KHAPRETA_510206,312350.860,2624214.200,131.2000,0.0050,1.2200,0.0780,-1
KHAPRETA_510206,312359.860,2624214.200,131.3600,0.7969,1.0600,0.0677,-1
KHAPRETA_510206,312364.860,2624214.200,131.5000,0.0000,0.9200,0.0588,-1
KHAPRETA_510206,312371.860,2624214.200,131.2300,1.0281,1.1900,0.0760,-1
KHAPRETA_510206,312372.860,2624214.200,131.2200,1.0245,1.2000,0.0767,-1
KHAPRETA_510206,312376.860,2624214.200,131.3000,0.0000,1.1200,0.0716,-1
KHAPRETA_510206,312379.860,2624214.200,131.2400,0.7769,1.1800,0.0754,-1
KHAPRETA_510206,312383.860,2624214.200,131.5500,0.0000,0.8700,0.0556,-1
KHAPRETA_510206,312385.860,2624214.200,131.7300,1.0069,0.6900,0.0441,-1
KHAPRETA_510206,312386.860,2624214.200,131.7900,0.9811,0.6300,0.0403,-1
KHAPRETA_510206,312389.860,2624214.200,132.0000,1.0019,0.4200,0.0268,-1
KHAPRETA_510206,312395.860,2624214.200,131.5200,0.0000,0.9000,0.0575,-1
KHAPRETA_510206,312444.860,2624214.200,132.0800,0.0000,0.3400,0.0217,-1
KHAPRETA_510206,312451.860,2624214.200,132.2700,0.0000,0.1500,0.0096,-1
KHAPRETA_510206,312455.860,2624214.200,132.3100,0.0000,0.1100,0.0070,-1
KHAPRETA_510206,312458.860,2624214.200,132.3200,0.0000,0.1000,0.0064,-1
KHAPRETA_510206,312462.860,2624214.200,132.3900,1.3119,0.0300,0.0019,-1
KHAPRETA_510206,312491.860,2624214.200,132.1700,0.0000,0.2500,0.0160,-1
KHAPRETA_510206,312499.860,2624214.200,131.5700,0.8269,0.8500,0.0543,-1
KHAPRETA_510206,312500.860,2624214.200,131.4300,0.8969,0.9900,0.0633,-1
KHAPRETA_510206,312517.860,2624214.200,132.1800,0.0050,0.2400,0.0153,-1
KHAPRETA_510206,312525.860,2624214.200,132.3700,1.2619,0.0500,0.0032,-1
KHAPRETA_510206,311990.860,2624215.200,127.4400,1.2081,4.9800,0.3182,-1
KHAPRETA_510206,311991.860,2624215.200,127.3600,1.6519,5.0600,0.3233,-1
KHAPRETA_510206,311994.860,2624215.200,127.5100,0.0000,4.9100,0.3137,-1
KHAPRETA_510206,311999.860,2624215.200,127.0500,1.9409,5.3700,0.3431,-1
KHAPRETA_510206,312000.860,2624215.200,127.3700,0.0800,5.0500,0.3227,-1
KHAPRETA_510206,312001.860,2624215.200,127.2100,1.7192,5.2100,0.3329,-1
KHAPRETA_510206,312003.860,2624215.200,127.2400,1.3731,5.1800,0.3310,-1
KHAPRETA_510206,312010.860,2624215.200,127.1000,0.0000,5.3200,0.3399,-1
KHAPRETA_510206,312013.860,2624215.200,127.3000,0.0000,5.1200,0.3272,-1
KHAPRETA_510206,312017.860,2624215.200,127.0400,0.0000,5.3800,0.3438,-1
KHAPRETA_510206,312029.860,2624215.200,127.1800,0.0000,5.2400,0.3348,-1
KHAPRETA_510206,312032.860,2624215.200,127.1300,1.3481,5.2900,0.3380,-1
KHAPRETA_510206,312034.860,2624215.200,127.2000,0.0000,5.2200,0.3335,-1
KHAPRETA_510206,312042.860,2624215.200,127.1800,0.0000,5.2400,0.3348,-1
KHAPRETA_510206,312046.860,2624215.200,127.1000,2.1328,5.3200,0.3399,-1
KHAPRETA_510206,312047.860,2624215.200,126.7400,1.3381,5.6800,0.3629,-1
KHAPRETA_510206,312052.860,2624215.200,126.8400,0.0000,5.5800,0.3565,-1
KHAPRETA_510206,312054.860,2624215.200,126.9800,0.0000,5.4400,0.3476,-1
KHAPRETA_510206,312058.860,2624215.200,126.9200,0.0000,5.5000,0.3514,-1
KHAPRETA_510206,312073.860,2624215.200,129.2600,0.6081,3.1600,0.2019,-1
KHAPRETA_510206,312074.860,2624215.200,128.5600,2.0364,3.8600,0.2466,-1
KHAPRETA_510206,312077.860,2624215.200,124.7600,2.5481,7.6600,0.4895,-1
KHAPRETA_510206,312079.860,2624215.200,124.6200,0.0000,7.8000,0.4984,-1
KHAPRETA_510206,312083.860,2624215.200,124.5000,0.0000,7.9200,0.5061,-1
KHAPRETA_510206,312092.860,2624215.200,132.4200,0.0000,0.0000,0.0000,-1
KHAPRETA_510206,312095.860,2624215.200,131.9000,2.5443,0.5200,0.0332,-1
KHAPRETA_510206,312096.860,2624215.200,126.3000,1.0619,6.1200,0.3911,-1
KHAPRETA_510206,312102.860,2624215.200,127.8500,0.0000,4.5700,0.2920,-1
KHAPRETA_510206,312108.860,2624215.200,128.5000,0.0000,3.9200,0.2505,-1
KHAPRETA_510206,312110.860,2624215.200,128.5300,0.0000,3.8900,0.2486,-1
KHAPRETA_510206,312113.860,2624215.200,128.6400,0.0000,3.7800,0.2415,-1
KHAPRETA_510206,312118.860,2624215.200,128.4900,0.0000,3.9300,0.2511,-1
KHAPRETA_510206,312122.860,2624215.200,128.6900,0.0000,3.7300,0.2383,-1
KHAPRETA_510206,312125.860,2624215.200,128.6100,0.5581,3.8100,0.2435,-1
KHAPRETA_510206,312128.860,2624215.200,128.3700,0.5531,4.0500,0.2588,-1
KHAPRETA_510206,312129.860,2624215.200,128.6700,0.5856,3.7500,0.2396,-1
KHAPRETA_510206,312130.860,2624215.200,128.4800,0.5990,3.9400,0.2518,-1
KHAPRETA_510206,312137.860,2624215.200,128.6100,0.0000,3.8100,0.2435,-1
KHAPRETA_510206,312146.860,2624215.200,128.7400,0.0000,3.6800,0.2351,-1
KHAPRETA_510206,312154.860,2624215.200,128.5700,0.0150,3.8500,0.2460,-1
KHAPRETA_510206,312158.860,2624215.200,128.6100,0.0000,3.8100,0.2435,-1
KHAPRETA_510206,312164.860,2624215.200,128.6500,0.0000,3.7700,0.2409,-1
KHAPRETA_510206,312166.860,2624215.200,128.6900,0.0750,3.7300,0.2383,-1
KHAPRETA_510206,312170.860,2624215.200,128.7600,0.0000,3.6600,0.2339,-1
KHAPRETA_510206,312183.860,2624215.200,128.9100,0.3931,3.5100,0.2243,-1
KHAPRETA_510206,312184.860,2624215.200,128.9900,0.4133,3.4300,0.2192,-1
KHAPRETA_510206,312185.860,2624215.200,128.9400,0.5454,3.4800,0.2224,-1
KHAPRETA_510206,312188.860,2624215.200,129.0100,0.3881,3.4100,0.2179,-1
KHAPRETA_510206,312193.860,2624215.200,129.0600,0.0000,3.3600,0.2147,-1
KHAPRETA_510206,312198.860,2624215.200,129.3900,0.0000,3.0300,0.1936,-1
KHAPRETA_510206,312200.860,2624215.200,129.5500,0.0781,2.8700,0.1834,-1
KHAPRETA_510206,312201.860,2624215.200,129.6200,0.0550,2.8000,0.1789,-1
KHAPRETA_510206,312202.860,2624215.200,129.6600,0.0781,2.7600,0.1764,-1
KHAPRETA_510206,312213.860,2624215.200,130.2300,0.0000,2.1900,0.1399,-1
KHAPRETA_510206,312215.860,2624215.200,130.2400,0.3775,2.1800,0.1393,-1
KHAPRETA_510206,312216.860,2624215.200,130.3100,0.0400,2.1100,0.1348,-1
KHAPRETA_510206,312217.860,2624215.200,130.3200,0.3440,2.1000,0.1342,-1
KHAPRETA_510206,312220.860,2624215.200,130.3000,0.0000,2.1200,0.1355,-1
KHAPRETA_510206,312224.860,2624215.200,130.2400,0.2119,2.1800,0.1393,-1
KHAPRETA_510206,312229.860,2624215.200,129.9800,0.6169,2.4400,0.1559,-1
KHAPRETA_510206,312238.860,2624215.200,129.8500,0.0000,2.5700,0.1642,-1
KHAPRETA_510206,312243.860,2624215.200,129.9000,0.0719,2.5200,0.1610,-1
KHAPRETA_510206,312246.860,2624215.200,129.9600,0.0000,2.4600,0.1572,-1
KHAPRETA_510206,312249.860,2624215.200,129.9600,0.0000,2.4600,0.1572,-1
KHAPRETA_510206,312268.860,2624215.200,130.6000,0.4469,1.8200,0.1163,-1
KHAPRETA_510206,312275.860,2624215.200,130.8100,0.4819,1.6100,0.1029,-1
KHAPRETA_510206,312283.860,2624215.200,130.8500,0.5419,1.5700,0.1003,-1
KHAPRETA_510206,312285.860,2624215.200,130.8500,0.0000,1.5700,0.1003,-1
KHAPRETA_510206,312288.860,2624215.200,130.8900,0.4319,1.5300,0.0978,-1
KHAPRETA_510206,312289.860,2624215.200,130.6400,0.7806,1.7800,0.1137,-1
KHAPRETA_510206,312291.860,2624215.200,130.9300,0.5469,1.4900,0.0952,-1
KHAPRETA_510206,312299.860,2624215.200,130.9500,0.0000,1.4700,0.0939,-1
KHAPRETA_510206,312302.860,2624215.200,130.9200,0.5869,1.5000,0.0958,-1
KHAPRETA_510206,312305.860,2624215.200,131.0000,0.6169,1.4200,0.0907,-1
KHAPRETA_510206,312306.860,2624215.200,131.0100,0.8207,1.4100,0.0901,-1
KHAPRETA_510206,312309.860,2624215.200,130.9300,0.0150,1.4900,0.0952,-1
KHAPRETA_510206,312313.860,2624215.200,130.8000,0.0000,1.6200,0.1035,-1
KHAPRETA_510206,312321.860,2624215.200,130.8300,0.5569,1.5900,0.1016,-1
KHAPRETA_510206,312324.860,2624215.200,130.9600,0.6319,1.4600,0.0933,-1
KHAPRETA_510206,312325.860,2624215.200,131.0400,0.5919,1.3800,0.0882,-1
KHAPRETA_510206,312331.860,2624215.200,130.8300,0.0000,1.5900,0.1016,-1
KHAPRETA_510206,312339.860,2624215.200,131.2500,0.7469,1.1700,0.0748,-1
KHAPRETA_510206,312340.860,2624215.200,131.2700,0.7369,1.1500,0.0735,-1
KHAPRETA_510206,312348.860,2624215.200,131.2000,0.7169,1.2200,0.0780,-1
KHAPRETA_510206,312350.860,2624215.200,131.1900,0.7119,1.2300,0.0786,-1
KHAPRETA_510206,312354.860,2624215.200,131.3400,0.7869,1.0800,0.0690,-1
KHAPRETA_510206,312358.860,2624215.200,131.2700,0.0000,1.1500,0.0735,-1
KHAPRETA_510206,312362.860,2624215.200,131.4500,0.0000,0.9700,0.0620,-1
KHAPRETA_510206,312370.860,2624215.200,131.2100,0.7319,1.2100,0.0773,-1
KHAPRETA_510206,312371.860,2624215.200,131.2400,1.0210,1.1800,0.0754,-1
KHAPRETA_510206,312377.860,2624215.200,131.2600,0.7869,1.1600,0.0741,-1
KHAPRETA_510206,312378.860,2624215.200,131.3500,0.0350,1.0700,0.0684,-1
KHAPRETA_510206,312379.860,2624215.200,131.3300,1.0747,1.0900,0.0696,-1
KHAPRETA_510206,312384.860,2624215.200,131.6900,1.0869,0.7300,0.0466,-1
KHAPRETA_510206,312386.860,2624215.200,131.6700,1.4100,0.7500,0.0479,-1
KHAPRETA_510206,312387.860,2624215.200,131.7500,0.9469,0.6700,0.0428,-1
KHAPRETA_510206,312390.860,2624215.200,132.1200,1.6471,0.3000,0.0192,-1
KHAPRETA_510206,312391.860,2624215.200,132.2600,1.1719,0.1600,0.0102,-1
KHAPRETA_510206,312393.860,2624215.200,131.9700,0.0000,0.4500,0.0288,-1
KHAPRETA_510206,312396.860,2624215.200,131.4100,1.0569,1.0100,0.0645,-1
KHAPRETA_510206,312441.860,2624215.200,132.1200,0.0000,0.3000,0.0192,-1
KHAPRETA_510206,312443.860,2624215.200,132.0700,0.0000,0.3500,0.0224,-1
KHAPRETA_510206,312445.860,2624215.200,132.0900,1.1669,0.3300,0.0211,-1
KHAPRETA_510206,312446.860,2624215.200,132.1100,1.6468,0.3100,0.0198,-1
KHAPRETA_510206,312448.860,2624215.200,132.2100,1.1969,0.2100,0.0134,-1
KHAPRETA_510206,312452.860,2624215.200,132.3700,1.3069,0.0500,0.0032,-1
KHAPRETA_510206,312453.860,2624215.200,132.3900,1.2969,0.0300,0.0019,-1
KHAPRETA_510206,312517.860,2624215.200,132.3700,0.0850,0.0500,0.0032,-1
KHAPRETA_510206,312522.860,2624215.200,132.3000,0.0000,0.1200,0.0077,-1
KHAPRETA_510206,312524.860,2624215.200,132.3800,1.2619,0.0400,0.0026,-1
KHAPRETA_510206,312525.860,2624215.200,132.3000,1.8377,0.1200,0.0077,-1
KHAPRETA_510206,311995.860,2624216.200,127.0200,1.1181,5.4000,0.3450,-1
KHAPRETA_510206,311997.860,2624216.200,126.9700,0.0000,5.4500,0.3482,-1
KHAPRETA_510206,311999.860,2624216.200,126.7300,1.3631,5.6900,0.3636,-1
KHAPRETA_510206,312001.860,2624216.200,127.3200,0.0400,5.1000,0.3259,-1
KHAPRETA_510206,312003.860,2624216.200,127.0300,1.2681,5.3900,0.3444,-1
KHAPRETA_510206,312008.860,2624216.200,127.1500,1.7899,5.2700,0.3367,-1
KHAPRETA_510206,312009.860,2624216.200,127.2100,1.3131,5.2100,0.3329,-1
KHAPRETA_510206,312012.860,2624216.200,127.2600,0.0000,5.1600,0.3297,-1
KHAPRETA_510206,312014.860,2624216.200,127.2100,0.0000,5.2100,0.3329,-1
KHAPRETA_510206,312018.860,2624216.200,127.1300,1.3081,5.2900,0.3380,-1
KHAPRETA_510206,312019.860,2624216.200,127.1600,1.8605,5.2600,0.3361,-1
KHAPRETA_510206,312021.860,2624216.200,127.2000,0.0000,5.2200,0.3335,-1
KHAPRETA_510206,312027.860,2624216.200,127.1900,1.2431,5.2300,0.3342,-1
KHAPRETA_510206,312030.860,2624216.200,127.2200,0.0000,5.2000,0.3323,-1
KHAPRETA_510206,312039.860,2624216.200,127.2400,0.0000,5.1800,0.3310,-1
KHAPRETA_510206,312041.860,2624216.200,127.1400,1.2831,5.2800,0.3374,-1
KHAPRETA_510206,312043.860,2624216.200,127.1500,0.0000,5.2700,0.3367,-1
KHAPRETA_510206,312050.860,2624216.200,126.9300,1.3931,5.4900,0.3508,-1
KHAPRETA_510206,312056.860,2624216.200,126.7900,0.0000,5.6300,0.3597,-1
KHAPRETA_510206,312071.860,2624216.200,130.8700,0.0000,1.5500,0.0990,-1
KHAPRETA_510206,312074.860,2624216.200,125.3900,0.6081,7.0300,0.4492,-1
KHAPRETA_510206,312077.860,2624216.200,124.6800,2.5081,7.7400,0.4946,-1
KHAPRETA_510206,312082.860,2624216.200,123.9800,0.0000,8.4400,0.5393,-1
KHAPRETA_510206,312094.860,2624216.200,126.0300,1.8581,6.3900,0.4083,-1
KHAPRETA_510206,312095.860,2624216.200,126.0600,3.4986,6.3600,0.4064,-1
KHAPRETA_510206,312097.860,2624216.200,131.4800,0.8269,0.9400,0.0601,-1
KHAPRETA_510206,312114.860,2624216.200,128.6500,0.5031,3.7700,0.2409,-1
KHAPRETA_510206,312115.860,2624216.200,128.7700,0.5631,3.6500,0.2332,-1
KHAPRETA_510206,312117.860,2624216.200,128.4400,0.0000,3.9800,0.2543,-1
KHAPRETA_510206,312126.860,2624216.200,128.8200,0.0000,3.6000,0.2300,-1
KHAPRETA_510206,312130.860,2624216.200,128.2300,0.6481,4.1900,0.2677,-1
KHAPRETA_510206,312138.860,2624216.200,128.7500,0.0000,3.6700,0.2345,-1
KHAPRETA_510206,312140.860,2624216.200,128.3800,0.0000,4.0400,0.2581,-1
KHAPRETA_510206,312144.860,2624216.200,128.5200,0.6781,3.9000,0.2492,-1
KHAPRETA_510206,312149.860,2624216.200,128.4900,0.0000,3.9300,0.2511,-1
KHAPRETA_510206,312154.860,2624216.200,128.5600,0.6031,3.8600,0.2466,-1
KHAPRETA_510206,312162.860,2624216.200,128.6600,0.0000,3.7600,0.2403,-1
KHAPRETA_510206,312166.860,2624216.200,128.6900,0.5431,3.7300,0.2383,-1
KHAPRETA_510206,312171.860,2624216.200,128.7700,0.4881,3.6500,0.2332,-1
KHAPRETA_510206,312173.860,2624216.200,128.8900,0.4931,3.5300,0.2256,-1
KHAPRETA_510206,312174.860,2624216.200,128.7900,0.4431,3.6300,0.2319,-1
KHAPRETA_510206,312179.860,2624216.200,128.8900,0.0000,3.5300,0.2256,-1
KHAPRETA_510206,312181.860,2624216.200,128.9100,0.4231,3.5100,0.2243,-1
KHAPRETA_510206,312184.860,2624216.200,128.9500,0.3789,3.4700,0.2217,-1
KHAPRETA_510206,312185.860,2624216.200,129.0200,0.4131,3.4000,0.2173,-1
KHAPRETA_510206,312188.860,2624216.200,129.0000,0.3831,3.4200,0.2185,-1
KHAPRETA_510206,312195.860,2624216.200,129.0700,0.0000,3.3500,0.2141,-1
KHAPRETA_510206,312205.860,2624216.200,130.2400,0.0000,2.1800,0.1393,-1
KHAPRETA_510206,312210.860,2624216.200,130.2400,0.0000,2.1800,0.1393,-1
KHAPRETA_510206,312214.860,2624216.200,130.4200,0.2719,2.0000,0.1278,-1
KHAPRETA_510206,312217.860,2624216.200,130.2100,0.2719,2.2100,0.1412,-1
KHAPRETA_510206,312219.860,2624216.200,130.3200,0.0000,2.1000,0.1342,-1
KHAPRETA_510206,312221.860,2624216.200,130.2800,0.0000,2.1400,0.1367,-1
KHAPRETA_510206,312224.860,2624216.200,130.2000,0.3316,2.2200,0.1419,-1
KHAPRETA_510206,312225.860,2624216.200,130.2500,0.0200,2.1700,0.1387,-1
KHAPRETA_510206,312226.860,2624216.200,130.1600,0.2369,2.2600,0.1444,-1
KHAPRETA_510206,312228.860,2624216.200,129.9300,0.0000,2.4900,0.1591,-1
KHAPRETA_510206,312231.860,2624216.200,129.7500,0.0000,2.6700,0.1706,-1
KHAPRETA_510206,312241.860,2624216.200,129.8700,0.0519,2.5500,0.1629,-1
KHAPRETA_510206,312243.860,2624216.200,129.9200,0.0619,2.5000,0.1597,-1
KHAPRETA_510206,312245.860,2624216.200,130.1200,0.0000,2.3000,0.1470,-1
KHAPRETA_510206,312252.860,2624216.200,129.9500,0.0000,2.4700,0.1578,-1
KHAPRETA_510206,312254.860,2624216.200,130.0100,0.0000,2.4100,0.1540,-1
KHAPRETA_510206,312256.860,2624216.200,130.0000,0.1551,2.4200,0.1546,-1
KHAPRETA_510206,312257.860,2624216.200,129.9800,0.1119,2.4400,0.1559,-1
KHAPRETA_510206,312259.860,2624216.200,129.9900,0.0000,2.4300,0.1553,-1
KHAPRETA_510206,312261.860,2624216.200,129.9500,0.2869,2.4700,0.1578,-1
KHAPRETA_510206,312262.860,2624216.200,130.3000,0.1003,2.1200,0.1355,-1
KHAPRETA_510206,312263.860,2624216.200,130.0300,0.2619,2.3900,0.1527,-1
KHAPRETA_510206,312265.860,2624216.200,130.6500,0.4975,1.7700,0.1131,-1
KHAPRETA_510206,312266.860,2624216.200,130.6400,0.4369,1.7800,0.1137,-1
KHAPRETA_510206,312268.860,2624216.200,130.6700,0.5167,1.7500,0.1118,-1
KHAPRETA_510206,312269.860,2624216.200,130.4000,0.4469,2.0200,0.1291,-1
KHAPRETA_510206,312271.860,2624216.200,130.7300,0.4819,1.6900,0.1080,-1
KHAPRETA_510206,312275.860,2624216.200,130.7400,0.7453,1.6800,0.1073,-1
KHAPRETA_510206,312276.860,2624216.200,130.8500,0.4819,1.5700,0.1003,-1
KHAPRETA_510206,312280.860,2624216.200,130.8800,0.0000,1.5400,0.0984,-1
KHAPRETA_510206,312295.860,2624216.200,130.9000,0.5669,1.5200,0.0971,-1
KHAPRETA_510206,312297.860,2624216.200,130.9300,0.0000,1.4900,0.0952,-1
KHAPRETA_510206,312301.860,2624216.200,130.9900,0.0000,1.4300,0.0914,-1
KHAPRETA_510206,312303.860,2624216.200,130.9900,0.0000,1.4300,0.0914,-1
KHAPRETA_510206,312307.860,2624216.200,130.9100,0.6169,1.5100,0.0965,-1
KHAPRETA_510206,312309.860,2624216.200,130.9700,0.5769,1.4500,0.0927,-1
KHAPRETA_510206,312322.860,2624216.200,130.8500,0.0000,1.5700,0.1003,-1
KHAPRETA_510206,312326.860,2624216.200,131.0200,0.9434,1.4000,0.0895,-1
KHAPRETA_510206,312327.860,2624216.200,131.0800,0.6219,1.3400,0.0856,-1
KHAPRETA_510206,312329.860,2624216.200,130.8400,0.0000,1.5800,0.1010,-1
KHAPRETA_510206,312338.860,2624216.200,131.3100,0.0000,1.1100,0.0709,-1
KHAPRETA_510206,312345.860,2624216.200,131.1500,0.0000,1.2700,0.0812,-1
KHAPRETA_510206,312349.860,2624216.200,131.2500,0.7219,1.1700,0.0748,-1
KHAPRETA_510206,312352.860,2624216.200,131.1800,0.0000,1.2400,0.0792,-1
KHAPRETA_510206,312354.860,2624216.200,131.3500,0.7819,1.0700,0.0684,-1
KHAPRETA_510206,312359.860,2624216.200,131.1000,0.0000,1.3200,0.0843,-1
KHAPRETA_510206,312365.860,2624216.200,131.1900,0.6919,1.2300,0.0786,-1
KHAPRETA_510206,312366.860,2624216.200,131.1600,0.9822,1.2600,0.0805,-1
KHAPRETA_510206,312372.860,2624216.200,131.2400,0.0000,1.1800,0.0754,-1
KHAPRETA_510206,312384.860,2624216.200,131.9500,0.9569,0.4700,0.0300,-1
KHAPRETA_510206,312388.860,2624216.200,132.1300,1.2119,0.2900,0.0185,-1
KHAPRETA_510206,312389.860,2624216.200,132.2000,1.1409,0.2200,0.0141,-1
KHAPRETA_510206,312390.860,2624216.200,131.9400,1.2126,0.4800,0.0307,-1
KHAPRETA_510206,312396.860,2624216.200,131.8900,1.2624,0.5300,0.0339,-1
KHAPRETA_510206,312397.860,2624216.200,132.3000,1.0569,0.1200,0.0077,-1
KHAPRETA_510206,312440.860,2624216.200,132.1000,0.0000,0.3200,0.0204,-1
KHAPRETA_510206,312446.860,2624216.200,132.1200,1.7042,0.3000,0.0192,-1
KHAPRETA_510206,312447.860,2624216.200,132.2600,0.0250,0.1600,0.0102,-1
KHAPRETA_510206,312448.860,2624216.200,132.1700,1.7388,0.2500,0.0160,-1
KHAPRETA_510206,312456.860,2624216.200,132.3400,0.0000,0.0800,0.0051,-1
KHAPRETA_510206,312517.860,2624216.200,132.3500,1.2969,0.0700,0.0045,-1
KHAPRETA_510206,312519.860,2624216.200,132.4100,0.0000,0.0100,0.0006,-1
KHAPRETA_510206,311991.860,2624217.200,127.5200,1.5863,4.9000,0.3131,-1
KHAPRETA_510206,311992.860,2624217.200,127.3600,1.1801,5.0600,0.3233,-1
KHAPRETA_510206,311993.860,2624217.200,127.1200,1.2081,5.3000,0.3387,-1
KHAPRETA_510206,311995.860,2624217.200,127.5400,1.3781,4.8800,0.3118,-1
KHAPRETA_510206,312000.860,2624217.200,126.9100,1.2431,5.5100,0.3521,-1
KHAPRETA_510206,312001.860,2624217.200,127.2900,1.8873,5.1300,0.3278,-1
KHAPRETA_510206,312005.860,2624217.200,127.3200,0.0000,5.1000,0.3259,-1
KHAPRETA_510206,312008.860,2624217.200,127.2800,1.3131,5.1400,0.3284,-1
KHAPRETA_510206,312010.860,2624217.200,127.2100,1.3231,5.2100,0.3329,-1
KHAPRETA_510206,312013.860,2624217.200,127.1700,1.2531,5.2500,0.3355,-1
KHAPRETA_510206,312016.860,2624217.200,127.2300,0.0000,5.1900,0.3316,-1
KHAPRETA_510206,312019.860,2624217.200,127.1600,1.8534,5.2600,0.3361,-1
KHAPRETA_510206,312020.860,2624217.200,127.1500,1.3081,5.2700,0.3367,-1
KHAPRETA_510206,312022.860,2624217.200,127.1300,0.0000,5.2900,0.3380,-1
KHAPRETA_510206,312025.860,2624217.200,127.2500,0.0000,5.1700,0.3304,-1
KHAPRETA_510206,312027.860,2624217.200,127.2900,1.2931,5.1300,0.3278,-1
KHAPRETA_510206,312034.860,2624217.200,127.2100,1.2981,5.2100,0.3329,-1
KHAPRETA_510206,312035.860,2624217.200,127.1800,0.0050,5.2400,0.3348,-1
KHAPRETA_510206,312036.860,2624217.200,127.2200,1.2981,5.2000,0.3323,-1
KHAPRETA_510206,312041.860,2624217.200,127.2100,1.8499,5.2100,0.3329,-1
KHAPRETA_510206,312042.860,2624217.200,127.1800,1.2831,5.2400,0.3348,-1
KHAPRETA_510206,312047.860,2624217.200,127.0500,1.3731,5.3700,0.3431,-1
KHAPRETA_510206,312048.860,2624217.200,127.0300,1.9996,5.3900,0.3444,-1
KHAPRETA_510206,312050.860,2624217.200,126.9900,1.9984,5.4300,0.3470,-1
KHAPRETA_510206,312051.860,2624217.200,126.9700,1.3931,5.4500,0.3482,-1
KHAPRETA_510206,312059.860,2624217.200,126.9500,1.5181,5.4700,0.3495,-1
KHAPRETA_510206,312072.860,2624217.200,131.0800,0.5719,1.3400,0.0856,-1
KHAPRETA_510206,312081.860,2624217.200,124.2500,2.8431,8.1700,0.5220,-1
KHAPRETA_510206,312095.860,2624217.200,125.9900,0.6000,6.4300,0.4109,-1
KHAPRETA_510206,312097.860,2624217.200,131.4300,1.4619,0.9900,0.0633,-1
KHAPRETA_510206,312098.860,2624217.200,127.4000,0.8269,5.0200,0.3208,-1
KHAPRETA_510206,312104.860,2624217.200,128.3500,0.8131,4.0700,0.2601,-1
KHAPRETA_510206,312108.860,2624217.200,128.6300,0.0000,3.7900,0.2422,-1
KHAPRETA_510206,312111.860,2624217.200,128.6200,0.0000,3.8000,0.2428,-1
KHAPRETA_510206,312120.860,2624217.200,128.4400,0.0000,3.9800,0.2543,-1
KHAPRETA_510206,312123.860,2624217.200,128.5800,0.5931,3.8400,0.2454,-1
KHAPRETA_510206,312124.860,2624217.200,128.5900,0.0300,3.8300,0.2447,-1
KHAPRETA_510206,312125.860,2624217.200,128.6400,0.5931,3.7800,0.2415,-1
KHAPRETA_510206,312141.860,2624217.200,128.6400,0.0000,3.7800,0.2415,-1
KHAPRETA_510206,312143.860,2624217.200,128.6900,0.6781,3.7300,0.2383,-1
KHAPRETA_510206,312144.860,2624217.200,128.4200,0.8303,4.0000,0.2556,-1
KHAPRETA_510206,312148.860,2624217.200,128.5600,0.0000,3.8600,0.2466,-1
KHAPRETA_510206,312155.860,2624217.200,128.5700,0.0000,3.8500,0.2460,-1
KHAPRETA_510206,312157.860,2624217.200,128.6300,0.7833,3.7900,0.2422,-1
KHAPRETA_510206,312158.860,2624217.200,128.6100,0.8247,3.8100,0.2435,-1
KHAPRETA_510206,312168.860,2624217.200,128.7200,0.5231,3.7000,0.2364,-1
KHAPRETA_510206,312171.860,2624217.200,128.8000,0.5031,3.6200,0.2313,-1
KHAPRETA_510206,312181.860,2624217.200,128.9300,0.4331,3.4900,0.2230,-1
KHAPRETA_510206,312183.860,2624217.200,129.0000,0.4181,3.4200,0.2185,-1
KHAPRETA_510206,312184.860,2624217.200,128.9400,0.4142,3.4800,0.2224,-1
KHAPRETA_510206,312185.860,2624217.200,128.9400,0.5637,3.4800,0.2224,-1
KHAPRETA_510206,312193.860,2624217.200,129.0200,0.0000,3.4000,0.2173,-1
KHAPRETA_510206,312203.860,2624217.200,130.0700,0.0000,2.3500,0.1502,-1
KHAPRETA_510206,312206.860,2624217.200,130.2600,0.0000,2.1600,0.1380,-1
KHAPRETA_510206,312214.860,2624217.200,130.3200,0.3219,2.1000,0.1342,-1
KHAPRETA_510206,312216.860,2624217.200,130.1500,0.0000,2.2700,0.1450,-1
KHAPRETA_510206,312229.860,2624217.200,129.7500,0.0469,2.6700,0.1706,-1
KHAPRETA_510206,312234.860,2624217.200,129.8500,0.0000,2.5700,0.1642,-1
KHAPRETA_510206,312237.860,2624217.200,129.8700,0.0000,2.5500,0.1629,-1
KHAPRETA_510206,312241.860,2624217.200,129.8800,0.0000,2.5400,0.1623,-1
KHAPRETA_510206,312255.860,2624217.200,130.0200,0.1169,2.4000,0.1534,-1
KHAPRETA_510206,312256.860,2624217.200,130.0100,0.1655,2.4100,0.1540,-1
KHAPRETA_510206,312261.860,2624217.200,130.0100,0.1265,2.4100,0.1540,-1
KHAPRETA_510206,312262.860,2624217.200,129.9600,0.2988,2.4600,0.1572,-1
KHAPRETA_510206,312265.860,2624217.200,130.2700,0.2150,2.1500,0.1374,-1
KHAPRETA_510206,312270.860,2624217.200,130.5700,0.4819,1.8500,0.1182,-1
KHAPRETA_510206,312271.860,2624217.200,130.7400,0.6205,1.6800,0.1073,-1
KHAPRETA_510206,312284.860,2624217.200,130.8900,0.5519,1.5300,0.0978,-1
KHAPRETA_510206,312295.860,2624217.200,130.9100,0.0200,1.5100,0.0965,-1
KHAPRETA_510206,312302.860,2624217.200,130.9100,0.5919,1.5100,0.0965,-1
KHAPRETA_510206,312304.860,2624217.200,130.9400,0.0000,1.4800,0.0946,-1
KHAPRETA_510206,312307.860,2624217.200,131.0100,0.5669,1.4100,0.0901,-1
KHAPRETA_510206,312317.860,2624217.200,130.9800,0.5569,1.4400,0.0920,-1
KHAPRETA_510206,312318.860,2624217.200,130.8900,0.6019,1.5300,0.0978,-1
KHAPRETA_510206,312323.860,2624217.200,131.0500,0.6469,1.3700,0.0875,-1
KHAPRETA_510206,312324.860,2624217.200,131.0700,0.6369,1.3500,0.0863,-1
KHAPRETA_510206,312326.860,2624217.200,131.1400,0.6219,1.2800,0.0818,-1
KHAPRETA_510206,312331.860,2624217.200,131.1400,1.0284,1.2800,0.0818,-1
KHAPRETA_510206,312332.860,2624217.200,131.2700,0.6819,1.1500,0.0735,-1
KHAPRETA_510206,312336.860,2624217.200,131.2000,0.7319,1.2200,0.0780,-1
KHAPRETA_510206,312340.860,2624217.200,131.2500,0.0000,1.1700,0.0748,-1
KHAPRETA_510206,312342.860,2624217.200,131.2000,0.0000,1.2200,0.0780,-1
KHAPRETA_510206,312346.860,2624217.200,131.1600,0.7319,1.2600,0.0805,-1
KHAPRETA_510206,312349.860,2624217.200,131.2200,0.7369,1.2000,0.0767,-1
KHAPRETA_510206,312366.860,2624217.200,131.1400,0.6919,1.2800,0.0818,-1
KHAPRETA_510206,312373.860,2624217.200,131.2000,0.0000,1.2200,0.0780,-1
KHAPRETA_510206,312376.860,2624217.200,131.5800,0.0000,0.8400,0.0537,-1
KHAPRETA_510206,312387.860,2624217.200,132.1700,0.0000,0.2500,0.0160,-1
KHAPRETA_510206,312389.860,2624217.200,132.0500,1.6583,0.3700,0.0236,-1
KHAPRETA_510206,312390.860,2624217.200,132.0400,1.0829,0.3800,0.0243,-1
KHAPRETA_510206,312391.860,2624217.200,131.9600,1.0240,0.4600,0.0294,-1
KHAPRETA_510206,312392.860,2624217.200,132.1700,1.5620,0.2500,0.0160,-1
KHAPRETA_510206,312394.860,2624217.200,131.5400,1.0519,0.8800,0.0562,-1
KHAPRETA_510206,312396.860,2624217.200,131.4800,0.0850,0.9400,0.0601,-1
KHAPRETA_510206,312438.860,2624217.200,132.1200,1.1319,0.3000,0.0192,-1
KHAPRETA_510206,312442.860,2624217.200,132.0800,0.0000,0.3400,0.0217,-1
KHAPRETA_510206,312445.860,2624217.200,132.3500,1.1969,0.0700,0.0045,-1
KHAPRETA_510206,312451.860,2624217.200,132.3000,0.0000,0.1200,0.0077,-1
KHAPRETA_510206,311987.860,2624218.200,127.0600,1.1731,5.3600,0.3425,-1
KHAPRETA_510206,311991.860,2624218.200,127.7200,1.1639,4.7000,0.3003,-1
KHAPRETA_510206,311992.860,2624218.200,127.4500,1.5863,4.9700,0.3176,-1
KHAPRETA_510206,311996.860,2624218.200,127.2400,0.0000,5.1800,0.3310,-1
KHAPRETA_510206,311998.860,2624218.200,126.9900,0.0000,5.4300,0.3470,-1
KHAPRETA_510206,312002.860,2624218.200,127.1800,1.3281,5.2400,0.3348,-1
KHAPRETA_510206,312007.860,2624218.200,127.3500,1.2581,5.0700,0.3240,-1
KHAPRETA_510206,312009.860,2624218.200,127.4000,1.3231,5.0200,0.3208,-1
KHAPRETA_510206,312010.860,2624218.200,127.1300,1.7486,5.2900,0.3380,-1
KHAPRETA_510206,312012.860,2624218.200,127.2100,1.2531,5.2100,0.3329,-1
KHAPRETA_510206,312013.860,2624218.200,127.2700,1.3034,5.1500,0.3291,-1
KHAPRETA_510206,312014.860,2624218.200,127.1500,1.8442,5.2700,0.3367,-1
KHAPRETA_510206,312031.860,2624218.200,127.2200,1.2531,5.2000,0.3323,-1
KHAPRETA_510206,312032.860,2624218.200,127.2700,0.0100,5.1500,0.3291,-1
KHAPRETA_510206,312033.860,2624218.200,127.2400,1.7756,5.1800,0.3310,-1
KHAPRETA_510206,312037.860,2624218.200,127.2400,0.0000,5.1800,0.3310,-1
KHAPRETA_510206,312040.860,2624218.200,127.1600,1.2931,5.2600,0.3361,-1
KHAPRETA_510206,312043.860,2624218.200,127.2700,1.3031,5.1500,0.3291,-1
KHAPRETA_510206,312048.860,2624218.200,126.8500,2.0028,5.5700,0.3559,-1
KHAPRETA_510206,312049.860,2624218.200,126.8600,2.1264,5.5600,0.3553,-1
KHAPRETA_510206,312056.860,2624218.200,127.0000,0.0000,5.4200,0.3463,-1
KHAPRETA_510206,312059.860,2624218.200,126.7400,1.4131,5.6800,0.3629,-1
KHAPRETA_510206,312071.860,2624218.200,131.7300,0.5719,0.6900,0.0441,-1
KHAPRETA_510206,312072.860,2624218.200,130.9200,1.1276,1.5000,0.0958,-1
KHAPRETA_510206,312073.860,2624218.200,129.8900,0.6588,2.5300,0.1617,-1
KHAPRETA_510206,312075.860,2624218.200,129.3900,2.4831,3.0300,0.1936,-1
KHAPRETA_510206,312076.860,2624218.200,124.8100,0.2028,7.6100,0.4863,-1
KHAPRETA_510206,312078.860,2624218.200,124.5400,0.0000,7.8800,0.5035,-1
KHAPRETA_510206,312081.860,2624218.200,124.0900,0.0350,8.3300,0.5323,-1
KHAPRETA_510206,312094.860,2624218.200,127.1900,1.2581,5.2300,0.3342,-1
KHAPRETA_510206,312095.860,2624218.200,127.2600,2.2925,5.1600,0.3297,-1
KHAPRETA_510206,312101.860,2624218.200,131.7100,0.9669,0.7100,0.0454,-1
KHAPRETA_510206,312104.860,2624218.200,128.1500,0.7131,4.2700,0.2728,-1
KHAPRETA_510206,312106.860,2624218.200,128.5000,0.0000,3.9200,0.2505,-1
KHAPRETA_510206,312109.860,2624218.200,128.5400,0.5831,3.8800,0.2479,-1
KHAPRETA_510206,312110.860,2624218.200,128.6100,0.6181,3.8100,0.2435,-1
KHAPRETA_510206,312121.860,2624218.200,128.4800,0.0000,3.9400,0.2518,-1
KHAPRETA_510206,312132.860,2624218.200,128.5600,0.6681,3.8600,0.2466,-1
KHAPRETA_510206,312134.860,2624218.200,128.6800,0.0000,3.7400,0.2390,-1
KHAPRETA_510206,312137.860,2624218.200,128.6100,0.5431,3.8100,0.2435,-1
KHAPRETA_510206,312138.860,2624218.200,128.6900,0.5831,3.7300,0.2383,-1
KHAPRETA_510206,312147.860,2624218.200,128.4200,0.0000,4.0000,0.2556,-1
KHAPRETA_510206,312151.860,2624218.200,128.5600,0.5631,3.8600,0.2466,-1
KHAPRETA_510206,312152.860,2624218.200,128.6500,0.6081,3.7700,0.2409,-1
KHAPRETA_510206,312157.860,2624218.200,128.7300,0.8247,3.6900,0.2358,-1
KHAPRETA_510206,312158.860,2624218.200,128.5900,0.5852,3.8300,0.2447,-1
KHAPRETA_510206,312159.860,2624218.200,128.6300,0.8282,3.7900,0.2422,-1
KHAPRETA_510206,312163.860,2624218.200,128.6600,0.0000,3.7600,0.2403,-1
KHAPRETA_510206,312168.860,2624218.200,128.7300,0.5281,3.6900,0.2358,-1
KHAPRETA_510206,312174.860,2624218.200,128.8900,0.4731,3.5300,0.2256,-1
KHAPRETA_510206,312175.860,2624218.200,128.8300,0.0200,3.5900,0.2294,-1
KHAPRETA_510206,312176.860,2624218.200,128.8500,0.4731,3.5700,0.2281,-1
KHAPRETA_510206,312180.860,2624218.200,128.9100,0.0000,3.5100,0.2243,-1
KHAPRETA_510206,312182.860,2624218.200,128.9300,0.0000,3.4900,0.2230,-1
KHAPRETA_510206,312187.860,2624218.200,129.0400,0.5456,3.3800,0.2160,-1
KHAPRETA_510206,312188.860,2624218.200,129.0300,0.0150,3.3900,0.2166,-1
KHAPRETA_510206,312189.860,2624218.200,129.0100,0.5419,3.4100,0.2179,-1
KHAPRETA_510206,312192.860,2624218.200,129.0300,0.0000,3.3900,0.2166,-1
KHAPRETA_510206,312196.860,2624218.200,129.1000,0.0000,3.3200,0.2121,-1
KHAPRETA_510206,312201.860,2624218.200,129.8200,0.0000,2.6000,0.1661,-1
KHAPRETA_510206,312208.860,2624218.200,130.2000,0.0000,2.2200,0.1419,-1
KHAPRETA_510206,312217.860,2624218.200,130.3000,0.3881,2.1200,0.1355,-1
KHAPRETA_510206,312218.860,2624218.200,130.3300,0.2619,2.0900,0.1335,-1
KHAPRETA_510206,312222.860,2624218.200,130.2900,0.2719,2.1300,0.1361,-1
KHAPRETA_510206,312227.860,2624218.200,130.1100,0.0469,2.3100,0.1476,-1
KHAPRETA_510206,312228.860,2624218.200,129.8700,0.2349,2.5500,0.1629,-1
KHAPRETA_510206,312229.860,2624218.200,129.8700,0.0487,2.5500,0.1629,-1
KHAPRETA_510206,312238.860,2624218.200,129.9100,0.0000,2.5100,0.1604,-1
KHAPRETA_510206,312240.860,2624218.200,129.8700,0.0469,2.5500,0.1629,-1
KHAPRETA_510206,312241.860,2624218.200,129.8700,0.0700,2.5500,0.1629,-1
KHAPRETA_510206,312248.860,2624218.200,130.0800,0.1019,2.3400,0.1495,-1
KHAPRETA_510206,312250.860,2624218.200,129.9800,0.0000,2.4400,0.1559,-1
KHAPRETA_510206,312252.860,2624218.200,129.9800,0.0000,2.4400,0.1559,-1
KHAPRETA_510206,312262.860,2624218.200,130.8500,0.0919,1.5700,0.1003,-1
KHAPRETA_510206,312265.860,2624218.200,130.2200,0.0350,2.2000,0.1406,-1
KHAPRETA_510206,312268.860,2624218.200,130.7300,0.4569,1.6900,0.1080,-1
KHAPRETA_510206,312274.860,2624218.200,130.8200,0.5019,1.6000,0.1022,-1
KHAPRETA_510206,312284.860,2624218.200,130.8800,0.7876,1.5400,0.0984,-1
KHAPRETA_510206,312285.860,2624218.200,130.8900,0.0150,1.5300,0.0978,-1
KHAPRETA_510206,312286.860,2624218.200,130.8500,0.7983,1.5700,0.1003,-1
KHAPRETA_510206,312289.860,2624218.200,130.9400,0.0000,1.4800,0.0946,-1
KHAPRETA_510206,312292.860,2624218.200,130.8200,0.5419,1.6000,0.1022,-1
KHAPRETA_510206,312294.860,2624218.200,130.8100,0.5819,1.6100,0.1029,-1
KHAPRETA_510206,312295.860,2624218.200,130.9400,0.7672,1.4800,0.0946,-1
KHAPRETA_510206,312300.860,2624218.200,130.9800,0.0000,1.4400,0.0920,-1
KHAPRETA_510206,312302.860,2624218.200,130.9600,0.0550,1.4600,0.0933,-1
KHAPRETA_510206,312306.860,2624218.200,130.9900,0.0000,1.4300,0.0914,-1
KHAPRETA_510206,312309.860,2624218.200,130.9900,0.6319,1.4300,0.0914,-1
KHAPRETA_510206,312311.860,2624218.200,131.0100,0.6219,1.4100,0.0901,-1
KHAPRETA_510206,312312.860,2624218.200,131.0200,0.6169,1.4000,0.0895,-1
KHAPRETA_510206,312331.860,2624218.200,131.1900,0.6819,1.2300,0.0786,-1
KHAPRETA_510206,312336.860,2624218.200,131.2400,0.0200,1.1800,0.0754,-1
KHAPRETA_510206,312343.860,2624218.200,131.2100,0.6869,1.2100,0.0773,-1
KHAPRETA_510206,312345.860,2624218.200,131.2100,0.7319,1.2100,0.0773,-1
KHAPRETA_510206,312346.860,2624218.200,131.2400,0.9964,1.1800,0.0754,-1
KHAPRETA_510206,312351.860,2624218.200,131.1800,0.0000,1.2400,0.0792,-1
KHAPRETA_510206,312353.860,2624218.200,131.2300,0.0000,1.1900,0.0760,-1
KHAPRETA_510206,312357.860,2624218.200,131.1500,0.0000,1.2700,0.0812,-1
KHAPRETA_510206,312360.860,2624218.200,131.4000,0.8019,1.0200,0.0652,-1
KHAPRETA_510206,312362.860,2624218.200,131.3400,1.1377,1.0800,0.0690,-1
KHAPRETA_510206,312363.860,2624218.200,131.4000,0.7819,1.0200,0.0652,-1
KHAPRETA_510206,312367.860,2624218.200,131.2700,0.0000,1.1500,0.0735,-1
KHAPRETA_510206,312374.860,2624218.200,131.5500,0.8769,0.8700,0.0556,-1
KHAPRETA_510206,312377.860,2624218.200,131.6000,0.0000,0.8200,0.0524,-1
KHAPRETA_510206,312383.860,2624218.200,132.0300,0.0000,0.3900,0.0249,-1
KHAPRETA_510206,312391.860,2624218.200,131.8200,1.1228,0.6000,0.0383,-1
KHAPRETA_510206,312392.860,2624218.200,132.0100,1.0255,0.4100,0.0262,-1
KHAPRETA_510206,312394.860,2624218.200,131.8800,1.0336,0.5400,0.0345,-1
KHAPRETA_510206,312395.860,2624218.200,131.8100,0.0800,0.6100,0.0390,-1
KHAPRETA_510206,312396.860,2624218.200,131.7200,0.8678,0.7000,0.0447,-1
KHAPRETA_510206,312397.860,2624218.200,131.4800,0.9719,0.9400,0.0601,-1
KHAPRETA_510206,312438.860,2624218.200,132.0400,1.1719,0.3800,0.0243,-1
KHAPRETA_510206,312443.860,2624218.200,132.0800,1.1569,0.3400,0.0217,-1
KHAPRETA_510206,312444.860,2624218.200,132.0900,0.0450,0.3300,0.0211,-1
KHAPRETA_510206,312445.860,2624218.200,132.1700,1.7305,0.2500,0.0160,-1
KHAPRETA_510206,312448.860,2624218.200,132.2500,1.7850,0.1700,0.0109,-1
KHAPRETA_510206,312449.860,2624218.200,132.3500,1.7922,0.0700,0.0045,-1
KHAPRETA_510206,312456.860,2624218.200,132.3100,0.0000,0.1100,0.0070,-1
KHAPRETA_510206,312459.860,2624218.200,132.4200,0.0000,0.0000,0.0000,-1
KHAPRETA_510206,311986.860,2624219.200,127.0100,1.7055,5.4100,0.3457,-1
KHAPRETA_510206,311987.860,2624219.200,127.4300,1.9383,4.9900,0.3188,-1
KHAPRETA_510206,311989.860,2624219.200,127.5100,0.0000,4.9100,0.3137,-1
KHAPRETA_510206,311991.860,2624219.200,127.4300,1.0281,4.9900,0.3188,-1
KHAPRETA_510206,311993.860,2624219.200,127.2600,0.0000,5.1600,0.3297,-1
KHAPRETA_510206,312000.860,2624219.200,126.7300,0.0000,5.6900,0.3636,-1
KHAPRETA_510206,312002.860,2624219.200,127.1200,1.2981,5.3000,0.3387,-1
KHAPRETA_510206,312007.860,2624219.200,127.2600,0.0450,5.1600,0.3297,-1
KHAPRETA_510206,312014.860,2624219.200,127.0700,0.0050,5.3500,0.3419,-1
KHAPRETA_510206,312016.860,2624219.200,127.1500,1.2931,5.2700,0.3367,-1
KHAPRETA_510206,312018.860,2624219.200,127.1400,1.8464,5.2800,0.3374,-1
KHAPRETA_510206,312019.860,2624219.200,127.1500,1.3181,5.2700,0.3367,-1
KHAPRETA_510206,312024.860,2624219.200,127.1400,0.0000,5.2800,0.3374,-1
KHAPRETA_510206,312028.860,2624219.200,127.2500,0.0000,5.1700,0.3304,-1
KHAPRETA_510206,312033.860,2624219.200,127.2600,0.0050,5.1600,0.3297,-1
KHAPRETA_510206,312035.860,2624219.200,127.2200,0.0000,5.2000,0.3323,-1
KHAPRETA_510206,312038.860,2624219.200,127.1300,1.3131,5.2900,0.3380,-1
KHAPRETA_510206,312039.860,2624219.200,127.1500,1.2634,5.2700,0.3367,-1
KHAPRETA_510206,312040.860,2624219.200,127.1900,1.8534,5.2300,0.3342,-1
KHAPRETA_510206,312043.860,2624219.200,127.1700,1.8006,5.2500,0.3355,-1
KHAPRETA_510206,312044.860,2624219.200,127.1900,1.3031,5.2300,0.3342,-1
KHAPRETA_510206,312049.860,2624219.200,126.6900,0.1000,5.7300,0.3661,-1
KHAPRETA_510206,312058.860,2624219.200,126.8500,0.0000,5.5700,0.3559,-1
KHAPRETA_510206,312062.860,2624219.200,127.0200,1.4681,5.4000,0.3450,-1
KHAPRETA_510206,312063.860,2624219.200,126.8400,1.1700,5.5800,0.3565,-1
KHAPRETA_510206,312064.860,2624219.200,129.3600,1.4681,3.0600,0.1955,-1
KHAPRETA_510206,312073.860,2624219.200,130.4300,0.0569,1.9900,0.1272,-1
KHAPRETA_510206,312076.860,2624219.200,129.9000,2.4831,2.5200,0.1610,-1
KHAPRETA_510206,312081.860,2624219.200,124.3200,2.8431,8.1000,0.5176,-1
KHAPRETA_510206,312093.860,2624219.200,130.8700,1.1931,1.5500,0.0990,-1
KHAPRETA_510206,312100.860,2624219.200,132.1300,1.3852,0.2900,0.0185,-1
KHAPRETA_510206,312101.860,2624219.200,131.7100,1.5232,0.7100,0.0454,-1
KHAPRETA_510206,312113.860,2624219.200,128.6600,0.0000,3.7600,0.2403,-1
KHAPRETA_510206,312115.860,2624219.200,128.6000,0.6731,3.8200,0.2441,-1
KHAPRETA_510206,312118.860,2624219.200,128.3500,0.0000,4.0700,0.2601,-1
KHAPRETA_510206,312127.860,2624219.200,128.7800,0.0000,3.6400,0.2326,-1
KHAPRETA_510206,312132.860,2624219.200,128.4400,0.0500,3.9800,0.2543,-1
KHAPRETA_510206,312148.860,2624219.200,128.5400,0.6431,3.8800,0.2479,-1
KHAPRETA_510206,312154.860,2624219.200,128.5800,0.0000,3.8400,0.2454,-1
KHAPRETA_510206,312159.860,2624219.200,128.6200,0.5681,3.8000,0.2428,-1
KHAPRETA_510206,312160.860,2624219.200,128.6400,0.0050,3.7800,0.2415,-1
KHAPRETA_510206,312161.860,2624219.200,128.6300,0.7859,3.7900,0.2422,-1
KHAPRETA_510206,312164.860,2624219.200,128.6900,0.0000,3.7300,0.2383,-1
KHAPRETA_510206,312178.860,2624219.200,128.8700,0.0000,3.5500,0.2268,-1
KHAPRETA_510206,312185.860,2624219.200,129.0200,0.0000,3.4000,0.2173,-1
KHAPRETA_510206,312187.860,2624219.200,128.9800,0.0300,3.4400,0.2198,-1
KHAPRETA_510206,312189.860,2624219.200,128.9900,0.5382,3.4300,0.2192,-1
KHAPRETA_510206,312190.860,2624219.200,129.0200,0.3931,3.4000,0.2173,-1
KHAPRETA_510206,312193.860,2624219.200,129.0800,0.3731,3.3400,0.2134,-1
KHAPRETA_510206,312194.860,2624219.200,129.0300,0.3481,3.3900,0.2166,-1
KHAPRETA_510206,312197.860,2624219.200,129.5700,0.0481,2.8500,0.1821,-1
KHAPRETA_510206,312198.860,2624219.200,129.6800,0.2308,2.7400,0.1751,-1
KHAPRETA_510206,312199.860,2624219.200,129.9400,0.2750,2.4800,0.1585,-1
KHAPRETA_510206,312200.860,2624219.200,130.2300,0.2179,2.1900,0.1399,-1
KHAPRETA_510206,312205.860,2624219.200,130.1500,0.0000,2.2700,0.1450,-1
KHAPRETA_510206,312210.860,2624219.200,130.3000,0.0000,2.1200,0.1355,-1
KHAPRETA_510206,312215.860,2624219.200,130.2400,0.2219,2.1800,0.1393,-1
KHAPRETA_510206,312216.860,2624219.200,130.2200,0.2650,2.2000,0.1406,-1
KHAPRETA_510206,312217.860,2624219.200,130.3200,0.3433,2.1000,0.1342,-1
KHAPRETA_510206,312221.860,2624219.200,130.3300,0.2719,2.0900,0.1335,-1
KHAPRETA_510206,312222.860,2624219.200,130.3200,0.3778,2.1000,0.1342,-1
KHAPRETA_510206,312225.860,2624219.200,130.3800,0.0000,2.0400,0.1304,-1
KHAPRETA_510206,312228.860,2624219.200,130.1800,0.0469,2.2400,0.1431,-1
KHAPRETA_510206,312233.860,2624219.200,129.8400,0.0000,2.5800,0.1649,-1
KHAPRETA_510206,312237.860,2624219.200,129.8800,0.0000,2.5400,0.1623,-1
KHAPRETA_510206,312239.860,2624219.200,129.8800,0.0000,2.5400,0.1623,-1
KHAPRETA_510206,312242.860,2624219.200,129.8900,0.0000,2.5300,0.1617,-1
KHAPRETA_510206,312246.860,2624219.200,129.9800,0.0000,2.4400,0.1559,-1
KHAPRETA_510206,312248.860,2624219.200,129.9800,0.1519,2.4400,0.1559,-1
KHAPRETA_510206,312254.860,2624219.200,130.0300,0.0000,2.3900,0.1527,-1
KHAPRETA_510206,312256.860,2624219.200,130.0700,0.1269,2.3500,0.1502,-1
KHAPRETA_510206,312264.860,2624219.200,131.6900,0.2729,0.7300,0.0466,-1
KHAPRETA_510206,312265.860,2624219.200,130.2000,0.9591,2.2200,0.1419,-1
KHAPRETA_510206,312268.860,2624219.200,130.6900,0.4769,1.7300,0.1105,-1
KHAPRETA_510206,312273.860,2624219.200,130.7600,0.5019,1.6600,0.1061,-1
KHAPRETA_510206,312274.860,2624219.200,130.7800,0.7172,1.6400,0.1048,-1
KHAPRETA_510206,312278.860,2624219.200,130.8500,0.5219,1.5700,0.1003,-1
KHAPRETA_510206,312279.860,2624219.200,130.8200,0.5577,1.6000,0.1022,-1
KHAPRETA_510206,312280.860,2624219.200,130.9100,0.0250,1.5100,0.0965,-1
KHAPRETA_510206,312281.860,2624219.200,130.7700,0.5669,1.6500,0.1054,-1
KHAPRETA_510206,312283.860,2624219.200,130.8600,0.0000,1.5600,0.0997,-1
KHAPRETA_510206,312286.860,2624219.200,130.9200,0.5369,1.5000,0.0958,-1
KHAPRETA_510206,312288.860,2624219.200,130.9100,0.0000,1.5100,0.0965,-1
KHAPRETA_510206,312291.860,2624219.200,130.5900,0.5419,1.8300,0.1169,-1
KHAPRETA_510206,312292.860,2624219.200,130.8600,0.6618,1.5600,0.0997,-1
KHAPRETA_510206,312302.860,2624219.200,131.0200,0.6120,1.4000,0.0895,-1
KHAPRETA_510206,312303.860,2624219.200,131.0000,0.6219,1.4200,0.0907,-1
KHAPRETA_510206,312309.860,2624219.200,131.0400,0.8654,1.3800,0.0882,-1
KHAPRETA_510206,312310.860,2624219.200,131.0100,0.6319,1.4100,0.0901,-1
KHAPRETA_510206,312318.860,2624219.200,131.2300,0.5769,1.1900,0.0760,-1
KHAPRETA_510206,312319.860,2624219.200,130.9300,0.7269,1.4900,0.0952,-1
KHAPRETA_510206,312325.860,2624219.200,130.8800,0.0000,1.5400,0.0984,-1
KHAPRETA_510206,312328.860,2624219.200,131.1800,0.0000,1.2400,0.0792,-1
KHAPRETA_510206,312336.860,2624219.200,131.2400,1.0176,1.1800,0.0754,-1
KHAPRETA_510206,312337.860,2624219.200,131.1900,1.0038,1.2300,0.0786,-1
KHAPRETA_510206,312343.860,2624219.200,131.1500,0.7120,1.2700,0.0812,-1
KHAPRETA_510206,312344.860,2624219.200,131.2000,0.9929,1.2200,0.0780,-1
KHAPRETA_510206,312360.860,2624219.200,131.3800,0.0200,1.0400,0.0665,-1
KHAPRETA_510206,312362.860,2624219.200,131.3700,0.7819,1.0500,0.0671,-1
KHAPRETA_510206,312365.860,2624219.200,131.4000,0.0000,1.0200,0.0652,-1
KHAPRETA_510206,312374.860,2624219.200,131.5300,0.8869,0.8900,0.0569,-1
KHAPRETA_510206,312391.860,2624219.200,131.7300,1.5102,0.6900,0.0441,-1
KHAPRETA_510206,312392.860,2624219.200,132.0000,1.4839,0.4200,0.0268,-1
KHAPRETA_510206,312394.860,2624219.200,131.9100,1.0519,0.5100,0.0326,-1
KHAPRETA_510206,312435.860,2624219.200,132.0900,0.0000,0.3300,0.0211,-1
KHAPRETA_510206,312442.860,2624219.200,132.1300,0.0000,0.2900,0.0185,-1
KHAPRETA_510206,312446.860,2624219.200,132.1700,0.0000,0.2500,0.0160,-1
KHAPRETA_510206,312448.860,2624219.200,132.2500,1.7922,0.1700,0.0109,-1
KHAPRETA_510206,312449.860,2624219.200,132.3700,0.1012,0.0500,0.0032,-1
KHAPRETA_510206,312450.860,2624219.200,132.4200,1.2969,0.0000,0.0000,-1
KHAPRETA_510206,311985.860,2624220.200,127.5800,1.2381,4.8400,0.3093,-1
KHAPRETA_510206,311986.860,2624220.200,127.3000,1.7660,5.1200,0.3272,-1
KHAPRETA_510206,311992.860,2624220.200,127.4900,1.1831,4.9300,0.3150,-1
KHAPRETA_510206,311998.860,2624220.200,127.1600,1.3081,5.2600,0.3361,-1
KHAPRETA_510206,312007.860,2624220.200,127.4400,1.2581,4.9800,0.3182,-1
KHAPRETA_510206,312012.860,2624220.200,127.2700,1.2331,5.1500,0.3291,-1
KHAPRETA_510206,312014.860,2624220.200,127.1600,1.8510,5.2600,0.3361,-1
KHAPRETA_510206,312015.860,2624220.200,127.2500,1.2332,5.1700,0.3304,-1
KHAPRETA_510206,312016.860,2624220.200,127.1900,1.3142,5.2300,0.3342,-1
KHAPRETA_510206,312017.860,2624220.200,127.1400,1.2531,5.2800,0.3374,-1
KHAPRETA_510206,312018.860,2624220.200,127.1800,1.8640,5.2400,0.3348,-1
KHAPRETA_510206,312026.860,2624220.200,127.3200,1.7367,5.1000,0.3259,-1
KHAPRETA_510206,312027.860,2624220.200,127.3200,1.2281,5.1000,0.3259,-1
KHAPRETA_510206,312030.860,2624220.200,127.2600,1.2681,5.1600,0.3297,-1
KHAPRETA_510206,312033.860,2624220.200,127.2500,1.2581,5.1700,0.3304,-1
KHAPRETA_510206,312037.860,2624220.200,127.1800,0.0000,5.2400,0.3348,-1
KHAPRETA_510206,312039.860,2624220.200,127.2500,1.3131,5.1700,0.3304,-1
KHAPRETA_510206,312041.860,2624220.200,127.2100,0.0000,5.2100,0.3329,-1
KHAPRETA_510206,312049.860,2624220.200,126.6600,0.0600,5.7600,0.3681,-1
KHAPRETA_510206,312065.860,2624220.200,126.7900,1.2531,5.6300,0.3597,-1
KHAPRETA_510206,312071.860,2624220.200,131.8400,0.0000,0.5800,0.0371,-1
KHAPRETA_510206,312075.860,2624220.200,130.0500,0.0000,2.3700,0.1514,-1
KHAPRETA_510206,312078.860,2624220.200,126.7800,0.0000,5.6400,0.3604,-1
KHAPRETA_510206,312082.860,2624220.200,124.1500,0.0000,8.2700,0.5284,-1
KHAPRETA_510206,312093.860,2624220.200,127.3900,1.7750,5.0300,0.3214,-1
KHAPRETA_510206,312096.860,2624220.200,127.1900,1.0019,5.2300,0.3342,-1
KHAPRETA_510206,312097.860,2624220.200,131.7800,1.2931,0.6400,0.0409,-1
KHAPRETA_510206,312100.860,2624220.200,131.7600,1.1769,0.6600,0.0422,-1
KHAPRETA_510206,312103.860,2624220.200,129.9200,0.9531,2.5000,0.1597,-1
KHAPRETA_510206,312105.860,2624220.200,128.2000,0.8031,4.2200,0.2696,-1
KHAPRETA_510206,312107.860,2624220.200,128.5000,0.0000,3.9200,0.2505,-1
KHAPRETA_510206,312110.860,2624220.200,128.6000,0.0000,3.8200,0.2441,-1
KHAPRETA_510206,312115.860,2624220.200,128.4300,0.8677,3.9900,0.2550,-1
KHAPRETA_510206,312116.860,2624220.200,128.5000,0.6731,3.9200,0.2505,-1
KHAPRETA_510206,312119.860,2624220.200,128.2500,0.7631,4.1700,0.2665,-1
KHAPRETA_510206,312123.860,2624220.200,128.6100,0.6181,3.8100,0.2435,-1
KHAPRETA_510206,312124.860,2624220.200,128.5400,0.5831,3.8800,0.2479,-1
KHAPRETA_510206,312131.860,2624220.200,128.6000,0.5581,3.8200,0.2441,-1
KHAPRETA_510206,312132.860,2624220.200,128.6600,0.5884,3.7600,0.2403,-1
KHAPRETA_510206,312134.860,2624220.200,128.4200,0.0000,4.0000,0.2556,-1
KHAPRETA_510206,312140.860,2624220.200,128.4400,0.8990,3.9800,0.2543,-1
KHAPRETA_510206,312141.860,2624220.200,128.5300,0.6681,3.8900,0.2486,-1
KHAPRETA_510206,312143.860,2624220.200,128.5800,0.0000,3.8400,0.2454,-1
KHAPRETA_510206,312145.860,2624220.200,128.4600,0.9301,3.9600,0.2530,-1
KHAPRETA_510206,312146.860,2624220.200,128.3600,0.6581,4.0600,0.2594,-1
KHAPRETA_510206,312148.860,2624220.200,128.4900,0.6181,3.9300,0.2511,-1
KHAPRETA_510206,312155.860,2624220.200,128.5800,0.0000,3.8400,0.2454,-1
KHAPRETA_510206,312157.860,2624220.200,128.6000,0.0000,3.8200,0.2441,-1
KHAPRETA_510206,312159.860,2624220.200,128.6500,0.0400,3.7700,0.2409,-1
KHAPRETA_510206,312161.860,2624220.200,128.6900,0.5731,3.7300,0.2383,-1
KHAPRETA_510206,312168.860,2624220.200,128.8300,0.4931,3.5900,0.2294,-1
KHAPRETA_510206,312169.860,2624220.200,128.7900,0.4731,3.6300,0.2319,-1
KHAPRETA_510206,312173.860,2624220.200,128.8700,0.0000,3.5500,0.2268,-1
KHAPRETA_510206,312183.860,2624220.200,128.9300,0.4231,3.4900,0.2230,-1
KHAPRETA_510206,312186.860,2624220.200,128.9800,0.3981,3.4400,0.2198,-1
KHAPRETA_510206,312187.860,2624220.200,128.9800,0.5629,3.4400,0.2198,-1
KHAPRETA_510206,312196.860,2624220.200,129.1800,0.0000,3.2400,0.2070,-1
KHAPRETA_510206,312198.860,2624220.200,129.5000,0.0481,2.9200,0.1866,-1
KHAPRETA_510206,312200.860,2624220.200,130.1800,0.2269,2.2400,0.1431,-1
KHAPRETA_510206,312207.860,2624220.200,130.2700,0.0000,2.1500,0.1374,-1
KHAPRETA_510206,312214.860,2624220.200,130.2200,0.2569,2.2000,0.1406,-1
KHAPRETA_510206,312216.860,2624220.200,130.3000,0.2219,2.1200,0.1355,-1
KHAPRETA_510206,312218.860,2624220.200,130.2900,0.0000,2.1300,0.1361,-1
KHAPRETA_510206,312220.860,2624220.200,130.3500,0.2869,2.0700,0.1323,-1
KHAPRETA_510206,312226.860,2624220.200,130.4200,0.2769,2.0000,0.1278,-1
KHAPRETA_510206,312227.860,2624220.200,130.3300,0.3219,2.0900,0.1335,-1
KHAPRETA_510206,312241.860,2624220.200,129.9600,0.0000,2.4600,0.1572,-1
KHAPRETA_510206,312243.860,2624220.200,129.9200,0.0819,2.5000,0.1597,-1
KHAPRETA_510206,312244.860,2624220.200,129.9400,0.0100,2.4800,0.1585,-1
KHAPRETA_510206,312245.860,2624220.200,129.9400,0.0819,2.4800,0.1585,-1
KHAPRETA_510206,312250.860,2624220.200,129.9900,0.0000,2.4300,0.1553,-1
KHAPRETA_510206,312256.860,2624220.200,130.0300,0.1469,2.3900,0.1527,-1
KHAPRETA_510206,312260.860,2624220.200,130.1200,0.1369,2.3000,0.1470,-1
KHAPRETA_510206,312263.860,2624220.200,131.4600,0.2198,0.9600,0.0613,-1
KHAPRETA_510206,312264.860,2624220.200,130.1200,1.1768,2.3000,0.1470,-1
KHAPRETA_510206,312265.860,2624220.200,130.0900,0.1856,2.3300,0.1489,-1
KHAPRETA_510206,312279.860,2624220.200,130.8900,0.5219,1.5300,0.0978,-1
KHAPRETA_510206,312284.860,2624220.200,130.9000,0.0000,1.5200,0.0971,-1
KHAPRETA_510206,312290.860,2624220.200,130.9700,0.5719,1.4500,0.0927,-1
KHAPRETA_510206,312297.860,2624220.200,130.9300,0.0000,1.4900,0.0952,-1
KHAPRETA_510206,312299.860,2624220.200,130.9900,0.0000,1.4300,0.0914,-1
KHAPRETA_510206,312301.860,2624220.200,130.9300,0.8442,1.4900,0.0952,-1
KHAPRETA_510206,312302.860,2624220.200,130.9700,0.5770,1.4500,0.0927,-1
KHAPRETA_510206,312304.860,2624220.200,131.0600,0.0000,1.3600,0.0869,-1
KHAPRETA_510206,312311.860,2624220.200,131.0400,0.6269,1.3800,0.0882,-1
KHAPRETA_510206,312316.860,2624220.200,130.9500,0.0000,1.4700,0.0939,-1
KHAPRETA_510206,312320.860,2624220.200,131.0300,0.5369,1.3900,0.0888,-1
KHAPRETA_510206,312321.860,2624220.200,130.8500,0.6269,1.5700,0.1003,-1
KHAPRETA_510206,312327.860,2624220.200,131.0700,0.0000,1.3500,0.0863,-1
KHAPRETA_510206,312334.860,2624220.200,131.2100,0.7119,1.2100,0.0773,-1
KHAPRETA_510206,312335.860,2624220.200,131.2000,0.7169,1.2200,0.0780,-1
KHAPRETA_510206,312337.860,2624220.200,131.1500,0.0050,1.2700,0.0812,-1
KHAPRETA_510206,312342.860,2624220.200,131.1800,0.7269,1.2400,0.0792,-1
KHAPRETA_510206,312343.860,2624220.200,131.2300,0.0180,1.1900,0.0760,-1
KHAPRETA_510206,312344.860,2624220.200,131.2100,1.0175,1.2100,0.0773,-1
KHAPRETA_510206,312348.860,2624220.200,131.2200,0.7219,1.2000,0.0767,-1
KHAPRETA_510206,312349.860,2624220.200,131.2200,0.6970,1.2000,0.0767,-1
KHAPRETA_510206,312350.860,2624220.200,131.2000,0.7219,1.2200,0.0780,-1
KHAPRETA_510206,312353.860,2624220.200,131.1300,0.6969,1.2900,0.0824,-1
KHAPRETA_510206,312354.860,2624220.200,131.1700,0.6769,1.2500,0.0799,-1
KHAPRETA_510206,312356.860,2624220.200,131.3700,0.0000,1.0500,0.0671,-1
KHAPRETA_510206,312358.860,2624220.200,131.4100,0.0000,1.0100,0.0645,-1
KHAPRETA_510206,312360.860,2624220.200,131.3600,1.1236,1.0600,0.0677,-1
KHAPRETA_510206,312361.860,2624220.200,131.3500,0.7919,1.0700,0.0684,-1
KHAPRETA_510206,312364.860,2624220.200,131.3400,0.0000,1.0800,0.0690,-1
KHAPRETA_510206,312379.860,2624220.200,131.8500,1.0469,0.5700,0.0364,-1
KHAPRETA_510206,312380.860,2624220.200,131.8700,1.4878,0.5500,0.0351,-1
KHAPRETA_510206,312383.860,2624220.200,132.0700,0.0000,0.3500,0.0224,-1
KHAPRETA_510206,312388.860,2624220.200,131.9100,1.1319,0.5100,0.0326,-1
KHAPRETA_510206,312393.860,2624220.200,131.6600,0.0000,0.7600,0.0486,-1
KHAPRETA_510206,312396.860,2624220.200,132.0700,1.0319,0.3500,0.0224,-1
KHAPRETA_510206,312398.860,2624220.200,131.5500,1.1869,0.8700,0.0556,-1
KHAPRETA_510206,312399.860,2624220.200,132.1500,0.8869,0.2700,0.0173,-1
KHAPRETA_510206,312433.860,2624220.200,132.2400,0.0000,0.1800,0.0115,-1
KHAPRETA_510206,312436.860,2624220.200,132.0000,0.0000,0.4200,0.0268,-1
KHAPRETA_510206,312439.860,2624220.200,132.0400,0.0000,0.3800,0.0243,-1
KHAPRETA_510206,312441.860,2624220.200,132.1300,0.0000,0.2900,0.0185,-1
KHAPRETA_510206,312449.860,2624220.200,132.2400,0.0250,0.1800,0.0115,-1
KHAPRETA_510206,312452.860,2624220.200,132.4200,0.0000,0.0000,0.0000,-1
KHAPRETA_510206,312454.860,2624220.200,132.4100,0.0000,0.0100,0.0006,-1
KHAPRETA_510206,311992.860,2624221.200,127.4100,0.0450,5.0100,0.3201,-1
KHAPRETA_510206,311994.860,2624221.200,127.2000,0.0000,5.2200,0.3335,-1
KHAPRETA_510206,311998.860,2624221.200,127.1600,1.0572,5.2600,0.3361,-1
KHAPRETA_510206,311999.860,2624221.200,127.7000,1.3081,4.7200,0.3016,-1
KHAPRETA_510206,312001.860,2624221.200,126.9600,1.4031,5.4600,0.3489,-1
KHAPRETA_510206,312003.860,2624221.200,127.1100,0.0000,5.3100,0.3393,-1
KHAPRETA_510206,312011.860,2624221.200,127.3200,1.7580,5.1000,0.3259,-1
KHAPRETA_510206,312012.860,2624221.200,127.3100,1.2281,5.1100,0.3265,-1
KHAPRETA_510206,312015.860,2624221.200,127.3100,0.0350,5.1100,0.3265,-1
KHAPRETA_510206,312017.860,2624221.200,127.2700,0.0800,5.1500,0.3291,-1
KHAPRETA_510206,312026.860,2624221.200,127.3200,1.2281,5.1000,0.3259,-1
KHAPRETA_510206,312030.860,2624221.200,127.2400,1.2581,5.1800,0.3310,-1
KHAPRETA_510206,312045.860,2624221.200,127.2600,0.0000,5.1600,0.3297,-1
KHAPRETA_510206,312049.860,2624221.200,126.5700,2.1964,5.8500,0.3738,-1
KHAPRETA_510206,312050.860,2624221.200,126.6800,1.6031,5.7400,0.3668,-1
KHAPRETA_510206,312053.860,2624221.200,126.9800,0.0000,5.4400,0.3476,-1
KHAPRETA_510206,312065.860,2624221.200,127.2700,1.4931,5.1500,0.3291,-1
KHAPRETA_510206,312067.860,2624221.200,132.3900,0.0000,0.0300,0.0019,-1
KHAPRETA_510206,312074.860,2624221.200,130.1800,0.2669,2.2400,0.1431,-1
KHAPRETA_510206,312076.860,2624221.200,129.7700,0.0531,2.6500,0.1693,-1
KHAPRETA_510206,312077.860,2624221.200,129.6700,0.0031,2.7500,0.1757,-1
KHAPRETA_510206,312079.860,2624221.200,124.2800,0.0000,8.1400,0.5201,-1
KHAPRETA_510206,312092.860,2624221.200,127.8600,1.2281,4.5600,0.2914,-1
KHAPRETA_510206,312093.860,2624221.200,127.3200,2.6400,5.1000,0.3259,-1
KHAPRETA_510206,312098.860,2624221.200,130.7100,0.3819,1.7100,0.1093,-1
KHAPRETA_510206,312103.860,2624221.200,127.8700,0.9750,4.5500,0.2907,-1
KHAPRETA_510206,312105.860,2624221.200,128.1700,1.0797,4.2500,0.2716,-1
KHAPRETA_510206,312106.860,2624221.200,128.3000,1.0941,4.1200,0.2633,-1
KHAPRETA_510206,312111.860,2624221.200,128.9900,0.6131,3.4300,0.2192,-1
KHAPRETA_510206,312112.860,2624221.200,128.5500,0.2200,3.8700,0.2473,-1
KHAPRETA_510206,312113.860,2624221.200,128.5500,0.8849,3.8700,0.2473,-1
KHAPRETA_510206,312117.860,2624221.200,128.3000,0.0000,4.1200,0.2633,-1
KHAPRETA_510206,312119.860,2624221.200,128.2500,0.7631,4.1700,0.2665,-1
KHAPRETA_510206,312121.860,2624221.200,128.5500,0.6231,3.8700,0.2473,-1
KHAPRETA_510206,312122.860,2624221.200,128.5300,0.6131,3.8900,0.2486,-1
KHAPRETA_510206,312125.860,2624221.200,128.7800,0.0000,3.6400,0.2326,-1
KHAPRETA_510206,312127.860,2624221.200,128.5900,0.0000,3.8300,0.2447,-1
KHAPRETA_510206,312132.860,2624221.200,128.4000,0.5581,4.0200,0.2569,-1
KHAPRETA_510206,312135.860,2624221.200,128.3200,0.0000,4.1000,0.2620,-1
KHAPRETA_510206,312140.860,2624221.200,128.4800,0.6681,3.9400,0.2518,-1
KHAPRETA_510206,312144.860,2624221.200,128.4600,0.6031,3.9600,0.2530,-1
KHAPRETA_510206,312145.860,2624221.200,128.5700,0.6581,3.8500,0.2460,-1
KHAPRETA_510206,312147.860,2624221.200,128.4400,0.0000,3.9800,0.2543,-1
KHAPRETA_510206,312152.860,2624221.200,128.6500,0.0000,3.7700,0.2409,-1
KHAPRETA_510206,312158.860,2624221.200,128.6000,0.5381,3.8200,0.2441,-1
KHAPRETA_510206,312159.860,2624221.200,128.7000,0.5881,3.7200,0.2377,-1
KHAPRETA_510206,312166.860,2624221.200,128.7800,0.0000,3.6400,0.2326,-1
KHAPRETA_510206,312178.860,2624221.200,128.9600,0.4281,3.4600,0.2211,-1
KHAPRETA_510206,312179.860,2624221.200,128.9200,0.4081,3.5000,0.2236,-1
KHAPRETA_510206,312181.860,2624221.200,128.9200,0.0000,3.5000,0.2236,-1
KHAPRETA_510206,312183.860,2624221.200,128.9300,0.4231,3.4900,0.2230,-1
KHAPRETA_510206,312185.860,2624221.200,128.9800,0.4081,3.4400,0.2198,-1
KHAPRETA_510206,312189.860,2624221.200,128.9700,0.3831,3.4500,0.2204,-1
KHAPRETA_510206,312190.860,2624221.200,129.0100,0.5595,3.4100,0.2179,-1
KHAPRETA_510206,312193.860,2624221.200,129.0400,0.0000,3.3800,0.2160,-1
KHAPRETA_510206,312203.860,2624221.200,130.2000,0.1919,2.2200,0.1419,-1
KHAPRETA_510206,312209.860,2624221.200,130.2400,0.0000,2.1800,0.1393,-1
KHAPRETA_510206,312214.860,2624221.200,130.2900,0.2785,2.1300,0.1361,-1
KHAPRETA_510206,312215.860,2624221.200,130.3200,0.2569,2.1000,0.1342,-1
KHAPRETA_510206,312220.860,2624221.200,130.3500,0.2869,2.0700,0.1323,-1
KHAPRETA_510206,312222.860,2624221.200,130.3300,0.2869,2.0900,0.1335,-1
KHAPRETA_510206,312223.860,2624221.200,130.3500,0.2769,2.0700,0.1323,-1
KHAPRETA_510206,312236.860,2624221.200,129.9000,0.0000,2.5200,0.1610,-1
KHAPRETA_510206,312255.860,2624221.200,130.0300,0.0000,2.3900,0.1527,-1
KHAPRETA_510206,312257.860,2624221.200,130.0600,0.1419,2.3600,0.1508,-1
KHAPRETA_510206,312258.860,2624221.200,130.0600,0.1972,2.3600,0.1508,-1
KHAPRETA_510206,312260.860,2624221.200,130.0500,0.2108,2.3700,0.1514,-1
KHAPRETA_510206,312261.860,2624221.200,130.0200,0.1369,2.4000,0.1534,-1
KHAPRETA_510206,312263.860,2624221.200,130.0500,0.8419,2.3700,0.1514,-1
KHAPRETA_510206,312265.860,2624221.200,130.0600,0.1569,2.3600,0.1508,-1
KHAPRETA_510206,312272.860,2624221.200,130.7500,0.0000,1.6700,0.1067,-1
KHAPRETA_510206,312276.860,2624221.200,130.8400,0.0000,1.5800,0.1010,-1
KHAPRETA_510206,312287.860,2624221.200,130.9300,0.5919,1.4900,0.0952,-1
KHAPRETA_510206,312288.860,2624221.200,130.9600,0.0150,1.4600,0.0933,-1
KHAPRETA_510206,312289.860,2624221.200,130.9600,0.0200,1.4600,0.0933,-1
KHAPRETA_510206,312290.860,2624221.200,130.9200,0.8407,1.5000,0.0958,-1
KHAPRETA_510206,312301.860,2624221.200,130.9700,0.6124,1.4500,0.0927,-1
KHAPRETA_510206,312302.860,2624221.200,131.0000,0.8442,1.4200,0.0907,-1
KHAPRETA_510206,312305.860,2624221.200,131.0000,0.6219,1.4200,0.0907,-1
KHAPRETA_510206,312306.860,2624221.200,131.0200,0.6119,1.4000,0.0895,-1
KHAPRETA_510206,312308.860,2624221.200,130.9800,0.0000,1.4400,0.0920,-1
KHAPRETA_510206,312310.860,2624221.200,131.0100,0.6269,1.4100,0.0901,-1
KHAPRETA_510206,312311.860,2624221.200,131.0300,0.8831,1.3900,0.0888,-1
KHAPRETA_510206,312314.860,2624221.200,131.0500,0.0000,1.3700,0.0875,-1
KHAPRETA_510206,312317.860,2624221.200,131.0100,0.0000,1.4100,0.0901,-1
KHAPRETA_510206,312319.860,2624221.200,131.0600,0.0000,1.3600,0.0869,-1
KHAPRETA_510206,312323.860,2624221.200,130.8900,0.0000,1.5300,0.0978,-1
KHAPRETA_510206,312325.860,2624221.200,131.0700,0.0000,1.3500,0.0863,-1
KHAPRETA_510206,312330.860,2624221.200,131.2400,0.0000,1.1800,0.0754,-1
KHAPRETA_510206,312333.860,2624221.200,131.2500,0.6619,1.1700,0.0748,-1
KHAPRETA_510206,312336.860,2624221.200,131.1800,0.7019,1.2400,0.0792,-1
KHAPRETA_510206,312337.860,2624221.200,131.1800,0.7020,1.2400,0.0792,-1
KHAPRETA_510206,312343.860,2624221.200,131.1700,0.0150,1.2500,0.0799,-1
KHAPRETA_510206,312345.860,2624221.200,131.1900,0.0000,1.2300,0.0786,-1
KHAPRETA_510206,312349.860,2624221.200,131.1700,0.7219,1.2500,0.0799,-1
KHAPRETA_510206,312351.860,2624221.200,131.2300,0.7269,1.1900,0.0760,-1
KHAPRETA_510206,312355.860,2624221.200,131.3600,0.0000,1.0600,0.0677,-1
KHAPRETA_510206,312362.860,2624221.200,131.2500,0.0000,1.1700,0.0748,-1
KHAPRETA_510206,312365.860,2624221.200,131.2700,0.0000,1.1500,0.0735,-1
KHAPRETA_510206,312369.860,2624221.200,131.1900,0.7419,1.2300,0.0786,-1
KHAPRETA_510206,312375.860,2624221.200,131.7900,1.5337,0.6300,0.0403,-1
KHAPRETA_510206,312376.860,2624221.200,131.9700,0.1550,0.4500,0.0288,-1
KHAPRETA_510206,312377.860,2624221.200,132.1000,1.0969,0.3200,0.0204,-1
KHAPRETA_510206,312380.860,2624221.200,131.9100,1.0469,0.5100,0.0326,-1
KHAPRETA_510206,312382.860,2624221.200,131.8400,0.0000,0.5800,0.0371,-1
KHAPRETA_510206,312385.860,2624221.200,132.0000,1.2319,0.4200,0.0268,-1
KHAPRETA_510206,312386.860,2624221.200,132.2400,1.1119,0.1800,0.0115,-1
KHAPRETA_510206,312388.860,2624221.200,132.0400,1.0669,0.3800,0.0243,-1
KHAPRETA_510206,312390.860,2624221.200,131.5700,0.0000,0.8500,0.0543,-1
KHAPRETA_510206,312392.860,2624221.200,131.9900,0.0000,0.4300,0.0275,-1
KHAPRETA_510206,312395.860,2624221.200,131.6500,1.0319,0.7700,0.0492,-1
KHAPRETA_510206,312396.860,2624221.200,131.8400,0.9395,0.5800,0.0371,-1
KHAPRETA_510206,312400.860,2624221.200,131.8700,0.0000,0.5500,0.0351,-1
KHAPRETA_510206,312444.860,2624221.200,132.2000,0.0000,0.2200,0.0141,-1
KHAPRETA_510206,312448.860,2624221.200,132.2800,1.2719,0.1400,0.0089,-1
KHAPRETA_510206,312449.860,2624221.200,132.3200,1.7564,0.1000,0.0064,-1
KHAPRETA_510206,312453.860,2624221.200,132.3500,0.0000,0.0700,0.0045,-1
KHAPRETA_510206,312456.860,2624221.200,132.3500,1.2869,0.0700,0.0045,-1
KHAPRETA_510206,312510.860,2624221.200,132.3000,0.0000,0.1200,0.0077,-1
KHAPRETA_510206,312525.860,2624221.200,132.4200,0.0000,0.0000,0.0000,-1
KHAPRETA_510206,311984.860,2624222.200,127.4800,0.0000,4.9400,0.3157,-1
KHAPRETA_510206,311987.860,2624222.200,127.4500,1.1981,4.9700,0.3176,-1
KHAPRETA_510206,311992.860,2624222.200,127.4000,1.7233,5.0200,0.3208,-1
KHAPRETA_510206,311993.860,2624222.200,127.2700,1.1881,5.1500,0.3291,-1
KHAPRETA_510206,311995.860,2624222.200,127.3200,1.2431,5.1000,0.3259,-1
KHAPRETA_510206,311996.860,2624222.200,127.2900,1.2281,5.1300,0.3278,-1
KHAPRETA_510206,311998.860,2624222.200,127.5600,0.1150,4.8600,0.3105,-1
KHAPRETA_510206,312001.860,2624222.200,126.9700,2.0705,5.4500,0.3482,-1
KHAPRETA_510206,312002.860,2624222.200,126.7400,1.4031,5.6800,0.3629,-1
KHAPRETA_510206,312006.860,2624222.200,127.3100,1.2631,5.1100,0.3265,-1
KHAPRETA_510206,312011.860,2624222.200,127.2700,1.7581,5.1500,0.3291,-1
KHAPRETA_510206,312012.860,2624222.200,127.2600,1.2331,5.1600,0.3297,-1
KHAPRETA_510206,312013.860,2624222.200,127.2500,1.7581,5.1700,0.3304,-1
KHAPRETA_510206,312015.860,2624222.200,127.1800,1.2331,5.2400,0.3348,-1
KHAPRETA_510206,312017.860,2624222.200,127.3000,1.2531,5.1200,0.3272,-1
KHAPRETA_510206,312023.860,2624222.200,127.2600,1.7792,5.1600,0.3297,-1
KHAPRETA_510206,312024.860,2624222.200,127.2600,0.0200,5.1600,0.3297,-1
KHAPRETA_510206,312025.860,2624222.200,127.3000,1.2581,5.1200,0.3272,-1
KHAPRETA_510206,312032.860,2624222.200,127.2000,1.2531,5.2200,0.3335,-1
KHAPRETA_510206,312034.860,2624222.200,127.3000,0.0000,5.1200,0.3272,-1
KHAPRETA_510206,312041.860,2624222.200,127.3400,1.3281,5.0800,0.3246,-1
KHAPRETA_510206,312042.860,2624222.200,127.1200,1.2181,5.3000,0.3387,-1
KHAPRETA_510206,312047.860,2624222.200,126.8600,1.4231,5.5600,0.3553,-1
KHAPRETA_510206,312063.860,2624222.200,128.8000,0.3469,3.6200,0.2313,-1
KHAPRETA_510206,312069.860,2624222.200,131.5200,0.7669,0.9000,0.0575,-1
KHAPRETA_510206,312070.860,2624222.200,131.3100,0.8715,1.1100,0.0709,-1
KHAPRETA_510206,312071.860,2624222.200,131.0700,0.1950,1.3500,0.0863,-1
KHAPRETA_510206,312072.860,2624222.200,130.9200,0.0300,1.5000,0.0958,-1
KHAPRETA_510206,312073.860,2624222.200,131.0100,0.4888,1.4100,0.0901,-1
KHAPRETA_510206,312074.860,2624222.200,130.3100,0.6491,2.1100,0.1348,-1
KHAPRETA_510206,312078.860,2624222.200,127.6000,2.7181,4.8200,0.3080,-1
KHAPRETA_510206,312084.860,2624222.200,130.8500,1.1931,1.5700,0.1003,-1
KHAPRETA_510206,312085.860,2624222.200,127.3900,0.5369,5.0300,0.3214,-1
KHAPRETA_510206,312093.860,2624222.200,132.3100,1.2281,0.1100,0.0070,-1
KHAPRETA_510206,312097.860,2624222.200,127.3700,0.3819,5.0500,0.3227,-1
KHAPRETA_510206,312098.860,2624222.200,130.5400,1.2905,1.8800,0.1201,-1
KHAPRETA_510206,312100.860,2624222.200,128.0400,0.0000,4.3800,0.2799,-1
KHAPRETA_510206,312102.860,2624222.200,127.7700,0.9031,4.6500,0.2971,-1
KHAPRETA_510206,312103.860,2624222.200,127.9700,1.3836,4.4500,0.2843,-1
KHAPRETA_510206,312106.860,2624222.200,128.2900,0.7381,4.1300,0.2639,-1
KHAPRETA_510206,312113.860,2624222.200,128.5000,0.6131,3.9200,0.2505,-1
KHAPRETA_510206,312116.860,2624222.200,128.2000,0.6781,4.2200,0.2696,-1
KHAPRETA_510206,312118.860,2624222.200,128.3200,0.0000,4.1000,0.2620,-1
KHAPRETA_510206,312120.860,2624222.200,128.4900,0.6931,3.9300,0.2511,-1
KHAPRETA_510206,312130.860,2624222.200,128.6200,0.0000,3.8000,0.2428,-1
KHAPRETA_510206,312137.860,2624222.200,128.5100,0.6181,3.9100,0.2498,-1
KHAPRETA_510206,312138.860,2624222.200,128.5400,0.8506,3.8800,0.2479,-1
KHAPRETA_510206,312141.860,2624222.200,128.3800,0.0000,4.0400,0.2581,-1
KHAPRETA_510206,312145.860,2624222.200,128.4500,0.6031,3.9700,0.2537,-1
KHAPRETA_510206,312150.860,2624222.200,128.5800,0.5781,3.8400,0.2454,-1
KHAPRETA_510206,312151.860,2624222.200,128.6200,0.5981,3.8000,0.2428,-1
KHAPRETA_510206,312154.860,2624222.200,128.5700,0.5281,3.8500,0.2460,-1
KHAPRETA_510206,312155.860,2624222.200,128.7200,0.6031,3.7000,0.2364,-1
KHAPRETA_510206,312159.860,2624222.200,128.6300,0.0350,3.7900,0.2422,-1
KHAPRETA_510206,312162.860,2624222.200,128.6900,0.0000,3.7300,0.2383,-1
KHAPRETA_510206,312164.860,2624222.200,128.6900,0.0000,3.7300,0.2383,-1
KHAPRETA_510206,312167.860,2624222.200,128.7200,0.0000,3.7000,0.2364,-1
KHAPRETA_510206,312170.860,2624222.200,128.7900,0.4781,3.6300,0.2319,-1
KHAPRETA_510206,312171.860,2624222.200,128.8200,0.6938,3.6000,0.2300,-1
KHAPRETA_510206,312173.860,2624222.200,128.8300,0.0000,3.5900,0.2294,-1
KHAPRETA_510206,312184.860,2624222.200,128.9700,0.5842,3.4500,0.2204,-1
KHAPRETA_510206,312185.860,2624222.200,128.9600,0.4031,3.4600,0.2211,-1
KHAPRETA_510206,312190.860,2624222.200,129.0000,0.3831,3.4200,0.2185,-1
KHAPRETA_510206,312192.860,2624222.200,129.1100,0.0000,3.3100,0.2115,-1
KHAPRETA_510206,312198.860,2624222.200,129.0700,0.0000,3.3500,0.2141,-1
KHAPRETA_510206,312201.860,2624222.200,130.2000,0.1769,2.2200,0.1419,-1
KHAPRETA_510206,312202.860,2624222.200,130.1300,0.0200,2.2900,0.1463,-1
KHAPRETA_510206,312203.860,2624222.200,130.1600,0.2761,2.2600,0.1444,-1
KHAPRETA_510206,312205.860,2624222.200,130.2700,0.0000,2.1500,0.1374,-1
KHAPRETA_510206,312207.860,2624222.200,130.2700,0.2419,2.1500,0.1374,-1
KHAPRETA_510206,312210.860,2624222.200,130.2600,0.0000,2.1600,0.1380,-1
KHAPRETA_510206,312214.860,2624222.200,130.3400,0.0150,2.0800,0.1329,-1
KHAPRETA_510206,312217.860,2624222.200,130.3800,0.2669,2.0400,0.1304,-1
KHAPRETA_510206,312230.860,2624222.200,129.7600,0.0919,2.6600,0.1700,-1
KHAPRETA_510206,312232.860,2624222.200,129.8900,0.0719,2.5300,0.1617,-1
KHAPRETA_510206,312233.860,2624222.200,129.9200,0.0975,2.5000,0.1597,-1
KHAPRETA_510206,312234.860,2624222.200,129.9100,0.0578,2.5100,0.1604,-1
KHAPRETA_510206,312235.860,2624222.200,129.9000,0.1058,2.5200,0.1610,-1
KHAPRETA_510206,312241.860,2624222.200,129.9400,0.0000,2.4800,0.1585,-1
KHAPRETA_510206,312244.860,2624222.200,129.9400,0.0869,2.4800,0.1585,-1
KHAPRETA_510206,312245.860,2624222.200,129.9500,0.0819,2.4700,0.1578,-1
KHAPRETA_510206,312247.860,2624222.200,129.9600,0.0969,2.4600,0.1572,-1
KHAPRETA_510206,312249.860,2624222.200,129.9800,0.0000,2.4400,0.1559,-1
KHAPRETA_510206,312251.860,2624222.200,130.0000,0.0000,2.4200,0.1546,-1
KHAPRETA_510206,312258.860,2624222.200,130.0500,0.0050,2.3700,0.1514,-1
KHAPRETA_510206,312271.860,2624222.200,130.7000,0.4319,1.7200,0.1099,-1
KHAPRETA_510206,312278.860,2624222.200,130.8000,0.0000,1.6200,0.1035,-1
KHAPRETA_510206,312282.860,2624222.200,130.9400,0.0000,1.4800,0.0946,-1
KHAPRETA_510206,312285.860,2624222.200,130.9600,0.0000,1.4600,0.0933,-1
KHAPRETA_510206,312295.860,2624222.200,130.9200,0.0000,1.5000,0.0958,-1
KHAPRETA_510206,312297.860,2624222.200,130.9200,0.0000,1.5000,0.0958,-1
KHAPRETA_510206,312299.860,2624222.200,130.9500,0.7967,1.4700,0.0939,-1
KHAPRETA_510206,312300.860,2624222.200,130.9800,0.6030,1.4400,0.0920,-1
KHAPRETA_510206,312301.860,2624222.200,130.8800,0.8477,1.5400,0.0984,-1
KHAPRETA_510206,312307.860,2624222.200,131.0600,0.0000,1.3600,0.0869,-1
KHAPRETA_510206,312309.860,2624222.200,130.9600,0.0000,1.4600,0.0933,-1
KHAPRETA_510206,312312.860,2624222.200,131.0400,0.0000,1.3800,0.0882,-1
KHAPRETA_510206,312320.860,2624222.200,130.9700,0.6319,1.4500,0.0927,-1
KHAPRETA_510206,312322.860,2624222.200,130.9700,0.6069,1.4500,0.0927,-1
KHAPRETA_510206,312329.860,2624222.200,131.1400,0.0000,1.2800,0.0818,-1
KHAPRETA_510206,312333.860,2624222.200,131.1000,0.7369,1.3200,0.0843,-1
KHAPRETA_510206,312337.860,2624222.200,131.1400,0.7019,1.2800,0.0818,-1
KHAPRETA_510206,312341.860,2624222.200,131.2000,0.0000,1.2200,0.0780,-1
KHAPRETA_510206,312343.860,2624222.200,131.2000,0.6969,1.2200,0.0780,-1
KHAPRETA_510206,312346.860,2624222.200,131.2300,0.0000,1.1900,0.0760,-1
KHAPRETA_510206,312351.860,2624222.200,131.2300,0.7269,1.1900,0.0760,-1
KHAPRETA_510206,312367.860,2624222.200,131.2700,0.0000,1.1500,0.0735,-1
KHAPRETA_510206,312369.860,2624222.200,131.2600,0.7069,1.1600,0.0741,-1
KHAPRETA_510206,312375.860,2624222.200,131.9200,1.0069,0.5000,0.0319,-1
KHAPRETA_510206,312379.860,2624222.200,132.1900,0.0000,0.2300,0.0147,-1
KHAPRETA_510206,312387.860,2624222.200,132.0700,0.0000,0.3500,0.0224,-1
KHAPRETA_510206,312391.860,2624222.200,131.6500,1.1269,0.7700,0.0492,-1
KHAPRETA_510206,312394.860,2624222.200,131.9800,0.0000,0.4400,0.0281,-1
KHAPRETA_510206,312396.860,2624222.200,131.9300,1.0319,0.4900,0.0313,-1
KHAPRETA_510206,312431.860,2624222.200,131.9300,0.0000,0.4900,0.0313,-1
KHAPRETA_510206,312436.860,2624222.200,132.0300,1.1669,0.3900,0.0249,-1
KHAPRETA_510206,312442.860,2624222.200,132.1000,0.0000,0.3200,0.0204,-1
KHAPRETA_510206,312447.860,2624222.200,132.2300,0.0000,0.1900,0.0121,-1
KHAPRETA_510206,312456.860,2624222.200,132.3500,1.2869,0.0700,0.0045,-1
KHAPRETA_510206,311986.860,2624223.200,127.4400,1.1981,4.9800,0.3182,-1
KHAPRETA_510206,311987.860,2624223.200,127.3800,1.1681,5.0400,0.3220,-1
KHAPRETA_510206,311994.860,2624223.200,127.2800,0.0000,5.1400,0.3284,-1
KHAPRETA_510206,311998.860,2624223.200,127.3900,1.6915,5.0300,0.3214,-1
KHAPRETA_510206,311999.860,2624223.200,127.2200,1.1931,5.2000,0.3323,-1
KHAPRETA_510206,312004.860,2624223.200,126.7700,1.2481,5.6500,0.3610,-1
KHAPRETA_510206,312005.860,2624223.200,127.2800,0.2400,5.1400,0.3284,-1
KHAPRETA_510206,312006.860,2624223.200,127.2500,0.0552,5.1700,0.3304,-1
KHAPRETA_510206,312007.860,2624223.200,127.2700,1.2631,5.1500,0.3291,-1
KHAPRETA_510206,312009.860,2624223.200,127.4200,0.0000,5.0000,0.3195,-1
KHAPRETA_510206,312013.860,2624223.200,127.3200,1.2631,5.1000,0.3259,-1
KHAPRETA_510206,312016.860,2624223.200,127.3000,0.0000,5.1200,0.3272,-1
KHAPRETA_510206,312021.860,2624223.200,127.3000,0.0000,5.1200,0.3272,-1
KHAPRETA_510206,312023.860,2624223.200,127.2600,1.2581,5.1600,0.3297,-1
KHAPRETA_510206,312028.860,2624223.200,127.2900,1.2231,5.1300,0.3278,-1
KHAPRETA_510206,312031.860,2624223.200,127.2900,1.2531,5.1300,0.3278,-1
KHAPRETA_510206,312032.860,2624223.200,127.2700,1.7901,5.1500,0.3291,-1
KHAPRETA_510206,312047.860,2624223.200,126.9300,1.4581,5.4900,0.3508,-1
KHAPRETA_510206,312052.860,2624223.200,127.0600,0.0000,5.3600,0.3425,-1
KHAPRETA_510206,312057.860,2624223.200,126.9500,1.4981,5.4700,0.3495,-1
KHAPRETA_510206,312058.860,2624223.200,126.7800,1.4131,5.6400,0.3604,-1
KHAPRETA_510206,312062.860,2624223.200,129.2500,0.3469,3.1700,0.2026,-1
KHAPRETA_510206,312063.860,2624223.200,130.4700,0.9617,1.9500,0.1246,-1
KHAPRETA_510206,312065.860,2624223.200,129.3500,0.0000,3.0700,0.1962,-1
KHAPRETA_510206,312070.860,2624223.200,131.4600,0.7669,0.9600,0.0613,-1
KHAPRETA_510206,312073.860,2624223.200,130.5400,0.6169,1.8800,0.1201,-1
KHAPRETA_510206,312076.860,2624223.200,128.6300,0.0000,3.7900,0.2422,-1
KHAPRETA_510206,312078.860,2624223.200,124.3400,1.0881,8.0800,0.5163,-1
KHAPRETA_510206,312086.860,2624223.200,127.9400,0.6081,4.4800,0.2863,-1
KHAPRETA_510206,312087.860,2624223.200,128.5600,0.9181,3.8600,0.2466,-1
KHAPRETA_510206,312099.860,2624223.200,129.8000,0.0000,2.6200,0.1674,-1
KHAPRETA_510206,312107.860,2624223.200,128.5900,0.6381,3.8300,0.2447,-1
KHAPRETA_510206,312110.860,2624223.200,128.7900,0.5081,3.6300,0.2319,-1
KHAPRETA_510206,312111.860,2624223.200,128.7600,0.4931,3.6600,0.2339,-1
KHAPRETA_510206,312116.860,2624223.200,128.4200,0.6903,4.0000,0.2556,-1
KHAPRETA_510206,312117.860,2624223.200,128.4000,1.0171,4.0200,0.2569,-1
KHAPRETA_510206,312120.860,2624223.200,128.3900,0.6431,4.0300,0.2575,-1
KHAPRETA_510206,312123.860,2624223.200,128.4900,0.0000,3.9300,0.2511,-1
KHAPRETA_510206,312132.860,2624223.200,128.2300,0.7781,4.1900,0.2677,-1
KHAPRETA_510206,312134.860,2624223.200,128.4200,0.0000,4.0000,0.2556,-1
KHAPRETA_510206,312136.860,2624223.200,128.5300,0.0000,3.8900,0.2486,-1
KHAPRETA_510206,312138.860,2624223.200,128.6400,0.8228,3.7800,0.2415,-1
KHAPRETA_510206,312139.860,2624223.200,128.6900,0.8506,3.7300,0.2383,-1
KHAPRETA_510206,312143.860,2624223.200,128.4500,0.6381,3.9700,0.2537,-1
KHAPRETA_510206,312144.860,2624223.200,128.5000,0.6631,3.9200,0.2505,-1
KHAPRETA_510206,312153.860,2624223.200,128.6600,0.0000,3.7600,0.2403,-1
KHAPRETA_510206,312159.860,2624223.200,128.6300,0.8069,3.7900,0.2422,-1
KHAPRETA_510206,312160.860,2624223.200,128.6400,0.8104,3.7800,0.2415,-1
KHAPRETA_510206,312165.860,2624223.200,128.7200,0.4981,3.7000,0.2364,-1
KHAPRETA_510206,312166.860,2624223.200,128.7800,0.5281,3.6400,0.2326,-1
KHAPRETA_510206,312171.860,2624223.200,128.8000,0.0100,3.6200,0.2313,-1
KHAPRETA_510206,312183.860,2624223.200,129.0100,0.4181,3.4100,0.2179,-1
KHAPRETA_510206,312184.860,2624223.200,128.9400,0.4036,3.4800,0.2224,-1
KHAPRETA_510206,312185.860,2624223.200,128.9700,0.5842,3.4500,0.2204,-1
KHAPRETA_510206,312200.860,2624223.200,130.1800,0.0000,2.2400,0.1431,-1
KHAPRETA_510206,312207.860,2624223.200,130.2600,0.3600,2.1600,0.1380,-1
KHAPRETA_510206,312208.860,2624223.200,130.3000,0.0050,2.1200,0.1355,-1
KHAPRETA_510206,312209.860,2624223.200,130.2700,0.2619,2.1500,0.1374,-1
KHAPRETA_510206,312214.860,2624223.200,130.2600,0.2819,2.1600,0.1380,-1
KHAPRETA_510206,312217.860,2624223.200,130.3100,0.3019,2.1100,0.1348,-1
KHAPRETA_510206,312225.860,2624223.200,130.3900,0.0000,2.0300,0.1297,-1
KHAPRETA_510206,312230.860,2624223.200,129.9600,0.0081,2.4600,0.1572,-1
KHAPRETA_510206,312233.860,2624223.200,129.9700,0.0604,2.4500,0.1565,-1
KHAPRETA_510206,312234.860,2624223.200,129.8900,0.0250,2.5300,0.1617,-1
KHAPRETA_510206,312235.860,2624223.200,129.9400,0.0621,2.4800,0.1585,-1
KHAPRETA_510206,312236.860,2624223.200,129.9000,0.0819,2.5200,0.1610,-1
KHAPRETA_510206,312247.860,2624223.200,129.9700,0.0919,2.4500,0.1565,-1
KHAPRETA_510206,312252.860,2624223.200,130.0100,0.0000,2.4100,0.1540,-1
KHAPRETA_510206,312258.860,2624223.200,130.0500,0.1369,2.3700,0.1514,-1
KHAPRETA_510206,312271.860,2624223.200,130.6400,0.4619,1.7800,0.1137,-1
KHAPRETA_510206,312275.860,2624223.200,130.7500,0.0000,1.6700,0.1067,-1
KHAPRETA_510206,312283.860,2624223.200,130.9700,0.5469,1.4500,0.0927,-1
KHAPRETA_510206,312284.860,2624223.200,130.8700,0.5969,1.5500,0.0990,-1
KHAPRETA_510206,312287.860,2624223.200,130.9700,0.5869,1.4500,0.0927,-1
KHAPRETA_510206,312288.860,2624223.200,130.9500,0.5969,1.4700,0.0939,-1
KHAPRETA_510206,312292.860,2624223.200,130.7600,0.0000,1.6600,0.1061,-1
KHAPRETA_510206,312299.860,2624223.200,130.8200,0.8407,1.6000,0.1022,-1
KHAPRETA_510206,312300.860,2624223.200,130.9800,0.7967,1.4400,0.0920,-1
KHAPRETA_510206,312304.860,2624223.200,131.0200,0.0000,1.4000,0.0895,-1
KHAPRETA_510206,312310.860,2624223.200,131.0400,0.6369,1.3800,0.0882,-1
KHAPRETA_510206,312320.860,2624223.200,131.0400,0.0950,1.3800,0.0882,-1
KHAPRETA_510206,312322.860,2624223.200,130.9900,0.6931,1.4300,0.0914,-1
KHAPRETA_510206,312323.860,2624223.200,131.1600,0.0850,1.2600,0.0805,-1
KHAPRETA_510206,312324.860,2624223.200,131.1600,0.9964,1.2600,0.0805,-1
KHAPRETA_510206,312328.860,2624223.200,131.2600,0.0000,1.1600,0.0741,-1
KHAPRETA_510206,312330.860,2624223.200,131.1400,0.0000,1.2800,0.0818,-1
KHAPRETA_510206,312334.860,2624223.200,131.1600,0.0000,1.2600,0.0805,-1
KHAPRETA_510206,312339.860,2624223.200,131.2500,0.0000,1.1700,0.0748,-1
KHAPRETA_510206,312354.860,2624223.200,131.2600,0.0000,1.1600,0.0741,-1
KHAPRETA_510206,312365.860,2624223.200,131.2100,1.0779,1.2100,0.0773,-1
KHAPRETA_510206,312366.860,2624223.200,131.2600,0.7169,1.1600,0.0741,-1
KHAPRETA_510206,312370.860,2624223.200,131.4200,0.0000,1.0000,0.0639,-1
KHAPRETA_510206,312380.860,2624223.200,132.0800,1.5305,0.3400,0.0217,-1
KHAPRETA_510206,312381.860,2624223.200,132.0900,1.5838,0.3300,0.0211,-1
KHAPRETA_510206,312383.860,2624223.200,131.4300,0.9469,0.9900,0.0633,-1
KHAPRETA_510206,312386.860,2624223.200,131.9500,0.0000,0.4700,0.0300,-1
KHAPRETA_510206,312388.860,2624223.200,131.8700,0.0000,0.5500,0.0351,-1
KHAPRETA_510206,312390.860,2624223.200,131.9600,1.1269,0.4600,0.0294,-1
KHAPRETA_510206,312391.860,2624223.200,132.0300,0.2451,0.3900,0.0249,-1
KHAPRETA_510206,312392.860,2624223.200,131.9500,0.1000,0.4700,0.0300,-1
KHAPRETA_510206,312393.860,2624223.200,131.8300,1.0869,0.5900,0.0377,-1
KHAPRETA_510206,312428.860,2624223.200,132.1100,1.1519,0.3100,0.0198,-1
KHAPRETA_510206,312429.860,2624223.200,132.0800,1.1669,0.3400,0.0217,-1
KHAPRETA_510206,312433.860,2624223.200,132.1100,0.0000,0.3100,0.0198,-1
KHAPRETA_510206,312435.860,2624223.200,132.0100,1.1669,0.4100,0.0262,-1
KHAPRETA_510206,312436.860,2624223.200,132.1100,1.1270,0.3100,0.0198,-1
KHAPRETA_510206,312437.860,2624223.200,132.0300,1.1669,0.3900,0.0249,-1
KHAPRETA_510206,312440.860,2624223.200,132.2000,0.0000,0.2200,0.0141,-1
KHAPRETA_510206,312444.860,2624223.200,132.2200,0.0000,0.2000,0.0128,-1
KHAPRETA_510206,312454.860,2624223.200,132.4000,0.0000,0.0200,0.0013,-1
KHAPRETA_510206,312514.860,2624223.200,132.3100,0.0000,0.1100,0.0070,-1
KHAPRETA_510206,312520.860,2624223.200,132.4100,0.0000,0.0100,0.0006,-1
KHAPRETA_510206,312538.860,2624223.200,132.4000,0.0000,0.0200,0.0013,-1
KHAPRETA_510206,311987.860,2624224.200,127.4400,1.5820,4.9800,0.3182,-1
KHAPRETA_510206,311988.860,2624224.200,127.7100,1.1681,4.7100,0.3010,-1
KHAPRETA_510206,311991.860,2624224.200,127.3600,0.0000,5.0600,0.3233,-1
KHAPRETA_510206,312000.860,2624224.200,127.2100,0.0000,5.2100,0.3329,-1
KHAPRETA_510206,312002.860,2624224.200,127.0800,0.0000,5.3400,0.3412,-1
KHAPRETA_510206,312006.860,2624224.200,127.2000,0.0900,5.2200,0.3335,-1
KHAPRETA_510206,312010.860,2624224.200,126.9600,1.3331,5.4600,0.3489,-1
KHAPRETA_510206,312011.860,2624224.200,127.1100,1.4081,5.3100,0.3393,-1
KHAPRETA_510206,312014.860,2624224.200,127.2900,1.1981,5.1300,0.3278,-1
KHAPRETA_510206,312015.860,2624224.200,127.3800,1.2431,5.0400,0.3220,-1
KHAPRETA_510206,312019.860,2624224.200,127.4200,0.0000,5.0000,0.3195,-1
KHAPRETA_510206,312026.860,2624224.200,127.3000,0.0000,5.1200,0.3272,-1
KHAPRETA_510206,312028.860,2624224.200,127.3300,1.2431,5.0900,0.3252,-1
KHAPRETA_510206,312030.860,2624224.200,127.2600,0.0000,5.1600,0.3297,-1
KHAPRETA_510206,312033.860,2624224.200,127.2400,0.0000,5.1800,0.3310,-1
KHAPRETA_510206,312037.860,2624224.200,127.2500,0.0000,5.1700,0.3304,-1
KHAPRETA_510206,312039.860,2624224.200,127.2000,0.0000,5.2200,0.3335,-1
KHAPRETA_510206,312053.860,2624224.200,126.9600,0.0000,5.4600,0.3489,-1
KHAPRETA_510206,312055.860,2624224.200,126.9000,0.0000,5.5200,0.3527,-1
KHAPRETA_510206,312061.860,2624224.200,127.7900,0.0000,4.6300,0.2958,-1
KHAPRETA_510206,312063.860,2624224.200,130.6500,0.5160,1.7700,0.1131,-1
KHAPRETA_510206,312064.860,2624224.200,130.5400,0.4369,1.8800,0.1201,-1
KHAPRETA_510206,312066.860,2624224.200,128.6800,0.0000,3.7400,0.2390,-1
KHAPRETA_510206,312068.860,2624224.200,130.6300,0.4919,1.7900,0.1144,-1
KHAPRETA_510206,312069.860,2624224.200,130.7600,0.6439,1.6600,0.1061,-1
KHAPRETA_510206,312072.860,2624224.200,131.0600,0.5369,1.3600,0.0869,-1
KHAPRETA_510206,312074.860,2624224.200,129.5500,0.4888,2.8700,0.1834,-1
KHAPRETA_510206,312075.860,2624224.200,129.0700,0.1131,3.3500,0.2141,-1
KHAPRETA_510206,312077.860,2624224.200,126.5700,1.5681,5.8500,0.3738,-1
KHAPRETA_510206,312081.860,2624224.200,123.8100,2.8631,8.6100,0.5502,-1
KHAPRETA_510206,312084.860,2624224.200,127.1600,1.5731,5.2600,0.3361,-1
KHAPRETA_510206,312085.860,2624224.200,126.6300,1.3081,5.7900,0.3700,-1
KHAPRETA_510206,312094.860,2624224.200,131.9700,0.0000,0.4500,0.0288,-1
KHAPRETA_510206,312104.860,2624224.200,127.8200,0.8131,4.6000,0.2939,-1
KHAPRETA_510206,312107.860,2624224.200,128.5000,0.5898,3.9200,0.2505,-1
KHAPRETA_510206,312108.860,2624224.200,128.6000,0.6381,3.8200,0.2441,-1
KHAPRETA_510206,312116.860,2624224.200,128.3100,0.7585,4.1100,0.2626,-1
KHAPRETA_510206,312117.860,2624224.200,128.2600,1.0054,4.1600,0.2658,-1
KHAPRETA_510206,312122.860,2624224.200,128.4700,0.0000,3.9500,0.2524,-1
KHAPRETA_510206,312127.860,2624224.200,128.6000,0.9138,3.8200,0.2441,-1
KHAPRETA_510206,312128.860,2624224.200,128.5400,0.5881,3.8800,0.2479,-1
KHAPRETA_510206,312132.860,2624224.200,128.2200,0.6822,4.2000,0.2684,-1
KHAPRETA_510206,312133.860,2624224.200,128.4200,1.0094,4.0000,0.2556,-1
KHAPRETA_510206,312137.860,2624224.200,128.6100,0.0000,3.8100,0.2435,-1
KHAPRETA_510206,312139.860,2624224.200,128.5100,0.5431,3.9100,0.2498,-1
KHAPRETA_510206,312141.860,2624224.200,128.9600,0.4681,3.4600,0.2211,-1
KHAPRETA_510206,312148.860,2624224.200,128.5300,0.0000,3.8900,0.2486,-1
KHAPRETA_510206,312150.860,2624224.200,128.5400,0.0000,3.8800,0.2479,-1
KHAPRETA_510206,312154.860,2624224.200,128.6000,0.0000,3.8200,0.2441,-1
KHAPRETA_510206,312160.860,2624224.200,128.6300,0.5681,3.7900,0.2422,-1
KHAPRETA_510206,312163.860,2624224.200,128.7300,0.5231,3.6900,0.2358,-1
KHAPRETA_510206,312171.860,2624224.200,128.8000,0.4881,3.6200,0.2313,-1
KHAPRETA_510206,312176.860,2624224.200,128.8700,0.0000,3.5500,0.2268,-1
KHAPRETA_510206,312181.860,2624224.200,128.9400,0.0000,3.4800,0.2224,-1
KHAPRETA_510206,312187.860,2624224.200,128.9800,0.3881,3.4400,0.2198,-1
KHAPRETA_510206,312189.860,2624224.200,129.0000,0.0000,3.4200,0.2185,-1
KHAPRETA_510206,312193.860,2624224.200,129.0000,0.3881,3.4200,0.2185,-1
KHAPRETA_510206,312196.860,2624224.200,129.0100,0.0000,3.4100,0.2179,-1
KHAPRETA_510206,312198.860,2624224.200,129.0800,0.2931,3.3400,0.2134,-1
KHAPRETA_510206,312201.860,2624224.200,130.1800,0.2718,2.2400,0.1431,-1
KHAPRETA_510206,312202.860,2624224.200,130.0900,0.0100,2.3300,0.1489,-1
KHAPRETA_510206,312203.860,2624224.200,130.1600,0.0600,2.2600,0.1444,-1
KHAPRETA_510206,312204.860,2624224.200,130.2100,0.2972,2.2100,0.1412,-1
KHAPRETA_510206,312213.860,2624224.200,130.2700,0.2869,2.1500,0.1374,-1
KHAPRETA_510206,312222.860,2624224.200,130.4300,0.4306,1.9900,0.1272,-1
KHAPRETA_510206,312223.860,2624224.200,130.3800,0.3269,2.0400,0.1304,-1
KHAPRETA_510206,312231.860,2624224.200,129.8600,0.2888,2.5600,0.1636,-1
KHAPRETA_510206,312232.860,2624224.200,130.0400,0.1318,2.3800,0.1521,-1
KHAPRETA_510206,312233.860,2624224.200,129.9600,0.1069,2.4600,0.1572,-1
KHAPRETA_510206,312234.860,2624224.200,129.9500,0.1081,2.4700,0.1578,-1
KHAPRETA_510206,312240.860,2624224.200,129.9600,0.0769,2.4600,0.1572,-1
KHAPRETA_510206,312241.860,2624224.200,129.9300,0.0919,2.4900,0.1591,-1
KHAPRETA_510206,312250.860,2624224.200,130.0000,0.0000,2.4200,0.1546,-1
KHAPRETA_510206,312260.860,2624224.200,130.0600,0.0000,2.3600,0.1508,-1
KHAPRETA_510206,312264.860,2624224.200,130.0600,0.1369,2.3600,0.1508,-1
KHAPRETA_510206,312265.860,2624224.200,130.0500,0.1419,2.3700,0.1514,-1
KHAPRETA_510206,312279.860,2624224.200,130.7300,0.0000,1.6900,0.1080,-1
KHAPRETA_510206,312301.860,2624224.200,130.9900,0.0000,1.4300,0.0914,-1
KHAPRETA_510206,312307.860,2624224.200,131.0500,0.6519,1.3700,0.0875,-1
KHAPRETA_510206,312310.860,2624224.200,131.0500,0.6319,1.3700,0.0875,-1
KHAPRETA_510206,312312.860,2624224.200,131.1000,0.0000,1.3200,0.0843,-1
KHAPRETA_510206,312318.860,2624224.200,130.6600,0.5219,1.7600,0.1125,-1
KHAPRETA_510206,312320.860,2624224.200,131.1600,0.5970,1.2600,0.0805,-1
KHAPRETA_510206,312321.860,2624224.200,130.9700,0.0550,1.4500,0.0927,-1
KHAPRETA_510206,312322.860,2624224.200,131.0500,0.8513,1.3700,0.0875,-1
KHAPRETA_510206,312324.860,2624224.200,131.2100,0.6871,1.2100,0.0773,-1
KHAPRETA_510206,312325.860,2624224.200,131.1500,0.7169,1.2700,0.0812,-1
KHAPRETA_510206,312327.860,2624224.200,131.1700,0.0000,1.2500,0.0799,-1
KHAPRETA_510206,312335.860,2624224.200,131.1800,0.7319,1.2400,0.0792,-1
KHAPRETA_510206,312336.860,2624224.200,131.2400,0.7019,1.1800,0.0754,-1
KHAPRETA_510206,312344.860,2624224.200,131.2300,0.0000,1.1900,0.0760,-1
KHAPRETA_510206,312349.860,2624224.200,131.2400,0.0000,1.1800,0.0754,-1
KHAPRETA_510206,312353.860,2624224.200,131.2800,0.0000,1.1400,0.0728,-1
KHAPRETA_510206,312356.860,2624224.200,131.3400,0.0000,1.0800,0.0690,-1
KHAPRETA_510206,312364.860,2624224.200,131.1900,1.0953,1.2300,0.0786,-1
KHAPRETA_510206,312365.860,2624224.200,131.3400,1.0069,1.0800,0.0690,-1
KHAPRETA_510206,312371.860,2624224.200,131.9900,0.0000,0.4300,0.0275,-1
KHAPRETA_510206,312379.860,2624224.200,132.1300,1.0019,0.2900,0.0185,-1
KHAPRETA_510206,312380.860,2624224.200,131.7800,0.0985,0.6400,0.0409,-1
KHAPRETA_510206,312381.860,2624224.200,131.9500,0.1217,0.4700,0.0300,-1
KHAPRETA_510206,312382.860,2624224.200,131.8200,0.1400,0.6000,0.0383,-1
KHAPRETA_510206,312383.860,2624224.200,131.6700,1.0533,0.7500,0.0479,-1
KHAPRETA_510206,312389.860,2624224.200,131.9500,1.0019,0.4700,0.0300,-1
KHAPRETA_510206,312391.860,2624224.200,132.1400,1.1269,0.2800,0.0179,-1
KHAPRETA_510206,312394.860,2624224.200,131.9600,0.9269,0.4600,0.0294,-1
KHAPRETA_510206,312430.860,2624224.200,131.9500,1.0919,0.4700,0.0300,-1
KHAPRETA_510206,312431.860,2624224.200,131.9600,1.1070,0.4600,0.0294,-1
KHAPRETA_510206,312432.860,2624224.200,131.9800,1.5407,0.4400,0.0281,-1
KHAPRETA_510206,312439.860,2624224.200,132.0800,1.1819,0.3400,0.0217,-1
KHAPRETA_510206,312445.860,2624224.200,132.1700,0.0000,0.2500,0.0160,-1
KHAPRETA_510206,312456.860,2624224.200,132.4100,0.0000,0.0100,0.0006,-1
KHAPRETA_510206,311982.860,2624225.200,127.9700,0.0000,4.4500,0.2843,-1
KHAPRETA_510206,311989.860,2624225.200,127.3800,1.2581,5.0400,0.3220,-1
KHAPRETA_510206,311993.860,2624225.200,127.3400,0.0000,5.0800,0.3246,-1
KHAPRETA_510206,312001.860,2624225.200,127.1300,0.0000,5.2900,0.3380,-1
KHAPRETA_510206,312003.860,2624225.200,127.0200,0.0000,5.4000,0.3450,-1
KHAPRETA_510206,312006.860,2624225.200,127.0700,1.2881,5.3500,0.3419,-1
KHAPRETA_510206,312009.860,2624225.200,127.3800,0.0000,5.0400,0.3220,-1
KHAPRETA_510206,312013.860,2624225.200,127.3800,0.0000,5.0400,0.3220,-1
KHAPRETA_510206,312016.860,2624225.200,127.3700,1.2031,5.0500,0.3227,-1
KHAPRETA_510206,312017.860,2624225.200,127.3700,0.0050,5.0500,0.3227,-1
KHAPRETA_510206,312018.860,2624225.200,127.3600,1.2031,5.0600,0.3233,-1
KHAPRETA_510206,312035.860,2624225.200,127.3100,0.0000,5.1100,0.3265,-1
KHAPRETA_510206,312042.860,2624225.200,126.9500,0.0000,5.4700,0.3495,-1
KHAPRETA_510206,312044.860,2624225.200,127.2600,1.2531,5.1600,0.3297,-1
KHAPRETA_510206,312045.860,2624225.200,127.2700,1.7756,5.1500,0.3291,-1
KHAPRETA_510206,312054.860,2624225.200,126.9300,0.0000,5.4900,0.3508,-1
KHAPRETA_510206,312056.860,2624225.200,126.9600,0.0000,5.4600,0.3489,-1
KHAPRETA_510206,312065.860,2624225.200,130.2800,0.5869,2.1400,0.1367,-1
KHAPRETA_510206,312069.860,2624225.200,130.7400,0.8654,1.6800,0.1073,-1
KHAPRETA_510206,312070.860,2624225.200,131.2000,0.2461,1.2200,0.0780,-1
KHAPRETA_510206,312071.860,2624225.200,131.2100,1.1119,1.2100,0.0773,-1
KHAPRETA_510206,312072.860,2624225.200,130.8500,0.7671,1.5700,0.1003,-1
KHAPRETA_510206,312073.860,2624225.200,130.3700,1.5120,2.0500,0.1310,-1
KHAPRETA_510206,312074.860,2624225.200,129.1000,0.3177,3.3200,0.2121,-1
KHAPRETA_510206,312076.860,2624225.200,127.5700,1.5681,4.8500,0.3099,-1
KHAPRETA_510206,312077.860,2624225.200,126.6400,1.3926,5.7800,0.3693,-1
KHAPRETA_510206,312081.860,2624225.200,124.0500,2.9831,8.3700,0.5348,-1
KHAPRETA_510206,312096.860,2624225.200,127.3100,0.0000,5.1100,0.3265,-1
KHAPRETA_510206,312098.860,2624225.200,127.3800,1.6121,5.0400,0.3220,-1
KHAPRETA_510206,312099.860,2624225.200,127.6300,0.2750,4.7900,0.3061,-1
KHAPRETA_510206,312100.860,2624225.200,127.9300,1.0731,4.4900,0.2869,-1
KHAPRETA_510206,312103.860,2624225.200,128.0900,1.1713,4.3300,0.2767,-1
KHAPRETA_510206,312104.860,2624225.200,128.1500,1.2913,4.2700,0.2728,-1
KHAPRETA_510206,312107.860,2624225.200,128.5000,0.6381,3.9200,0.2505,-1
KHAPRETA_510206,312109.860,2624225.200,128.7000,0.0000,3.7200,0.2377,-1
KHAPRETA_510206,312111.860,2624225.200,128.5400,0.0000,3.8800,0.2479,-1
KHAPRETA_510206,312116.860,2624225.200,128.3700,0.7331,4.0500,0.2588,-1
KHAPRETA_510206,312118.860,2624225.200,128.4400,1.0193,3.9800,0.2543,-1
KHAPRETA_510206,312119.860,2624225.200,128.3000,0.6681,4.1200,0.2633,-1
KHAPRETA_510206,312123.860,2624225.200,128.5400,0.0000,3.8800,0.2479,-1
KHAPRETA_510206,312127.860,2624225.200,128.4300,0.5881,3.9900,0.2550,-1
KHAPRETA_510206,312132.860,2624225.200,128.3800,1.0094,4.0400,0.2581,-1
KHAPRETA_510206,312133.860,2624225.200,128.4900,0.9732,3.9300,0.2511,-1
KHAPRETA_510206,312138.860,2624225.200,128.6200,0.5231,3.8000,0.2428,-1
KHAPRETA_510206,312141.860,2624225.200,128.8400,0.1100,3.5800,0.2288,-1
KHAPRETA_510206,312143.860,2624225.200,128.4300,0.0000,3.9900,0.2550,-1
KHAPRETA_510206,312145.860,2624225.200,128.5200,0.0000,3.9000,0.2492,-1
KHAPRETA_510206,312149.860,2624225.200,128.7700,0.6531,3.6500,0.2332,-1
KHAPRETA_510206,312152.860,2624225.200,128.5500,0.0000,3.8700,0.2473,-1
KHAPRETA_510206,312155.860,2624225.200,128.6500,0.0000,3.7700,0.2409,-1
KHAPRETA_510206,312157.860,2624225.200,128.7000,0.5631,3.7200,0.2377,-1
KHAPRETA_510206,312161.860,2624225.200,128.6700,0.5231,3.7500,0.2396,-1
KHAPRETA_510206,312162.860,2624225.200,128.7300,0.0300,3.6900,0.2358,-1
KHAPRETA_510206,312163.860,2624225.200,128.7300,0.5231,3.6900,0.2358,-1
KHAPRETA_510206,312165.860,2624225.200,128.7200,0.0000,3.7000,0.2364,-1
KHAPRETA_510206,312169.860,2624225.200,128.8000,0.0000,3.6200,0.2313,-1
KHAPRETA_510206,312173.860,2624225.200,128.8800,0.0000,3.5400,0.2262,-1
KHAPRETA_510206,312180.860,2624225.200,128.9200,0.4281,3.5000,0.2236,-1
KHAPRETA_510206,312184.860,2624225.200,128.9800,0.4131,3.4400,0.2198,-1
KHAPRETA_510206,312185.860,2624225.200,128.9500,0.3981,3.4700,0.2217,-1
KHAPRETA_510206,312187.860,2624225.200,129.0000,0.3981,3.4200,0.2185,-1
KHAPRETA_510206,312193.860,2624225.200,129.0000,0.5488,3.4200,0.2185,-1
KHAPRETA_510206,312194.860,2624225.200,129.0000,0.0500,3.4200,0.2185,-1
KHAPRETA_510206,312195.860,2624225.200,129.1000,0.3881,3.3200,0.2121,-1
KHAPRETA_510206,312198.860,2624225.200,129.1900,0.3481,3.2300,0.2064,-1
KHAPRETA_510206,312201.860,2624225.200,130.2200,0.2019,2.2000,0.1406,-1
KHAPRETA_510206,312204.860,2624225.200,130.2300,0.2169,2.1900,0.1399,-1
KHAPRETA_510206,312209.860,2624225.200,130.2800,0.0000,2.1400,0.1367,-1
KHAPRETA_510206,312211.860,2624225.200,130.3400,0.0000,2.0800,0.1329,-1
KHAPRETA_510206,312213.860,2624225.200,130.3500,0.2469,2.0700,0.1323,-1
KHAPRETA_510206,312215.860,2624225.200,130.3400,0.4518,2.0800,0.1329,-1
KHAPRETA_510206,312216.860,2624225.200,130.4200,0.0250,2.0000,0.1278,-1
KHAPRETA_510206,312217.860,2624225.200,130.3900,0.3219,2.0300,0.1297,-1
KHAPRETA_510206,312221.860,2624225.200,130.3700,0.4134,2.0500,0.1310,-1
KHAPRETA_510206,312222.860,2624225.200,130.3900,0.4417,2.0300,0.1297,-1
KHAPRETA_510206,312224.860,2624225.200,130.4100,0.0000,2.0100,0.1284,-1
KHAPRETA_510206,312228.860,2624225.200,130.4500,0.3169,1.9700,0.1259,-1
KHAPRETA_510206,312231.860,2624225.200,130.2900,0.1290,2.1300,0.1361,-1
KHAPRETA_510206,312232.860,2624225.200,130.0200,0.2836,2.4000,0.1534,-1
KHAPRETA_510206,312238.860,2624225.200,129.9200,0.0000,2.5000,0.1597,-1
KHAPRETA_510206,312245.860,2624225.200,129.9600,0.1269,2.4600,0.1572,-1
KHAPRETA_510206,312246.860,2624225.200,129.9700,0.0919,2.4500,0.1565,-1
KHAPRETA_510206,312249.860,2624225.200,129.9900,0.0000,2.4300,0.1553,-1
KHAPRETA_510206,312254.860,2624225.200,130.0300,0.0000,2.3900,0.1527,-1
KHAPRETA_510206,312257.860,2624225.200,130.0300,0.2149,2.3900,0.1527,-1
KHAPRETA_510206,312258.860,2624225.200,130.0800,0.1269,2.3400,0.1495,-1
KHAPRETA_510206,312268.860,2624225.200,130.1100,0.3219,2.3100,0.1476,-1
KHAPRETA_510206,312269.860,2624225.200,130.4200,0.1669,2.0000,0.1278,-1
KHAPRETA_510206,312275.860,2624225.200,130.7800,0.0000,1.6400,0.1048,-1
KHAPRETA_510206,312281.860,2624225.200,130.9000,0.0000,1.5200,0.0971,-1
KHAPRETA_510206,312283.860,2624225.200,130.9300,0.5569,1.4900,0.0952,-1
KHAPRETA_510206,312286.860,2624225.200,130.9100,0.6019,1.5100,0.0965,-1
KHAPRETA_510206,312287.860,2624225.200,130.9800,0.5669,1.4400,0.0920,-1
KHAPRETA_510206,312290.860,2624225.200,130.9500,0.0000,1.4700,0.0939,-1
KHAPRETA_510206,312292.860,2624225.200,131.0000,0.0000,1.4200,0.0907,-1
KHAPRETA_510206,312294.860,2624225.200,130.7500,0.6319,1.6700,0.1067,-1
KHAPRETA_510206,312296.860,2624225.200,130.9600,0.0000,1.4600,0.0933,-1
KHAPRETA_510206,312300.860,2624225.200,130.9900,0.0000,1.4300,0.0914,-1
KHAPRETA_510206,312303.860,2624225.200,130.9600,0.0000,1.4600,0.0933,-1
KHAPRETA_510206,312307.860,2624225.200,131.0800,0.6369,1.3400,0.0856,-1
KHAPRETA_510206,312313.860,2624225.200,131.0400,0.0000,1.3800,0.0882,-1
KHAPRETA_510206,312318.860,2624225.200,130.8200,0.6866,1.6000,0.1022,-1
KHAPRETA_510206,312319.860,2624225.200,131.1300,0.1050,1.2900,0.0824,-1
KHAPRETA_510206,312320.860,2624225.200,131.0300,0.9680,1.3900,0.0888,-1
KHAPRETA_510206,312324.860,2624225.200,131.1900,0.0050,1.2300,0.0786,-1
KHAPRETA_510206,312326.860,2624225.200,131.1500,0.0000,1.2700,0.0812,-1
KHAPRETA_510206,312342.860,2624225.200,131.2200,0.7219,1.2000,0.0767,-1
KHAPRETA_510206,312345.860,2624225.200,131.2300,0.0000,1.1900,0.0760,-1
KHAPRETA_510206,312355.860,2624225.200,131.2600,0.7369,1.1600,0.0741,-1
KHAPRETA_510206,312358.860,2624225.200,131.3100,0.0000,1.1100,0.0709,-1
KHAPRETA_510206,312362.860,2624225.200,131.2200,0.7369,1.2000,0.0767,-1
KHAPRETA_510206,312364.860,2624225.200,131.3100,0.7069,1.1100,0.0709,-1
KHAPRETA_510206,312372.860,2624225.200,132.1200,0.0000,0.3000,0.0192,-1
KHAPRETA_510206,312380.860,2624225.200,132.0000,1.4419,0.4200,0.0268,-1
KHAPRETA_510206,312381.860,2624225.200,131.8500,1.1136,0.5700,0.0364,-1
KHAPRETA_510206,312383.860,2624225.200,131.9400,1.4605,0.4800,0.0307,-1
KHAPRETA_510206,312384.860,2624225.200,132.0000,1.4712,0.4200,0.0268,-1
KHAPRETA_510206,312389.860,2624225.200,131.7800,1.5022,0.6400,0.0409,-1
KHAPRETA_510206,312390.860,2624225.200,131.8500,1.0019,0.5700,0.0364,-1
KHAPRETA_510206,312392.860,2624225.200,131.8700,0.0000,0.5500,0.0351,-1
KHAPRETA_510206,312394.860,2624225.200,131.6300,1.0919,0.7900,0.0505,-1
KHAPRETA_510206,312396.860,2624225.200,131.6000,1.5321,0.8200,0.0524,-1
KHAPRETA_510206,312397.860,2624225.200,132.0500,1.3771,0.3700,0.0236,-1
KHAPRETA_510206,312399.860,2624225.200,131.7000,0.0000,0.7200,0.0460,-1
KHAPRETA_510206,312426.860,2624225.200,132.2300,1.1219,0.1900,0.0121,-1
KHAPRETA_510206,312427.860,2624225.200,132.0200,1.6358,0.4000,0.0256,-1
KHAPRETA_510206,312431.860,2624225.200,131.9900,1.5407,0.4300,0.0275,-1
KHAPRETA_510206,312432.860,2624225.200,131.9500,1.1070,0.4700,0.0300,-1
KHAPRETA_510206,312439.860,2624225.200,132.1400,0.1050,0.2800,0.0179,-1
KHAPRETA_510206,312442.860,2624225.200,132.2400,0.0000,0.1800,0.0115,-1
KHAPRETA_510206,312446.860,2624225.200,132.1900,1.2369,0.2300,0.0147,-1
KHAPRETA_510206,312447.860,2624225.200,132.2500,1.2069,0.1700,0.0109,-1
KHAPRETA_510206,312452.860,2624225.200,132.3900,0.0000,0.0300,0.0019,-1
KHAPRETA_510206,311985.860,2624226.200,127.4800,0.0000,4.9400,0.3157,-1
KHAPRETA_510206,311988.860,2624226.200,127.5800,1.2581,4.8400,0.3093,-1
KHAPRETA_510206,311989.860,2624226.200,127.2600,1.6251,5.1600,0.3297,-1
KHAPRETA_510206,311994.860,2624226.200,127.6000,0.0000,4.8200,0.3080,-1
KHAPRETA_510206,311997.860,2624226.200,127.4300,0.0000,4.9900,0.3188,-1
KHAPRETA_510206,312005.860,2624226.200,126.7900,0.0000,5.6300,0.3597,-1
KHAPRETA_510206,312007.860,2624226.200,127.3200,1.1981,5.1000,0.3259,-1
KHAPRETA_510206,312008.860,2624226.200,127.3800,1.2281,5.0400,0.3220,-1
KHAPRETA_510206,312014.860,2624226.200,127.3500,0.0000,5.0700,0.3240,-1
KHAPRETA_510206,312031.860,2624226.200,127.3000,0.0000,5.1200,0.3272,-1
KHAPRETA_510206,312033.860,2624226.200,127.3600,1.2531,5.0600,0.3233,-1
KHAPRETA_510206,312037.860,2624226.200,127.3600,1.2731,5.0600,0.3233,-1
KHAPRETA_510206,312040.860,2624226.200,127.1500,0.0000,5.2700,0.3367,-1
KHAPRETA_510206,312045.860,2624226.200,127.2700,1.9263,5.1500,0.3291,-1
KHAPRETA_510206,312046.860,2624226.200,126.8500,1.9074,5.5700,0.3559,-1
KHAPRETA_510206,312049.860,2624226.200,126.9800,1.3931,5.4400,0.3476,-1
KHAPRETA_510206,312050.860,2624226.200,126.9900,1.3981,5.4300,0.3470,-1
KHAPRETA_510206,312053.860,2624226.200,126.9800,0.0000,5.4400,0.3476,-1
KHAPRETA_510206,312058.860,2624226.200,126.7700,0.0000,5.6500,0.3610,-1
KHAPRETA_510206,312061.860,2624226.200,126.8000,0.0000,5.6200,0.3591,-1
KHAPRETA_510206,312065.860,2624226.200,130.9500,0.2699,1.4700,0.0939,-1
KHAPRETA_510206,312066.860,2624226.200,129.9700,0.5869,2.4500,0.1565,-1
KHAPRETA_510206,312070.860,2624226.200,129.6300,1.3087,2.7900,0.1783,-1
KHAPRETA_510206,312071.860,2624226.200,127.5800,0.7207,4.8400,0.3093,-1
KHAPRETA_510206,312073.860,2624226.200,127.3100,1.5350,5.1100,0.3265,-1
KHAPRETA_510206,312077.860,2624226.200,124.8700,1.5681,7.5500,0.4824,-1
KHAPRETA_510206,312085.860,2624226.200,126.5300,0.0000,5.8900,0.3764,-1
KHAPRETA_510206,312098.860,2624226.200,127.3700,1.1981,5.0500,0.3227,-1
KHAPRETA_510206,312103.860,2624226.200,128.0900,0.8431,4.3300,0.2767,-1
KHAPRETA_510206,312117.860,2624226.200,128.3700,0.9733,4.0500,0.2588,-1
KHAPRETA_510206,312118.860,2624226.200,128.3700,0.7065,4.0500,0.2588,-1
KHAPRETA_510206,312120.860,2624226.200,128.3500,1.0345,4.0700,0.2601,-1
KHAPRETA_510206,312121.860,2624226.200,128.3900,0.7131,4.0300,0.2575,-1
KHAPRETA_510206,312125.860,2624226.200,128.2600,0.7681,4.1600,0.2658,-1
KHAPRETA_510206,312134.860,2624226.200,128.4000,0.5531,4.0200,0.2569,-1
KHAPRETA_510206,312138.860,2624226.200,128.7300,0.6165,3.6900,0.2358,-1
KHAPRETA_510206,312139.860,2624226.200,128.5500,0.5231,3.8700,0.2473,-1
KHAPRETA_510206,312141.860,2624226.200,128.7400,0.1550,3.6800,0.2351,-1
KHAPRETA_510206,312144.860,2624226.200,128.4700,0.0000,3.9500,0.2524,-1
KHAPRETA_510206,312148.860,2624226.200,128.6000,0.6531,3.8200,0.2441,-1
KHAPRETA_510206,312149.860,2624226.200,128.4700,0.7739,3.9500,0.2524,-1
KHAPRETA_510206,312151.860,2624226.200,128.4700,0.0000,3.9500,0.2524,-1
KHAPRETA_510206,312157.860,2624226.200,128.6500,0.0250,3.7700,0.2409,-1
KHAPRETA_510206,312159.860,2624226.200,128.6500,0.7576,3.7700,0.2409,-1
KHAPRETA_510206,312160.860,2624226.200,128.7300,0.5631,3.6900,0.2358,-1
KHAPRETA_510206,312163.860,2624226.200,128.7400,0.0100,3.6800,0.2351,-1
KHAPRETA_510206,312168.860,2624226.200,128.7700,0.0000,3.6500,0.2332,-1
KHAPRETA_510206,312172.860,2624226.200,128.8200,0.0000,3.6000,0.2300,-1
KHAPRETA_510206,312176.860,2624226.200,128.8600,0.0000,3.5600,0.2275,-1
KHAPRETA_510206,312179.860,2624226.200,128.9000,0.4281,3.5200,0.2249,-1
KHAPRETA_510206,312180.860,2624226.200,128.9200,0.6125,3.5000,0.2236,-1
KHAPRETA_510206,312182.860,2624226.200,128.9900,0.4081,3.4300,0.2192,-1
KHAPRETA_510206,312183.860,2624226.200,128.9600,0.3931,3.4600,0.2211,-1
KHAPRETA_510206,312190.860,2624226.200,129.0200,0.4031,3.4000,0.2173,-1
KHAPRETA_510206,312191.860,2624226.200,128.9700,0.3781,3.4500,0.2204,-1
KHAPRETA_510206,312205.860,2624226.200,130.2600,0.0000,2.1600,0.1380,-1
KHAPRETA_510206,312215.860,2624226.200,130.4100,0.2819,2.0100,0.1284,-1
KHAPRETA_510206,312221.860,2624226.200,130.3300,0.2969,2.0900,0.1335,-1
KHAPRETA_510206,312223.860,2624226.200,130.4200,0.2619,2.0000,0.1278,-1
KHAPRETA_510206,312227.860,2624226.200,130.3400,0.3169,2.0800,0.1329,-1
KHAPRETA_510206,312228.860,2624226.200,130.4100,0.3388,2.0100,0.1284,-1
KHAPRETA_510206,312229.860,2624226.200,130.4100,0.0050,2.0100,0.1284,-1
KHAPRETA_510206,312230.860,2624226.200,130.4200,0.3169,2.0000,0.1278,-1
KHAPRETA_510206,312232.860,2624226.200,129.8000,0.1800,2.6200,0.1674,-1
KHAPRETA_510206,312234.860,2624226.200,129.9500,0.0000,2.4700,0.1578,-1
KHAPRETA_510206,312236.860,2624226.200,129.8900,0.0619,2.5300,0.1617,-1
KHAPRETA_510206,312237.860,2624226.200,129.9000,0.0879,2.5200,0.1610,-1
KHAPRETA_510206,312245.860,2624226.200,129.9400,0.0919,2.4800,0.1585,-1
KHAPRETA_510206,312247.860,2624226.200,129.9600,0.0919,2.4600,0.1572,-1
KHAPRETA_510206,312251.860,2624226.200,129.9800,0.1269,2.4400,0.1559,-1
KHAPRETA_510206,312252.860,2624226.200,130.0300,0.0300,2.3900,0.1527,-1
KHAPRETA_510206,312253.860,2624226.200,130.0400,0.1269,2.3800,0.1521,-1
KHAPRETA_510206,312257.860,2624226.200,130.0800,0.0200,2.3400,0.1495,-1
KHAPRETA_510206,312266.860,2624226.200,130.0700,0.0000,2.3500,0.1502,-1
KHAPRETA_510206,312272.860,2624226.200,130.7100,0.0000,1.7100,0.1093,-1
KHAPRETA_510206,312283.860,2624226.200,130.8900,0.5769,1.5300,0.0978,-1
KHAPRETA_510206,312293.860,2624226.200,131.0300,0.6319,1.3900,0.0888,-1
KHAPRETA_510206,312294.860,2624226.200,131.0400,0.5027,1.3800,0.0882,-1
KHAPRETA_510206,312295.860,2624226.200,130.7800,0.6319,1.6400,0.1048,-1
KHAPRETA_510206,312306.860,2624226.200,130.9700,0.0000,1.4500,0.0927,-1
KHAPRETA_510206,312314.860,2624226.200,130.9400,0.0000,1.4800,0.0946,-1
KHAPRETA_510206,312316.860,2624226.200,131.0900,0.0000,1.3300,0.0850,-1
KHAPRETA_510206,312318.860,2624226.200,130.8900,0.5219,1.5300,0.0978,-1
KHAPRETA_510206,312321.860,2624226.200,131.1300,0.0000,1.2900,0.0824,-1
KHAPRETA_510206,312324.860,2624226.200,131.2200,0.7069,1.2000,0.0767,-1
KHAPRETA_510206,312330.860,2624226.200,131.5100,0.7069,0.9100,0.0581,-1
KHAPRETA_510206,312331.860,2624226.200,131.1900,0.8669,1.2300,0.0786,-1
KHAPRETA_510206,312337.860,2624226.200,131.1100,0.7219,1.3100,0.0837,-1
KHAPRETA_510206,312338.860,2624226.200,131.2200,0.7078,1.2000,0.0767,-1
KHAPRETA_510206,312339.860,2624226.200,131.1800,0.0200,1.2400,0.0792,-1
KHAPRETA_510206,312340.860,2624226.200,131.1800,0.0050,1.2400,0.0792,-1
KHAPRETA_510206,312341.860,2624226.200,131.1700,0.7372,1.2500,0.0799,-1
KHAPRETA_510206,312342.860,2624226.200,131.2200,0.7224,1.2000,0.0767,-1
KHAPRETA_510206,312343.860,2624226.200,131.2200,0.7219,1.2000,0.0767,-1
KHAPRETA_510206,312348.860,2624226.200,131.2800,0.0000,1.1400,0.0728,-1
KHAPRETA_510206,312352.860,2624226.200,131.3100,0.7519,1.1100,0.0709,-1
KHAPRETA_510206,312353.860,2624226.200,131.2800,0.7669,1.1400,0.0728,-1
KHAPRETA_510206,312355.860,2624226.200,131.2500,0.7419,1.1700,0.0748,-1
KHAPRETA_510206,312359.860,2624226.200,131.2500,0.7369,1.1700,0.0748,-1
KHAPRETA_510206,312360.860,2624226.200,131.2500,0.7369,1.1700,0.0748,-1
KHAPRETA_510206,312362.860,2624226.200,131.2500,0.7219,1.1700,0.0748,-1
KHAPRETA_510206,312370.860,2624226.200,131.9000,0.0000,0.5200,0.0332,-1
KHAPRETA_510206,312373.860,2624226.200,132.1100,0.0000,0.3100,0.0198,-1
KHAPRETA_510206,312381.860,2624226.200,131.8300,1.5241,0.5900,0.0377,-1
KHAPRETA_510206,312382.860,2624226.200,132.0100,1.3407,0.4100,0.0262,-1
KHAPRETA_510206,312384.860,2624226.200,131.7700,1.1119,0.6500,0.0415,-1
KHAPRETA_510206,312387.860,2624226.200,132.2400,1.1769,0.1800,0.0115,-1
KHAPRETA_510206,312393.860,2624226.200,131.6400,0.0000,0.7800,0.0498,-1
KHAPRETA_510206,312396.860,2624226.200,131.8300,1.0359,0.5900,0.0377,-1
KHAPRETA_510206,312397.860,2624226.200,131.8400,1.5321,0.5800,0.0371,-1
KHAPRETA_510206,312424.860,2624226.200,131.9600,1.1569,0.4600,0.0294,-1
KHAPRETA_510206,312425.860,2624226.200,132.0900,1.0919,0.3300,0.0211,-1
KHAPRETA_510206,312427.860,2624226.200,131.9400,1.1219,0.4800,0.0307,-1
KHAPRETA_510206,312429.860,2624226.200,132.1300,1.1219,0.2900,0.0185,-1
KHAPRETA_510206,312432.860,2624226.200,131.9900,1.1570,0.4300,0.0275,-1
KHAPRETA_510206,312433.860,2624226.200,132.0900,1.1069,0.3300,0.0211,-1
KHAPRETA_510206,312439.860,2624226.200,132.2900,1.6680,0.1300,0.0083,-1
KHAPRETA_510206,312440.860,2624226.200,132.1300,0.0400,0.2900,0.0185,-1
KHAPRETA_510206,312441.860,2624226.200,132.3700,1.1769,0.0500,0.0032,-1
KHAPRETA_510206,312448.860,2624226.200,132.3900,1.3019,0.0300,0.0019,-1
KHAPRETA_510206,312514.860,2624226.200,132.3500,0.0000,0.0700,0.0045,-1
KHAPRETA_510206,311982.860,2624227.200,127.5500,0.0000,4.8700,0.3112,-1
KHAPRETA_510206,311991.860,2624227.200,127.4500,0.0000,4.9700,0.3176,-1
KHAPRETA_510206,311996.860,2624227.200,127.2300,0.0000,5.1900,0.3316,-1
KHAPRETA_510206,312006.860,2624227.200,126.9100,0.0000,5.5100,0.3521,-1
KHAPRETA_510206,312015.860,2624227.200,127.4200,1.1731,5.0000,0.3195,-1
KHAPRETA_510206,312020.860,2624227.200,127.3100,0.0000,5.1100,0.3265,-1
KHAPRETA_510206,312030.860,2624227.200,127.3200,0.0000,5.1000,0.3259,-1
KHAPRETA_510206,312033.860,2624227.200,127.2700,1.2081,5.1500,0.3291,-1
KHAPRETA_510206,312037.860,2624227.200,127.2300,1.2081,5.1900,0.3316,-1
KHAPRETA_510206,312042.860,2624227.200,127.2100,1.2631,5.2100,0.3329,-1
KHAPRETA_510206,312043.860,2624227.200,127.2500,1.2831,5.1700,0.3304,-1
KHAPRETA_510206,312046.860,2624227.200,126.9000,1.4631,5.5200,0.3527,-1
KHAPRETA_510206,312055.860,2624227.200,126.9200,0.0000,5.5000,0.3514,-1
KHAPRETA_510206,312060.860,2624227.200,126.9600,0.0000,5.4600,0.3489,-1
KHAPRETA_510206,312064.860,2624227.200,128.5100,0.9381,3.9100,0.2498,-1
KHAPRETA_510206,312067.860,2624227.200,129.2100,0.0000,3.2100,0.2051,-1
KHAPRETA_510206,312069.860,2624227.200,126.2900,0.0000,6.1300,0.3917,-1
KHAPRETA_510206,312073.860,2624227.200,127.3000,1.6611,5.1200,0.3272,-1
KHAPRETA_510206,312074.860,2624227.200,127.5500,1.5221,4.8700,0.3112,-1
KHAPRETA_510206,312075.860,2624227.200,128.3800,0.5000,4.0400,0.2581,-1
KHAPRETA_510206,312076.860,2624227.200,128.5500,0.6981,3.8700,0.2473,-1
KHAPRETA_510206,312099.860,2624227.200,127.3400,0.0000,5.0800,0.3246,-1
KHAPRETA_510206,312102.860,2624227.200,128.6300,0.0000,3.7900,0.2422,-1
KHAPRETA_510206,312104.860,2624227.200,128.2100,0.0000,4.2100,0.2690,-1
KHAPRETA_510206,312109.860,2624227.200,128.8500,0.0000,3.5700,0.2281,-1
KHAPRETA_510206,312112.860,2624227.200,128.7100,0.9751,3.7100,0.2371,-1
KHAPRETA_510206,312113.860,2624227.200,128.4900,0.5331,3.9300,0.2511,-1
KHAPRETA_510206,312117.860,2624227.200,128.4300,1.0193,3.9900,0.2550,-1
KHAPRETA_510206,312118.860,2624227.200,128.3000,0.9733,4.1200,0.2633,-1
KHAPRETA_510206,312120.860,2624227.200,128.2400,0.7131,4.1800,0.2671,-1
KHAPRETA_510206,312125.860,2624227.200,128.2400,0.7581,4.1800,0.2671,-1
KHAPRETA_510206,312128.860,2624227.200,128.3200,0.7431,4.1000,0.2620,-1
KHAPRETA_510206,312129.860,2624227.200,128.2900,0.7281,4.1300,0.2639,-1
KHAPRETA_510206,312131.860,2624227.200,128.3700,0.0000,4.0500,0.2588,-1
KHAPRETA_510206,312134.860,2624227.200,128.6700,0.0050,3.7500,0.2396,-1
KHAPRETA_510206,312137.860,2624227.200,128.8700,0.8449,3.5500,0.2268,-1
KHAPRETA_510206,312138.860,2624227.200,128.4900,0.4619,3.9300,0.2511,-1
KHAPRETA_510206,312141.860,2624227.200,128.5300,0.5181,3.8900,0.2486,-1
KHAPRETA_510206,312146.860,2624227.200,128.4100,0.0000,4.0100,0.2562,-1
KHAPRETA_510206,312150.860,2624227.200,128.5800,0.0000,3.8400,0.2454,-1
KHAPRETA_510206,312157.860,2624227.200,128.6500,0.5631,3.7700,0.2409,-1
KHAPRETA_510206,312159.860,2624227.200,128.6800,0.0150,3.7400,0.2390,-1
KHAPRETA_510206,312163.860,2624227.200,128.7100,0.5181,3.7100,0.2371,-1
KHAPRETA_510206,312165.860,2624227.200,128.7400,0.5231,3.6800,0.2351,-1
KHAPRETA_510206,312178.860,2624227.200,128.9400,0.0000,3.4800,0.2224,-1
KHAPRETA_510206,312193.860,2624227.200,128.9500,0.3781,3.4700,0.2217,-1
KHAPRETA_510206,312194.860,2624227.200,129.0200,0.4131,3.4000,0.2173,-1
KHAPRETA_510206,312196.860,2624227.200,129.0600,0.3081,3.3600,0.2147,-1
KHAPRETA_510206,312197.860,2624227.200,129.1600,0.3581,3.2600,0.2083,-1
KHAPRETA_510206,312201.860,2624227.200,129.9700,0.0019,2.4500,0.1565,-1
KHAPRETA_510206,312211.860,2624227.200,130.3800,0.0000,2.0400,0.1304,-1
KHAPRETA_510206,312214.860,2624227.200,130.3100,0.0000,2.1100,0.1348,-1
KHAPRETA_510206,312223.860,2624227.200,130.3000,0.3219,2.1200,0.1355,-1
KHAPRETA_510206,312232.860,2624227.200,130.3800,0.2173,2.0400,0.1304,-1
KHAPRETA_510206,312233.860,2624227.200,130.2100,0.3019,2.2100,0.1412,-1
KHAPRETA_510206,312237.860,2624227.200,129.9100,0.0619,2.5100,0.1604,-1
KHAPRETA_510206,312239.860,2624227.200,129.9700,0.0869,2.4500,0.1565,-1
KHAPRETA_510206,312240.860,2624227.200,129.9500,0.0969,2.4700,0.1578,-1
KHAPRETA_510206,312242.860,2624227.200,129.9500,0.0819,2.4700,0.1578,-1
KHAPRETA_510206,312244.860,2624227.200,129.9800,0.0000,2.4400,0.1559,-1
KHAPRETA_510206,312247.860,2624227.200,129.9600,0.0919,2.4600,0.1572,-1
KHAPRETA_510206,312257.860,2624227.200,130.0700,0.1470,2.3500,0.1502,-1
KHAPRETA_510206,312258.860,2624227.200,130.0700,0.1520,2.3500,0.1502,-1
KHAPRETA_510206,312259.860,2624227.200,130.0800,0.1469,2.3400,0.1495,-1
KHAPRETA_510206,312263.860,2624227.200,130.1300,0.0000,2.2900,0.1463,-1
KHAPRETA_510206,312275.860,2624227.200,130.8300,0.5469,1.5900,0.1016,-1
KHAPRETA_510206,312276.860,2624227.200,130.8700,0.0150,1.5500,0.0990,-1
KHAPRETA_510206,312277.860,2624227.200,130.8600,0.0000,1.5600,0.0997,-1
KHAPRETA_510206,312278.860,2624227.200,130.8700,0.5372,1.5500,0.0990,-1
KHAPRETA_510206,312279.860,2624227.200,130.8900,0.0050,1.5300,0.0978,-1
KHAPRETA_510206,312280.860,2624227.200,130.8600,0.5720,1.5600,0.0997,-1
KHAPRETA_510206,312281.860,2624227.200,130.8800,0.5419,1.5400,0.0984,-1
KHAPRETA_510206,312284.860,2624227.200,130.9500,0.0000,1.4700,0.0939,-1
KHAPRETA_510206,312286.860,2624227.200,130.9000,0.5619,1.5200,0.0971,-1
KHAPRETA_510206,312299.860,2624227.200,130.9800,0.0000,1.4400,0.0920,-1
KHAPRETA_510206,312301.860,2624227.200,130.9100,0.5969,1.5100,0.0965,-1
KHAPRETA_510206,312309.860,2624227.200,131.0300,0.9078,1.3900,0.0888,-1
KHAPRETA_510206,312310.860,2624227.200,131.0600,0.9009,1.3600,0.0869,-1
KHAPRETA_510206,312313.860,2624227.200,131.0200,0.0000,1.4000,0.0895,-1
KHAPRETA_510206,312327.860,2624227.200,131.1400,0.7019,1.2800,0.0818,-1
KHAPRETA_510206,312338.860,2624227.200,131.1900,0.7219,1.2300,0.0786,-1
KHAPRETA_510206,312341.860,2624227.200,131.2500,0.6969,1.1700,0.0748,-1
KHAPRETA_510206,312346.860,2624227.200,131.2700,0.0000,1.1500,0.0735,-1
KHAPRETA_510206,312350.860,2624227.200,131.2800,0.0000,1.1400,0.0728,-1
KHAPRETA_510206,312357.860,2624227.200,131.2300,1.0679,1.1900,0.0760,-1
KHAPRETA_510206,312358.860,2624227.200,131.2200,0.7269,1.2000,0.0767,-1
KHAPRETA_510206,312366.860,2624227.200,132.0200,1.1069,0.4000,0.0256,-1
KHAPRETA_510206,312379.860,2624227.200,132.0600,0.0000,0.3600,0.0230,-1
KHAPRETA_510206,312382.860,2624227.200,131.5000,1.5412,0.9200,0.0588,-1
KHAPRETA_510206,312383.860,2624227.200,131.9000,0.8619,0.5200,0.0332,-1
KHAPRETA_510206,312386.860,2624227.200,132.1600,1.1769,0.2600,0.0166,-1
KHAPRETA_510206,312387.860,2624227.200,132.1300,1.7142,0.2900,0.0185,-1
KHAPRETA_510206,312391.860,2624227.200,132.0500,0.9969,0.3700,0.0236,-1
KHAPRETA_510206,312392.860,2624227.200,131.7700,1.1369,0.6500,0.0415,-1
KHAPRETA_510206,312396.860,2624227.200,131.7800,1.0269,0.6400,0.0409,-1
KHAPRETA_510206,312398.860,2624227.200,132.0100,1.0469,0.4100,0.0262,-1
KHAPRETA_510206,312401.860,2624227.200,131.6100,0.9219,0.8100,0.0518,-1
KHAPRETA_510206,312403.860,2624227.200,131.6200,0.0000,0.8000,0.0511,-1
KHAPRETA_510206,312429.860,2624227.200,132.0200,1.6157,0.4000,0.0256,-1
KHAPRETA_510206,312430.860,2624227.200,131.9900,1.1219,0.4300,0.0275,-1
KHAPRETA_510206,312432.860,2624227.200,131.9700,1.1069,0.4500,0.0288,-1
KHAPRETA_510206,312437.860,2624227.200,132.1100,1.1569,0.3100,0.0198,-1
KHAPRETA_510206,312446.860,2624227.200,132.2400,1.3019,0.1800,0.0115,-1
KHAPRETA_510206,312448.860,2624227.200,132.3800,1.3069,0.0400,0.0026,-1
KHAPRETA_510206,312517.860,2624227.200,132.2800,0.0000,0.1400,0.0089,-1
KHAPRETA_510206,311981.860,2624228.200,127.3600,0.0000,5.0600,0.3233,-1
KHAPRETA_510206,311989.860,2624228.200,127.5600,0.0000,4.8600,0.3105,-1
KHAPRETA_510206,311992.860,2624228.200,127.5500,1.5034,4.8700,0.3112,-1
KHAPRETA_510206,311993.860,2624228.200,127.6400,1.5051,4.7800,0.3054,-1
KHAPRETA_510206,311998.860,2624228.200,127.3000,0.0000,5.1200,0.3272,-1
KHAPRETA_510206,312001.860,2624228.200,127.1600,0.0000,5.2600,0.3361,-1
KHAPRETA_510206,312007.860,2624228.200,126.9500,0.0000,5.4700,0.3495,-1
KHAPRETA_510206,312010.860,2624228.200,127.4100,0.0000,5.0100,0.3201,-1
KHAPRETA_510206,312012.860,2624228.200,127.4000,0.0000,5.0200,0.3208,-1
KHAPRETA_510206,312015.860,2624228.200,127.4300,0.0200,4.9900,0.3188,-1
KHAPRETA_510206,312018.860,2624228.200,127.3800,0.0000,5.0400,0.3220,-1
KHAPRETA_510206,312021.860,2624228.200,127.3000,0.0000,5.1200,0.3272,-1
KHAPRETA_510206,312023.860,2624228.200,127.3600,1.2281,5.0600,0.3233,-1
KHAPRETA_510206,312024.860,2624228.200,127.3200,1.2081,5.1000,0.3259,-1
KHAPRETA_510206,312027.860,2624228.200,127.4100,0.0000,5.0100,0.3201,-1
KHAPRETA_510206,312031.860,2624228.200,127.3200,1.7332,5.1000,0.3259,-1
KHAPRETA_510206,312032.860,2624228.200,127.3100,1.2281,5.1100,0.3265,-1
KHAPRETA_510206,312035.860,2624228.200,127.3100,0.0000,5.1100,0.3265,-1
KHAPRETA_510206,312044.860,2624228.200,127.1700,0.0000,5.2500,0.3355,-1
KHAPRETA_510206,312048.860,2624228.200,128.2100,1.5981,4.2100,0.2690,-1
KHAPRETA_510206,312049.860,2624228.200,126.5800,1.6815,5.8400,0.3732,-1
KHAPRETA_510206,312053.860,2624228.200,126.8300,0.0000,5.5900,0.3572,-1
KHAPRETA_510206,312056.860,2624228.200,126.7100,0.0000,5.7100,0.3649,-1
KHAPRETA_510206,312058.860,2624228.200,126.5000,0.0000,5.9200,0.3783,-1
KHAPRETA_510206,312061.860,2624228.200,127.4100,0.0000,5.0100,0.3201,-1
KHAPRETA_510206,312063.860,2624228.200,129.3800,0.9381,3.0400,0.1942,-1
KHAPRETA_510206,312064.860,2624228.200,127.9000,0.6633,4.5200,0.2888,-1
KHAPRETA_510206,312074.860,2624228.200,126.9300,1.1131,5.4900,0.3508,-1
KHAPRETA_510206,312105.860,2624228.200,128.0600,1.1785,4.3600,0.2786,-1
KHAPRETA_510206,312106.860,2624228.200,128.1500,0.8581,4.2700,0.2728,-1
KHAPRETA_510206,312108.860,2624228.200,128.3700,0.0000,4.0500,0.2588,-1
KHAPRETA_510206,312112.860,2624228.200,128.3100,0.1600,4.1100,0.2626,-1
KHAPRETA_510206,312114.860,2624228.200,128.2800,0.8181,4.1400,0.2645,-1
KHAPRETA_510206,312119.860,2624228.200,128.3200,0.0000,4.1000,0.2620,-1
KHAPRETA_510206,312121.860,2624228.200,128.5300,0.0000,3.8900,0.2486,-1
KHAPRETA_510206,312124.860,2624228.200,128.2500,0.0000,4.1700,0.2665,-1
KHAPRETA_510206,312127.860,2624228.200,128.2700,0.6981,4.1500,0.2652,-1
KHAPRETA_510206,312130.860,2624228.200,128.3100,0.6831,4.1100,0.2626,-1
KHAPRETA_510206,312133.860,2624228.200,128.6000,0.6931,3.8200,0.2441,-1
KHAPRETA_510206,312134.860,2624228.200,128.3900,0.8073,4.0300,0.2575,-1
KHAPRETA_510206,312136.860,2624228.200,128.5800,0.5481,3.8400,0.2454,-1
KHAPRETA_510206,312137.860,2624228.200,128.6800,0.4533,3.7400,0.2390,-1
KHAPRETA_510206,312138.860,2624228.200,128.5500,0.8449,3.8700,0.2473,-1
KHAPRETA_510206,312145.860,2624228.200,128.6500,0.0000,3.7700,0.2409,-1
KHAPRETA_510206,312154.860,2624228.200,128.6000,0.0000,3.8200,0.2441,-1
KHAPRETA_510206,312156.860,2624228.200,128.7200,0.0000,3.7000,0.2364,-1
KHAPRETA_510206,312159.860,2624228.200,128.6800,0.5481,3.7400,0.2390,-1
KHAPRETA_510206,312162.860,2624228.200,128.6700,0.0000,3.7500,0.2396,-1
KHAPRETA_510206,312165.860,2624228.200,128.7300,0.5181,3.6900,0.2358,-1
KHAPRETA_510206,312170.860,2624228.200,128.8000,0.0000,3.6200,0.2313,-1
KHAPRETA_510206,312174.860,2624228.200,128.9000,0.0000,3.5200,0.2249,-1
KHAPRETA_510206,312176.860,2624228.200,128.9100,0.0000,3.5100,0.2243,-1
KHAPRETA_510206,312182.860,2624228.200,128.9400,0.4131,3.4800,0.2224,-1
KHAPRETA_510206,312183.860,2624228.200,128.9500,0.0200,3.4700,0.2217,-1
KHAPRETA_510206,312184.860,2624228.200,128.9800,0.0000,3.4400,0.2198,-1
KHAPRETA_510206,312185.860,2624228.200,128.9500,0.0300,3.4700,0.2217,-1
KHAPRETA_510206,312186.860,2624228.200,129.0400,0.4131,3.3800,0.2160,-1
KHAPRETA_510206,312201.860,2624228.200,129.7800,0.0969,2.6400,0.1687,-1
KHAPRETA_510206,312203.860,2624228.200,130.2200,0.0000,2.2000,0.1406,-1
KHAPRETA_510206,312206.860,2624228.200,130.3300,0.2469,2.0900,0.1335,-1
KHAPRETA_510206,312207.860,2624228.200,130.2700,0.2769,2.1500,0.1374,-1
KHAPRETA_510206,312215.860,2624228.200,130.4000,0.0000,2.0200,0.1291,-1
KHAPRETA_510206,312217.860,2624228.200,130.4000,0.0000,2.0200,0.1291,-1
KHAPRETA_510206,312221.860,2624228.200,130.3900,0.3069,2.0300,0.1297,-1
KHAPRETA_510206,312227.860,2624228.200,130.4800,0.0000,1.9400,0.1240,-1
KHAPRETA_510206,312230.860,2624228.200,130.3700,0.0000,2.0500,0.1310,-1
KHAPRETA_510206,312236.860,2624228.200,129.9900,0.0000,2.4300,0.1553,-1
KHAPRETA_510206,312242.860,2624228.200,129.9400,0.1340,2.4800,0.1585,-1
KHAPRETA_510206,312243.860,2624228.200,129.9800,0.1308,2.4400,0.1559,-1
KHAPRETA_510206,312255.860,2624228.200,130.0700,0.0000,2.3500,0.1502,-1
KHAPRETA_510206,312257.860,2624228.200,130.0700,0.2114,2.3500,0.1502,-1
KHAPRETA_510206,312258.860,2624228.200,130.0800,0.2078,2.3400,0.1495,-1
KHAPRETA_510206,312260.860,2624228.200,130.1100,0.1569,2.3100,0.1476,-1
KHAPRETA_510206,312261.860,2624228.200,130.0900,0.1669,2.3300,0.1489,-1
KHAPRETA_510206,312265.860,2624228.200,130.1600,0.0000,2.2600,0.1444,-1
KHAPRETA_510206,312270.860,2624228.200,130.3000,0.5695,2.1200,0.1355,-1
KHAPRETA_510206,312271.860,2624228.200,130.7600,0.4035,1.6600,0.1061,-1
KHAPRETA_510206,312278.860,2624228.200,130.8500,0.5469,1.5700,0.1003,-1
KHAPRETA_510206,312280.860,2624228.200,130.9200,0.0300,1.5000,0.0958,-1
KHAPRETA_510206,312285.860,2624228.200,130.9800,0.5619,1.4400,0.0920,-1
KHAPRETA_510206,312286.860,2624228.200,130.9000,0.5620,1.5200,0.0971,-1
KHAPRETA_510206,312287.860,2624228.200,130.9600,0.6099,1.4600,0.0933,-1
KHAPRETA_510206,312288.860,2624228.200,131.0200,0.5919,1.4000,0.0895,-1
KHAPRETA_510206,312298.860,2624228.200,130.9900,0.5819,1.4300,0.0914,-1
KHAPRETA_510206,312301.860,2624228.200,130.9700,0.5588,1.4500,0.0927,-1
KHAPRETA_510206,312302.860,2624228.200,130.8900,0.5969,1.5300,0.0978,-1
KHAPRETA_510206,312306.860,2624228.200,131.0200,0.6169,1.4000,0.0895,-1
KHAPRETA_510206,312308.860,2624228.200,131.0700,0.6419,1.3500,0.0863,-1
KHAPRETA_510206,312309.860,2624228.200,131.0600,0.6269,1.3600,0.0869,-1
KHAPRETA_510206,312310.860,2624228.200,131.0700,0.9078,1.3500,0.0863,-1
KHAPRETA_510206,312312.860,2624228.200,131.1000,0.0000,1.3200,0.0843,-1
KHAPRETA_510206,312326.860,2624228.200,131.1800,0.7019,1.2400,0.0792,-1
KHAPRETA_510206,312327.860,2624228.200,131.1800,0.9786,1.2400,0.0792,-1
KHAPRETA_510206,312334.860,2624228.200,131.1700,0.0000,1.2500,0.0799,-1
KHAPRETA_510206,312340.860,2624228.200,131.2900,0.0000,1.1300,0.0722,-1
KHAPRETA_510206,312343.860,2624228.200,131.2500,0.7319,1.1700,0.0748,-1
KHAPRETA_510206,312344.860,2624228.200,131.2400,0.0150,1.1800,0.0754,-1
KHAPRETA_510206,312345.860,2624228.200,131.2800,0.7319,1.1400,0.0728,-1
KHAPRETA_510206,312357.860,2624228.200,131.3500,0.7269,1.0700,0.0684,-1
KHAPRETA_510206,312363.860,2624228.200,131.6600,0.0000,0.7600,0.0486,-1
KHAPRETA_510206,312365.860,2624228.200,132.0400,1.1069,0.3800,0.0243,-1
KHAPRETA_510206,312366.860,2624228.200,131.9900,1.5937,0.4300,0.0275,-1
KHAPRETA_510206,312368.860,2624228.200,132.0600,0.0000,0.3600,0.0230,-1
KHAPRETA_510206,312371.860,2624228.200,132.1800,1.2219,0.2400,0.0153,-1
KHAPRETA_510206,312372.860,2624228.200,132.2200,1.6648,0.2000,0.0128,-1
KHAPRETA_510206,312384.860,2624228.200,132.0800,1.6966,0.3400,0.0217,-1
KHAPRETA_510206,312385.860,2624228.200,132.1300,1.5838,0.2900,0.0185,-1
KHAPRETA_510206,312390.860,2624228.200,131.9300,1.1519,0.4900,0.0313,-1
KHAPRETA_510206,312393.860,2624228.200,131.5700,0.9769,0.8500,0.0543,-1
KHAPRETA_510206,312398.860,2624228.200,131.8700,1.1169,0.5500,0.0351,-1
KHAPRETA_510206,312401.860,2624228.200,131.6200,0.1150,0.8000,0.0511,-1
KHAPRETA_510206,312404.860,2624228.200,132.0000,0.0000,0.4200,0.0268,-1
KHAPRETA_510206,312421.860,2624228.200,132.1300,0.0000,0.2900,0.0185,-1
KHAPRETA_510206,312428.860,2624228.200,131.9500,0.0000,0.4700,0.0300,-1
KHAPRETA_510206,312433.860,2624228.200,132.0600,0.0000,0.3600,0.0230,-1
KHAPRETA_510206,312437.860,2624228.200,132.0900,0.0100,0.3300,0.0211,-1
KHAPRETA_510206,312444.860,2624228.200,132.2200,1.2319,0.2000,0.0128,-1
KHAPRETA_510206,312445.860,2624228.200,132.2400,0.0800,0.1800,0.0115,-1
KHAPRETA_510206,312446.860,2624228.200,132.3800,1.2323,0.0400,0.0026,-1
KHAPRETA_510206,312451.860,2624228.200,132.3500,0.0000,0.0700,0.0045,-1
KHAPRETA_510206,312519.860,2624228.200,132.3900,0.0000,0.0300,0.0019,-1
KHAPRETA_510206,311982.860,2624229.200,127.5900,0.0000,4.8300,0.3086,-1
KHAPRETA_510206,311987.860,2624229.200,127.4200,1.1031,5.0000,0.3195,-1
KHAPRETA_510206,311988.860,2624229.200,127.5700,1.1781,4.8500,0.3099,-1
KHAPRETA_510206,311992.860,2624229.200,127.6600,1.0146,4.7600,0.3042,-1
KHAPRETA_510206,311993.860,2624229.200,127.7500,1.5034,4.6700,0.2984,-1
KHAPRETA_510206,312003.860,2624229.200,127.1600,0.0000,5.2600,0.3361,-1
KHAPRETA_510206,312009.860,2624229.200,127.3000,1.1881,5.1200,0.3272,-1
KHAPRETA_510206,312015.860,2624229.200,127.3800,1.2081,5.0400,0.3220,-1
KHAPRETA_510206,312016.860,2624229.200,127.3600,1.1981,5.0600,0.3233,-1
KHAPRETA_510206,312028.860,2624229.200,127.3300,1.2381,5.0900,0.3252,-1
KHAPRETA_510206,312031.860,2624229.200,127.3400,1.2281,5.0800,0.3246,-1
KHAPRETA_510206,312033.860,2624229.200,127.3100,0.0000,5.1100,0.3265,-1
KHAPRETA_510206,312036.860,2624229.200,127.2400,1.2481,5.1800,0.3310,-1
KHAPRETA_510206,312038.860,2624229.200,127.2600,1.3081,5.1600,0.3297,-1
KHAPRETA_510206,312039.860,2624229.200,127.1600,1.2581,5.2600,0.3361,-1
KHAPRETA_510206,312042.860,2624229.200,127.2400,0.0000,5.1800,0.3310,-1
KHAPRETA_510206,312047.860,2624229.200,128.1000,0.4981,4.3200,0.2760,-1
KHAPRETA_510206,312049.860,2624229.200,126.8000,2.1904,5.6200,0.3591,-1
KHAPRETA_510206,312050.860,2624229.200,126.7800,1.7617,5.6400,0.3604,-1
KHAPRETA_510206,312052.860,2624229.200,126.5700,0.0000,5.8500,0.3738,-1
KHAPRETA_510206,312057.860,2624229.200,126.6400,0.0000,5.7800,0.3693,-1
KHAPRETA_510206,312059.860,2624229.200,126.7300,1.5131,5.6900,0.3636,-1
KHAPRETA_510206,312066.860,2624229.200,126.8900,0.0000,5.5300,0.3534,-1
KHAPRETA_510206,312068.860,2624229.200,127.4000,0.7531,5.0200,0.3208,-1
KHAPRETA_510206,312069.860,2624229.200,128.2700,1.1881,4.1500,0.2652,-1
KHAPRETA_510206,312072.860,2624229.200,128.0900,0.0000,4.3300,0.2767,-1
KHAPRETA_510206,312075.860,2624229.200,124.9100,2.5281,7.5100,0.4799,-1
KHAPRETA_510206,312076.860,2624229.200,124.7200,2.4331,7.7000,0.4920,-1
KHAPRETA_510206,312082.860,2624229.200,126.2400,0.0000,6.1800,0.3949,-1
KHAPRETA_510206,312085.860,2624229.200,131.8000,0.6519,0.6200,0.0396,-1
KHAPRETA_510206,312097.860,2624229.200,127.3900,0.0000,5.0300,0.3214,-1
KHAPRETA_510206,312105.860,2624229.200,128.0700,0.8581,4.3500,0.2780,-1
KHAPRETA_510206,312112.860,2624229.200,128.3900,0.7331,4.0300,0.2575,-1
KHAPRETA_510206,312114.860,2624229.200,128.1400,1.0686,4.2800,0.2735,-1
KHAPRETA_510206,312115.860,2624229.200,128.2500,0.8181,4.1700,0.2665,-1
KHAPRETA_510206,312122.860,2624229.200,128.2700,0.0000,4.1500,0.2652,-1
KHAPRETA_510206,312127.860,2624229.200,128.3800,0.7531,4.0400,0.2581,-1
KHAPRETA_510206,312130.860,2624229.200,128.4100,0.0300,4.0100,0.2562,-1
KHAPRETA_510206,312135.860,2624229.200,128.6200,0.0000,3.8000,0.2428,-1
KHAPRETA_510206,312140.860,2624229.200,128.9100,0.5181,3.5100,0.2243,-1
KHAPRETA_510206,312161.860,2624229.200,128.7300,0.0000,3.6900,0.2358,-1
KHAPRETA_510206,312164.860,2624229.200,128.7300,0.0000,3.6900,0.2358,-1
KHAPRETA_510206,312171.860,2624229.200,128.8300,0.0000,3.5900,0.2294,-1
KHAPRETA_510206,312175.860,2624229.200,128.8600,0.0000,3.5600,0.2275,-1
KHAPRETA_510206,312179.860,2624229.200,128.9800,0.6231,3.4400,0.2198,-1
KHAPRETA_510206,312180.860,2624229.200,128.9000,0.5594,3.5200,0.2249,-1
KHAPRETA_510206,312187.860,2624229.200,128.9500,0.4031,3.4700,0.2217,-1
KHAPRETA_510206,312188.860,2624229.200,128.9700,0.4131,3.4500,0.2204,-1
KHAPRETA_510206,312192.860,2624229.200,128.9900,0.0000,3.4300,0.2192,-1
KHAPRETA_510206,312197.860,2624229.200,129.3600,0.0000,3.0600,0.1955,-1
KHAPRETA_510206,312214.860,2624229.200,130.3800,0.2769,2.0400,0.1304,-1
KHAPRETA_510206,312221.860,2624229.200,130.3900,0.3069,2.0300,0.1297,-1
KHAPRETA_510206,312223.860,2624229.200,130.3800,0.2969,2.0400,0.1304,-1
KHAPRETA_510206,312224.860,2624229.200,130.3700,0.3019,2.0500,0.1310,-1
KHAPRETA_510206,312226.860,2624229.200,130.4900,0.0000,1.9300,0.1233,-1
KHAPRETA_510206,312231.860,2624229.200,130.5000,0.0000,1.9200,0.1227,-1
KHAPRETA_510206,312233.860,2624229.200,130.2200,0.0000,2.2000,0.1406,-1
KHAPRETA_510206,312237.860,2624229.200,129.9900,0.3219,2.4300,0.1553,-1
KHAPRETA_510206,312243.860,2624229.200,129.9800,0.1019,2.4400,0.1559,-1
KHAPRETA_510206,312251.860,2624229.200,130.0100,0.0000,2.4100,0.1540,-1
KHAPRETA_510206,312256.860,2624229.200,130.1100,0.0000,2.3100,0.1476,-1
KHAPRETA_510206,312270.860,2624229.200,130.3500,0.4035,2.0700,0.1323,-1
KHAPRETA_510206,312271.860,2624229.200,130.3900,0.5695,2.0300,0.1297,-1
KHAPRETA_510206,312277.860,2624229.200,130.8700,0.0000,1.5500,0.0990,-1
KHAPRETA_510206,312280.860,2624229.200,130.9200,0.5719,1.5000,0.0958,-1
KHAPRETA_510206,312282.860,2624229.200,130.8600,0.0000,1.5600,0.0997,-1
KHAPRETA_510206,312287.860,2624229.200,130.9900,0.5919,1.4300,0.0914,-1
KHAPRETA_510206,312291.860,2624229.200,130.9800,0.0000,1.4400,0.0920,-1
KHAPRETA_510206,312298.860,2624229.200,130.9400,0.6069,1.4800,0.0946,-1
KHAPRETA_510206,312301.860,2624229.200,131.0000,0.5969,1.4200,0.0907,-1
KHAPRETA_510206,312303.860,2624229.200,130.9400,0.0000,1.4800,0.0946,-1
KHAPRETA_510206,312306.860,2624229.200,131.0100,0.6220,1.4100,0.0901,-1
KHAPRETA_510206,312307.860,2624229.200,131.0200,0.6169,1.4000,0.0895,-1
KHAPRETA_510206,312315.860,2624229.200,130.9500,0.5669,1.4700,0.0939,-1
KHAPRETA_510206,312317.860,2624229.200,131.0100,0.0000,1.4100,0.0901,-1
KHAPRETA_510206,312323.860,2624229.200,131.1900,0.6819,1.2300,0.0786,-1
KHAPRETA_510206,312324.860,2624229.200,131.1400,0.0300,1.2800,0.0818,-1
KHAPRETA_510206,312325.860,2624229.200,131.1300,0.6819,1.2900,0.0824,-1
KHAPRETA_510206,312328.860,2624229.200,131.2500,0.0000,1.1700,0.0748,-1
KHAPRETA_510206,312332.860,2624229.200,131.1400,0.0000,1.2800,0.0818,-1
KHAPRETA_510206,312337.860,2624229.200,131.2600,0.0000,1.1600,0.0741,-1
KHAPRETA_510206,312353.860,2624229.200,131.2800,0.0000,1.1400,0.0728,-1
KHAPRETA_510206,312360.860,2624229.200,131.2600,0.8169,1.1600,0.0741,-1
KHAPRETA_510206,312361.860,2624229.200,131.4100,0.7419,1.0100,0.0645,-1
KHAPRETA_510206,312364.860,2624229.200,132.0300,0.0000,0.3900,0.0249,-1
KHAPRETA_510206,312370.860,2624229.200,132.2500,0.0000,0.1700,0.0109,-1
KHAPRETA_510206,312372.860,2624229.200,132.0800,1.6691,0.3400,0.0217,-1
KHAPRETA_510206,312373.860,2624229.200,132.0500,0.1300,0.3700,0.0236,-1
KHAPRETA_510206,312374.860,2624229.200,131.8200,1.1369,0.6000,0.0383,-1
KHAPRETA_510206,312379.860,2624229.200,131.9100,0.0000,0.5100,0.0326,-1
KHAPRETA_510206,312384.860,2624229.200,132.2200,1.5838,0.2000,0.0128,-1
KHAPRETA_510206,312385.860,2624229.200,131.9500,1.1800,0.4700,0.0300,-1
KHAPRETA_510206,312386.860,2624229.200,132.0500,1.6094,0.3700,0.0236,-1
KHAPRETA_510206,312388.860,2624229.200,132.0700,0.9119,0.3500,0.0224,-1
KHAPRETA_510206,312390.860,2624229.200,132.0800,0.9483,0.3400,0.0217,-1
KHAPRETA_510206,312391.860,2624229.200,131.6600,0.2000,0.7600,0.0486,-1
KHAPRETA_510206,312392.860,2624229.200,131.6800,0.0350,0.7400,0.0473,-1
KHAPRETA_510206,312393.860,2624229.200,131.7300,1.3079,0.6900,0.0441,-1
KHAPRETA_510206,312397.860,2624229.200,131.6000,0.0000,0.8200,0.0524,-1
KHAPRETA_510206,312399.860,2624229.200,131.7700,0.8819,0.6500,0.0415,-1
KHAPRETA_510206,312400.860,2624229.200,131.5400,0.8626,0.8800,0.0562,-1
KHAPRETA_510206,312401.860,2624229.200,131.8400,1.2758,0.5800,0.0371,-1
KHAPRETA_510206,312420.860,2624229.200,132.0400,0.0000,0.3800,0.0243,-1
KHAPRETA_510206,312437.860,2624229.200,132.0900,0.0050,0.3300,0.0211,-1
KHAPRETA_510206,312439.860,2624229.200,132.1100,1.6609,0.3100,0.0198,-1
KHAPRETA_510206,312440.860,2624229.200,132.1100,1.1669,0.3100,0.0198,-1
KHAPRETA_510206,312446.860,2624229.200,132.3000,1.3019,0.1200,0.0077,-1
KHAPRETA_510206,312448.860,2624229.200,132.2700,0.0000,0.1500,0.0096,-1
KHAPRETA_510206,312453.860,2624229.200,132.4200,0.0000,0.0000,0.0000,-1
KHAPRETA_510206,312455.860,2624229.200,132.4100,0.0000,0.0100,0.0006,-1
KHAPRETA_510206,312515.860,2624229.200,132.2500,1.2269,0.1700,0.0109,-1
KHAPRETA_510206,312516.860,2624229.200,132.2300,1.2369,0.1900,0.0121,-1
KHAPRETA_510206,311983.860,2624230.200,127.7400,0.9881,4.6800,0.2990,-1
KHAPRETA_510206,311984.860,2624230.200,127.8000,1.0181,4.6200,0.2952,-1
KHAPRETA_510206,311990.860,2624230.200,127.5200,0.0000,4.9000,0.3131,-1
KHAPRETA_510206,311992.860,2624230.200,127.6600,1.0581,4.7600,0.3042,-1
KHAPRETA_510206,311995.860,2624230.200,127.5500,0.0000,4.8700,0.3112,-1
KHAPRETA_510206,312006.860,2624230.200,127.1300,0.0000,5.2900,0.3380,-1
KHAPRETA_510206,312009.860,2624230.200,127.4000,1.2381,5.0200,0.3208,-1
KHAPRETA_510206,312011.860,2624230.200,127.3500,1.6660,5.0700,0.3240,-1
KHAPRETA_510206,312012.860,2624230.200,127.4300,0.0800,4.9900,0.3188,-1
KHAPRETA_510206,312013.860,2624230.200,127.5100,1.1731,4.9100,0.3137,-1
KHAPRETA_510206,312015.860,2624230.200,127.4100,1.1981,5.0100,0.3201,-1
KHAPRETA_510206,312017.860,2624230.200,127.4400,1.1931,4.9800,0.3182,-1
KHAPRETA_510206,312018.860,2624230.200,127.3900,1.1681,5.0300,0.3214,-1
KHAPRETA_510206,312023.860,2624230.200,127.4300,0.0000,4.9900,0.3188,-1
KHAPRETA_510206,312027.860,2624230.200,127.3800,1.2381,5.0400,0.3220,-1
KHAPRETA_510206,312028.860,2624230.200,127.3000,1.2239,5.1200,0.3272,-1
KHAPRETA_510206,312029.860,2624230.200,127.2900,1.2381,5.1300,0.3278,-1
KHAPRETA_510206,312036.860,2624230.200,127.2800,1.2681,5.1400,0.3284,-1
KHAPRETA_510206,312041.860,2624230.200,127.1700,1.2681,5.2500,0.3355,-1
KHAPRETA_510206,312047.860,2624230.200,128.7800,0.8470,3.6400,0.2326,-1
KHAPRETA_510206,312048.860,2624230.200,129.5300,0.4981,2.8900,0.1847,-1
KHAPRETA_510206,312050.860,2624230.200,127.8900,0.7500,4.5300,0.2895,-1
KHAPRETA_510206,312059.860,2624230.200,126.7500,0.0200,5.6700,0.3623,-1
KHAPRETA_510206,312065.860,2624230.200,127.7400,0.0000,4.6800,0.2990,-1
KHAPRETA_510206,312067.860,2624230.200,127.4900,1.0131,4.9300,0.3150,-1
KHAPRETA_510206,312070.860,2624230.200,128.6100,1.8276,3.8100,0.2435,-1
KHAPRETA_510206,312071.860,2624230.200,126.9900,1.5332,5.4300,0.3470,-1
KHAPRETA_510206,312078.860,2624230.200,124.1000,0.0000,8.3200,0.5316,-1
KHAPRETA_510206,312081.860,2624230.200,123.9700,0.0000,8.4500,0.5399,-1
KHAPRETA_510206,312083.860,2624230.200,124.1000,2.8481,8.3200,0.5316,-1
KHAPRETA_510206,312085.860,2624230.200,131.0800,1.0119,1.3400,0.0856,-1
KHAPRETA_510206,312099.860,2624230.200,127.4900,0.0000,4.9300,0.3150,-1
KHAPRETA_510206,312109.860,2624230.200,128.4600,0.6231,3.9600,0.2530,-1
KHAPRETA_510206,312110.860,2624230.200,128.5300,0.8759,3.8900,0.2486,-1
KHAPRETA_510206,312117.860,2624230.200,128.4400,0.7431,3.9800,0.2543,-1
KHAPRETA_510206,312118.860,2624230.200,128.2900,1.0717,4.1300,0.2639,-1
KHAPRETA_510206,312120.860,2624230.200,128.2200,0.6631,4.2000,0.2684,-1
KHAPRETA_510206,312121.860,2624230.200,128.4500,0.7781,3.9700,0.2537,-1
KHAPRETA_510206,312125.860,2624230.200,128.4500,0.4631,3.9700,0.2537,-1
KHAPRETA_510206,312126.860,2624230.200,128.8500,0.6631,3.5700,0.2281,-1
KHAPRETA_510206,312130.860,2624230.200,128.3700,0.6831,4.0500,0.2588,-1
KHAPRETA_510206,312138.860,2624230.200,128.5500,0.4981,3.8700,0.2473,-1
KHAPRETA_510206,312140.860,2624230.200,128.7400,0.4331,3.6800,0.2351,-1
KHAPRETA_510206,312146.860,2624230.200,128.4700,0.6281,3.9500,0.2524,-1
KHAPRETA_510206,312147.860,2624230.200,128.5200,0.8788,3.9000,0.2492,-1
KHAPRETA_510206,312153.860,2624230.200,128.6000,0.6431,3.8200,0.2441,-1
KHAPRETA_510206,312155.860,2624230.200,128.6000,0.0000,3.8200,0.2441,-1
KHAPRETA_510206,312162.860,2624230.200,128.7200,0.5181,3.7000,0.2364,-1
KHAPRETA_510206,312176.860,2624230.200,128.8800,0.4281,3.5400,0.2262,-1
KHAPRETA_510206,312177.860,2624230.200,128.9200,0.4481,3.5000,0.2236,-1
KHAPRETA_510206,312179.860,2624230.200,128.8900,0.5594,3.5300,0.2256,-1
KHAPRETA_510206,312180.860,2624230.200,128.9900,0.4432,3.4300,0.2192,-1
KHAPRETA_510206,312184.860,2624230.200,128.9500,0.0000,3.4700,0.2217,-1
KHAPRETA_510206,312191.860,2624230.200,129.0200,0.0000,3.4000,0.2173,-1
KHAPRETA_510206,312193.860,2624230.200,128.9800,0.0000,3.4400,0.2198,-1
KHAPRETA_510206,312195.860,2624230.200,129.3200,0.3121,3.1000,0.1981,-1
KHAPRETA_510206,312196.860,2624230.200,129.3500,0.2281,3.0700,0.1962,-1
KHAPRETA_510206,312201.860,2624230.200,129.6600,0.1850,2.7600,0.1764,-1
KHAPRETA_510206,312202.860,2624230.200,129.8300,0.0581,2.5900,0.1655,-1
KHAPRETA_510206,312204.860,2624230.200,130.2600,0.2269,2.1600,0.1380,-1
KHAPRETA_510206,312205.860,2624230.200,130.2300,0.2419,2.1900,0.1399,-1
KHAPRETA_510206,312208.860,2624230.200,130.3400,0.0000,2.0800,0.1329,-1
KHAPRETA_510206,312214.860,2624230.200,130.3300,0.3019,2.0900,0.1335,-1
KHAPRETA_510206,312219.860,2624230.200,130.3800,0.3269,2.0400,0.1304,-1
KHAPRETA_510206,312220.860,2624230.200,130.4300,0.3019,1.9900,0.1272,-1
KHAPRETA_510206,312225.860,2624230.200,130.4300,0.0000,1.9900,0.1272,-1
KHAPRETA_510206,312227.860,2624230.200,130.4000,0.0000,2.0200,0.1291,-1
KHAPRETA_510206,312235.860,2624230.200,131.0000,0.5969,1.4200,0.0907,-1
KHAPRETA_510206,312236.860,2624230.200,130.9700,0.5754,1.4500,0.0927,-1
KHAPRETA_510206,312237.860,2624230.200,130.4200,0.6064,2.0000,0.1278,-1
KHAPRETA_510206,312239.860,2624230.200,129.9200,0.0000,2.5000,0.1597,-1
KHAPRETA_510206,312244.860,2624230.200,129.9600,0.0000,2.4600,0.1572,-1
KHAPRETA_510206,312252.860,2624230.200,130.0400,0.0000,2.3800,0.1521,-1
KHAPRETA_510206,312254.860,2624230.200,130.0500,0.0000,2.3700,0.1514,-1
KHAPRETA_510206,312261.860,2624230.200,130.1200,0.0000,2.3000,0.1470,-1
KHAPRETA_510206,312274.860,2624230.200,130.7900,0.0000,1.6300,0.1042,-1
KHAPRETA_510206,312279.860,2624230.200,130.7800,0.0000,1.6400,0.1048,-1
KHAPRETA_510206,312281.860,2624230.200,130.9300,0.0000,1.4900,0.0952,-1
KHAPRETA_510206,312284.860,2624230.200,130.9100,0.8128,1.5100,0.0965,-1
KHAPRETA_510206,312285.860,2624230.200,130.8900,0.5821,1.5300,0.0978,-1
KHAPRETA_510206,312286.860,2624230.200,130.9400,0.8274,1.4800,0.0946,-1
KHAPRETA_510206,312292.860,2624230.200,131.0200,0.0000,1.4000,0.0895,-1
KHAPRETA_510206,312294.860,2624230.200,131.0200,0.0000,1.4000,0.0895,-1
KHAPRETA_510206,312297.860,2624230.200,130.8700,0.0000,1.5500,0.0990,-1
KHAPRETA_510206,312306.860,2624230.200,131.0300,0.6169,1.3900,0.0888,-1
KHAPRETA_510206,312311.860,2624230.200,131.0100,0.0000,1.4100,0.0901,-1
KHAPRETA_510206,312315.860,2624230.200,130.9100,0.5869,1.5100,0.0965,-1
KHAPRETA_510206,312318.860,2624230.200,130.8900,0.0000,1.5300,0.0978,-1
KHAPRETA_510206,312320.860,2624230.200,130.8100,0.0000,1.6100,0.1029,-1
KHAPRETA_510206,312326.860,2624230.200,131.1900,0.7319,1.2300,0.0786,-1
KHAPRETA_510206,312327.860,2624230.200,131.2400,0.9892,1.1800,0.0754,-1
KHAPRETA_510206,312333.860,2624230.200,131.1800,0.0000,1.2400,0.0792,-1
KHAPRETA_510206,312344.860,2624230.200,131.3000,0.7669,1.1200,0.0716,-1
KHAPRETA_510206,312352.860,2624230.200,131.2500,0.0000,1.1700,0.0748,-1
KHAPRETA_510206,312355.860,2624230.200,131.3500,0.0000,1.0700,0.0684,-1
KHAPRETA_510206,312362.860,2624230.200,131.7800,0.0000,0.6400,0.0409,-1
KHAPRETA_510206,312369.860,2624230.200,132.0800,0.0000,0.3400,0.0217,-1
KHAPRETA_510206,312376.860,2624230.200,132.2200,1.1369,0.2000,0.0128,-1
KHAPRETA_510206,312377.860,2624230.200,132.0500,1.2219,0.3700,0.0236,-1
KHAPRETA_510206,312386.860,2624230.200,132.1500,0.2100,0.2700,0.0173,-1
KHAPRETA_510206,312388.860,2624230.200,131.6000,1.5802,0.8200,0.0524,-1
KHAPRETA_510206,312389.860,2624230.200,131.9500,0.2750,0.4700,0.0300,-1
KHAPRETA_510206,312390.860,2624230.200,132.1500,1.5838,0.2700,0.0173,-1
KHAPRETA_510206,312395.860,2624230.200,132.1000,1.0469,0.3200,0.0204,-1
KHAPRETA_510206,312396.860,2624230.200,131.8700,1.1619,0.5500,0.0351,-1
KHAPRETA_510206,312400.860,2624230.200,131.5000,0.8819,0.9200,0.0588,-1
KHAPRETA_510206,312403.860,2624230.200,131.7900,0.0000,0.6300,0.0403,-1
KHAPRETA_510206,312416.860,2624230.200,132.1400,0.0000,0.2800,0.0179,-1
KHAPRETA_510206,312418.860,2624230.200,131.9700,0.0000,0.4500,0.0288,-1
KHAPRETA_510206,312423.860,2624230.200,131.9600,0.0000,0.4600,0.0294,-1
KHAPRETA_510206,312427.860,2624230.200,132.0100,0.0000,0.4100,0.0262,-1
KHAPRETA_510206,312430.860,2624230.200,132.0700,1.2819,0.3500,0.0224,-1
KHAPRETA_510206,312433.860,2624230.200,132.0500,1.2219,0.3700,0.0236,-1
KHAPRETA_510206,312434.860,2624230.200,132.2200,1.1369,0.2000,0.0128,-1
KHAPRETA_510206,312436.860,2624230.200,132.0900,1.1619,0.3300,0.0211,-1
KHAPRETA_510206,312437.860,2624230.200,132.1000,1.6362,0.3200,0.0204,-1
KHAPRETA_510206,312439.860,2624230.200,132.1400,1.1669,0.2800,0.0179,-1
KHAPRETA_510206,312441.860,2624230.200,132.1500,0.0000,0.2700,0.0173,-1
KHAPRETA_510206,312445.860,2624230.200,132.1900,0.0000,0.2300,0.0147,-1
KHAPRETA_510206,312451.860,2624230.200,132.4200,0.0000,0.0000,0.0000,-1
KHAPRETA_510206,311981.860,2624231.200,127.6700,1.2831,4.7500,0.3035,-1
KHAPRETA_510206,311982.860,2624231.200,127.2100,1.0531,5.2100,0.3329,-1
KHAPRETA_510206,311985.860,2624231.200,127.7100,0.0000,4.7100,0.3010,-1
KHAPRETA_510206,311989.860,2624231.200,127.6800,0.0000,4.7400,0.3029,-1
KHAPRETA_510206,311991.860,2624231.200,127.7700,1.1431,4.6500,0.2971,-1
KHAPRETA_510206,311994.860,2624231.200,127.5600,0.0000,4.8600,0.3105,-1
KHAPRETA_510206,311996.860,2624231.200,127.4800,0.0000,4.9400,0.3157,-1
KHAPRETA_510206,311998.860,2624231.200,127.5200,1.1531,4.9000,0.3131,-1
KHAPRETA_510206,311999.860,2624231.200,127.4700,1.1281,4.9500,0.3163,-1
KHAPRETA_510206,312004.860,2624231.200,127.4000,0.0000,5.0200,0.3208,-1
KHAPRETA_510206,312008.860,2624231.200,127.1700,0.0000,5.2500,0.3355,-1
KHAPRETA_510206,312011.860,2624231.200,127.4100,1.2131,5.0100,0.3201,-1
KHAPRETA_510206,312021.860,2624231.200,127.4500,0.0000,4.9700,0.3176,-1
KHAPRETA_510206,312035.860,2624231.200,127.2200,0.0000,5.2000,0.3323,-1
KHAPRETA_510206,312041.860,2624231.200,127.2400,1.8713,5.1800,0.3310,-1
KHAPRETA_510206,312042.860,2624231.200,127.0900,1.2681,5.3300,0.3406,-1
KHAPRETA_510206,312046.860,2624231.200,129.2900,0.0000,3.1300,0.2000,-1
KHAPRETA_510206,312049.860,2624231.200,129.4900,0.7481,2.9300,0.1872,-1
KHAPRETA_510206,312050.860,2624231.200,128.2800,0.9539,4.1400,0.2645,-1
KHAPRETA_510206,312059.860,2624231.200,126.7700,1.5131,5.6500,0.3610,-1
KHAPRETA_510206,312067.860,2624231.200,127.7500,1.4086,4.6700,0.2984,-1
KHAPRETA_510206,312068.860,2624231.200,128.1300,1.2177,4.2900,0.2741,-1
KHAPRETA_510206,312069.860,2624231.200,126.7400,0.3600,5.6800,0.3629,-1
KHAPRETA_510206,312070.860,2624231.200,127.4100,0.5916,5.0100,0.3201,-1
KHAPRETA_510206,312071.860,2624231.200,126.9400,1.2323,5.4800,0.3502,-1
KHAPRETA_510206,312083.860,2624231.200,124.0800,2.8381,8.3400,0.5329,-1
KHAPRETA_510206,312087.860,2624231.200,131.9600,1.1419,0.4600,0.0294,-1
KHAPRETA_510206,312088.860,2624231.200,132.0600,1.0919,0.3600,0.0230,-1
KHAPRETA_510206,312101.860,2624231.200,127.6500,1.1581,4.7700,0.3048,-1
KHAPRETA_510206,312102.860,2624231.200,127.4600,1.0631,4.9600,0.3169,-1
KHAPRETA_510206,312104.860,2624231.200,128.4800,0.7881,3.9400,0.2518,-1
KHAPRETA_510206,312106.860,2624231.200,128.0000,0.8831,4.4200,0.2824,-1
KHAPRETA_510206,312110.860,2624231.200,128.6200,0.6231,3.8000,0.2428,-1
KHAPRETA_510206,312113.860,2624231.200,128.4400,0.7081,3.9800,0.2543,-1
KHAPRETA_510206,312114.860,2624231.200,128.3600,0.6681,4.0600,0.2594,-1
KHAPRETA_510206,312116.860,2624231.200,128.4900,0.0000,3.9300,0.2511,-1
KHAPRETA_510206,312118.860,2624231.200,128.1000,1.0615,4.3200,0.2760,-1
KHAPRETA_510206,312119.860,2624231.200,128.2600,0.8381,4.1600,0.2658,-1
KHAPRETA_510206,312124.860,2624231.200,128.3300,0.0000,4.0900,0.2613,-1
KHAPRETA_510206,312127.860,2624231.200,128.5400,0.0000,3.8800,0.2479,-1
KHAPRETA_510206,312138.860,2624231.200,128.7800,0.6131,3.6400,0.2326,-1
KHAPRETA_510206,312141.860,2624231.200,128.6700,0.0000,3.7500,0.2396,-1
KHAPRETA_510206,312143.860,2624231.200,128.8600,0.0000,3.5600,0.2275,-1
KHAPRETA_510206,312145.860,2624231.200,128.5600,0.4831,3.8600,0.2466,-1
KHAPRETA_510206,312147.860,2624231.200,128.6000,0.0850,3.8200,0.2441,-1
KHAPRETA_510206,312151.860,2624231.200,128.5000,0.6081,3.9200,0.2505,-1
KHAPRETA_510206,312152.860,2624231.200,128.5600,0.0050,3.8600,0.2466,-1
KHAPRETA_510206,312153.860,2624231.200,128.4900,0.8459,3.9300,0.2511,-1
KHAPRETA_510206,312157.860,2624231.200,128.6800,0.5481,3.7400,0.2390,-1
KHAPRETA_510206,312159.860,2624231.200,128.6800,0.0000,3.7400,0.2390,-1
KHAPRETA_510206,312161.860,2624231.200,128.7300,0.5181,3.6900,0.2358,-1
KHAPRETA_510206,312162.860,2624231.200,128.7400,0.7433,3.6800,0.2351,-1
KHAPRETA_510206,312173.860,2624231.200,128.9300,0.0000,3.4900,0.2230,-1
KHAPRETA_510206,312180.860,2624231.200,128.9200,0.3931,3.5000,0.2236,-1
KHAPRETA_510206,312182.860,2624231.200,128.9500,0.0000,3.4700,0.2217,-1
KHAPRETA_510206,312185.860,2624231.200,128.9500,0.3781,3.4700,0.2217,-1
KHAPRETA_510206,312186.860,2624231.200,129.0200,0.4081,3.4000,0.2173,-1
KHAPRETA_510206,312187.860,2624231.200,128.9600,0.3781,3.4600,0.2211,-1
KHAPRETA_510206,312192.860,2624231.200,129.4300,0.0000,2.9900,0.1911,-1
KHAPRETA_510206,312195.860,2624231.200,129.3200,0.0100,3.1000,0.1981,-1
KHAPRETA_510206,312197.860,2624231.200,129.3300,0.3084,3.0900,0.1974,-1
KHAPRETA_510206,312198.860,2624231.200,129.3400,0.0050,3.0800,0.1968,-1
KHAPRETA_510206,312199.860,2624231.200,129.3200,0.2181,3.1000,0.1981,-1
KHAPRETA_510206,312201.860,2624231.200,129.4100,0.0581,3.0100,0.1923,-1
KHAPRETA_510206,312207.860,2624231.200,130.3500,0.0000,2.0700,0.1323,-1
KHAPRETA_510206,312210.860,2624231.200,130.3200,0.2419,2.1000,0.1342,-1
KHAPRETA_510206,312213.860,2624231.200,130.3700,0.0000,2.0500,0.1310,-1
KHAPRETA_510206,312224.860,2624231.200,130.4900,0.0000,1.9300,0.1233,-1
KHAPRETA_510206,312230.860,2624231.200,130.4700,0.0000,1.9500,0.1246,-1
KHAPRETA_510206,312232.860,2624231.200,130.3500,0.0000,2.0700,0.1323,-1
KHAPRETA_510206,312236.860,2624231.200,130.7700,0.4500,1.6500,0.1054,-1
KHAPRETA_510206,312248.860,2624231.200,129.9900,0.1219,2.4300,0.1553,-1
KHAPRETA_510206,312249.860,2624231.200,130.0200,0.1585,2.4000,0.1534,-1
KHAPRETA_510206,312253.860,2624231.200,130.0500,0.1469,2.3700,0.1514,-1
KHAPRETA_510206,312284.860,2624231.200,130.9600,0.8125,1.4600,0.0933,-1
KHAPRETA_510206,312285.860,2624231.200,130.9400,0.5573,1.4800,0.0946,-1
KHAPRETA_510206,312286.860,2624231.200,131.0000,0.0320,1.4200,0.0907,-1
KHAPRETA_510206,312287.860,2624231.200,130.9900,0.6119,1.4300,0.0914,-1
KHAPRETA_510206,312312.860,2624231.200,131.0400,0.0000,1.3800,0.0882,-1
KHAPRETA_510206,312327.860,2624231.200,131.1600,0.7319,1.2600,0.0805,-1
KHAPRETA_510206,312331.860,2624231.200,131.2500,0.7319,1.1700,0.0748,-1
KHAPRETA_510206,312332.860,2624231.200,131.2400,0.7369,1.1800,0.0754,-1
KHAPRETA_510206,312334.860,2624231.200,131.2000,0.0000,1.2200,0.0780,-1
KHAPRETA_510206,312337.860,2624231.200,131.2500,1.0705,1.1700,0.0748,-1
KHAPRETA_510206,312338.860,2624231.200,131.3000,0.7369,1.1200,0.0716,-1
KHAPRETA_510206,312344.860,2624231.200,131.3100,0.7619,1.1100,0.0709,-1
KHAPRETA_510206,312353.860,2624231.200,131.3500,0.0000,1.0700,0.0684,-1
KHAPRETA_510206,312357.860,2624231.200,131.2700,0.8919,1.1500,0.0735,-1
KHAPRETA_510206,312359.860,2624231.200,131.6300,0.0000,0.7900,0.0505,-1
KHAPRETA_510206,312361.860,2624231.200,132.1300,1.1169,0.2900,0.0185,-1
KHAPRETA_510206,312370.860,2624231.200,132.0700,1.1919,0.3500,0.0224,-1
KHAPRETA_510206,312371.860,2624231.200,132.1600,0.0450,0.2600,0.0166,-1
KHAPRETA_510206,312372.860,2624231.200,131.9800,0.1900,0.4400,0.0281,-1
KHAPRETA_510206,312373.860,2624231.200,131.7800,1.1019,0.6400,0.0409,-1
KHAPRETA_510206,312375.860,2624231.200,131.9400,0.0000,0.4800,0.0307,-1
KHAPRETA_510206,312384.860,2624231.200,131.9500,1.0869,0.4700,0.0300,-1
KHAPRETA_510206,312386.860,2624231.200,131.6300,0.2850,0.7900,0.0505,-1
KHAPRETA_510206,312392.860,2624231.200,131.8600,1.1369,0.5600,0.0358,-1
KHAPRETA_510206,312393.860,2624231.200,132.0500,1.6559,0.3700,0.0236,-1
KHAPRETA_510206,312398.860,2624231.200,131.5500,0.0000,0.8700,0.0556,-1
KHAPRETA_510206,312404.860,2624231.200,131.7900,1.5848,0.6300,0.0403,-1
KHAPRETA_510206,312405.860,2624231.200,132.2400,1.4418,0.1800,0.0115,-1
KHAPRETA_510206,312421.860,2624231.200,131.9500,1.1219,0.4700,0.0300,-1
KHAPRETA_510206,312422.860,2624231.200,132.0200,1.5585,0.4000,0.0256,-1
KHAPRETA_510206,312424.860,2624231.200,132.0400,0.0000,0.3800,0.0243,-1
KHAPRETA_510206,312430.860,2624231.200,132.3400,1.1469,0.0800,0.0051,-1
KHAPRETA_510206,312446.860,2624231.200,132.2900,0.0000,0.1300,0.0083,-1
KHAPRETA_510206,312448.860,2624231.200,132.3200,0.0000,0.1000,0.0064,-1
KHAPRETA_510206,311984.860,2624232.200,127.9900,1.0731,4.4300,0.2831,-1
KHAPRETA_510206,311986.860,2624232.200,127.6500,0.0000,4.7700,0.3048,-1
KHAPRETA_510206,311990.860,2624232.200,127.4900,1.1431,4.9300,0.3150,-1
KHAPRETA_510206,311991.860,2624232.200,127.4900,1.5208,4.9300,0.3150,-1
KHAPRETA_510206,311995.860,2624232.200,127.5800,0.0000,4.8400,0.3093,-1
KHAPRETA_510206,311997.860,2624232.200,127.4400,0.0000,4.9800,0.3182,-1
KHAPRETA_510206,312003.860,2624232.200,127.4300,1.1781,4.9900,0.3188,-1
KHAPRETA_510206,312006.860,2624232.200,127.3000,1.1831,5.1200,0.3272,-1
KHAPRETA_510206,312010.860,2624232.200,127.4000,0.0000,5.0200,0.3208,-1
KHAPRETA_510206,312016.860,2624232.200,127.4300,0.0000,4.9900,0.3188,-1
KHAPRETA_510206,312022.860,2624232.200,127.4400,1.1781,4.9800,0.3182,-1
KHAPRETA_510206,312023.860,2624232.200,127.4200,1.1681,5.0000,0.3195,-1
KHAPRETA_510206,312029.860,2624232.200,130.7600,0.0000,1.6600,0.1061,-1
KHAPRETA_510206,312033.860,2624232.200,127.1400,1.4581,5.2800,0.3374,-1
KHAPRETA_510206,312044.860,2624232.200,127.2800,0.2881,5.1400,0.3284,-1
KHAPRETA_510206,312045.860,2624232.200,129.2000,1.2481,3.2200,0.2058,-1
KHAPRETA_510206,312051.860,2624232.200,127.7100,0.7031,4.7100,0.3010,-1
KHAPRETA_510206,312065.860,2624232.200,130.3000,1.8131,2.1200,0.1355,-1
KHAPRETA_510206,312068.860,2624232.200,127.5600,0.8231,4.8600,0.3105,-1
KHAPRETA_510206,312071.860,2624232.200,127.6800,1.5150,4.7400,0.3029,-1
KHAPRETA_510206,312080.860,2624232.200,124.3200,0.0000,8.1000,0.5176,-1
KHAPRETA_510206,312082.860,2624232.200,124.0600,0.0000,8.3600,0.5342,-1
KHAPRETA_510206,312089.860,2624232.200,132.2300,0.0000,0.1900,0.0121,-1
KHAPRETA_510206,312098.860,2624232.200,132.2300,0.0000,0.1900,0.0121,-1
KHAPRETA_510206,312104.860,2624232.200,128.2000,0.5000,4.2200,0.2696,-1
KHAPRETA_510206,312106.860,2624232.200,128.0100,0.8881,4.4100,0.2818,-1
KHAPRETA_510206,312115.860,2624232.200,128.2800,0.7381,4.1400,0.2645,-1
KHAPRETA_510206,312117.860,2624232.200,128.2800,0.0000,4.1400,0.2645,-1
KHAPRETA_510206,312122.860,2624232.200,128.5700,0.5781,3.8500,0.2460,-1
KHAPRETA_510206,312126.860,2624232.200,128.6200,0.0000,3.8000,0.2428,-1
KHAPRETA_510206,312128.860,2624232.200,128.6600,0.5231,3.7600,0.2403,-1
KHAPRETA_510206,312130.860,2624232.200,128.5600,0.0000,3.8600,0.2466,-1
KHAPRETA_510206,312133.860,2624232.200,128.4800,0.6281,3.9400,0.2518,-1
KHAPRETA_510206,312134.860,2624232.200,128.5200,0.1350,3.9000,0.2492,-1
KHAPRETA_510206,312135.860,2624232.200,128.7500,0.1650,3.6700,0.2345,-1
KHAPRETA_510206,312136.860,2624232.200,128.8500,0.5131,3.5700,0.2281,-1
KHAPRETA_510206,312145.860,2624232.200,128.8100,0.0200,3.6100,0.2307,-1
KHAPRETA_510206,312147.860,2624232.200,128.6900,0.5881,3.7300,0.2383,-1
KHAPRETA_510206,312154.860,2624232.200,128.5100,0.5731,3.9100,0.2498,-1
KHAPRETA_510206,312155.860,2624232.200,128.6300,0.6331,3.7900,0.2422,-1
KHAPRETA_510206,312157.860,2624232.200,128.6800,0.7680,3.7400,0.2390,-1
KHAPRETA_510206,312158.860,2624232.200,128.7000,0.5481,3.7200,0.2377,-1
KHAPRETA_510206,312160.860,2624232.200,128.7100,0.5281,3.7100,0.2371,-1
KHAPRETA_510206,312166.860,2624232.200,128.8500,0.6938,3.5700,0.2281,-1
KHAPRETA_510206,312167.860,2624232.200,128.8000,0.4631,3.6200,0.2313,-1
KHAPRETA_510206,312174.860,2624232.200,128.8400,0.4631,3.5800,0.2288,-1
KHAPRETA_510206,312176.860,2624232.200,128.8800,0.0000,3.5400,0.2262,-1
KHAPRETA_510206,312184.860,2624232.200,129.0100,0.0000,3.4100,0.2179,-1
KHAPRETA_510206,312186.860,2624232.200,128.9600,0.0450,3.4600,0.2211,-1
KHAPRETA_510206,312195.860,2624232.200,129.3400,0.3190,3.0800,0.1968,-1
KHAPRETA_510206,312196.860,2624232.200,129.3300,0.0000,3.0900,0.1974,-1
KHAPRETA_510206,312197.860,2624232.200,129.3400,0.3155,3.0800,0.1968,-1
KHAPRETA_510206,312204.860,2624232.200,130.1600,0.1519,2.2600,0.1444,-1
KHAPRETA_510206,312208.860,2624232.200,130.3300,0.0000,2.0900,0.1335,-1
KHAPRETA_510206,312210.860,2624232.200,130.2600,0.2719,2.1600,0.1380,-1
KHAPRETA_510206,312212.860,2624232.200,130.3300,0.2719,2.0900,0.1335,-1
KHAPRETA_510206,312218.860,2624232.200,130.3200,0.4067,2.1000,0.1342,-1
KHAPRETA_510206,312219.860,2624232.200,130.2600,0.2719,2.1600,0.1380,-1
KHAPRETA_510206,312222.860,2624232.200,130.4000,0.0000,2.0200,0.1291,-1
KHAPRETA_510206,312225.860,2624232.200,130.4800,0.0000,1.9400,0.1240,-1
KHAPRETA_510206,312236.860,2624232.200,130.0700,0.3900,2.3500,0.1502,-1
KHAPRETA_510206,312239.860,2624232.200,131.7800,1.0369,0.6400,0.0409,-1
KHAPRETA_510206,312241.860,2624232.200,129.9500,0.0969,2.4700,0.1578,-1
KHAPRETA_510206,312242.860,2624232.200,129.9700,0.0869,2.4500,0.1565,-1
KHAPRETA_510206,312246.860,2624232.200,130.0200,0.0000,2.4000,0.1534,-1
KHAPRETA_510206,312249.860,2624232.200,130.0100,0.1219,2.4100,0.1540,-1
KHAPRETA_510206,312251.860,2624232.200,130.0400,0.1319,2.3800,0.1521,-1
KHAPRETA_510206,312253.860,2624232.200,130.0700,0.0050,2.3500,0.1502,-1
KHAPRETA_510206,312265.860,2624232.200,130.1400,0.0000,2.2800,0.1457,-1
KHAPRETA_510206,312272.860,2624232.200,130.2100,0.0000,2.2100,0.1412,-1
KHAPRETA_510206,312275.860,2624232.200,130.7200,0.5269,1.7000,0.1086,-1
KHAPRETA_510206,312283.860,2624232.200,130.8700,0.5869,1.5500,0.0990,-1
KHAPRETA_510206,312286.860,2624232.200,130.9800,0.6119,1.4400,0.0920,-1
KHAPRETA_510206,312297.860,2624232.200,131.0700,0.4969,1.3500,0.0863,-1
KHAPRETA_510206,312298.860,2624232.200,130.7700,0.0500,1.6500,0.1054,-1
KHAPRETA_510206,312299.860,2624232.200,130.9700,0.7279,1.4500,0.0927,-1
KHAPRETA_510206,312303.860,2624232.200,131.0200,0.5619,1.4000,0.0895,-1
KHAPRETA_510206,312317.860,2624232.200,130.9000,0.6619,1.5200,0.0971,-1
KHAPRETA_510206,312325.860,2624232.200,131.1700,0.0000,1.2500,0.0799,-1
KHAPRETA_510206,312333.860,2624232.200,131.2300,0.7019,1.1900,0.0760,-1
KHAPRETA_510206,312337.860,2624232.200,131.2800,0.7369,1.1400,0.0728,-1
KHAPRETA_510206,312346.860,2624232.200,131.3000,0.0000,1.1200,0.0716,-1
KHAPRETA_510206,312348.860,2624232.200,131.2600,0.0000,1.1600,0.0741,-1
KHAPRETA_510206,312350.860,2624232.200,131.2700,0.7569,1.1500,0.0735,-1
KHAPRETA_510206,312351.860,2624232.200,131.2900,0.7469,1.1300,0.0722,-1
KHAPRETA_510206,312357.860,2624232.200,131.5600,0.3650,0.8600,0.0550,-1
KHAPRETA_510206,312361.860,2624232.200,132.0100,1.1459,0.4100,0.0262,-1
KHAPRETA_510206,312362.860,2624232.200,132.0600,1.1169,0.3600,0.0230,-1
KHAPRETA_510206,312367.860,2624232.200,131.9100,0.0000,0.5100,0.0326,-1
KHAPRETA_510206,312369.860,2624232.200,131.9500,0.8269,0.4700,0.0300,-1
KHAPRETA_510206,312374.860,2624232.200,131.8200,1.0969,0.6000,0.0383,-1
KHAPRETA_510206,312376.860,2624232.200,132.0700,1.1969,0.3500,0.0224,-1
KHAPRETA_510206,312384.860,2624232.200,131.9500,1.0869,0.4700,0.0300,-1
KHAPRETA_510206,312386.860,2624232.200,131.5800,0.9078,0.8400,0.0537,-1
KHAPRETA_510206,312387.860,2624232.200,131.5900,0.9019,0.8300,0.0530,-1
KHAPRETA_510206,312389.860,2624232.200,132.1300,1.2119,0.2900,0.0185,-1
KHAPRETA_510206,312390.860,2624232.200,132.2000,1.1769,0.2200,0.0141,-1
KHAPRETA_510206,312393.860,2624232.200,132.3500,1.1369,0.0700,0.0045,-1
KHAPRETA_510206,312396.860,2624232.200,131.6100,0.9069,0.8100,0.0518,-1
KHAPRETA_510206,312397.860,2624232.200,131.5900,0.9169,0.8300,0.0530,-1
KHAPRETA_510206,312401.860,2624232.200,131.8100,1.0169,0.6100,0.0390,-1
KHAPRETA_510206,312404.860,2624232.200,131.7700,1.4418,0.6500,0.0415,-1
KHAPRETA_510206,312405.860,2624232.200,131.8400,1.5848,0.5800,0.0371,-1
KHAPRETA_510206,312419.860,2624232.200,131.9000,1.1069,0.5200,0.0332,-1
KHAPRETA_510206,312420.860,2624232.200,131.9900,1.0619,0.4300,0.0275,-1
KHAPRETA_510206,312422.860,2624232.200,132.0100,1.1219,0.4100,0.0262,-1
KHAPRETA_510206,312437.860,2624232.200,132.1500,1.1919,0.2700,0.0173,-1
KHAPRETA_510206,312442.860,2624232.200,132.1800,0.0000,0.2400,0.0153,-1
KHAPRETA_510206,312445.860,2624232.200,132.2300,0.0000,0.1900,0.0121,-1
KHAPRETA_510206,312447.860,2624232.200,132.4200,1.2669,0.0000,0.0000,-1
KHAPRETA_510206,311978.860,2624233.200,127.4000,0.0000,5.0200,0.3208,-1
KHAPRETA_510206,311984.860,2624233.200,127.6300,0.8931,4.7900,0.3061,-1
KHAPRETA_510206,311987.860,2624233.200,127.6000,0.0000,4.8200,0.3080,-1
KHAPRETA_510206,311993.860,2624233.200,127.5000,1.1431,4.9200,0.3144,-1
KHAPRETA_510206,311994.860,2624233.200,127.4900,1.1381,4.9300,0.3150,-1
KHAPRETA_510206,311996.860,2624233.200,127.3100,0.0000,5.1100,0.3265,-1
KHAPRETA_510206,311998.860,2624233.200,127.6200,0.0000,4.8000,0.3067,-1
KHAPRETA_510206,312001.860,2624233.200,127.5500,1.1281,4.8700,0.3112,-1
KHAPRETA_510206,312002.860,2624233.200,127.5200,1.1599,4.9000,0.3131,-1
KHAPRETA_510206,312003.860,2624233.200,127.4200,1.1288,5.0000,0.3195,-1
KHAPRETA_510206,312006.860,2624233.200,127.4100,1.2381,5.0100,0.3201,-1
KHAPRETA_510206,312009.860,2624233.200,127.1400,0.0000,5.2800,0.3374,-1
KHAPRETA_510206,312011.860,2624233.200,127.3400,1.3531,5.0800,0.3246,-1
KHAPRETA_510206,312020.860,2624233.200,127.4300,0.0000,4.9900,0.3188,-1
KHAPRETA_510206,312024.860,2624233.200,127.1700,0.0000,5.2500,0.3355,-1
KHAPRETA_510206,312030.860,2624233.200,127.2300,1.2431,5.1900,0.3316,-1
KHAPRETA_510206,312031.860,2624233.200,127.2900,1.2731,5.1300,0.3278,-1
KHAPRETA_510206,312033.860,2624233.200,126.8600,0.1100,5.5600,0.3553,-1
KHAPRETA_510206,312043.860,2624233.200,130.8100,0.0000,1.6100,0.1029,-1
KHAPRETA_510206,312051.860,2624233.200,128.3700,1.0331,4.0500,0.2588,-1
KHAPRETA_510206,312064.860,2624233.200,130.6700,1.9609,1.7500,0.1118,-1
KHAPRETA_510206,312065.860,2624233.200,126.1500,2.0347,6.2700,0.4006,-1
KHAPRETA_510206,312067.860,2624233.200,124.9600,0.0000,7.4600,0.4767,-1
KHAPRETA_510206,312070.860,2624233.200,123.6300,2.9331,8.7900,0.5617,-1
KHAPRETA_510206,312071.860,2624233.200,123.9100,3.2469,8.5100,0.5438,-1
KHAPRETA_510206,312077.860,2624233.200,124.0100,2.8681,8.4100,0.5374,-1
KHAPRETA_510206,312085.860,2624233.200,129.0200,0.0000,3.4000,0.2173,-1
KHAPRETA_510206,312087.860,2624233.200,132.3300,1.2219,0.0900,0.0058,-1
KHAPRETA_510206,312088.860,2624233.200,132.2200,1.2769,0.2000,0.0128,-1
KHAPRETA_510206,312103.860,2624233.200,127.4300,1.6307,4.9900,0.3188,-1
KHAPRETA_510206,312104.860,2624233.200,127.4800,1.4132,4.9400,0.3157,-1
KHAPRETA_510206,312115.860,2624233.200,128.3000,0.0050,4.1200,0.2633,-1
KHAPRETA_510206,312120.860,2624233.200,128.5100,0.0000,3.9100,0.2498,-1
KHAPRETA_510206,312122.860,2624233.200,128.6200,0.7599,3.8000,0.2428,-1
KHAPRETA_510206,312123.860,2624233.200,128.3100,0.5781,4.1100,0.2626,-1
KHAPRETA_510206,312128.860,2624233.200,128.7300,0.9413,3.6900,0.2358,-1
KHAPRETA_510206,312129.860,2624233.200,128.2600,0.5231,4.1600,0.2658,-1
KHAPRETA_510206,312131.860,2624233.200,128.5900,0.0000,3.8300,0.2447,-1
KHAPRETA_510206,312141.860,2624233.200,128.5900,0.0000,3.8300,0.2447,-1
KHAPRETA_510206,312145.860,2624233.200,128.5200,0.4831,3.9000,0.2492,-1
KHAPRETA_510206,312148.860,2624233.200,128.4400,0.4831,3.9800,0.2543,-1
KHAPRETA_510206,312150.860,2624233.200,128.5800,0.6281,3.8400,0.2454,-1
KHAPRETA_510206,312151.860,2624233.200,128.5200,0.0300,3.9000,0.2492,-1
KHAPRETA_510206,312152.860,2624233.200,128.5200,0.6281,3.9000,0.2492,-1
KHAPRETA_510206,312160.860,2624233.200,128.7200,0.7503,3.7000,0.2364,-1
KHAPRETA_510206,312161.860,2624233.200,128.7200,0.5281,3.7000,0.2364,-1
KHAPRETA_510206,312164.860,2624233.200,128.7400,0.0000,3.6800,0.2351,-1
KHAPRETA_510206,312166.860,2624233.200,128.7900,0.4631,3.6300,0.2319,-1
KHAPRETA_510206,312174.860,2624233.200,128.8500,0.4533,3.5700,0.2281,-1
KHAPRETA_510206,312175.860,2624233.200,128.8700,0.4631,3.5500,0.2268,-1
KHAPRETA_510206,312186.860,2624233.200,128.9300,0.4081,3.4900,0.2230,-1
KHAPRETA_510206,312189.860,2624233.200,129.1100,0.0000,3.3100,0.2115,-1
KHAPRETA_510206,312191.860,2624233.200,129.3600,0.0000,3.0600,0.1955,-1
KHAPRETA_510206,312194.860,2624233.200,129.3500,0.0000,3.0700,0.1962,-1
KHAPRETA_510206,312201.860,2624233.200,129.3800,0.0000,3.0400,0.1942,-1
KHAPRETA_510206,312203.860,2624233.200,129.6600,0.1519,2.7600,0.1764,-1
KHAPRETA_510206,312204.860,2624233.200,130.0800,0.2005,2.3400,0.1495,-1
KHAPRETA_510206,312207.860,2624233.200,130.3300,0.2869,2.0900,0.1335,-1
KHAPRETA_510206,312212.860,2624233.200,130.3200,0.2769,2.1000,0.1342,-1
KHAPRETA_510206,312215.860,2624233.200,130.3800,0.0000,2.0400,0.1304,-1
KHAPRETA_510206,312218.860,2624233.200,130.4300,0.2719,1.9900,0.1272,-1
KHAPRETA_510206,312221.860,2624233.200,130.4000,0.0000,2.0200,0.1291,-1
KHAPRETA_510206,312223.860,2624233.200,130.5200,0.3569,1.9000,0.1214,-1
KHAPRETA_510206,312224.860,2624233.200,130.4900,0.3719,1.9300,0.1233,-1
KHAPRETA_510206,312228.860,2624233.200,130.4800,0.3869,1.9400,0.1240,-1
KHAPRETA_510206,312231.860,2624233.200,130.4400,0.3069,1.9800,0.1265,-1
KHAPRETA_510206,312232.860,2624233.200,130.3900,0.3319,2.0300,0.1297,-1
KHAPRETA_510206,312236.860,2624233.200,129.9900,1.0919,2.4300,0.1553,-1
KHAPRETA_510206,312237.860,2624233.200,131.9400,1.0076,0.4800,0.0307,-1
KHAPRETA_510206,312239.860,2624233.200,131.8500,0.4950,0.5700,0.0364,-1
KHAPRETA_510206,312245.860,2624233.200,129.9800,0.1119,2.4400,0.1559,-1
KHAPRETA_510206,312248.860,2624233.200,130.1200,0.0000,2.3000,0.1470,-1
KHAPRETA_510206,312250.860,2624233.200,130.0500,0.1319,2.3700,0.1514,-1
KHAPRETA_510206,312251.860,2624233.200,130.0400,0.1902,2.3800,0.1521,-1
KHAPRETA_510206,312253.860,2624233.200,130.0600,0.1469,2.3600,0.1508,-1
KHAPRETA_510206,312254.860,2624233.200,130.0700,0.1419,2.3500,0.1502,-1
KHAPRETA_510206,312256.860,2624233.200,130.0900,0.1619,2.3300,0.1489,-1
KHAPRETA_510206,312257.860,2624233.200,130.1000,0.1570,2.3200,0.1482,-1
KHAPRETA_510206,312258.860,2624233.200,130.1000,0.1619,2.3200,0.1482,-1
KHAPRETA_510206,312262.860,2624233.200,130.1300,0.1869,2.2900,0.1463,-1
KHAPRETA_510206,312273.860,2624233.200,130.2600,0.0000,2.1600,0.1380,-1
KHAPRETA_510206,312275.860,2624233.200,130.8300,0.0750,1.5900,0.1016,-1
KHAPRETA_510206,312279.860,2624233.200,130.8400,0.0000,1.5800,0.1010,-1
KHAPRETA_510206,312283.860,2624233.200,130.9500,0.0300,1.4700,0.0939,-1
KHAPRETA_510206,312285.860,2624233.200,130.9700,0.0000,1.4500,0.0927,-1
KHAPRETA_510206,312292.860,2624233.200,130.9900,0.0000,1.4300,0.0914,-1
KHAPRETA_510206,312299.860,2624233.200,130.8400,0.8477,1.5800,0.1010,-1
KHAPRETA_510206,312300.860,2624233.200,130.9800,0.5319,1.4400,0.0920,-1
KHAPRETA_510206,312303.860,2624233.200,130.9000,0.6219,1.5200,0.0971,-1
KHAPRETA_510206,312311.860,2624233.200,130.8500,0.0000,1.5700,0.1003,-1
KHAPRETA_510206,312313.860,2624233.200,130.7700,0.5319,1.6500,0.1054,-1
KHAPRETA_510206,312314.860,2624233.200,130.8400,0.0100,1.5800,0.1010,-1
KHAPRETA_510206,312315.860,2624233.200,130.7900,0.5319,1.6300,0.1042,-1
KHAPRETA_510206,312317.860,2624233.200,131.1000,0.0000,1.3200,0.0843,-1
KHAPRETA_510206,312319.860,2624233.200,130.9000,0.0000,1.5200,0.0971,-1
KHAPRETA_510206,312322.860,2624233.200,131.0800,0.0000,1.3400,0.0856,-1
KHAPRETA_510206,312330.860,2624233.200,131.2200,0.7019,1.2000,0.0767,-1
KHAPRETA_510206,312333.860,2624233.200,131.1800,0.7269,1.2400,0.0792,-1
KHAPRETA_510206,312335.860,2624233.200,131.2700,0.0000,1.1500,0.0735,-1
KHAPRETA_510206,312339.860,2624233.200,131.3000,0.7969,1.1200,0.0716,-1
KHAPRETA_510206,312340.860,2624233.200,131.3700,1.0670,1.0500,0.0671,-1
KHAPRETA_510206,312342.860,2624233.200,131.3200,0.0000,1.1000,0.0703,-1
KHAPRETA_510206,312347.860,2624233.200,131.1700,0.0000,1.2500,0.0799,-1
KHAPRETA_510206,312357.860,2624233.200,132.0000,0.8919,0.4200,0.0268,-1
KHAPRETA_510206,312361.860,2624233.200,131.9400,1.1169,0.4800,0.0307,-1
KHAPRETA_510206,312364.860,2624233.200,132.1300,1.0619,0.2900,0.0185,-1
KHAPRETA_510206,312369.860,2624233.200,131.4300,1.5549,0.9900,0.0633,-1
KHAPRETA_510206,312370.860,2624233.200,132.0000,0.8269,0.4200,0.0268,-1
KHAPRETA_510206,312374.860,2624233.200,131.9700,1.0219,0.4500,0.0288,-1
KHAPRETA_510206,312376.860,2624233.200,132.1700,1.1469,0.2500,0.0160,-1
KHAPRETA_510206,312385.860,2624233.200,132.0100,0.8869,0.4100,0.0262,-1
KHAPRETA_510206,312386.860,2624233.200,131.5500,1.4356,0.8700,0.0556,-1
KHAPRETA_510206,312391.860,2624233.200,132.3400,0.0000,0.0800,0.0051,-1
KHAPRETA_510206,312401.860,2624233.200,131.8100,1.4346,0.6100,0.0390,-1
KHAPRETA_510206,312402.860,2624233.200,131.8000,0.0300,0.6200,0.0396,-1
KHAPRETA_510206,312403.860,2624233.200,131.8700,1.0119,0.5500,0.0351,-1
KHAPRETA_510206,312426.860,2624233.200,132.0200,0.0000,0.4000,0.0256,-1
KHAPRETA_510206,312435.860,2624233.200,132.0800,1.1819,0.3400,0.0217,-1
KHAPRETA_510206,312437.860,2624233.200,132.1600,1.1869,0.2600,0.0166,-1
KHAPRETA_510206,312441.860,2624233.200,132.1700,0.0000,0.2500,0.0160,-1
KHAPRETA_510206,312447.860,2624233.200,132.3100,1.3219,0.1100,0.0070,-1
KHAPRETA_510206,312449.860,2624233.200,132.3400,0.0000,0.0800,0.0051,-1
KHAPRETA_510206,312456.860,2624233.200,132.4100,0.0000,0.0100,0.0006,-1
KHAPRETA_510206,312500.860,2624233.200,132.4200,0.0000,0.0000,0.0000,-1
KHAPRETA_510206,311977.860,2624234.200,127.8700,0.0000,4.5500,0.2907,-1
KHAPRETA_510206,311986.860,2624234.200,127.6700,0.0000,4.7500,0.3035,-1
KHAPRETA_510206,311989.860,2624234.200,127.6100,0.0000,4.8100,0.3073,-1
KHAPRETA_510206,311997.860,2624234.200,127.5100,1.1431,4.9100,0.3137,-1
KHAPRETA_510206,311999.860,2624234.200,127.5000,0.0000,4.9200,0.3144,-1
KHAPRETA_510206,312002.860,2624234.200,127.4600,1.1331,4.9600,0.3169,-1
KHAPRETA_510206,312003.860,2624234.200,127.5100,1.6519,4.9100,0.3137,-1
KHAPRETA_510206,312011.860,2624234.200,127.0700,1.7874,5.3500,0.3419,-1
KHAPRETA_510206,312012.860,2624234.200,127.1600,1.3531,5.2600,0.3361,-1
KHAPRETA_510206,312016.860,2624234.200,127.3800,1.1381,5.0400,0.3220,-1
KHAPRETA_510206,312022.860,2624234.200,127.4500,0.0000,4.9700,0.3176,-1
KHAPRETA_510206,312033.860,2624234.200,126.9200,1.9323,5.5000,0.3514,-1
KHAPRETA_510206,312034.860,2624234.200,127.2400,1.4281,5.1800,0.3310,-1
KHAPRETA_510206,312037.860,2624234.200,127.3000,0.0000,5.1200,0.3272,-1
KHAPRETA_510206,312041.860,2624234.200,131.4800,1.0569,0.9400,0.0601,-1
KHAPRETA_510206,312042.860,2624234.200,131.8900,0.8519,0.5300,0.0339,-1
KHAPRETA_510206,312045.860,2624234.200,130.7000,0.0000,1.7200,0.1099,-1
KHAPRETA_510206,312050.860,2624234.200,130.3700,0.0000,2.0500,0.1310,-1
KHAPRETA_510206,312064.860,2624234.200,131.2700,1.7801,1.1500,0.0735,-1
KHAPRETA_510206,312065.860,2624234.200,126.3300,1.9609,6.0900,0.3891,-1
KHAPRETA_510206,312074.860,2624234.200,124.0200,2.9881,8.4000,0.5367,-1
KHAPRETA_510206,312077.860,2624234.200,124.0400,0.0700,8.3800,0.5355,-1
KHAPRETA_510206,312079.860,2624234.200,124.6800,1.4381,7.7400,0.4946,-1
KHAPRETA_510206,312103.860,2624234.200,127.4600,1.1731,4.9600,0.3169,-1
KHAPRETA_510206,312106.860,2624234.200,128.1900,0.0000,4.2300,0.2703,-1
KHAPRETA_510206,312109.860,2624234.200,128.0300,0.8281,4.3900,0.2805,-1
KHAPRETA_510206,312114.860,2624234.200,128.2100,0.7531,4.2100,0.2690,-1
KHAPRETA_510206,312115.860,2624234.200,128.2700,0.7383,4.1500,0.2652,-1
KHAPRETA_510206,312116.860,2624234.200,128.1700,1.0756,4.2500,0.2716,-1
KHAPRETA_510206,312118.860,2624234.200,128.4600,0.0000,3.9600,0.2530,-1
KHAPRETA_510206,312121.860,2624234.200,128.7100,0.8031,3.7100,0.2371,-1
KHAPRETA_510206,312122.860,2624234.200,128.1700,0.7863,4.2500,0.2716,-1
KHAPRETA_510206,312124.860,2624234.200,128.4100,0.0000,4.0100,0.2562,-1
KHAPRETA_510206,312126.860,2624234.200,128.7300,0.6231,3.6900,0.2358,-1
KHAPRETA_510206,312127.860,2624234.200,128.5300,0.7685,3.8900,0.2486,-1
KHAPRETA_510206,312130.860,2624234.200,128.3400,0.0000,4.0800,0.2607,-1
KHAPRETA_510206,312132.860,2624234.200,128.3800,0.0000,4.0400,0.2581,-1
KHAPRETA_510206,312136.860,2624234.200,128.4400,0.0000,3.9800,0.2543,-1
KHAPRETA_510206,312139.860,2624234.200,128.8300,0.0000,3.5900,0.2294,-1
KHAPRETA_510206,312146.860,2624234.200,128.4700,0.0000,3.9500,0.2524,-1
KHAPRETA_510206,312148.860,2624234.200,128.8100,0.6681,3.6100,0.2307,-1
KHAPRETA_510206,312169.860,2624234.200,128.8200,0.0000,3.6000,0.2300,-1
KHAPRETA_510206,312171.860,2624234.200,128.8200,0.4581,3.6000,0.2300,-1
KHAPRETA_510206,312173.860,2624234.200,128.8900,0.4531,3.5300,0.2256,-1
KHAPRETA_510206,312174.860,2624234.200,128.8700,0.6409,3.5500,0.2268,-1
KHAPRETA_510206,312177.860,2624234.200,128.9400,0.4531,3.4800,0.2224,-1
KHAPRETA_510206,312178.860,2624234.200,128.8700,0.4181,3.5500,0.2268,-1
KHAPRETA_510206,312184.860,2624234.200,128.9500,0.3731,3.4700,0.2217,-1
KHAPRETA_510206,312187.860,2624234.200,129.1100,0.2381,3.3100,0.2115,-1
KHAPRETA_510206,312196.860,2624234.200,129.3400,0.0000,3.0800,0.1968,-1
KHAPRETA_510206,312198.860,2624234.200,129.3700,0.1881,3.0500,0.1949,-1
KHAPRETA_510206,312199.860,2624234.200,129.4000,0.2031,3.0200,0.1930,-1
KHAPRETA_510206,312205.860,2624234.200,130.2800,0.0000,2.1400,0.1367,-1
KHAPRETA_510206,312207.860,2624234.200,130.3500,0.2769,2.0700,0.1323,-1
KHAPRETA_510206,312217.860,2624234.200,130.4600,0.3069,1.9600,0.1252,-1
KHAPRETA_510206,312219.860,2624234.200,130.3700,0.0000,2.0500,0.1310,-1
KHAPRETA_510206,312222.860,2624234.200,130.5000,0.0000,1.9200,0.1227,-1
KHAPRETA_510206,312228.860,2624234.200,130.5500,0.0050,1.8700,0.1195,-1
KHAPRETA_510206,312230.860,2624234.200,130.4100,0.0000,2.0100,0.1284,-1
KHAPRETA_510206,312237.860,2624234.200,131.7800,1.5160,0.6400,0.0409,-1
KHAPRETA_510206,312238.860,2624234.200,131.9000,0.4950,0.5200,0.0332,-1
KHAPRETA_510206,312239.860,2624234.200,130.7900,1.0845,1.6300,0.1042,-1
KHAPRETA_510206,312245.860,2624234.200,130.0000,0.1098,2.4200,0.1546,-1
KHAPRETA_510206,312246.860,2624234.200,129.9900,0.1119,2.4300,0.1553,-1
KHAPRETA_510206,312249.860,2624234.200,130.0400,0.0000,2.3800,0.1521,-1
KHAPRETA_510206,312253.860,2624234.200,130.0700,0.1419,2.3500,0.1502,-1
KHAPRETA_510206,312257.860,2624234.200,130.0900,0.1619,2.3300,0.1489,-1
KHAPRETA_510206,312262.860,2624234.200,130.1500,0.1920,2.2700,0.1450,-1
KHAPRETA_510206,312263.860,2624234.200,130.1600,0.1869,2.2600,0.1444,-1
KHAPRETA_510206,312267.860,2624234.200,130.1900,0.0000,2.2300,0.1425,-1
KHAPRETA_510206,312275.860,2624234.200,130.8700,0.5269,1.5500,0.0990,-1
KHAPRETA_510206,312283.860,2624234.200,130.9300,0.5869,1.4900,0.0952,-1
KHAPRETA_510206,312287.860,2624234.200,130.9400,0.6119,1.4800,0.0946,-1
KHAPRETA_510206,312297.860,2624234.200,131.0800,0.6519,1.3400,0.0856,-1
KHAPRETA_510206,312304.860,2624234.200,131.0200,0.5969,1.4000,0.0895,-1
KHAPRETA_510206,312306.860,2624234.200,131.0900,0.0000,1.3300,0.0850,-1
KHAPRETA_510206,312308.860,2624234.200,131.0900,0.6069,1.3300,0.0850,-1
KHAPRETA_510206,312317.860,2624234.200,130.9000,0.8683,1.5200,0.0971,-1
KHAPRETA_510206,312318.860,2624234.200,130.9000,0.5619,1.5200,0.0971,-1
KHAPRETA_510206,312321.860,2624234.200,131.0800,0.0000,1.3400,0.0856,-1
KHAPRETA_510206,312323.860,2624234.200,131.0900,0.6969,1.3300,0.0850,-1
KHAPRETA_510206,312324.860,2624234.200,131.1700,0.0550,1.2500,0.0799,-1
KHAPRETA_510206,312325.860,2624234.200,131.2000,0.0000,1.2200,0.0780,-1
KHAPRETA_510206,312326.860,2624234.200,131.1700,1.0211,1.2500,0.0799,-1
KHAPRETA_510206,312330.860,2624234.200,131.1800,1.0104,1.2400,0.0792,-1
KHAPRETA_510206,312331.860,2624234.200,131.1900,0.7019,1.2300,0.0786,-1
KHAPRETA_510206,312334.860,2624234.200,131.2700,0.0000,1.1500,0.0735,-1
KHAPRETA_510206,312340.860,2624234.200,131.2700,1.0991,1.1500,0.0735,-1
KHAPRETA_510206,312341.860,2624234.200,131.2900,1.0850,1.1300,0.0722,-1
KHAPRETA_510206,312346.860,2624234.200,131.1800,0.0000,1.2400,0.0792,-1
KHAPRETA_510206,312348.860,2624234.200,131.3200,0.0000,1.1000,0.0703,-1
KHAPRETA_510206,312350.860,2624234.200,131.3000,0.0000,1.1200,0.0716,-1
KHAPRETA_510206,312354.860,2624234.200,131.7000,1.0319,0.7200,0.0460,-1
KHAPRETA_510206,312358.860,2624234.200,132.1100,1.1819,0.3100,0.0198,-1
KHAPRETA_510206,312359.860,2624234.200,132.1400,0.0300,0.2800,0.0179,-1
KHAPRETA_510206,312360.860,2624234.200,132.1700,1.6539,0.2500,0.0160,-1
KHAPRETA_510206,312364.860,2624234.200,131.9000,1.6191,0.5200,0.0332,-1
KHAPRETA_510206,312365.860,2624234.200,132.0000,1.5160,0.4200,0.0268,-1
KHAPRETA_510206,312378.860,2624234.200,132.1100,0.0000,0.3100,0.0198,-1
KHAPRETA_510206,312380.860,2624234.200,132.1300,0.0000,0.2900,0.0185,-1
KHAPRETA_510206,312387.860,2624234.200,132.1200,0.0000,0.3000,0.0192,-1
KHAPRETA_510206,312390.860,2624234.200,132.1500,0.0000,0.2700,0.0173,-1
KHAPRETA_510206,312406.860,2624234.200,131.8500,0.0000,0.5700,0.0364,-1
KHAPRETA_510206,312413.860,2624234.200,131.9300,0.0000,0.4900,0.0313,-1
KHAPRETA_510206,312416.860,2624234.200,132.0800,0.0000,0.3400,0.0217,-1
KHAPRETA_510206,312432.860,2624234.200,132.0900,1.1869,0.3300,0.0211,-1
KHAPRETA_510206,312434.860,2624234.200,132.1600,1.6645,0.2600,0.0166,-1
KHAPRETA_510206,312435.860,2624234.200,132.1400,1.6576,0.2800,0.0179,-1
KHAPRETA_510206,311976.860,2624235.200,127.8000,0.7481,4.6200,0.2952,-1
KHAPRETA_510206,311981.860,2624235.200,128.0600,0.0000,4.3600,0.2786,-1
KHAPRETA_510206,311987.860,2624235.200,127.6000,0.0000,4.8200,0.3080,-1
KHAPRETA_510206,311997.860,2624235.200,127.4900,1.1331,4.9300,0.3150,-1
KHAPRETA_510206,312002.860,2624235.200,127.5200,1.1581,4.9000,0.3131,-1
KHAPRETA_510206,312004.860,2624235.200,127.3800,1.2031,5.0400,0.3220,-1
KHAPRETA_510206,312005.860,2624235.200,127.3700,1.6802,5.0500,0.3227,-1
KHAPRETA_510206,312016.860,2624235.200,127.5000,1.1981,4.9200,0.3144,-1
KHAPRETA_510206,312019.860,2624235.200,127.4900,0.0000,4.9300,0.3150,-1
KHAPRETA_510206,312051.860,2624235.200,131.2300,0.0000,1.1900,0.0760,-1
KHAPRETA_510206,312063.860,2624235.200,132.0200,0.0000,0.4000,0.0256,-1
KHAPRETA_510206,312066.860,2624235.200,130.8500,6.4231,1.5700,0.1003,-1
KHAPRETA_510206,312069.860,2624235.200,123.3900,3.0431,9.0300,0.5770,-1
KHAPRETA_510206,312070.860,2624235.200,123.6900,3.1931,8.7300,0.5578,-1
KHAPRETA_510206,312072.860,2624235.200,123.9200,2.9981,8.5000,0.5431,-1
KHAPRETA_510206,312073.860,2624235.200,123.7800,0.0600,8.6400,0.5521,-1
KHAPRETA_510206,312074.860,2624235.200,123.8000,4.1559,8.6200,0.5508,-1
KHAPRETA_510206,312077.860,2624235.200,123.8700,2.8681,8.5500,0.5463,-1
KHAPRETA_510206,312079.860,2624235.200,126.9000,1.5287,5.5200,0.3527,-1
KHAPRETA_510206,312080.860,2624235.200,126.8000,1.8878,5.6200,0.3591,-1
KHAPRETA_510206,312084.860,2624235.200,127.7500,0.0000,4.6700,0.2984,-1
KHAPRETA_510206,312100.860,2624235.200,132.3700,1.1831,0.0500,0.0032,-1
KHAPRETA_510206,312101.860,2624235.200,127.4100,1.2969,5.0100,0.3201,-1
KHAPRETA_510206,312104.860,2624235.200,127.4600,0.0000,4.9600,0.3169,-1
KHAPRETA_510206,312109.860,2624235.200,128.1200,0.8731,4.3000,0.2748,-1
KHAPRETA_510206,312111.860,2624235.200,128.1700,0.0000,4.2500,0.2716,-1
KHAPRETA_510206,312116.860,2624235.200,128.2400,0.8031,4.1800,0.2671,-1
KHAPRETA_510206,312125.860,2624235.200,128.6100,0.7081,3.8100,0.2435,-1
KHAPRETA_510206,312127.860,2624235.200,128.6500,0.0750,3.7700,0.2409,-1
KHAPRETA_510206,312131.860,2624235.200,128.6000,0.6881,3.8200,0.2441,-1
KHAPRETA_510206,312134.860,2624235.200,128.3900,0.0000,4.0300,0.2575,-1
KHAPRETA_510206,312140.860,2624235.200,128.8300,0.0000,3.5900,0.2294,-1
KHAPRETA_510206,312144.860,2624235.200,128.9600,0.0000,3.4600,0.2211,-1
KHAPRETA_510206,312151.860,2624235.200,128.7400,0.0000,3.6800,0.2351,-1
KHAPRETA_510206,312153.860,2624235.200,128.4900,0.6131,3.9300,0.2511,-1
KHAPRETA_510206,312159.860,2624235.200,128.7600,0.5231,3.6600,0.2339,-1
KHAPRETA_510206,312160.860,2624235.200,128.7300,0.5081,3.6900,0.2358,-1
KHAPRETA_510206,312165.860,2624235.200,128.7600,0.4631,3.6600,0.2339,-1
KHAPRETA_510206,312166.860,2624235.200,128.8500,0.5081,3.5700,0.2281,-1
KHAPRETA_510206,312171.860,2624235.200,128.8600,0.6690,3.5600,0.2275,-1
KHAPRETA_510206,312172.860,2624235.200,128.8400,0.4581,3.5800,0.2288,-1
KHAPRETA_510206,312184.860,2624235.200,129.0300,0.4131,3.3900,0.2166,-1
KHAPRETA_510206,312187.860,2624235.200,129.3000,0.3331,3.1200,0.1994,-1
KHAPRETA_510206,312193.860,2624235.200,129.3100,0.0000,3.1100,0.1987,-1
KHAPRETA_510206,312195.860,2624235.200,129.3600,0.0000,3.0600,0.1955,-1
KHAPRETA_510206,312201.860,2624235.200,129.4000,0.0000,3.0200,0.1930,-1
KHAPRETA_510206,312204.860,2624235.200,129.8400,0.0000,2.5800,0.1649,-1
KHAPRETA_510206,312213.860,2624235.200,130.3000,0.0000,2.1200,0.1355,-1
KHAPRETA_510206,312217.860,2624235.200,130.3900,0.3419,2.0300,0.1297,-1
KHAPRETA_510206,312228.860,2624235.200,130.4700,0.3869,1.9500,0.1246,-1
KHAPRETA_510206,312233.860,2624235.200,130.2100,0.3108,2.2100,0.1412,-1
KHAPRETA_510206,312234.860,2624235.200,130.1900,0.2169,2.2300,0.1425,-1
KHAPRETA_510206,312236.860,2624235.200,130.3100,0.2969,2.1100,0.1348,-1
KHAPRETA_510206,312239.860,2624235.200,131.4100,0.8338,1.0100,0.0645,-1
KHAPRETA_510206,312240.860,2624235.200,131.1000,0.4850,1.3200,0.0843,-1
KHAPRETA_510206,312241.860,2624235.200,130.4400,0.6619,1.9800,0.1265,-1
KHAPRETA_510206,312245.860,2624235.200,130.0300,0.0000,2.3900,0.1527,-1
KHAPRETA_510206,312262.860,2624235.200,130.1400,0.0050,2.2800,0.1457,-1
KHAPRETA_510206,312268.860,2624235.200,130.1800,0.0000,2.2400,0.1431,-1
KHAPRETA_510206,312270.860,2624235.200,130.1900,0.0000,2.2300,0.1425,-1
KHAPRETA_510206,312273.860,2624235.200,130.1900,0.2069,2.2300,0.1425,-1
KHAPRETA_510206,312276.860,2624235.200,130.7700,0.5369,1.6500,0.1054,-1
KHAPRETA_510206,312281.860,2624235.200,130.9100,0.5369,1.5100,0.0965,-1
KHAPRETA_510206,312284.860,2624235.200,130.9400,0.0000,1.4800,0.0946,-1
KHAPRETA_510206,312287.860,2624235.200,131.0000,0.5819,1.4200,0.0907,-1
KHAPRETA_510206,312297.860,2624235.200,131.0800,0.0050,1.3400,0.0856,-1
KHAPRETA_510206,312304.860,2624235.200,130.9700,0.6219,1.4500,0.0927,-1
KHAPRETA_510206,312308.860,2624235.200,130.9900,0.6569,1.4300,0.0914,-1
KHAPRETA_510206,312311.860,2624235.200,130.9900,0.8753,1.4300,0.0914,-1
KHAPRETA_510206,312312.860,2624235.200,130.9100,0.6069,1.5100,0.0965,-1
KHAPRETA_510206,312314.860,2624235.200,131.0600,0.0000,1.3600,0.0869,-1
KHAPRETA_510206,312319.860,2624235.200,131.0800,0.6719,1.3400,0.0856,-1
KHAPRETA_510206,312326.860,2624235.200,131.2400,0.6969,1.1800,0.0754,-1
KHAPRETA_510206,312335.860,2624235.200,131.2700,0.0000,1.1500,0.0735,-1
KHAPRETA_510206,312341.860,2624235.200,131.3500,0.7569,1.0700,0.0684,-1
KHAPRETA_510206,312343.860,2624235.200,131.3000,0.0000,1.1200,0.0716,-1
KHAPRETA_510206,312345.860,2624235.200,131.2700,0.0000,1.1500,0.0735,-1
KHAPRETA_510206,312352.860,2624235.200,131.5700,0.9619,0.8500,0.0543,-1
KHAPRETA_510206,312353.860,2624235.200,131.7000,1.0457,0.7200,0.0460,-1
KHAPRETA_510206,312354.860,2624235.200,131.8400,0.9682,0.5800,0.0371,-1
KHAPRETA_510206,312356.860,2624235.200,131.9500,0.0000,0.4700,0.0300,-1
KHAPRETA_510206,312360.860,2624235.200,132.0900,1.1969,0.3300,0.0211,-1
KHAPRETA_510206,312365.860,2624235.200,131.9400,1.1119,0.4800,0.0307,-1
KHAPRETA_510206,312372.860,2624235.200,131.8500,1.1419,0.5700,0.0364,-1
KHAPRETA_510206,312373.860,2624235.200,132.0600,0.1300,0.3600,0.0230,-1
KHAPRETA_510206,312374.860,2624235.200,132.1100,1.6114,0.3100,0.0198,-1
KHAPRETA_510206,312377.860,2624235.200,132.3400,0.0000,0.0800,0.0051,-1
KHAPRETA_510206,312379.860,2624235.200,131.9600,0.0000,0.4600,0.0294,-1
KHAPRETA_510206,312386.860,2624235.200,132.2200,1.2469,0.2000,0.0128,-1
KHAPRETA_510206,312388.860,2624235.200,132.2900,0.0000,0.1300,0.0083,-1
KHAPRETA_510206,312393.860,2624235.200,132.3400,0.9519,0.0800,0.0051,-1
KHAPRETA_510206,312401.860,2624235.200,131.8400,1.4594,0.5800,0.0371,-1
KHAPRETA_510206,312402.860,2624235.200,131.8400,1.0319,0.5800,0.0371,-1
KHAPRETA_510206,312404.860,2624235.200,131.8400,1.0919,0.5800,0.0371,-1
KHAPRETA_510206,312408.860,2624235.200,132.3600,1.6840,0.0600,0.0038,-1
KHAPRETA_510206,312409.860,2624235.200,132.3400,1.2919,0.0800,0.0051,-1
KHAPRETA_510206,312415.860,2624235.200,131.9600,0.0000,0.4600,0.0294,-1
KHAPRETA_510206,312421.860,2624235.200,132.0000,1.1419,0.4200,0.0268,-1
KHAPRETA_510206,312422.860,2624235.200,132.0600,1.1119,0.3600,0.0230,-1
KHAPRETA_510206,312427.860,2624235.200,132.4000,1.1569,0.0200,0.0013,-1
KHAPRETA_510206,312430.860,2624235.200,132.0700,0.0000,0.3500,0.0224,-1
KHAPRETA_510206,312432.860,2624235.200,132.1500,1.1569,0.2700,0.0173,-1
KHAPRETA_510206,312434.860,2624235.200,132.1200,1.1919,0.3000,0.0192,-1
KHAPRETA_510206,312444.860,2624235.200,132.3300,0.0000,0.0900,0.0058,-1
KHAPRETA_510206,311976.860,2624236.200,128.2800,0.0550,4.1400,0.2645,-1
KHAPRETA_510206,311978.860,2624236.200,128.2500,0.0000,4.1700,0.2665,-1
KHAPRETA_510206,311980.860,2624236.200,127.6500,0.0000,4.7700,0.3048,-1
KHAPRETA_510206,311985.860,2624236.200,127.5300,1.1031,4.8900,0.3125,-1
KHAPRETA_510206,311989.860,2624236.200,127.5000,1.1681,4.9200,0.3144,-1
KHAPRETA_510206,311993.860,2624236.200,127.5600,0.0000,4.8600,0.3105,-1
KHAPRETA_510206,312005.860,2624236.200,127.4200,1.6803,5.0000,0.3195,-1
KHAPRETA_510206,312006.860,2624236.200,127.4300,0.0100,4.9900,0.3188,-1
KHAPRETA_510206,312007.860,2624236.200,127.4000,1.1731,5.0200,0.3208,-1
KHAPRETA_510206,312014.860,2624236.200,127.2800,0.0000,5.1400,0.3284,-1
KHAPRETA_510206,312017.860,2624236.200,127.3800,0.0000,5.0400,0.3220,-1
KHAPRETA_510206,312034.860,2624236.200,127.7200,0.0000,4.7000,0.3003,-1
KHAPRETA_510206,312038.860,2624236.200,129.7200,0.0000,2.7000,0.1725,-1
KHAPRETA_510206,312056.860,2624236.200,132.0000,0.0000,0.4200,0.0268,-1
KHAPRETA_510206,312066.860,2624236.200,116.9300,0.5369,15.4900,0.9898,-1
KHAPRETA_510206,312071.860,2624236.200,123.9100,0.0000,8.5100,0.5438,-1
KHAPRETA_510206,312079.860,2624236.200,123.9800,1.9008,8.4400,0.5393,-1
KHAPRETA_510206,312080.860,2624236.200,127.3300,3.2578,5.0900,0.3252,-1
KHAPRETA_510206,312083.860,2624236.200,128.8400,0.4631,3.5800,0.2288,-1
KHAPRETA_510206,312098.860,2624236.200,132.2700,1.1631,0.1500,0.0096,-1
KHAPRETA_510206,312106.860,2624236.200,127.8500,0.0000,4.5700,0.2920,-1
KHAPRETA_510206,312110.860,2624236.200,128.1400,0.0000,4.2800,0.2735,-1
KHAPRETA_510206,312112.860,2624236.200,128.1700,0.0000,4.2500,0.2716,-1
KHAPRETA_510206,312117.860,2624236.200,128.1900,0.9660,4.2300,0.2703,-1
KHAPRETA_510206,312118.860,2624236.200,128.4100,0.1500,4.0100,0.2562,-1
KHAPRETA_510206,312119.860,2624236.200,128.4900,1.0167,3.9300,0.2511,-1
KHAPRETA_510206,312121.860,2624236.200,128.3100,0.7831,4.1100,0.2626,-1
KHAPRETA_510206,312125.860,2624236.200,128.3600,0.1850,4.0600,0.2594,-1
KHAPRETA_510206,312127.860,2624236.200,128.3800,0.5631,4.0400,0.2581,-1
KHAPRETA_510206,312129.860,2624236.200,128.5900,0.7331,3.8300,0.2447,-1
KHAPRETA_510206,312131.860,2624236.200,128.4000,0.8495,4.0200,0.2569,-1
KHAPRETA_510206,312132.860,2624236.200,128.5500,0.0950,3.8700,0.2473,-1
KHAPRETA_510206,312133.860,2624236.200,128.5900,0.8124,3.8300,0.2447,-1
KHAPRETA_510206,312137.860,2624236.200,128.7300,0.0000,3.6900,0.2358,-1
KHAPRETA_510206,312141.860,2624236.200,128.5100,0.0000,3.9100,0.2498,-1
KHAPRETA_510206,312143.860,2624236.200,128.8000,0.0000,3.6200,0.2313,-1
KHAPRETA_510206,312145.860,2624236.200,128.6500,0.6081,3.7700,0.2409,-1
KHAPRETA_510206,312148.860,2624236.200,128.5000,0.0000,3.9200,0.2505,-1
KHAPRETA_510206,312152.860,2624236.200,128.4500,0.6131,3.9700,0.2537,-1
KHAPRETA_510206,312153.860,2624236.200,128.5500,0.6463,3.8700,0.2473,-1
KHAPRETA_510206,312154.860,2624236.200,128.5800,0.0200,3.8400,0.2454,-1
KHAPRETA_510206,312155.860,2624236.200,128.5100,0.5981,3.9100,0.2498,-1
KHAPRETA_510206,312168.860,2624236.200,128.8200,0.0000,3.6000,0.2300,-1
KHAPRETA_510206,312174.860,2624236.200,128.8900,0.0000,3.5300,0.2256,-1
KHAPRETA_510206,312188.860,2624236.200,129.2500,0.0000,3.1700,0.2026,-1
KHAPRETA_510206,312191.860,2624236.200,129.2800,0.0000,3.1400,0.2006,-1
KHAPRETA_510206,312200.860,2624236.200,129.3800,0.1931,3.0400,0.1942,-1
KHAPRETA_510206,312202.860,2624236.200,129.3200,0.0000,3.1000,0.1981,-1
KHAPRETA_510206,312207.860,2624236.200,130.1400,0.2819,2.2800,0.1457,-1
KHAPRETA_510206,312208.860,2624236.200,130.3400,0.1819,2.0800,0.1329,-1
KHAPRETA_510206,312211.860,2624236.200,130.2600,0.0000,2.1600,0.1380,-1
KHAPRETA_510206,312221.860,2624236.200,130.5200,0.0000,1.9000,0.1214,-1
KHAPRETA_510206,312224.860,2624236.200,130.4700,0.3419,1.9500,0.1246,-1
KHAPRETA_510206,312225.860,2624236.200,130.4600,0.3469,1.9600,0.1252,-1
KHAPRETA_510206,312227.860,2624236.200,130.5500,0.0000,1.8700,0.1195,-1
KHAPRETA_510206,312229.860,2624236.200,130.4100,0.0000,2.0100,0.1284,-1
KHAPRETA_510206,312231.860,2624236.200,130.9400,0.0000,1.4800,0.0946,-1
KHAPRETA_510206,312233.860,2624236.200,130.2400,0.2169,2.1800,0.1393,-1
KHAPRETA_510206,312235.860,2624236.200,130.3300,0.2969,2.0900,0.1335,-1
KHAPRETA_510206,312236.860,2624236.200,130.3700,0.3846,2.0500,0.1310,-1
KHAPRETA_510206,312238.860,2624236.200,130.1700,0.0000,2.2500,0.1438,-1
KHAPRETA_510206,312242.860,2624236.200,130.0100,0.1219,2.4100,0.1540,-1
KHAPRETA_510206,312245.860,2624236.200,130.0000,0.0150,2.4200,0.1546,-1
KHAPRETA_510206,312247.860,2624236.200,130.0400,0.0000,2.3800,0.1521,-1
KHAPRETA_510206,312249.860,2624236.200,130.0500,0.0000,2.3700,0.1514,-1
KHAPRETA_510206,312260.860,2624236.200,130.1400,0.0000,2.2800,0.1457,-1
KHAPRETA_510206,312262.860,2624236.200,130.1400,0.1920,2.2800,0.1457,-1
KHAPRETA_510206,312263.860,2624236.200,130.1600,0.2681,2.2600,0.1444,-1
KHAPRETA_510206,312273.860,2624236.200,130.1900,0.2069,2.2300,0.1425,-1
KHAPRETA_510206,312275.860,2624236.200,130.2900,0.5369,2.1300,0.1361,-1
KHAPRETA_510206,312276.860,2624236.200,130.8500,0.2593,1.5700,0.1003,-1
KHAPRETA_510206,312278.860,2624236.200,130.8600,0.0000,1.5600,0.0997,-1
KHAPRETA_510206,312281.860,2624236.200,130.8500,0.5669,1.5700,0.1003,-1
KHAPRETA_510206,312289.860,2624236.200,131.0200,0.0000,1.4000,0.0895,-1
KHAPRETA_510206,312291.860,2624236.200,130.9700,0.6269,1.4500,0.0927,-1
KHAPRETA_510206,312292.860,2624236.200,131.0300,0.8766,1.3900,0.0888,-1
KHAPRETA_510206,312297.860,2624236.200,131.0900,0.0100,1.3300,0.0850,-1
KHAPRETA_510206,312303.860,2624236.200,131.0400,0.6219,1.3800,0.0882,-1
KHAPRETA_510206,312306.860,2624236.200,131.0600,0.5969,1.3600,0.0869,-1
KHAPRETA_510206,312307.860,2624236.200,130.9700,0.6419,1.4500,0.0927,-1
KHAPRETA_510206,312311.860,2624236.200,131.1100,0.6069,1.3100,0.0837,-1
KHAPRETA_510206,312319.860,2624236.200,131.1200,0.9291,1.3000,0.0831,-1
KHAPRETA_510206,312320.860,2624236.200,131.1000,0.6719,1.3200,0.0843,-1
KHAPRETA_510206,312322.860,2624236.200,131.1300,0.6469,1.2900,0.0824,-1
KHAPRETA_510206,312329.860,2624236.200,131.2800,0.0000,1.1400,0.0728,-1
KHAPRETA_510206,312334.860,2624236.200,131.2800,0.0000,1.1400,0.0728,-1
KHAPRETA_510206,312340.860,2624236.200,131.2900,0.0000,1.1300,0.0722,-1
KHAPRETA_510206,312348.860,2624236.200,131.2600,0.0000,1.1600,0.0741,-1
KHAPRETA_510206,312350.860,2624236.200,131.3800,0.8069,1.0400,0.0665,-1
KHAPRETA_510206,312351.860,2624236.200,131.3900,0.8019,1.0300,0.0658,-1
KHAPRETA_510206,312353.860,2624236.200,131.8500,1.0886,0.5700,0.0364,-1
KHAPRETA_510206,312354.860,2624236.200,131.9200,1.0397,0.5000,0.0319,-1
KHAPRETA_510206,312358.860,2624236.200,132.1600,1.1719,0.2600,0.0166,-1
KHAPRETA_510206,312371.860,2624236.200,132.0400,0.0000,0.3800,0.0243,-1
KHAPRETA_510206,312374.860,2624236.200,132.0500,1.1669,0.3700,0.0236,-1
KHAPRETA_510206,312380.860,2624236.200,132.0900,1.7005,0.3300,0.0211,-1
KHAPRETA_510206,312381.860,2624236.200,132.1100,1.7010,0.3100,0.0198,-1
KHAPRETA_510206,312385.860,2624236.200,132.1700,1.7741,0.2500,0.0160,-1
KHAPRETA_510206,312386.860,2624236.200,132.2700,1.7105,0.1500,0.0096,-1
KHAPRETA_510206,312391.860,2624236.200,132.2400,1.0919,0.1800,0.0115,-1
KHAPRETA_510206,312392.860,2624236.200,131.9600,0.2800,0.4600,0.0294,-1
KHAPRETA_510206,312393.860,2624236.200,131.6800,1.6840,0.7400,0.0473,-1
KHAPRETA_510206,312399.860,2624236.200,131.9100,0.0000,0.5100,0.0326,-1
KHAPRETA_510206,312401.860,2624236.200,131.8400,1.0319,0.5800,0.0371,-1
KHAPRETA_510206,312404.860,2624236.200,131.9600,1.0319,0.4600,0.0294,-1
KHAPRETA_510206,312408.860,2624236.200,131.9600,1.2919,0.4600,0.0294,-1
KHAPRETA_510206,312412.860,2624236.200,131.9200,0.0000,0.5000,0.0319,-1
KHAPRETA_510206,312427.860,2624236.200,132.0900,1.7492,0.3300,0.0211,-1
KHAPRETA_510206,312428.860,2624236.200,132.0900,0.0000,0.3300,0.0211,-1
KHAPRETA_510206,312429.860,2624236.200,132.0900,1.1569,0.3300,0.0211,-1
KHAPRETA_510206,312436.860,2624236.200,132.1500,1.1869,0.2700,0.0173,-1
KHAPRETA_510206,312439.860,2624236.200,132.2100,0.0000,0.2100,0.0134,-1
KHAPRETA_510206,311975.860,2624237.200,127.8400,0.9331,4.5800,0.2927,-1
KHAPRETA_510206,311976.860,2624237.200,127.9100,0.2371,4.5100,0.2882,-1
KHAPRETA_510206,311977.860,2624237.200,128.1900,0.9331,4.2300,0.2703,-1
KHAPRETA_510206,311979.860,2624237.200,127.4400,1.1131,4.9800,0.3182,-1
KHAPRETA_510206,311984.860,2624237.200,127.5200,1.1031,4.9000,0.3131,-1
KHAPRETA_510206,311985.860,2624237.200,127.5700,1.1281,4.8500,0.3099,-1
KHAPRETA_510206,311987.860,2624237.200,127.5200,1.1281,4.9000,0.3131,-1
KHAPRETA_510206,311988.860,2624237.200,127.5200,0.0400,4.9000,0.3131,-1
KHAPRETA_510206,311989.860,2624237.200,127.4400,0.0150,4.9800,0.3182,-1
KHAPRETA_510206,311990.860,2624237.200,127.4900,1.6697,4.9300,0.3150,-1
KHAPRETA_510206,311994.860,2624237.200,127.5400,0.0000,4.8800,0.3118,-1
KHAPRETA_510206,311997.860,2624237.200,127.5100,0.0000,4.9100,0.3137,-1
KHAPRETA_510206,312002.860,2624237.200,127.4700,0.0000,4.9500,0.3163,-1
KHAPRETA_510206,312054.860,2624237.200,130.0900,0.0000,2.3300,0.1489,-1
KHAPRETA_510206,312063.860,2624237.200,124.0500,1.0419,8.3700,0.5348,-1
KHAPRETA_510206,312068.860,2624237.200,123.9500,2.8881,8.4700,0.5412,-1
KHAPRETA_510206,312069.860,2624237.200,124.0000,2.9131,8.4200,0.5380,-1
KHAPRETA_510206,312073.860,2624237.200,123.8100,0.0000,8.6100,0.5502,-1
KHAPRETA_510206,312076.860,2624237.200,123.9700,0.0000,8.4500,0.5399,-1
KHAPRETA_510206,312078.860,2624237.200,124.2500,2.8931,8.1700,0.5220,-1
KHAPRETA_510206,312079.860,2624237.200,123.9900,4.0042,8.4300,0.5387,-1
KHAPRETA_510206,312082.860,2624237.200,129.3600,0.4631,3.0600,0.1955,-1
KHAPRETA_510206,312083.860,2624237.200,128.8500,0.5875,3.5700,0.2281,-1
KHAPRETA_510206,312084.860,2624237.200,130.0700,0.5685,2.3500,0.1502,-1
KHAPRETA_510206,312085.860,2624237.200,129.9400,0.3003,2.4800,0.1585,-1
KHAPRETA_510206,312098.860,2624237.200,127.4500,1.2469,4.9700,0.3176,-1
KHAPRETA_510206,312101.860,2624237.200,127.4100,0.0000,5.0100,0.3201,-1
KHAPRETA_510206,312103.860,2624237.200,127.8800,1.0431,4.5400,0.2901,-1
KHAPRETA_510206,312105.860,2624237.200,127.9900,0.4681,4.4300,0.2831,-1
KHAPRETA_510206,312107.860,2624237.200,128.0400,0.3081,4.3800,0.2799,-1
KHAPRETA_510206,312108.860,2624237.200,129.1600,0.9146,3.2600,0.2083,-1
KHAPRETA_510206,312117.860,2624237.200,128.4100,0.7931,4.0100,0.2562,-1
KHAPRETA_510206,312119.860,2624237.200,128.2700,0.8885,4.1500,0.2652,-1
KHAPRETA_510206,312120.860,2624237.200,128.5500,0.7637,3.8700,0.2473,-1
KHAPRETA_510206,312121.860,2624237.200,128.2100,0.1151,4.2100,0.2690,-1
KHAPRETA_510206,312122.860,2624237.200,128.3600,0.7831,4.0600,0.2594,-1
KHAPRETA_510206,312125.860,2624237.200,128.2400,0.7601,4.1800,0.2671,-1
KHAPRETA_510206,312126.860,2624237.200,128.2800,0.7681,4.1400,0.2645,-1
KHAPRETA_510206,312129.860,2624237.200,128.3100,0.5931,4.1100,0.2626,-1
KHAPRETA_510206,312133.860,2624237.200,128.7100,0.6295,3.7100,0.2371,-1
KHAPRETA_510206,312134.860,2624237.200,128.5300,0.1400,3.8900,0.2486,-1
KHAPRETA_510206,312135.860,2624237.200,128.4300,0.6231,3.9900,0.2550,-1
KHAPRETA_510206,312145.860,2624237.200,128.5600,0.7419,3.8600,0.2466,-1
KHAPRETA_510206,312146.860,2624237.200,128.8100,0.6081,3.6100,0.2307,-1
KHAPRETA_510206,312149.860,2624237.200,128.6700,0.0000,3.7500,0.2396,-1
KHAPRETA_510206,312156.860,2624237.200,128.4800,0.0000,3.9400,0.2518,-1
KHAPRETA_510206,312158.860,2624237.200,128.5900,0.6081,3.8300,0.2447,-1
KHAPRETA_510206,312160.860,2624237.200,128.8500,0.0000,3.5700,0.2281,-1
KHAPRETA_510206,312164.860,2624237.200,128.7600,0.5031,3.6600,0.2339,-1
KHAPRETA_510206,312166.860,2624237.200,128.7900,0.0000,3.6300,0.2319,-1
KHAPRETA_510206,312171.860,2624237.200,128.8400,0.0000,3.5800,0.2288,-1
KHAPRETA_510206,312179.860,2624237.200,129.0100,0.0000,3.4100,0.2179,-1
KHAPRETA_510206,312181.860,2624237.200,129.0300,0.0000,3.3900,0.2166,-1
KHAPRETA_510206,312183.860,2624237.200,129.2900,0.0000,3.1300,0.2000,-1
KHAPRETA_510206,312186.860,2624237.200,129.2500,0.0000,3.1700,0.2026,-1
KHAPRETA_510206,312195.860,2624237.200,129.3600,0.2081,3.0600,0.1955,-1
KHAPRETA_510206,312199.860,2624237.200,129.3600,0.1931,3.0600,0.1955,-1
KHAPRETA_510206,312200.860,2624237.200,129.3900,0.2081,3.0300,0.1936,-1
KHAPRETA_510206,312205.860,2624237.200,129.8000,0.0000,2.6200,0.1674,-1
KHAPRETA_510206,312209.860,2624237.200,130.3200,0.0000,2.1000,0.1342,-1
KHAPRETA_510206,312218.860,2624237.200,130.4200,0.0000,2.0000,0.1278,-1
KHAPRETA_510206,312242.860,2624237.200,130.0200,0.1169,2.4000,0.1534,-1
KHAPRETA_510206,312245.860,2624237.200,130.0000,0.1119,2.4200,0.1546,-1
KHAPRETA_510206,312250.860,2624237.200,130.0800,0.1469,2.3400,0.1495,-1
KHAPRETA_510206,312251.860,2624237.200,130.0700,0.1519,2.3500,0.1502,-1
KHAPRETA_510206,312254.860,2624237.200,130.0700,0.1569,2.3500,0.1502,-1
KHAPRETA_510206,312262.860,2624237.200,130.1500,0.2681,2.2700,0.1450,-1
KHAPRETA_510206,312263.860,2624237.200,130.1700,0.2679,2.2500,0.1438,-1
KHAPRETA_510206,312268.860,2624237.200,130.1900,0.1919,2.2300,0.1425,-1
KHAPRETA_510206,312272.860,2624237.200,130.1800,0.0000,2.2400,0.1431,-1
KHAPRETA_510206,312276.860,2624237.200,130.7000,0.2200,1.7200,0.1099,-1
KHAPRETA_510206,312285.860,2624237.200,131.0000,0.6019,1.4200,0.0907,-1
KHAPRETA_510206,312286.860,2624237.200,130.9800,0.6119,1.4400,0.0920,-1
KHAPRETA_510206,312292.860,2624237.200,131.0600,0.6269,1.3600,0.0869,-1
KHAPRETA_510206,312297.860,2624237.200,131.1000,0.6569,1.3200,0.0843,-1
KHAPRETA_510206,312303.860,2624237.200,131.0200,0.8456,1.4000,0.0895,-1
KHAPRETA_510206,312304.860,2624237.200,130.9000,0.6219,1.5200,0.0971,-1
KHAPRETA_510206,312310.860,2624237.200,131.1000,0.0000,1.3200,0.0843,-1
KHAPRETA_510206,312316.860,2624237.200,131.0700,0.0000,1.3500,0.0863,-1
KHAPRETA_510206,312322.860,2624237.200,131.0700,0.6769,1.3500,0.0863,-1
KHAPRETA_510206,312324.860,2624237.200,131.0800,0.6869,1.3400,0.0856,-1
KHAPRETA_510206,312326.860,2624237.200,131.3500,0.0000,1.0700,0.0684,-1
KHAPRETA_510206,312328.860,2624237.200,131.2800,0.7169,1.1400,0.0728,-1
KHAPRETA_510206,312332.860,2624237.200,131.2400,0.0000,1.1800,0.0754,-1
KHAPRETA_510206,312336.860,2624237.200,131.1900,0.7319,1.2300,0.0786,-1
KHAPRETA_510206,312342.860,2624237.200,131.3100,0.7569,1.1100,0.0709,-1
KHAPRETA_510206,312345.860,2624237.200,131.2800,0.6969,1.1400,0.0728,-1
KHAPRETA_510206,312346.860,2624237.200,131.1700,0.7519,1.2500,0.0799,-1
KHAPRETA_510206,312349.860,2624237.200,131.2500,0.0000,1.1700,0.0748,-1
KHAPRETA_510206,312353.860,2624237.200,132.0800,1.5168,0.3400,0.0217,-1
KHAPRETA_510206,312354.860,2624237.200,131.9900,1.5735,0.4300,0.0275,-1
KHAPRETA_510206,312356.860,2624237.200,132.1500,0.0000,0.2700,0.0173,-1
KHAPRETA_510206,312358.860,2624237.200,132.1200,1.2071,0.3000,0.0192,-1
KHAPRETA_510206,312359.860,2624237.200,132.1900,0.0450,0.2300,0.0147,-1
KHAPRETA_510206,312360.860,2624237.200,132.2100,1.2069,0.2100,0.0134,-1
KHAPRETA_510206,312368.860,2624237.200,132.0800,0.0000,0.3400,0.0217,-1
KHAPRETA_510206,312373.860,2624237.200,132.1800,0.0000,0.2400,0.0153,-1
KHAPRETA_510206,312375.860,2624237.200,132.1700,0.0000,0.2500,0.0160,-1
KHAPRETA_510206,312379.860,2624237.200,132.2800,1.7778,0.1400,0.0089,-1
KHAPRETA_510206,312380.860,2624237.200,132.2500,1.1569,0.1700,0.0109,-1
KHAPRETA_510206,312381.860,2624237.200,132.2700,1.1708,0.1500,0.0096,-1
KHAPRETA_510206,312382.860,2624237.200,132.0600,1.6218,0.3600,0.0230,-1
KHAPRETA_510206,312385.860,2624237.200,132.3000,1.1969,0.1200,0.0077,-1
KHAPRETA_510206,312387.860,2624237.200,132.2200,0.0000,0.2000,0.0128,-1
KHAPRETA_510206,312402.860,2624237.200,131.8600,1.0369,0.5600,0.0358,-1
KHAPRETA_510206,312406.860,2624237.200,131.9400,0.0000,0.4800,0.0307,-1
KHAPRETA_510206,312413.860,2624237.200,131.9700,1.0869,0.4500,0.0288,-1
KHAPRETA_510206,312423.860,2624237.200,132.2400,1.2169,0.1800,0.0115,-1
KHAPRETA_510206,312433.860,2624237.200,132.1600,0.0000,0.2600,0.0166,-1
KHAPRETA_510206,312436.860,2624237.200,132.1500,1.1869,0.2700,0.0173,-1
KHAPRETA_510206,312440.860,2624237.200,132.2200,1.7283,0.2000,0.0128,-1
KHAPRETA_510206,312441.860,2624237.200,132.2600,1.2219,0.1600,0.0102,-1
KHAPRETA_510206,312446.860,2624237.200,132.3100,0.0000,0.1100,0.0070,-1
KHAPRETA_510206,312448.860,2624237.200,132.3800,0.0000,0.0400,0.0026,-1
KHAPRETA_510206,312499.860,2624237.200,132.2700,1.8519,0.1500,0.0096,-1
KHAPRETA_510206,312500.860,2624237.200,132.3800,1.2469,0.0400,0.0026,-1
KHAPRETA_510206,311976.860,2624238.200,127.9600,0.9331,4.4600,0.2850,-1
KHAPRETA_510206,311979.860,2624238.200,127.5500,1.1681,4.8700,0.3112,-1
KHAPRETA_510206,311983.860,2624238.200,127.5400,0.0000,4.8800,0.3118,-1
KHAPRETA_510206,311985.860,2624238.200,127.5500,0.0350,4.8700,0.3112,-1
KHAPRETA_510206,311989.860,2624238.200,127.5000,1.6697,4.9200,0.3144,-1
KHAPRETA_510206,311990.860,2624238.200,127.3900,1.1405,5.0300,0.3214,-1
KHAPRETA_510206,311992.860,2624238.200,127.6000,0.0000,4.8200,0.3080,-1
KHAPRETA_510206,312000.860,2624238.200,127.4300,1.1381,4.9900,0.3188,-1
KHAPRETA_510206,312001.860,2624238.200,127.5000,1.6554,4.9200,0.3144,-1
KHAPRETA_510206,312003.860,2624238.200,127.3300,1.2431,5.0900,0.3252,-1
KHAPRETA_510206,312007.860,2624238.200,127.4900,1.1581,4.9300,0.3150,-1
KHAPRETA_510206,312008.860,2624238.200,127.4600,1.1961,4.9600,0.3169,-1
KHAPRETA_510206,312009.860,2624238.200,127.3200,1.1581,5.1000,0.3259,-1
KHAPRETA_510206,312015.860,2624238.200,127.1900,0.0000,5.2300,0.3342,-1
KHAPRETA_510206,312063.860,2624238.200,131.8600,4.0845,0.5600,0.0358,-1
KHAPRETA_510206,312064.860,2624238.200,123.9500,3.1504,8.4700,0.5412,-1
KHAPRETA_510206,312080.860,2624238.200,128.2300,0.8481,4.1900,0.2677,-1
KHAPRETA_510206,312081.860,2624238.200,128.0800,0.7731,4.3400,0.2773,-1
KHAPRETA_510206,312084.860,2624238.200,130.1000,0.4740,2.3200,0.1482,-1
KHAPRETA_510206,312085.860,2624238.200,130.3000,0.1815,2.1200,0.1355,-1
KHAPRETA_510206,312093.860,2624238.200,127.8600,0.0000,4.5600,0.2914,-1
KHAPRETA_510206,312096.860,2624238.200,127.4600,0.9131,4.9600,0.3169,-1
KHAPRETA_510206,312099.860,2624238.200,127.6500,0.0000,4.7700,0.3048,-1
KHAPRETA_510206,312103.860,2624238.200,127.6900,1.2687,4.7300,0.3022,-1
KHAPRETA_510206,312104.860,2624238.200,128.0900,0.6993,4.3300,0.2767,-1
KHAPRETA_510206,312105.860,2624238.200,128.8400,1.3784,3.5800,0.2288,-1
KHAPRETA_510206,312106.860,2624238.200,130.1900,0.7873,2.2300,0.1425,-1
KHAPRETA_510206,312108.860,2624238.200,129.2000,0.7448,3.2200,0.2058,-1
KHAPRETA_510206,312109.860,2624238.200,128.4200,0.2881,4.0000,0.2556,-1
KHAPRETA_510206,312114.860,2624238.200,128.1900,0.0000,4.2300,0.2703,-1
KHAPRETA_510206,312120.860,2624238.200,128.2500,1.0064,4.1700,0.2665,-1
KHAPRETA_510206,312121.860,2624238.200,128.1800,1.0934,4.2400,0.2709,-1
KHAPRETA_510206,312125.860,2624238.200,128.6300,0.7681,3.7900,0.2422,-1
KHAPRETA_510206,312127.860,2624238.200,128.5900,0.6681,3.8300,0.2447,-1
KHAPRETA_510206,312131.860,2624238.200,128.4400,0.9588,3.9800,0.2543,-1
KHAPRETA_510206,312132.860,2624238.200,128.3100,0.1650,4.1100,0.2626,-1
KHAPRETA_510206,312133.860,2624238.200,128.7700,0.7463,3.6500,0.2332,-1
KHAPRETA_510206,312138.860,2624238.200,128.5600,0.0000,3.8600,0.2466,-1
KHAPRETA_510206,312140.860,2624238.200,128.6800,0.5181,3.7400,0.2390,-1
KHAPRETA_510206,312142.860,2624238.200,128.4700,0.0000,3.9500,0.2524,-1
KHAPRETA_510206,312144.860,2624238.200,128.5500,0.0000,3.8700,0.2473,-1
KHAPRETA_510206,312153.860,2624238.200,128.5000,0.0000,3.9200,0.2505,-1
KHAPRETA_510206,312155.860,2624238.200,128.5400,0.6381,3.8800,0.2479,-1
KHAPRETA_510206,312158.860,2624238.200,128.5600,0.5931,3.8600,0.2466,-1
KHAPRETA_510206,312164.860,2624238.200,128.7700,0.5081,3.6500,0.2332,-1
KHAPRETA_510206,312170.860,2624238.200,128.9200,0.0000,3.5000,0.2236,-1
KHAPRETA_510206,312173.860,2624238.200,128.8600,0.4581,3.5600,0.2275,-1
KHAPRETA_510206,312178.860,2624238.200,128.9100,0.2931,3.5100,0.2243,-1
KHAPRETA_510206,312182.860,2624238.200,129.2200,0.0000,3.2000,0.2045,-1
KHAPRETA_510206,312187.860,2624238.200,129.2700,0.0000,3.1500,0.2013,-1
KHAPRETA_510206,312195.860,2624238.200,129.3600,0.3014,3.0600,0.1955,-1
KHAPRETA_510206,312196.860,2624238.200,129.3400,0.2081,3.0800,0.1968,-1
KHAPRETA_510206,312200.860,2624238.200,129.3900,0.1931,3.0300,0.1936,-1
KHAPRETA_510206,312207.860,2624238.200,130.3900,0.2569,2.0300,0.1297,-1
KHAPRETA_510206,312208.860,2624238.200,130.2900,0.3069,2.1300,0.1361,-1
KHAPRETA_510206,312211.860,2624238.200,130.3300,0.0000,2.0900,0.1335,-1
KHAPRETA_510206,312219.860,2624238.200,130.5400,0.5028,1.8800,0.1201,-1
KHAPRETA_510206,312220.860,2624238.200,130.5400,0.3482,1.8800,0.1201,-1
KHAPRETA_510206,312221.860,2624238.200,130.4800,0.5194,1.9400,0.1240,-1
KHAPRETA_510206,312223.860,2624238.200,130.4900,0.0000,1.9300,0.1233,-1
KHAPRETA_510206,312225.860,2624238.200,130.4600,0.2419,1.9600,0.1252,-1
KHAPRETA_510206,312229.860,2624238.200,130.1300,0.3358,2.2900,0.1463,-1
KHAPRETA_510206,312230.860,2624238.200,130.1700,0.1769,2.2500,0.1438,-1
KHAPRETA_510206,312234.860,2624238.200,130.3600,0.0000,2.0600,0.1316,-1
KHAPRETA_510206,312238.860,2624238.200,130.4300,0.0000,1.9900,0.1272,-1
KHAPRETA_510206,312241.860,2624238.200,131.6500,0.1269,0.7700,0.0492,-1
KHAPRETA_510206,312246.860,2624238.200,130.0400,0.0000,2.3800,0.1521,-1
KHAPRETA_510206,312248.860,2624238.200,130.0600,0.0000,2.3600,0.1508,-1
KHAPRETA_510206,312254.860,2624238.200,130.0900,0.0000,2.3300,0.1489,-1
KHAPRETA_510206,312265.860,2624238.200,130.1900,0.2821,2.2300,0.1425,-1
KHAPRETA_510206,312266.860,2624238.200,130.1800,0.0150,2.2400,0.1431,-1
KHAPRETA_510206,312267.860,2624238.200,130.1600,0.0100,2.2600,0.1444,-1
KHAPRETA_510206,312268.860,2624238.200,130.1600,0.2823,2.2600,0.1444,-1
KHAPRETA_510206,312276.860,2624238.200,130.4100,0.4619,2.0100,0.1284,-1
KHAPRETA_510206,312281.860,2624238.200,130.8800,0.0000,1.5400,0.0984,-1
KHAPRETA_510206,312291.860,2624238.200,131.0300,0.0000,1.3900,0.0888,-1
KHAPRETA_510206,312299.860,2624238.200,131.0100,0.4969,1.4100,0.0901,-1
KHAPRETA_510206,312300.860,2624238.200,130.7700,0.1550,1.6500,0.1054,-1
KHAPRETA_510206,312301.860,2624238.200,130.7000,0.7135,1.7200,0.1099,-1
KHAPRETA_510206,312311.860,2624238.200,131.2000,0.6369,1.2200,0.0780,-1
KHAPRETA_510206,312312.860,2624238.200,131.0500,0.0450,1.3700,0.0875,-1
KHAPRETA_510206,312313.860,2624238.200,131.1100,0.9478,1.3100,0.0837,-1
KHAPRETA_510206,312319.860,2624238.200,131.0900,0.0000,1.3300,0.0850,-1
KHAPRETA_510206,312324.860,2624238.200,131.1500,0.0350,1.2700,0.0812,-1
KHAPRETA_510206,312328.860,2624238.200,131.2100,0.0500,1.2100,0.0773,-1
KHAPRETA_510206,312331.860,2624238.200,131.2900,0.7019,1.1300,0.0722,-1
KHAPRETA_510206,312336.860,2624238.200,131.2400,1.0467,1.1800,0.0754,-1
KHAPRETA_510206,312337.860,2624238.200,131.3200,0.7319,1.1000,0.0703,-1
KHAPRETA_510206,312341.860,2624238.200,131.3000,0.7569,1.1200,0.0716,-1
KHAPRETA_510206,312342.860,2624238.200,131.2900,1.0811,1.1300,0.0722,-1
KHAPRETA_510206,312358.860,2624238.200,132.1200,1.1719,0.3000,0.0192,-1
KHAPRETA_510206,312361.860,2624238.200,132.0400,0.0000,0.3800,0.0243,-1
KHAPRETA_510206,312371.860,2624238.200,131.9900,0.0000,0.4300,0.0275,-1
KHAPRETA_510206,312376.860,2624238.200,132.0600,1.2269,0.3600,0.0230,-1
KHAPRETA_510206,312377.860,2624238.200,132.2300,1.1419,0.1900,0.0121,-1
KHAPRETA_510206,312379.860,2624238.200,132.3300,1.2519,0.0900,0.0058,-1
KHAPRETA_510206,312382.860,2624238.200,131.8500,1.1419,0.5700,0.0364,-1
KHAPRETA_510206,312384.860,2624238.200,132.3200,0.0000,0.1000,0.0064,-1
KHAPRETA_510206,312394.860,2624238.200,131.8600,0.0000,0.5600,0.0358,-1
KHAPRETA_510206,312397.860,2624238.200,132.0400,0.0000,0.3800,0.0243,-1
KHAPRETA_510206,312400.860,2624238.200,131.8900,0.0000,0.5300,0.0339,-1
KHAPRETA_510206,312402.860,2624238.200,131.8500,1.4842,0.5700,0.0364,-1
KHAPRETA_510206,312403.860,2624238.200,131.8900,0.0400,0.5300,0.0339,-1
KHAPRETA_510206,312404.860,2624238.200,131.9300,1.0569,0.4900,0.0313,-1
KHAPRETA_510206,312413.860,2624238.200,131.9500,1.0969,0.4700,0.0300,-1
KHAPRETA_510206,312420.860,2624238.200,132.1600,1.1719,0.2600,0.0166,-1
KHAPRETA_510206,312421.860,2624238.200,132.1200,0.0350,0.3000,0.0192,-1
KHAPRETA_510206,312422.860,2624238.200,132.2300,1.3127,0.1900,0.0121,-1
KHAPRETA_510206,312423.860,2624238.200,132.2100,1.2334,0.2100,0.0134,-1
KHAPRETA_510206,312424.860,2624238.200,132.1100,1.2169,0.3100,0.0198,-1
KHAPRETA_510206,312440.860,2624238.200,132.1800,0.0100,0.2400,0.0153,-1
KHAPRETA_510206,312443.860,2624238.200,132.3000,0.0000,0.1200,0.0077,-1
KHAPRETA_510206,312445.860,2624238.200,132.3000,0.0000,0.1200,0.0077,-1
KHAPRETA_510206,312447.860,2624238.200,132.3100,0.0000,0.1100,0.0070,-1
KHAPRETA_510206,312499.860,2624238.200,132.4100,0.0750,0.0100,0.0006,-1
KHAPRETA_510206,311974.860,2624239.200,127.6100,0.0000,4.8100,0.3073,-1
KHAPRETA_510206,311981.860,2624239.200,127.5700,1.1781,4.8500,0.3099,-1
KHAPRETA_510206,311984.860,2624239.200,127.5600,1.1381,4.8600,0.3105,-1
KHAPRETA_510206,311985.860,2624239.200,127.5000,1.5706,4.9200,0.3144,-1
KHAPRETA_510206,311990.860,2624239.200,127.6400,1.1931,4.7800,0.3054,-1
KHAPRETA_510206,311995.860,2624239.200,127.4700,0.0000,4.9500,0.3163,-1
KHAPRETA_510206,311997.860,2624239.200,127.5300,0.0000,4.8900,0.3125,-1
KHAPRETA_510206,312001.860,2624239.200,127.4400,1.1381,4.9800,0.3182,-1
KHAPRETA_510206,312003.860,2624239.200,127.2900,1.1887,5.1300,0.3278,-1
KHAPRETA_510206,312004.860,2624239.200,127.4000,1.6989,5.0200,0.3208,-1
KHAPRETA_510206,312008.860,2624239.200,127.3900,0.0200,5.0300,0.3214,-1
KHAPRETA_510206,312011.860,2624239.200,127.3400,0.0000,5.0800,0.3246,-1
KHAPRETA_510206,312016.860,2624239.200,127.2500,0.0000,5.1700,0.3304,-1
KHAPRETA_510206,312019.860,2624239.200,127.2300,0.0000,5.1900,0.3316,-1
KHAPRETA_510206,312056.860,2624239.200,117.9200,0.0000,14.5000,0.9265,-1
KHAPRETA_510206,312064.860,2624239.200,123.8300,2.9131,8.5900,0.5489,-1
KHAPRETA_510206,312068.860,2624239.200,123.4500,0.0000,8.9700,0.5732,-1
KHAPRETA_510206,312075.860,2624239.200,124.0600,0.0000,8.3600,0.5342,-1
KHAPRETA_510206,312079.860,2624239.200,124.7600,0.0000,7.6600,0.4895,-1
KHAPRETA_510206,312083.860,2624239.200,127.7700,0.6016,4.6500,0.2971,-1
KHAPRETA_510206,312084.860,2624239.200,129.2800,1.0161,3.1400,0.2006,-1
KHAPRETA_510206,312095.860,2624239.200,128.0100,1.4242,4.4100,0.2818,-1
KHAPRETA_510206,312096.860,2624239.200,127.9500,1.4563,4.4700,0.2856,-1
KHAPRETA_510206,312098.860,2624239.200,127.8000,0.0000,4.6200,0.2952,-1
KHAPRETA_510206,312104.860,2624239.200,128.9800,0.8431,3.4400,0.2198,-1
KHAPRETA_510206,312106.860,2624239.200,128.5100,0.2962,3.9100,0.2498,-1
KHAPRETA_510206,312107.860,2624239.200,130.2000,0.6331,2.2200,0.1419,-1
KHAPRETA_510206,312110.860,2624239.200,128.2500,0.5981,4.1700,0.2665,-1
KHAPRETA_510206,312117.860,2624239.200,128.3100,0.8131,4.1100,0.2626,-1
KHAPRETA_510206,312118.860,2624239.200,128.1500,1.0763,4.2700,0.2728,-1
KHAPRETA_510206,312124.860,2624239.200,128.2400,0.7081,4.1800,0.2671,-1
KHAPRETA_510206,312127.860,2624239.200,128.4400,0.5931,3.9800,0.2543,-1
KHAPRETA_510206,312131.860,2624239.200,128.5400,0.6681,3.8800,0.2479,-1
KHAPRETA_510206,312133.860,2624239.200,128.4300,0.5031,3.9900,0.2550,-1
KHAPRETA_510206,312135.860,2624239.200,128.3800,0.0000,4.0400,0.2581,-1
KHAPRETA_510206,312140.860,2624239.200,128.7400,0.4733,3.6800,0.2351,-1
KHAPRETA_510206,312141.860,2624239.200,128.8300,0.5181,3.5900,0.2294,-1
KHAPRETA_510206,312143.860,2624239.200,128.4800,0.4981,3.9400,0.2518,-1
KHAPRETA_510206,312147.860,2624239.200,128.6700,0.6531,3.7500,0.2396,-1
KHAPRETA_510206,312148.860,2624239.200,128.4700,0.6084,3.9500,0.2524,-1
KHAPRETA_510206,312149.860,2624239.200,128.6300,0.6531,3.7900,0.2422,-1
KHAPRETA_510206,312152.860,2624239.200,128.8300,0.0000,3.5900,0.2294,-1
KHAPRETA_510206,312154.860,2624239.200,128.4500,0.9024,3.9700,0.2537,-1
KHAPRETA_510206,312155.860,2624239.200,128.5000,0.9065,3.9200,0.2505,-1
KHAPRETA_510206,312157.860,2624239.200,128.4900,0.0000,3.9300,0.2511,-1
KHAPRETA_510206,312166.860,2624239.200,128.8900,0.0000,3.5300,0.2256,-1
KHAPRETA_510206,312169.860,2624239.200,128.9600,0.4631,3.4600,0.2211,-1
KHAPRETA_510206,312171.860,2624239.200,128.9500,0.0000,3.4700,0.2217,-1
KHAPRETA_510206,312173.860,2624239.200,128.8600,0.4581,3.5600,0.2275,-1
KHAPRETA_510206,312175.860,2624239.200,128.8700,0.0000,3.5500,0.2268,-1
KHAPRETA_510206,312178.860,2624239.200,129.1900,0.5093,3.2300,0.2064,-1
KHAPRETA_510206,312179.860,2624239.200,129.2400,0.3141,3.1800,0.2032,-1
KHAPRETA_510206,312180.860,2624239.200,129.2400,0.3051,3.1800,0.2032,-1
KHAPRETA_510206,312181.860,2624239.200,129.1700,0.2681,3.2500,0.2077,-1
KHAPRETA_510206,312190.860,2624239.200,129.2800,0.0000,3.1400,0.2006,-1
KHAPRETA_510206,312203.860,2624239.200,129.4000,0.0000,3.0200,0.1930,-1
KHAPRETA_510206,312212.860,2624239.200,130.3900,0.2919,2.0300,0.1297,-1
KHAPRETA_510206,312213.860,2624239.200,130.3600,0.3069,2.0600,0.1316,-1
KHAPRETA_510206,312217.860,2624239.200,130.4700,0.3269,1.9500,0.1246,-1
KHAPRETA_510206,312218.860,2624239.200,130.4300,0.0200,1.9900,0.1272,-1
KHAPRETA_510206,312219.860,2624239.200,130.4300,0.3825,1.9900,0.1272,-1
KHAPRETA_510206,312220.860,2624239.200,130.4700,0.0320,1.9500,0.1246,-1
KHAPRETA_510206,312221.860,2624239.200,130.4800,0.4942,1.9400,0.1240,-1
KHAPRETA_510206,312225.860,2624239.200,130.2600,0.4050,2.1600,0.1380,-1
KHAPRETA_510206,312226.860,2624239.200,130.2100,0.2419,2.2100,0.1412,-1
KHAPRETA_510206,312229.860,2624239.200,130.3200,0.1769,2.1000,0.1342,-1
KHAPRETA_510206,312235.860,2624239.200,130.3200,0.3169,2.1000,0.1342,-1
KHAPRETA_510206,312236.860,2624239.200,130.4100,0.2719,2.0100,0.1284,-1
KHAPRETA_510206,312241.860,2624239.200,130.0300,0.9369,2.3900,0.1527,-1
KHAPRETA_510206,312247.860,2624239.200,130.0300,0.1369,2.3900,0.1527,-1
KHAPRETA_510206,312250.860,2624239.200,130.0400,0.1469,2.3800,0.1521,-1
KHAPRETA_510206,312251.860,2624239.200,130.0700,0.1319,2.3500,0.1502,-1
KHAPRETA_510206,312253.860,2624239.200,130.0600,0.1469,2.3600,0.1508,-1
KHAPRETA_510206,312254.860,2624239.200,130.0700,0.2116,2.3500,0.1502,-1
KHAPRETA_510206,312257.860,2624239.200,130.1300,0.0000,2.2900,0.1463,-1
KHAPRETA_510206,312259.860,2624239.200,130.1400,0.1719,2.2800,0.1457,-1
KHAPRETA_510206,312262.860,2624239.200,130.1700,0.2786,2.2500,0.1438,-1
KHAPRETA_510206,312263.860,2624239.200,130.1800,0.1969,2.2400,0.1431,-1
KHAPRETA_510206,312265.860,2624239.200,130.1700,0.2069,2.2500,0.1438,-1
KHAPRETA_510206,312270.860,2624239.200,130.2000,0.0000,2.2200,0.1419,-1
KHAPRETA_510206,312282.860,2624239.200,130.9500,0.5919,1.4700,0.0939,-1
KHAPRETA_510206,312283.860,2624239.200,130.9600,0.0000,1.4600,0.0933,-1
KHAPRETA_510206,312284.860,2624239.200,130.9500,0.0000,1.4700,0.0939,-1
KHAPRETA_510206,312285.860,2624239.200,130.9600,0.5869,1.4600,0.0933,-1
KHAPRETA_510206,312290.860,2624239.200,131.0000,0.0000,1.4200,0.0907,-1
KHAPRETA_510206,312301.860,2624239.200,130.8000,0.4619,1.6200,0.1035,-1
KHAPRETA_510206,312303.860,2624239.200,130.9200,0.0000,1.5000,0.0958,-1
KHAPRETA_510206,312307.860,2624239.200,130.9400,0.6519,1.4800,0.0946,-1
KHAPRETA_510206,312308.860,2624239.200,131.0800,0.5819,1.3400,0.0856,-1
KHAPRETA_510206,312313.860,2624239.200,131.1800,0.9646,1.2400,0.0792,-1
KHAPRETA_510206,312314.860,2624239.200,131.1700,0.0250,1.2500,0.0799,-1
KHAPRETA_510206,312315.860,2624239.200,131.1300,0.0050,1.2900,0.0824,-1
KHAPRETA_510206,312316.860,2624239.200,131.1800,0.6770,1.2400,0.0792,-1
KHAPRETA_510206,312317.860,2624239.200,131.1200,0.0400,1.3000,0.0831,-1
KHAPRETA_510206,312318.860,2624239.200,131.1000,0.6719,1.3200,0.0843,-1
KHAPRETA_510206,312324.860,2624239.200,131.1500,0.9267,1.2700,0.0812,-1
KHAPRETA_510206,312325.860,2624239.200,131.0200,0.0150,1.4000,0.0895,-1
KHAPRETA_510206,312326.860,2624239.200,131.1200,0.6219,1.3000,0.0831,-1
KHAPRETA_510206,312328.860,2624239.200,131.1800,0.7169,1.2400,0.0792,-1
KHAPRETA_510206,312331.860,2624239.200,131.1800,0.7569,1.2400,0.0792,-1
KHAPRETA_510206,312333.860,2624239.200,131.2000,0.7469,1.2200,0.0780,-1
KHAPRETA_510206,312335.860,2624239.200,131.2600,0.0000,1.1600,0.0741,-1
KHAPRETA_510206,312338.860,2624239.200,131.1900,1.1411,1.2300,0.0786,-1
KHAPRETA_510206,312339.860,2624239.200,131.2600,0.7069,1.1600,0.0741,-1
KHAPRETA_510206,312347.860,2624239.200,131.8700,0.0000,0.5500,0.0351,-1
KHAPRETA_510206,312352.860,2624239.200,131.9300,0.0000,0.4900,0.0313,-1
KHAPRETA_510206,312354.860,2624239.200,132.2300,0.0000,0.1900,0.0121,-1
KHAPRETA_510206,312365.860,2624239.200,131.9600,1.1719,0.4600,0.0294,-1
KHAPRETA_510206,312367.860,2624239.200,132.1700,0.0000,0.2500,0.0160,-1
KHAPRETA_510206,312378.860,2624239.200,132.1600,0.0000,0.2600,0.0166,-1
KHAPRETA_510206,312383.860,2624239.200,132.1400,1.0519,0.2800,0.0179,-1
KHAPRETA_510206,312385.860,2624239.200,131.7300,1.1719,0.6900,0.0441,-1
KHAPRETA_510206,312386.860,2624239.200,132.1200,0.3300,0.3000,0.0192,-1
KHAPRETA_510206,312387.860,2624239.200,132.3900,1.1719,0.0300,0.0019,-1
KHAPRETA_510206,312405.860,2624239.200,131.9300,0.0000,0.4900,0.0313,-1
KHAPRETA_510206,312410.860,2624239.200,131.9300,0.0000,0.4900,0.0313,-1
KHAPRETA_510206,312412.860,2624239.200,131.9700,0.0000,0.4500,0.0288,-1
KHAPRETA_510206,312414.860,2624239.200,132.0200,1.1469,0.4000,0.0256,-1
KHAPRETA_510206,312415.860,2624239.200,132.0700,1.1219,0.3500,0.0224,-1
KHAPRETA_510206,312417.860,2624239.200,132.1500,0.0000,0.2700,0.0173,-1
KHAPRETA_510206,312422.860,2624239.200,132.4000,1.2269,0.0200,0.0013,-1
KHAPRETA_510206,312425.860,2624239.200,132.1000,0.0000,0.3200,0.0204,-1
KHAPRETA_510206,312431.860,2624239.200,132.1400,1.6927,0.2800,0.0179,-1
KHAPRETA_510206,312432.860,2624239.200,132.1600,1.1770,0.2600,0.0166,-1
KHAPRETA_510206,312433.860,2624239.200,132.1500,1.1828,0.2700,0.0173,-1
KHAPRETA_510206,312434.860,2624239.200,132.2500,1.7324,0.1700,0.0109,-1
KHAPRETA_510206,312440.860,2624239.200,132.2400,1.2019,0.1800,0.0115,-1
KHAPRETA_510206,312442.860,2624239.200,132.2500,0.0000,0.1700,0.0109,-1
KHAPRETA_510206,312444.860,2624239.200,132.3400,0.0000,0.0800,0.0051,-1
KHAPRETA_510206,312499.860,2624239.200,132.4200,1.3169,0.0000,0.0000,-1
KHAPRETA_510206,311975.860,2624240.200,128.3900,1.4208,4.0300,0.2575,-1
KHAPRETA_510206,311976.860,2624240.200,127.5500,0.4500,4.8700,0.3112,-1
KHAPRETA_510206,311977.860,2624240.200,127.4900,0.0500,4.9300,0.3150,-1
KHAPRETA_510206,311978.860,2624240.200,127.6500,1.6307,4.7700,0.3048,-1
KHAPRETA_510206,311981.860,2624240.200,127.4200,1.1031,5.0000,0.3195,-1
KHAPRETA_510206,311986.860,2624240.200,127.5900,1.0631,4.8300,0.3086,-1
KHAPRETA_510206,311987.860,2624240.200,127.6500,1.0931,4.7700,0.3048,-1
KHAPRETA_510206,311991.860,2624240.200,127.5500,1.1281,4.8700,0.3112,-1
KHAPRETA_510206,312003.860,2624240.200,127.4100,1.6989,5.0100,0.3201,-1
KHAPRETA_510206,312004.860,2624240.200,127.4600,1.6766,4.9600,0.3169,-1
KHAPRETA_510206,312007.860,2624240.200,127.3700,1.1381,5.0500,0.3227,-1
KHAPRETA_510206,312008.860,2624240.200,127.5000,1.2031,4.9200,0.3144,-1
KHAPRETA_510206,312010.860,2624240.200,127.3100,0.0000,5.1100,0.3265,-1
KHAPRETA_510206,312074.860,2624240.200,124.2900,0.0000,8.1300,0.5195,-1
KHAPRETA_510206,312077.860,2624240.200,124.8200,2.3781,7.6000,0.4856,-1
KHAPRETA_510206,312078.860,2624240.200,125.0200,3.5329,7.4000,0.4728,-1
KHAPRETA_510206,312082.860,2624240.200,127.2500,1.6422,5.1700,0.3304,-1
KHAPRETA_510206,312083.860,2624240.200,128.6800,1.6129,3.7400,0.2390,-1
KHAPRETA_510206,312093.860,2624240.200,127.7100,0.4731,4.7100,0.3010,-1
KHAPRETA_510206,312095.860,2624240.200,127.5900,0.0200,4.8300,0.3086,-1
KHAPRETA_510206,312097.860,2624240.200,127.9800,0.0000,4.4400,0.2837,-1
KHAPRETA_510206,312099.860,2624240.200,128.1700,0.5581,4.2500,0.2716,-1
KHAPRETA_510206,312100.860,2624240.200,128.6600,0.3100,3.7600,0.2403,-1
KHAPRETA_510206,312101.860,2624240.200,128.7900,0.5581,3.6300,0.2319,-1
KHAPRETA_510206,312103.860,2624240.200,128.8800,0.0000,3.5400,0.2262,-1
KHAPRETA_510206,312108.860,2624240.200,128.0400,0.7059,4.3800,0.2799,-1
KHAPRETA_510206,312109.860,2624240.200,130.3800,0.4436,2.0400,0.1304,-1
KHAPRETA_510206,312110.860,2624240.200,128.5800,1.4204,3.8400,0.2454,-1
KHAPRETA_510206,312111.860,2624240.200,128.1500,0.5981,4.2700,0.2728,-1
KHAPRETA_510206,312113.860,2624240.200,128.1600,0.8131,4.2600,0.2722,-1
KHAPRETA_510206,312118.860,2624240.200,128.2000,1.1116,4.2200,0.2696,-1
KHAPRETA_510206,312119.860,2624240.200,128.2600,0.7881,4.1600,0.2658,-1
KHAPRETA_510206,312121.860,2624240.200,128.4600,0.7131,3.9600,0.2530,-1
KHAPRETA_510206,312124.860,2624240.200,128.3600,0.7681,4.0600,0.2594,-1
KHAPRETA_510206,312128.860,2624240.200,128.3200,0.6781,4.1000,0.2620,-1
KHAPRETA_510206,312136.860,2624240.200,128.3700,0.7081,4.0500,0.2588,-1
KHAPRETA_510206,312138.860,2624240.200,128.6800,0.8323,3.7400,0.2390,-1
KHAPRETA_510206,312139.860,2624240.200,128.4500,0.0150,3.9700,0.2537,-1
KHAPRETA_510206,312140.860,2624240.200,128.6500,0.8414,3.7700,0.2409,-1
KHAPRETA_510206,312143.860,2624240.200,128.7800,0.6481,3.6400,0.2326,-1
KHAPRETA_510206,312145.860,2624240.200,128.9700,0.6481,3.4500,0.2204,-1
KHAPRETA_510206,312148.860,2624240.200,128.5600,0.6531,3.8600,0.2466,-1
KHAPRETA_510206,312154.860,2624240.200,128.5000,0.6631,3.9200,0.2505,-1
KHAPRETA_510206,312163.860,2624240.200,128.7700,0.0000,3.6500,0.2332,-1
KHAPRETA_510206,312165.860,2624240.200,128.7900,0.4431,3.6300,0.2319,-1
KHAPRETA_510206,312168.860,2624240.200,128.8100,0.4631,3.6100,0.2307,-1
KHAPRETA_510206,312169.860,2624240.200,128.8500,0.6323,3.5700,0.2281,-1
KHAPRETA_510206,312174.860,2624240.200,128.8700,0.3931,3.5500,0.2268,-1
KHAPRETA_510206,312179.860,2624240.200,129.1500,0.4046,3.2700,0.2089,-1
KHAPRETA_510206,312180.860,2624240.200,129.1700,0.3131,3.2500,0.2077,-1
KHAPRETA_510206,312182.860,2624240.200,129.2700,0.0000,3.1500,0.2013,-1
KHAPRETA_510206,312184.860,2624240.200,129.2300,0.0000,3.1900,0.2038,-1
KHAPRETA_510206,312207.860,2624240.200,130.1900,0.0000,2.2300,0.1425,-1
KHAPRETA_510206,312209.860,2624240.200,130.2500,0.0000,2.1700,0.1387,-1
KHAPRETA_510206,312220.860,2624240.200,130.5000,0.3469,1.9200,0.1227,-1
KHAPRETA_510206,312224.860,2624240.200,130.2300,0.1869,2.1900,0.1399,-1
KHAPRETA_510206,312232.860,2624240.200,130.4500,0.0000,1.9700,0.1259,-1
KHAPRETA_510206,312243.860,2624240.200,130.0300,0.0000,2.3900,0.1527,-1
KHAPRETA_510206,312247.860,2624240.200,130.0500,0.1269,2.3700,0.1514,-1
KHAPRETA_510206,312252.860,2624240.200,130.1200,0.0000,2.3000,0.1470,-1
KHAPRETA_510206,312259.860,2624240.200,130.1200,0.0050,2.3000,0.1470,-1
KHAPRETA_510206,312261.860,2624240.200,130.1500,0.1919,2.2700,0.1450,-1
KHAPRETA_510206,312262.860,2624240.200,130.1600,0.2715,2.2600,0.1444,-1
KHAPRETA_510206,312267.860,2624240.200,130.1600,0.0000,2.2600,0.1444,-1
KHAPRETA_510206,312271.860,2624240.200,130.1500,0.3033,2.2700,0.1450,-1
KHAPRETA_510206,312272.860,2624240.200,130.2000,0.0450,2.2200,0.1419,-1
KHAPRETA_510206,312273.860,2624240.200,130.2400,0.2119,2.1800,0.1393,-1
KHAPRETA_510206,312275.860,2624240.200,131.1100,0.3169,1.3100,0.0837,-1
KHAPRETA_510206,312276.860,2624240.200,130.4100,0.3850,2.0100,0.1284,-1
KHAPRETA_510206,312277.860,2624240.200,130.3400,0.0350,2.0800,0.1329,-1
KHAPRETA_510206,312278.860,2624240.200,130.4800,0.2819,1.9400,0.1240,-1
KHAPRETA_510206,312280.860,2624240.200,130.8400,0.0000,1.5800,0.1010,-1
KHAPRETA_510206,312297.860,2624240.200,131.1100,0.6669,1.3100,0.0837,-1
KHAPRETA_510206,312305.860,2624240.200,130.8100,0.0000,1.6100,0.1029,-1
KHAPRETA_510206,312316.860,2624240.200,131.1300,0.0100,1.2900,0.0824,-1
KHAPRETA_510206,312321.860,2624240.200,131.1600,0.6869,1.2600,0.0805,-1
KHAPRETA_510206,312333.860,2624240.200,131.2700,0.7119,1.1500,0.0735,-1
KHAPRETA_510206,312338.860,2624240.200,131.5100,0.7069,0.9100,0.0581,-1
KHAPRETA_510206,312344.860,2624240.200,131.3700,0.9669,1.0500,0.0671,-1
KHAPRETA_510206,312345.860,2624240.200,131.7100,0.7969,0.7100,0.0454,-1
KHAPRETA_510206,312350.860,2624240.200,132.0400,0.0000,0.3800,0.0243,-1
KHAPRETA_510206,312356.860,2624240.200,131.9700,1.1169,0.4500,0.0288,-1
KHAPRETA_510206,312358.860,2624240.200,131.6700,1.1769,0.7500,0.0479,-1
KHAPRETA_510206,312365.860,2624240.200,132.1200,1.0919,0.3000,0.0192,-1
KHAPRETA_510206,312371.860,2624240.200,132.1500,0.0000,0.2700,0.0173,-1
KHAPRETA_510206,312379.860,2624240.200,132.1800,0.0000,0.2400,0.0153,-1
KHAPRETA_510206,312383.860,2624240.200,131.8800,1.1819,0.5400,0.0345,-1
KHAPRETA_510206,312388.860,2624240.200,131.7900,0.0000,0.6300,0.0403,-1
KHAPRETA_510206,312393.860,2624240.200,131.8100,0.0000,0.6100,0.0390,-1
KHAPRETA_510206,312395.860,2624240.200,131.8900,1.0569,0.5300,0.0339,-1
KHAPRETA_510206,312396.860,2624240.200,131.8900,1.0325,0.5300,0.0339,-1
KHAPRETA_510206,312397.860,2624240.200,131.8200,1.0569,0.6000,0.0383,-1
KHAPRETA_510206,312402.860,2624240.200,131.8800,1.0519,0.5400,0.0345,-1
KHAPRETA_510206,312406.860,2624240.200,131.9500,0.0000,0.4700,0.0300,-1
KHAPRETA_510206,312408.860,2624240.200,131.9500,1.0819,0.4700,0.0300,-1
KHAPRETA_510206,312409.860,2624240.200,131.9400,1.0869,0.4800,0.0307,-1
KHAPRETA_510206,312416.860,2624240.200,132.0700,0.0000,0.3500,0.0224,-1
KHAPRETA_510206,312427.860,2624240.200,132.3600,1.2019,0.0600,0.0038,-1
KHAPRETA_510206,312431.860,2624240.200,132.1800,1.6680,0.2400,0.0153,-1
KHAPRETA_510206,312432.860,2624240.200,132.1300,1.1921,0.2900,0.0185,-1
KHAPRETA_510206,312433.860,2624240.200,132.1400,0.1101,0.2800,0.0179,-1
KHAPRETA_510206,312434.860,2624240.200,132.3000,1.2384,0.1200,0.0077,-1
KHAPRETA_510206,312435.860,2624240.200,132.2600,1.7566,0.1600,0.0102,-1
KHAPRETA_510206,311973.860,2624241.200,128.0400,1.2754,4.3800,0.2799,-1
KHAPRETA_510206,311974.860,2624241.200,128.0700,0.0150,4.3500,0.2780,-1
KHAPRETA_510206,311975.860,2624241.200,128.0100,1.0991,4.4100,0.2818,-1
KHAPRETA_510206,311978.860,2624241.200,127.4500,1.5319,4.9700,0.3176,-1
KHAPRETA_510206,311979.860,2624241.200,127.5700,1.1631,4.8500,0.3099,-1
KHAPRETA_510206,311991.860,2624241.200,127.5200,1.1131,4.9000,0.3131,-1
KHAPRETA_510206,311999.860,2624241.200,127.4600,1.5749,4.9600,0.3169,-1
KHAPRETA_510206,312000.860,2624241.200,127.6200,1.1581,4.8000,0.3067,-1
KHAPRETA_510206,312008.860,2624241.200,127.3800,1.1381,5.0400,0.3220,-1
KHAPRETA_510206,312013.860,2624241.200,127.3200,0.0000,5.1000,0.3259,-1
KHAPRETA_510206,312015.860,2624241.200,126.9800,0.0000,5.4400,0.3476,-1
KHAPRETA_510206,312024.860,2624241.200,132.0000,0.0000,0.4200,0.0268,-1
KHAPRETA_510206,312031.860,2624241.200,130.7500,0.0000,1.6700,0.1067,-1
KHAPRETA_510206,312067.860,2624241.200,124.0700,3.0031,8.3500,0.5335,-1
KHAPRETA_510206,312068.860,2624241.200,123.7700,0.0600,8.6500,0.5527,-1
KHAPRETA_510206,312069.860,2624241.200,123.9500,3.0031,8.4700,0.5412,-1
KHAPRETA_510206,312078.860,2624241.200,124.7400,0.1950,7.6800,0.4907,-1
KHAPRETA_510206,312080.860,2624241.200,124.9700,2.5031,7.4500,0.4760,-1
KHAPRETA_510206,312082.860,2624241.200,126.6800,0.5000,5.7400,0.3668,-1
KHAPRETA_510206,312093.860,2624241.200,128.8300,0.2950,3.5900,0.2294,-1
KHAPRETA_510206,312095.860,2624241.200,128.0500,0.1750,4.3700,0.2792,-1
KHAPRETA_510206,312098.860,2624241.200,128.2300,0.0000,4.1900,0.2677,-1
KHAPRETA_510206,312104.860,2624241.200,128.6000,0.3581,3.8200,0.2441,-1
KHAPRETA_510206,312105.860,2624241.200,129.0600,0.2500,3.3600,0.2147,-1
KHAPRETA_510206,312106.860,2624241.200,129.1000,0.5504,3.3200,0.2121,-1
KHAPRETA_510206,312108.860,2624241.200,128.5000,0.9367,3.9200,0.2505,-1
KHAPRETA_510206,312109.860,2624241.200,130.4800,0.8131,1.9400,0.1240,-1
KHAPRETA_510206,312110.860,2624241.200,130.0100,0.6939,2.4100,0.1540,-1
KHAPRETA_510206,312113.860,2624241.200,128.1500,0.8081,4.2700,0.2728,-1
KHAPRETA_510206,312121.860,2624241.200,128.3500,1.0228,4.0700,0.2601,-1
KHAPRETA_510206,312122.860,2624241.200,128.2100,0.7131,4.2100,0.2690,-1
KHAPRETA_510206,312125.860,2624241.200,128.4900,0.0000,3.9300,0.2511,-1
KHAPRETA_510206,312128.860,2624241.200,128.4200,0.7131,4.0000,0.2556,-1
KHAPRETA_510206,312129.860,2624241.200,128.3500,0.0500,4.0700,0.2601,-1
KHAPRETA_510206,312130.860,2624241.200,128.5200,0.7098,3.9000,0.2492,-1
KHAPRETA_510206,312131.860,2624241.200,128.4500,0.0050,3.9700,0.2537,-1
KHAPRETA_510206,312132.860,2624241.200,128.5300,0.8116,3.8900,0.2486,-1
KHAPRETA_510206,312136.860,2624241.200,128.3600,0.7031,4.0600,0.2594,-1
KHAPRETA_510206,312138.860,2624241.200,128.7700,0.5481,3.6500,0.2332,-1
KHAPRETA_510206,312141.860,2624241.200,128.6200,0.0000,3.8000,0.2428,-1
KHAPRETA_510206,312144.860,2624241.200,128.4500,0.6481,3.9700,0.2537,-1
KHAPRETA_510206,312145.860,2624241.200,128.4800,0.4046,3.9400,0.2518,-1
KHAPRETA_510206,312146.860,2624241.200,128.5200,0.6481,3.9000,0.2492,-1
KHAPRETA_510206,312150.860,2624241.200,128.4900,0.0000,3.9300,0.2511,-1
KHAPRETA_510206,312156.860,2624241.200,128.6100,0.0000,3.8100,0.2435,-1
KHAPRETA_510206,312159.860,2624241.200,128.7200,0.0000,3.7000,0.2364,-1
KHAPRETA_510206,312162.860,2624241.200,128.6000,0.0000,3.8200,0.2441,-1
KHAPRETA_510206,312165.860,2624241.200,128.8900,0.4931,3.5300,0.2256,-1
KHAPRETA_510206,312174.860,2624241.200,128.9900,0.1650,3.4300,0.2192,-1
KHAPRETA_510206,312180.860,2624241.200,129.2300,0.3031,3.1900,0.2038,-1
KHAPRETA_510206,312186.860,2624241.200,129.2300,0.0000,3.1900,0.2038,-1
KHAPRETA_510206,312190.860,2624241.200,129.2700,0.2431,3.1500,0.2013,-1
KHAPRETA_510206,312191.860,2624241.200,129.2900,0.2531,3.1300,0.2000,-1
KHAPRETA_510206,312201.860,2624241.200,129.3900,0.1981,3.0300,0.1936,-1
KHAPRETA_510206,312212.860,2624241.200,130.3700,0.3619,2.0500,0.1310,-1
KHAPRETA_510206,312213.860,2624241.200,130.5000,0.2969,1.9200,0.1227,-1
KHAPRETA_510206,312215.860,2624241.200,130.4400,0.0000,1.9800,0.1265,-1
KHAPRETA_510206,312222.860,2624241.200,130.1200,0.0000,2.3000,0.1470,-1
KHAPRETA_510206,312224.860,2624241.200,130.1500,0.2269,2.2700,0.1450,-1
KHAPRETA_510206,312234.860,2624241.200,130.4300,0.0000,1.9900,0.1272,-1
KHAPRETA_510206,312241.860,2624241.200,130.1600,0.3219,2.2600,0.1444,-1
KHAPRETA_510206,312249.860,2624241.200,130.0600,0.1369,2.3600,0.1508,-1
KHAPRETA_510206,312251.860,2624241.200,130.0700,0.0000,2.3500,0.1502,-1
KHAPRETA_510206,312258.860,2624241.200,130.1800,0.1769,2.2400,0.1431,-1
KHAPRETA_510206,312259.860,2624241.200,130.1300,0.2652,2.2900,0.1463,-1
KHAPRETA_510206,312271.860,2624241.200,130.2100,0.1869,2.2100,0.1412,-1
KHAPRETA_510206,312285.860,2624241.200,131.0000,0.0000,1.4200,0.0907,-1
KHAPRETA_510206,312288.860,2624241.200,131.0000,0.8761,1.4200,0.0907,-1
KHAPRETA_510206,312289.860,2624241.200,131.0000,0.0100,1.4200,0.0907,-1
KHAPRETA_510206,312290.860,2624241.200,130.9800,0.6119,1.4400,0.0920,-1
KHAPRETA_510206,312294.860,2624241.200,131.0400,0.0000,1.3800,0.0882,-1
KHAPRETA_510206,312297.860,2624241.200,131.1100,0.9326,1.3100,0.0837,-1
KHAPRETA_510206,312298.860,2624241.200,131.0800,0.6669,1.3400,0.0856,-1
KHAPRETA_510206,312304.860,2624241.200,131.0000,0.0000,1.4200,0.0907,-1
KHAPRETA_510206,312307.860,2624241.200,131.2500,0.0000,1.1700,0.0748,-1
KHAPRETA_510206,312310.860,2624241.200,131.2400,0.0000,1.1800,0.0754,-1
KHAPRETA_510206,312316.860,2624241.200,131.2000,0.6769,1.2200,0.0780,-1
KHAPRETA_510206,312320.860,2624241.200,131.0500,0.6869,1.3700,0.0875,-1
KHAPRETA_510206,312321.860,2624241.200,131.1500,0.9405,1.2700,0.0812,-1
KHAPRETA_510206,312325.860,2624241.200,131.1400,0.0000,1.2800,0.0818,-1
KHAPRETA_510206,312330.860,2624241.200,131.3400,0.0000,1.0800,0.0690,-1
KHAPRETA_510206,312336.860,2624241.200,131.4700,1.2720,0.9500,0.0607,-1
KHAPRETA_510206,312337.860,2624241.200,131.5700,0.8469,0.8500,0.0543,-1
KHAPRETA_510206,312342.860,2624241.200,131.3800,0.0000,1.0400,0.0665,-1
KHAPRETA_510206,312356.860,2624241.200,132.0100,1.5584,0.4100,0.0262,-1
KHAPRETA_510206,312357.860,2624241.200,131.9900,0.0600,0.4300,0.0275,-1
KHAPRETA_510206,312358.860,2624241.200,132.1300,1.4567,0.2900,0.0185,-1
KHAPRETA_510206,312361.860,2624241.200,132.1400,1.2169,0.2800,0.0179,-1
KHAPRETA_510206,312374.860,2624241.200,132.1700,1.6094,0.2500,0.0160,-1
KHAPRETA_510206,312375.860,2624241.200,131.9500,1.5771,0.4700,0.0300,-1
KHAPRETA_510206,312377.860,2624241.200,132.0600,1.2119,0.3600,0.0230,-1
KHAPRETA_510206,312378.860,2624241.200,132.2000,1.1419,0.2200,0.0141,-1
KHAPRETA_510206,312394.860,2624241.200,131.7800,0.0000,0.6400,0.0409,-1
KHAPRETA_510206,312396.860,2624241.200,131.8400,1.0569,0.5800,0.0371,-1
KHAPRETA_510206,312398.860,2624241.200,131.7900,0.0000,0.6300,0.0403,-1
KHAPRETA_510206,312401.860,2624241.200,132.1100,1.4841,0.3100,0.0198,-1
KHAPRETA_510206,312402.860,2624241.200,131.8800,1.5711,0.5400,0.0345,-1
KHAPRETA_510206,312404.860,2624241.200,131.8500,0.0000,0.5700,0.0364,-1
KHAPRETA_510206,312417.860,2624241.200,132.1800,0.0000,0.2400,0.0153,-1
KHAPRETA_510206,312420.860,2624241.200,132.1400,0.0000,0.2800,0.0179,-1
KHAPRETA_510206,312423.860,2624241.200,132.2600,1.2219,0.1600,0.0102,-1
KHAPRETA_510206,312426.860,2624241.200,132.2200,1.2019,0.2000,0.0128,-1
KHAPRETA_510206,312427.860,2624241.200,132.1800,1.2249,0.2400,0.0153,-1
KHAPRETA_510206,312433.860,2624241.200,132.2900,0.0300,0.1300,0.0083,-1
KHAPRETA_510206,312435.860,2624241.200,132.2200,0.0200,0.2000,0.0128,-1
KHAPRETA_510206,312444.860,2624241.200,132.3400,0.0000,0.0800,0.0051,-1
KHAPRETA_510206,311973.860,2624242.200,127.8800,0.0250,4.5400,0.2901,-1
KHAPRETA_510206,311986.860,2624242.200,127.3700,1.0781,5.0500,0.3227,-1
KHAPRETA_510206,311987.860,2624242.200,127.6200,1.2031,4.8000,0.3067,-1
KHAPRETA_510206,311989.860,2624242.200,127.6700,1.1031,4.7500,0.3035,-1
KHAPRETA_510206,311990.860,2624242.200,127.5700,1.0531,4.8500,0.3099,-1
KHAPRETA_510206,311993.860,2624242.200,127.5700,1.1481,4.8500,0.3099,-1
KHAPRETA_510206,311995.860,2624242.200,127.5400,1.1381,4.8800,0.3118,-1
KHAPRETA_510206,311996.860,2624242.200,127.5000,1.1181,4.9200,0.3144,-1
KHAPRETA_510206,311999.860,2624242.200,127.4800,0.0700,4.9400,0.3157,-1
KHAPRETA_510206,312001.860,2624242.200,127.4700,0.0000,4.9500,0.3163,-1
KHAPRETA_510206,312003.860,2624242.200,127.5500,0.0000,4.8700,0.3112,-1
KHAPRETA_510206,312005.860,2624242.200,127.3700,1.1681,5.0500,0.3227,-1
KHAPRETA_510206,312006.860,2624242.200,127.4400,0.0650,4.9800,0.3182,-1
KHAPRETA_510206,312007.860,2624242.200,127.5000,1.1681,4.9200,0.3144,-1
KHAPRETA_510206,312012.860,2624242.200,127.3900,0.0000,5.0300,0.3214,-1
KHAPRETA_510206,312020.860,2624242.200,131.6300,1.1419,0.7900,0.0505,-1
KHAPRETA_510206,312021.860,2624242.200,132.0600,0.9269,0.3600,0.0230,-1
KHAPRETA_510206,312032.860,2624242.200,132.0600,0.8269,0.3600,0.0230,-1
KHAPRETA_510206,312053.860,2624242.200,123.9700,0.0000,8.4500,0.5399,-1
KHAPRETA_510206,312058.860,2624242.200,131.0200,0.0000,1.4000,0.0895,-1
KHAPRETA_510206,312065.860,2624242.200,123.9500,0.0000,8.4700,0.5412,-1
KHAPRETA_510206,312070.860,2624242.200,124.0500,4.0213,8.3700,0.5348,-1
KHAPRETA_510206,312071.860,2624242.200,123.9900,3.8594,8.4300,0.5387,-1
KHAPRETA_510206,312078.860,2624242.200,124.6300,3.5752,7.7900,0.4978,-1
KHAPRETA_510206,312079.860,2624242.200,124.7000,0.0700,7.7200,0.4933,-1
KHAPRETA_510206,312080.860,2624242.200,124.7700,3.4952,7.6500,0.4888,-1
KHAPRETA_510206,312082.860,2624242.200,126.2500,1.0729,6.1700,0.3942,-1
KHAPRETA_510206,312083.860,2624242.200,127.6500,1.4318,4.7700,0.3048,-1
KHAPRETA_510206,312084.860,2624242.200,127.9200,1.2229,4.5000,0.2875,-1
KHAPRETA_510206,312085.860,2624242.200,127.2700,0.9281,5.1500,0.3291,-1
KHAPRETA_510206,312090.860,2624242.200,132.4200,0.5019,0.0000,0.0000,-1
KHAPRETA_510206,312093.860,2624242.200,128.3000,0.9757,4.1200,0.2633,-1
KHAPRETA_510206,312094.860,2624242.200,128.0500,0.9896,4.3700,0.2792,-1
KHAPRETA_510206,312095.860,2624242.200,127.9400,1.2206,4.4800,0.2863,-1
KHAPRETA_510206,312097.860,2624242.200,127.6200,0.0000,4.8000,0.3067,-1
KHAPRETA_510206,312100.860,2624242.200,128.6400,0.0000,3.7800,0.2415,-1
KHAPRETA_510206,312103.860,2624242.200,128.7100,0.4631,3.7100,0.2371,-1
KHAPRETA_510206,312106.860,2624242.200,128.9400,0.3381,3.4800,0.2224,-1
KHAPRETA_510206,312124.860,2624242.200,128.5000,0.0000,3.9200,0.2505,-1
KHAPRETA_510206,312128.860,2624242.200,128.3000,0.6781,4.1200,0.2633,-1
KHAPRETA_510206,312130.860,2624242.200,128.3600,0.0050,4.0600,0.2594,-1
KHAPRETA_510206,312132.860,2624242.200,128.8400,0.6231,3.5800,0.2288,-1
KHAPRETA_510206,312140.860,2624242.200,128.7700,0.0000,3.6500,0.2332,-1
KHAPRETA_510206,312143.860,2624242.200,128.5100,0.0000,3.9100,0.2498,-1
KHAPRETA_510206,312147.860,2624242.200,128.7400,0.6131,3.6800,0.2351,-1
KHAPRETA_510206,312148.860,2624242.200,128.5500,0.5181,3.8700,0.2473,-1
KHAPRETA_510206,312151.860,2624242.200,128.6600,0.0000,3.7600,0.2403,-1
KHAPRETA_510206,312153.860,2624242.200,128.6300,0.8210,3.7900,0.2422,-1
KHAPRETA_510206,312154.860,2624242.200,128.6100,0.7527,3.8100,0.2435,-1
KHAPRETA_510206,312161.860,2624242.200,128.6100,0.0000,3.8100,0.2435,-1
KHAPRETA_510206,312164.860,2624242.200,128.7600,0.0000,3.6600,0.2339,-1
KHAPRETA_510206,312174.860,2624242.200,129.2000,0.5056,3.2200,0.2058,-1
KHAPRETA_510206,312175.860,2624242.200,129.1400,0.2881,3.2800,0.2096,-1
KHAPRETA_510206,312183.860,2624242.200,129.2300,0.2931,3.1900,0.2038,-1
KHAPRETA_510206,312187.860,2624242.200,129.2200,0.0000,3.2000,0.2045,-1
KHAPRETA_510206,312194.860,2624242.200,129.3200,0.0000,3.1000,0.1981,-1
KHAPRETA_510206,312198.860,2624242.200,129.4000,0.2181,3.0200,0.1930,-1
KHAPRETA_510206,312199.860,2624242.200,129.3400,0.0000,3.0800,0.1968,-1
KHAPRETA_510206,312200.860,2624242.200,129.4000,0.0200,3.0200,0.1930,-1
KHAPRETA_510206,312201.860,2624242.200,129.3800,0.1941,3.0400,0.1942,-1
KHAPRETA_510206,312202.860,2624242.200,129.3600,0.0150,3.0600,0.1955,-1
KHAPRETA_510206,312203.860,2624242.200,129.4100,0.2805,3.0100,0.1923,-1
KHAPRETA_510206,312205.860,2624242.200,129.4700,0.1681,2.9500,0.1885,-1
KHAPRETA_510206,312206.860,2624242.200,129.4400,0.1531,2.9800,0.1904,-1
KHAPRETA_510206,312208.860,2624242.200,129.9500,0.0000,2.4700,0.1578,-1
KHAPRETA_510206,312217.860,2624242.200,130.4800,0.0000,1.9400,0.1240,-1
KHAPRETA_510206,312219.860,2624242.200,130.4700,0.0000,1.9500,0.1246,-1
KHAPRETA_510206,312223.860,2624242.200,130.2400,0.0000,2.1800,0.1393,-1
KHAPRETA_510206,312227.860,2624242.200,130.3100,0.0000,2.1100,0.1348,-1
KHAPRETA_510206,312229.860,2624242.200,130.3800,0.0000,2.0400,0.1304,-1
KHAPRETA_510206,312236.860,2624242.200,130.4100,0.0000,2.0100,0.1284,-1
KHAPRETA_510206,312241.860,2624242.200,130.4200,0.5467,2.0000,0.1278,-1
KHAPRETA_510206,312242.860,2624242.200,130.8000,0.3219,1.6200,0.1035,-1
KHAPRETA_510206,312249.860,2624242.200,130.0500,0.1419,2.3700,0.1514,-1
KHAPRETA_510206,312256.860,2624242.200,130.1100,0.2396,2.3100,0.1476,-1
KHAPRETA_510206,312257.860,2624242.200,130.1200,0.1669,2.3000,0.1470,-1
KHAPRETA_510206,312260.860,2624242.200,130.1700,0.0000,2.2500,0.1438,-1
KHAPRETA_510206,312269.860,2624242.200,130.1800,0.0000,2.2400,0.1431,-1
KHAPRETA_510206,312278.860,2624242.200,130.4400,0.0000,1.9800,0.1265,-1
KHAPRETA_510206,312282.860,2624242.200,130.8900,0.5919,1.5300,0.0978,-1
KHAPRETA_510206,312283.860,2624242.200,130.9600,0.0350,1.4600,0.0933,-1
KHAPRETA_510206,312284.860,2624242.200,130.9600,0.8196,1.4600,0.0933,-1
KHAPRETA_510206,312286.860,2624242.200,130.9500,0.0000,1.4700,0.0939,-1
KHAPRETA_510206,312288.860,2624242.200,131.0300,0.6119,1.3900,0.0888,-1
KHAPRETA_510206,312292.860,2624242.200,131.0300,0.0000,1.3900,0.0888,-1
KHAPRETA_510206,312299.860,2624242.200,131.1000,0.0000,1.3200,0.0843,-1
KHAPRETA_510206,312306.860,2624242.200,131.3000,0.0000,1.1200,0.0716,-1
KHAPRETA_510206,312308.860,2624242.200,131.2700,0.7569,1.1500,0.0735,-1
KHAPRETA_510206,312309.860,2624242.200,131.2900,0.7469,1.1300,0.0722,-1
KHAPRETA_510206,312315.860,2624242.200,131.1500,0.7919,1.2700,0.0812,-1
KHAPRETA_510206,312327.860,2624242.200,131.1200,0.6969,1.3000,0.0831,-1
KHAPRETA_510206,312331.860,2624242.200,131.2300,0.0000,1.1900,0.0760,-1
KHAPRETA_510206,312336.860,2624242.200,131.5800,0.0400,0.8400,0.0537,-1
KHAPRETA_510206,312339.860,2624242.200,131.5800,0.0000,0.8400,0.0537,-1
KHAPRETA_510206,312341.860,2624242.200,131.5400,0.0000,0.8800,0.0562,-1
KHAPRETA_510206,312346.860,2624242.200,132.0500,1.1219,0.3700,0.0236,-1
KHAPRETA_510206,312347.860,2624242.200,132.0200,1.1369,0.4000,0.0256,-1
KHAPRETA_510206,312360.860,2624242.200,132.1700,1.7968,0.2500,0.0160,-1
KHAPRETA_510206,312361.860,2624242.200,132.2100,1.6822,0.2100,0.0134,-1
KHAPRETA_510206,312364.860,2624242.200,132.2200,1.1569,0.2000,0.0128,-1
KHAPRETA_510206,312366.860,2624242.200,132.1400,1.1619,0.2800,0.0179,-1
KHAPRETA_510206,312369.860,2624242.200,132.0800,0.0000,0.3400,0.0217,-1
KHAPRETA_510206,312373.860,2624242.200,132.0800,1.1869,0.3400,0.0217,-1
KHAPRETA_510206,312374.860,2624242.200,132.1500,0.2487,0.2700,0.0173,-1
KHAPRETA_510206,312375.860,2624242.200,131.8300,1.1890,0.5900,0.0377,-1
KHAPRETA_510206,312382.860,2624242.200,132.0200,1.1619,0.4000,0.0256,-1
KHAPRETA_510206,312383.860,2624242.200,132.1000,1.1219,0.3200,0.0204,-1
KHAPRETA_510206,312385.860,2624242.200,132.0500,0.0000,0.3700,0.0236,-1
KHAPRETA_510206,312391.860,2624242.200,132.3400,0.0000,0.0800,0.0051,-1
KHAPRETA_510206,312393.860,2624242.200,131.8200,0.0000,0.6000,0.0383,-1
KHAPRETA_510206,312395.860,2624242.200,131.8900,0.0000,0.5300,0.0339,-1
KHAPRETA_510206,312401.860,2624242.200,131.8700,1.1669,0.5500,0.0351,-1
KHAPRETA_510206,312407.860,2624242.200,131.9400,0.0000,0.4800,0.0307,-1
KHAPRETA_510206,312413.860,2624242.200,132.1900,0.0000,0.2300,0.0147,-1
KHAPRETA_510206,312418.860,2624242.200,132.3500,0.0000,0.0700,0.0045,-1
KHAPRETA_510206,312423.860,2624242.200,132.2200,1.2419,0.2000,0.0128,-1
KHAPRETA_510206,312427.860,2624242.200,132.1900,1.2019,0.2300,0.0147,-1
KHAPRETA_510206,312429.860,2624242.200,132.2000,0.0000,0.2200,0.0141,-1
KHAPRETA_510206,312433.860,2624242.200,132.2000,1.7705,0.2200,0.0141,-1
KHAPRETA_510206,312434.860,2624242.200,132.2700,0.0500,0.1500,0.0096,-1
KHAPRETA_510206,312435.860,2624242.200,132.3000,1.2222,0.1200,0.0077,-1
KHAPRETA_510206,312436.860,2624242.200,132.3200,0.0500,0.1000,0.0064,-1
KHAPRETA_510206,312437.860,2624242.200,132.4000,1.7397,0.0200,0.0013,-1
KHAPRETA_510206,311973.860,2624243.200,128.0900,0.1850,4.3300,0.2767,-1
KHAPRETA_510206,311976.860,2624243.200,127.5500,0.0000,4.8700,0.3112,-1
KHAPRETA_510206,311979.860,2624243.200,127.6200,0.0000,4.8000,0.3067,-1
KHAPRETA_510206,311985.860,2624243.200,127.6900,0.0000,4.7300,0.3022,-1
KHAPRETA_510206,311991.860,2624243.200,127.6600,0.0000,4.7600,0.3042,-1
KHAPRETA_510206,311993.860,2624243.200,127.4800,1.5885,4.9400,0.3157,-1
KHAPRETA_510206,311994.860,2624243.200,127.4900,1.1481,4.9300,0.3150,-1
KHAPRETA_510206,311998.860,2624243.200,127.4400,1.0881,4.9800,0.3182,-1
KHAPRETA_510206,311999.860,2624243.200,127.6000,1.6378,4.8200,0.3080,-1
KHAPRETA_510206,312002.860,2624243.200,127.5200,0.0000,4.9000,0.3131,-1
KHAPRETA_510206,312008.860,2624243.200,127.4500,0.0000,4.9700,0.3176,-1
KHAPRETA_510206,312030.860,2624243.200,124.3600,0.0000,8.0600,0.5150,-1
KHAPRETA_510206,312032.860,2624243.200,131.4300,1.4490,0.9900,0.0633,-1
KHAPRETA_510206,312033.860,2624243.200,131.5600,0.8269,0.8600,0.0550,-1
KHAPRETA_510206,312040.860,2624243.200,128.9700,0.8531,3.4500,0.2204,-1
KHAPRETA_510206,312041.860,2624243.200,128.0700,0.4031,4.3500,0.2780,-1
KHAPRETA_510206,312043.860,2624243.200,124.8000,0.0000,7.6200,0.4869,-1
KHAPRETA_510206,312046.860,2624243.200,124.5700,2.5831,7.8500,0.5016,-1
KHAPRETA_510206,312047.860,2624243.200,124.6100,0.0100,7.8100,0.4990,-1
KHAPRETA_510206,312048.860,2624243.200,124.5500,2.7057,7.8700,0.5029,-1
KHAPRETA_510206,312049.860,2624243.200,124.8500,2.6131,7.5700,0.4837,-1
KHAPRETA_510206,312059.860,2624243.200,124.0100,0.0000,8.4100,0.5374,-1
KHAPRETA_510206,312061.860,2624243.200,131.1200,2.9281,1.3000,0.0831,-1
KHAPRETA_510206,312066.860,2624243.200,124.0200,2.9031,8.4000,0.5367,-1
KHAPRETA_510206,312067.860,2624243.200,123.9700,0.0050,8.4500,0.5399,-1
KHAPRETA_510206,312068.860,2624243.200,124.0300,0.0950,8.3900,0.5361,-1
KHAPRETA_510206,312069.860,2624243.200,124.1600,2.5793,8.2600,0.5278,-1
KHAPRETA_510206,312070.860,2624243.200,124.1900,0.3925,8.2300,0.5259,-1
KHAPRETA_510206,312071.860,2624243.200,124.6000,2.8299,7.8200,0.4997,-1
KHAPRETA_510206,312075.860,2624243.200,124.8300,2.5531,7.5900,0.4850,-1
KHAPRETA_510206,312076.860,2624243.200,124.6700,2.4731,7.7500,0.4952,-1
KHAPRETA_510206,312082.860,2624243.200,126.3900,2.1121,6.0300,0.3853,-1
KHAPRETA_510206,312083.860,2624243.200,127.4500,1.1685,4.9700,0.3176,-1
KHAPRETA_510206,312084.860,2624243.200,127.3600,1.4880,5.0600,0.3233,-1
KHAPRETA_510206,312090.860,2624243.200,130.7800,1.5836,1.6400,0.1048,-1
KHAPRETA_510206,312091.860,2624243.200,131.5200,0.7241,0.9000,0.0575,-1
KHAPRETA_510206,312093.860,2624243.200,127.9200,1.2213,4.5000,0.2875,-1
KHAPRETA_510206,312094.860,2624243.200,127.8300,1.2673,4.5900,0.2933,-1
KHAPRETA_510206,312098.860,2624243.200,128.7800,0.0000,3.6400,0.2326,-1
KHAPRETA_510206,312103.860,2624243.200,128.8500,0.6478,3.5700,0.2281,-1
KHAPRETA_510206,312104.860,2624243.200,129.0400,0.8211,3.3800,0.2160,-1
KHAPRETA_510206,312107.860,2624243.200,128.7100,0.8105,3.7100,0.2371,-1
KHAPRETA_510206,312108.860,2624243.200,128.6200,0.9473,3.8000,0.2428,-1
KHAPRETA_510206,312112.860,2624243.200,128.1500,0.4681,4.2700,0.2728,-1
KHAPRETA_510206,312114.860,2624243.200,128.2000,0.0000,4.2200,0.2696,-1
KHAPRETA_510206,312118.860,2624243.200,128.3600,0.8031,4.0600,0.2594,-1
KHAPRETA_510206,312119.860,2624243.200,128.1700,0.0050,4.2500,0.2716,-1
KHAPRETA_510206,312120.860,2624243.200,128.3700,0.1550,4.0500,0.2588,-1
KHAPRETA_510206,312121.860,2624243.200,128.4800,0.0250,3.9400,0.2518,-1
KHAPRETA_510206,312122.860,2624243.200,128.3200,0.7634,4.1000,0.2620,-1
KHAPRETA_510206,312123.860,2624243.200,128.6600,0.7281,3.7600,0.2403,-1
KHAPRETA_510206,312126.860,2624243.200,128.4100,0.0000,4.0100,0.2562,-1
KHAPRETA_510206,312130.860,2624243.200,128.5100,0.7081,3.9100,0.2498,-1
KHAPRETA_510206,312153.860,2624243.200,128.6200,0.4887,3.8000,0.2428,-1
KHAPRETA_510206,312154.860,2624243.200,128.8000,0.8210,3.6200,0.2313,-1
KHAPRETA_510206,312156.860,2624243.200,128.9300,0.0000,3.4900,0.2230,-1
KHAPRETA_510206,312165.860,2624243.200,128.7600,0.0000,3.6600,0.2339,-1
KHAPRETA_510206,312167.860,2624243.200,128.7200,0.5081,3.7000,0.2364,-1
KHAPRETA_510206,312170.860,2624243.200,128.8700,0.0000,3.5500,0.2268,-1
KHAPRETA_510206,312172.860,2624243.200,129.1300,0.3431,3.2900,0.2102,-1
KHAPRETA_510206,312176.860,2624243.200,129.1900,0.2681,3.2300,0.2064,-1
KHAPRETA_510206,312178.860,2624243.200,129.1400,0.0000,3.2800,0.2096,-1
KHAPRETA_510206,312182.860,2624243.200,129.2200,0.2931,3.2000,0.2045,-1
KHAPRETA_510206,312183.860,2624243.200,129.1900,0.3897,3.2300,0.2064,-1
KHAPRETA_510206,312191.860,2624243.200,129.2900,0.0000,3.1300,0.2000,-1
KHAPRETA_510206,312203.860,2624243.200,129.4000,0.1831,3.0200,0.1930,-1
KHAPRETA_510206,312216.860,2624243.200,130.3700,0.0000,2.0500,0.1310,-1
KHAPRETA_510206,312218.860,2624243.200,130.1800,0.0000,2.2400,0.1431,-1
KHAPRETA_510206,312224.860,2624243.200,130.1500,0.0000,2.2700,0.1450,-1
KHAPRETA_510206,312230.860,2624243.200,130.4800,0.0000,1.9400,0.1240,-1
KHAPRETA_510206,312235.860,2624243.200,130.3700,0.0000,2.0500,0.1310,-1
KHAPRETA_510206,312238.860,2624243.200,130.3600,0.2319,2.0600,0.1316,-1
KHAPRETA_510206,312239.860,2624243.200,130.2400,0.4200,2.1800,0.1393,-1
KHAPRETA_510206,312250.860,2624243.200,130.0700,0.0000,2.3500,0.1502,-1
KHAPRETA_510206,312256.860,2624243.200,130.1100,0.1669,2.3100,0.1476,-1
KHAPRETA_510206,312258.860,2624243.200,130.1300,0.0000,2.2900,0.1463,-1
KHAPRETA_510206,312261.860,2624243.200,130.1400,0.0000,2.2800,0.1457,-1
KHAPRETA_510206,312263.860,2624243.200,130.1600,0.2857,2.2600,0.1444,-1
KHAPRETA_510206,312264.860,2624243.200,130.1900,0.1919,2.2300,0.1425,-1
KHAPRETA_510206,312284.860,2624243.200,130.9100,0.5919,1.5100,0.0965,-1
KHAPRETA_510206,312287.860,2624243.200,130.9400,0.0000,1.4800,0.0946,-1
KHAPRETA_510206,312294.860,2624243.200,131.0600,0.0000,1.3600,0.0869,-1
KHAPRETA_510206,312300.860,2624243.200,130.8300,0.0000,1.5900,0.1016,-1
KHAPRETA_510206,312304.860,2624243.200,131.1800,0.0000,1.2400,0.0792,-1
KHAPRETA_510206,312313.860,2624243.200,131.1800,0.0000,1.2400,0.0792,-1
KHAPRETA_510206,312315.860,2624243.200,131.3600,1.0259,1.0600,0.0677,-1
KHAPRETA_510206,312316.860,2624243.200,131.3000,0.7713,1.1200,0.0716,-1
KHAPRETA_510206,312317.860,2624243.200,131.1200,0.7619,1.3000,0.0831,-1
KHAPRETA_510206,312327.860,2624243.200,131.1700,0.9467,1.2500,0.0799,-1
KHAPRETA_510206,312328.860,2624243.200,131.1100,0.9681,1.3100,0.0837,-1
KHAPRETA_510206,312332.860,2624243.200,131.1900,0.0000,1.2300,0.0786,-1
KHAPRETA_510206,312336.860,2624243.200,131.5500,0.9019,0.8700,0.0556,-1
KHAPRETA_510206,312342.860,2624243.200,131.7800,0.0000,0.6400,0.0409,-1
KHAPRETA_510206,312349.860,2624243.200,132.3000,1.7110,0.1200,0.0077,-1
KHAPRETA_510206,312350.860,2624243.200,132.2600,0.0000,0.1600,0.0102,-1
KHAPRETA_510206,312351.860,2624243.200,132.3000,0.0400,0.1200,0.0077,-1
KHAPRETA_510206,312352.860,2624243.200,132.3400,1.7290,0.0800,0.0051,-1
KHAPRETA_510206,312359.860,2624243.200,132.2400,1.3219,0.1800,0.0115,-1
KHAPRETA_510206,312360.860,2624243.200,132.4200,1.7177,0.0000,0.0000,-1
KHAPRETA_510206,312363.860,2624243.200,132.0600,1.1569,0.3600,0.0230,-1
KHAPRETA_510206,312364.860,2624243.200,132.0900,1.6725,0.3300,0.0211,-1
KHAPRETA_510206,312366.860,2624243.200,132.1000,1.1819,0.3200,0.0204,-1
KHAPRETA_510206,312372.860,2624243.200,132.1100,0.0000,0.3100,0.0198,-1
KHAPRETA_510206,312374.860,2624243.200,131.7400,1.5630,0.6800,0.0435,-1
KHAPRETA_510206,312375.860,2624243.200,131.8100,1.0492,0.6100,0.0390,-1
KHAPRETA_510206,312376.860,2624243.200,132.1700,1.0169,0.2500,0.0160,-1
KHAPRETA_510206,312379.860,2624243.200,132.2400,1.6963,0.1800,0.0115,-1
KHAPRETA_510206,312380.860,2624243.200,132.1700,1.6764,0.2500,0.0160,-1
KHAPRETA_510206,312390.860,2624243.200,131.8600,1.1069,0.5600,0.0358,-1
KHAPRETA_510206,312399.860,2624243.200,131.8800,0.0000,0.5400,0.0345,-1
KHAPRETA_510206,312415.860,2624243.200,132.1900,0.0000,0.2300,0.0147,-1
KHAPRETA_510206,312420.860,2624243.200,132.2400,1.7104,0.1800,0.0115,-1
KHAPRETA_510206,312421.860,2624243.200,132.1900,1.7211,0.2300,0.0147,-1
KHAPRETA_510206,312425.860,2624243.200,132.2300,0.0000,0.1900,0.0121,-1
KHAPRETA_510206,312428.860,2624243.200,132.2000,0.0000,0.2200,0.0141,-1
KHAPRETA_510206,312437.860,2624243.200,132.1500,1.3119,0.2700,0.0173,-1
KHAPRETA_510206,311971.860,2624244.200,127.7800,0.0000,4.6400,0.2965,-1
KHAPRETA_510206,311973.860,2624244.200,127.5100,0.3900,4.9100,0.3137,-1
KHAPRETA_510206,311981.860,2624244.200,127.5300,0.0000,4.8900,0.3125,-1
KHAPRETA_510206,311987.860,2624244.200,127.6200,1.1081,4.8000,0.3067,-1
KHAPRETA_510206,311989.860,2624244.200,127.5600,1.5424,4.8600,0.3105,-1
KHAPRETA_510206,311990.860,2624244.200,127.5700,1.1081,4.8500,0.3099,-1
KHAPRETA_510206,311997.860,2624244.200,127.4700,0.0000,4.9500,0.3163,-1
KHAPRETA_510206,312004.860,2624244.200,127.4300,1.2031,4.9900,0.3188,-1
KHAPRETA_510206,312005.860,2624244.200,127.3700,1.1731,5.0500,0.3227,-1
KHAPRETA_510206,312007.860,2624244.200,127.4200,0.0000,5.0000,0.3195,-1
KHAPRETA_510206,312011.860,2624244.200,127.4400,1.1931,4.9800,0.3182,-1
KHAPRETA_510206,312023.860,2624244.200,131.4400,0.0000,0.9800,0.0626,-1
KHAPRETA_510206,312026.860,2624244.200,124.8400,3.8016,7.5800,0.4843,-1
KHAPRETA_510206,312027.860,2624244.200,124.3700,0.2400,8.0500,0.5144,-1
KHAPRETA_510206,312028.860,2624244.200,124.3600,3.4450,8.0600,0.5150,-1
KHAPRETA_510206,312029.860,2624244.200,131.2600,2.7081,1.1600,0.0741,-1
KHAPRETA_510206,312048.860,2624244.200,124.3700,2.6131,8.0500,0.5144,-1
KHAPRETA_510206,312050.860,2624244.200,124.2300,0.0000,8.1900,0.5233,-1
KHAPRETA_510206,312061.860,2624244.200,123.9200,0.6719,8.5000,0.5431,-1
KHAPRETA_510206,312064.860,2624244.200,123.9900,0.0000,8.4300,0.5387,-1
KHAPRETA_510206,312069.860,2624244.200,124.6200,3.7851,7.8000,0.4984,-1
KHAPRETA_510206,312070.860,2624244.200,124.7000,2.7966,7.7200,0.4933,-1
KHAPRETA_510206,312071.860,2624244.200,124.9000,3.6249,7.5200,0.4805,-1
KHAPRETA_510206,312079.860,2624244.200,128.9800,0.0000,3.4400,0.2198,-1
KHAPRETA_510206,312091.860,2624244.200,130.8200,0.2050,1.6000,0.1022,-1
KHAPRETA_510206,312095.860,2624244.200,127.6000,0.0000,4.8200,0.3080,-1
KHAPRETA_510206,312099.860,2624244.200,128.4300,0.6531,3.9900,0.2550,-1
KHAPRETA_510206,312104.860,2624244.200,128.4200,0.3681,4.0000,0.2556,-1
KHAPRETA_510206,312107.860,2624244.200,128.6400,0.9473,3.7800,0.2415,-1
KHAPRETA_510206,312108.860,2624244.200,128.2100,0.5902,4.2100,0.2690,-1
KHAPRETA_510206,312110.860,2624244.200,128.4900,0.0000,3.9300,0.2511,-1
KHAPRETA_510206,312112.860,2624244.200,128.8400,0.8131,3.5800,0.2288,-1
KHAPRETA_510206,312122.860,2624244.200,128.2600,0.7281,4.1600,0.2658,-1
KHAPRETA_510206,312128.860,2624244.200,128.3100,0.6481,4.1100,0.2626,-1
KHAPRETA_510206,312129.860,2624244.200,128.4800,0.7331,3.9400,0.2518,-1
KHAPRETA_510206,312132.860,2624244.200,128.5400,0.5531,3.8800,0.2479,-1
KHAPRETA_510206,312133.860,2624244.200,128.6700,0.6809,3.7500,0.2396,-1
KHAPRETA_510206,312134.860,2624244.200,128.8900,0.0600,3.5300,0.2256,-1
KHAPRETA_510206,312135.860,2624244.200,128.5500,0.0450,3.8700,0.2473,-1
KHAPRETA_510206,312136.860,2624244.200,128.8000,0.6131,3.6200,0.2313,-1
KHAPRETA_510206,312148.860,2624244.200,128.4800,0.6131,3.9400,0.2518,-1
KHAPRETA_510206,312150.860,2624244.200,128.5900,0.0000,3.8300,0.2447,-1
KHAPRETA_510206,312153.860,2624244.200,128.5800,0.5781,3.8400,0.2454,-1
KHAPRETA_510206,312159.860,2624244.200,128.5600,0.0000,3.8600,0.2466,-1
KHAPRETA_510206,312163.860,2624244.200,128.5600,0.6031,3.8600,0.2466,-1
KHAPRETA_510206,312167.860,2624244.200,128.7600,0.7293,3.6600,0.2339,-1
KHAPRETA_510206,312168.860,2624244.200,128.7700,0.5994,3.6500,0.2332,-1
KHAPRETA_510206,312172.860,2624244.200,129.0900,0.3231,3.3300,0.2128,-1
KHAPRETA_510206,312174.860,2624244.200,129.1900,0.3431,3.2300,0.2064,-1
KHAPRETA_510206,312176.860,2624244.200,129.2400,0.2931,3.1800,0.2032,-1
KHAPRETA_510206,312180.860,2624244.200,129.1600,0.3081,3.2600,0.2083,-1
KHAPRETA_510206,312181.860,2624244.200,129.1600,0.3081,3.2600,0.2083,-1
KHAPRETA_510206,312184.860,2624244.200,129.2000,0.0000,3.2200,0.2058,-1
KHAPRETA_510206,312187.860,2624244.200,129.2300,0.0000,3.1900,0.2038,-1
KHAPRETA_510206,312189.860,2624244.200,129.2900,0.2531,3.1300,0.2000,-1
KHAPRETA_510206,312192.860,2624244.200,129.2900,0.0000,3.1300,0.2000,-1
KHAPRETA_510206,312195.860,2624244.200,129.3100,0.2231,3.1100,0.1987,-1
KHAPRETA_510206,312204.860,2624244.200,129.4300,0.0000,2.9900,0.1911,-1
KHAPRETA_510206,312209.860,2624244.200,129.8500,0.0000,2.5700,0.1642,-1
KHAPRETA_510206,312215.860,2624244.200,130.4000,0.1519,2.0200,0.1291,-1
KHAPRETA_510206,312225.860,2624244.200,130.3100,0.3269,2.1100,0.1348,-1
KHAPRETA_510206,312226.860,2624244.200,130.4300,0.0350,1.9900,0.1272,-1
KHAPRETA_510206,312227.860,2624244.200,130.3800,0.3269,2.0400,0.1304,-1
KHAPRETA_510206,312237.860,2624244.200,130.4000,0.3169,2.0200,0.1291,-1
KHAPRETA_510206,312239.860,2624244.200,130.3800,0.0850,2.0400,0.1304,-1
KHAPRETA_510206,312244.860,2624244.200,130.0500,0.2575,2.3700,0.1514,-1
KHAPRETA_510206,312245.860,2624244.200,130.0000,0.1369,2.4200,0.1546,-1
KHAPRETA_510206,312251.860,2624244.200,130.0800,0.0000,2.3400,0.1495,-1
KHAPRETA_510206,312253.860,2624244.200,130.1000,0.0000,2.3200,0.1482,-1
KHAPRETA_510206,312255.860,2624244.200,130.1000,0.0000,2.3200,0.1482,-1
KHAPRETA_510206,312263.860,2624244.200,130.1700,0.0100,2.2500,0.1438,-1
KHAPRETA_510206,312271.860,2624244.200,130.2100,0.2927,2.2100,0.1412,-1
KHAPRETA_510206,312272.860,2624244.200,130.1900,0.2169,2.2300,0.1425,-1
KHAPRETA_510206,312274.860,2624244.200,130.1900,0.0000,2.2300,0.1425,-1
KHAPRETA_510206,312277.860,2624244.200,130.3700,0.4562,2.0500,0.1310,-1
KHAPRETA_510206,312278.860,2624244.200,130.3800,0.3258,2.0400,0.1304,-1
KHAPRETA_510206,312279.860,2624244.200,130.4700,0.3997,1.9500,0.1246,-1
KHAPRETA_510206,312280.860,2624244.200,130.8400,0.3469,1.5800,0.1010,-1
KHAPRETA_510206,312289.860,2624244.200,131.0500,0.0000,1.3700,0.0875,-1
KHAPRETA_510206,312297.860,2624244.200,131.0500,0.0000,1.3700,0.0875,-1
KHAPRETA_510206,312303.860,2624244.200,131.3100,0.0000,1.1100,0.0709,-1
KHAPRETA_510206,312305.860,2624244.200,131.3000,0.0000,1.1200,0.0716,-1
KHAPRETA_510206,312316.860,2624244.200,131.3000,0.7619,1.1200,0.0716,-1
KHAPRETA_510206,312320.860,2624244.200,131.1400,0.7119,1.2800,0.0818,-1
KHAPRETA_510206,312323.860,2624244.200,131.1700,0.0000,1.2500,0.0799,-1
KHAPRETA_510206,312326.860,2624244.200,131.2200,0.0000,1.2000,0.0767,-1
KHAPRETA_510206,312328.860,2624244.200,131.1200,1.0859,1.3000,0.0831,-1
KHAPRETA_510206,312329.860,2624244.200,131.4900,0.6719,0.9300,0.0594,-1
KHAPRETA_510206,312333.860,2624244.200,131.5100,0.9019,0.9100,0.0581,-1
KHAPRETA_510206,312337.860,2624244.200,131.5600,0.0000,0.8600,0.0550,-1
KHAPRETA_510206,312344.860,2624244.200,132.0100,1.0969,0.4100,0.0262,-1
KHAPRETA_510206,312345.860,2624244.200,131.9700,0.0400,0.4500,0.0288,-1
KHAPRETA_510206,312346.860,2624244.200,132.0900,1.5907,0.3300,0.0211,-1
KHAPRETA_510206,312349.860,2624244.200,132.1300,1.2619,0.2900,0.0185,-1
KHAPRETA_510206,312352.860,2624244.200,132.1400,1.2819,0.2800,0.0179,-1
KHAPRETA_510206,312355.860,2624244.200,132.1300,0.0000,0.2900,0.0185,-1
KHAPRETA_510206,312369.860,2624244.200,132.1200,0.0000,0.3000,0.0192,-1
KHAPRETA_510206,312379.860,2624244.200,132.1800,1.6764,0.2400,0.0153,-1
KHAPRETA_510206,312380.860,2624244.200,132.0500,1.2089,0.3700,0.0236,-1
KHAPRETA_510206,312381.860,2624244.200,131.8400,0.1100,0.5800,0.0371,-1
KHAPRETA_510206,312382.860,2624244.200,132.2700,1.0319,0.1500,0.0096,-1
KHAPRETA_510206,312390.860,2624244.200,131.9900,1.0419,0.4300,0.0275,-1
KHAPRETA_510206,312401.860,2624244.200,131.9400,1.0469,0.4800,0.0307,-1
KHAPRETA_510206,312403.860,2624244.200,131.9100,0.0000,0.5100,0.0326,-1
KHAPRETA_510206,312407.860,2624244.200,131.9500,0.0000,0.4700,0.0300,-1
KHAPRETA_510206,312418.860,2624244.200,132.2800,0.0000,0.1400,0.0089,-1
KHAPRETA_510206,312420.860,2624244.200,132.2000,1.7211,0.2200,0.0141,-1
KHAPRETA_510206,312421.860,2624244.200,132.1800,1.7104,0.2400,0.0153,-1
KHAPRETA_510206,312423.860,2624244.200,132.3200,1.7740,0.1000,0.0064,-1
KHAPRETA_510206,312424.860,2624244.200,132.2900,1.2719,0.1300,0.0083,-1
KHAPRETA_510206,312426.860,2624244.200,132.3300,0.0000,0.0900,0.0058,-1
KHAPRETA_510206,312435.860,2624244.200,132.2400,1.2219,0.1800,0.0115,-1
KHAPRETA_510206,312436.860,2624244.200,132.2200,1.2319,0.2000,0.0128,-1
KHAPRETA_510206,312438.860,2624244.200,132.2800,0.0000,0.1400,0.0089,-1
KHAPRETA_510206,311973.860,2624245.200,127.3100,1.1082,5.1100,0.3265,-1
KHAPRETA_510206,311974.860,2624245.200,127.5600,1.2331,4.8600,0.3105,-1
KHAPRETA_510206,311978.860,2624245.200,127.5600,0.0000,4.8600,0.3105,-1
KHAPRETA_510206,311984.860,2624245.200,127.6900,1.0531,4.7300,0.3022,-1
KHAPRETA_510206,311985.860,2624245.200,127.6700,1.5291,4.7500,0.3035,-1
KHAPRETA_510206,311987.860,2624245.200,127.5600,1.0781,4.8600,0.3105,-1
KHAPRETA_510206,311989.860,2624245.200,127.6200,0.0200,4.8000,0.3067,-1
KHAPRETA_510206,311993.860,2624245.200,127.5600,1.0831,4.8600,0.3105,-1
KHAPRETA_510206,311998.860,2624245.200,127.5000,0.0000,4.9200,0.3144,-1
KHAPRETA_510206,312000.860,2624245.200,127.5200,0.0000,4.9000,0.3131,-1
KHAPRETA_510206,312002.860,2624245.200,127.4100,1.1881,5.0100,0.3201,-1
KHAPRETA_510206,312008.860,2624245.200,127.3800,1.6696,5.0400,0.3220,-1
KHAPRETA_510206,312009.860,2624245.200,127.4000,1.1981,5.0200,0.3208,-1
KHAPRETA_510206,312011.860,2624245.200,127.3900,1.5963,5.0300,0.3214,-1
KHAPRETA_510206,312012.860,2624245.200,127.6000,1.1931,4.8200,0.3080,-1
KHAPRETA_510206,312020.860,2624245.200,129.9900,0.0000,2.4300,0.1553,-1
KHAPRETA_510206,312026.860,2624245.200,124.4300,2.4681,7.9900,0.5105,-1
KHAPRETA_510206,312036.860,2624245.200,124.6200,2.6081,7.8000,0.4984,-1
KHAPRETA_510206,312037.860,2624245.200,124.5600,2.5781,7.8600,0.5022,-1
KHAPRETA_510206,312059.860,2624245.200,123.9800,0.0000,8.4400,0.5393,-1
KHAPRETA_510206,312062.860,2624245.200,123.9900,0.0000,8.4300,0.5387,-1
KHAPRETA_510206,312067.860,2624245.200,124.3200,0.0000,8.1000,0.5176,-1
KHAPRETA_510206,312074.860,2624245.200,124.8000,1.0331,7.6200,0.4869,-1
KHAPRETA_510206,312075.860,2624245.200,127.7100,2.6452,4.7100,0.3010,-1
KHAPRETA_510206,312078.860,2624245.200,128.1000,0.3081,4.3200,0.2760,-1
KHAPRETA_510206,312080.860,2624245.200,129.2900,0.0000,3.1300,0.2000,-1
KHAPRETA_510206,312082.860,2624245.200,129.7500,0.0000,2.6700,0.1706,-1
KHAPRETA_510206,312085.860,2624245.200,130.3000,0.0000,2.1200,0.1355,-1
KHAPRETA_510206,312091.860,2624245.200,131.1100,0.8990,1.3100,0.0837,-1
KHAPRETA_510206,312092.860,2624245.200,131.2400,0.0200,1.1800,0.0754,-1
KHAPRETA_510206,312093.860,2624245.200,131.0700,0.7319,1.3500,0.0863,-1
KHAPRETA_510206,312099.860,2624245.200,128.4700,0.6731,3.9500,0.2524,-1
KHAPRETA_510206,312106.860,2624245.200,129.1200,0.0000,3.3000,0.2109,-1
KHAPRETA_510206,312108.860,2624245.200,128.3000,0.9558,4.1200,0.2633,-1
KHAPRETA_510206,312109.860,2624245.200,128.6800,0.7381,3.7400,0.2390,-1
KHAPRETA_510206,312118.860,2624245.200,128.2400,0.7931,4.1800,0.2671,-1
KHAPRETA_510206,312119.860,2624245.200,128.1900,0.7681,4.2300,0.2703,-1
KHAPRETA_510206,312130.860,2624245.200,128.4700,0.6881,3.9500,0.2524,-1
KHAPRETA_510206,312131.860,2624245.200,128.4000,0.6531,4.0200,0.2569,-1
KHAPRETA_510206,312133.860,2624245.200,128.4600,0.0650,3.9600,0.2530,-1
KHAPRETA_510206,312138.860,2624245.200,128.4000,0.0000,4.0200,0.2569,-1
KHAPRETA_510206,312141.860,2624245.200,128.3800,0.0000,4.0400,0.2581,-1
KHAPRETA_510206,312143.860,2624245.200,128.4900,0.0000,3.9300,0.2511,-1
KHAPRETA_510206,312145.860,2624245.200,128.5600,0.6731,3.8600,0.2466,-1
KHAPRETA_510206,312146.860,2624245.200,128.4300,0.6081,3.9900,0.2550,-1
KHAPRETA_510206,312148.860,2624245.200,128.5500,0.6481,3.8700,0.2473,-1
KHAPRETA_510206,312155.860,2624245.200,128.8800,0.0000,3.5400,0.2262,-1
KHAPRETA_510206,312157.860,2624245.200,128.6700,0.8282,3.7500,0.2396,-1
KHAPRETA_510206,312158.860,2624245.200,128.6200,0.5531,3.8000,0.2428,-1
KHAPRETA_510206,312160.860,2624245.200,128.6600,0.0000,3.7600,0.2403,-1
KHAPRETA_510206,312162.860,2624245.200,128.6100,0.6031,3.8100,0.2435,-1
KHAPRETA_510206,312163.860,2624245.200,128.5700,0.8424,3.8500,0.2460,-1
KHAPRETA_510206,312168.860,2624245.200,129.1400,0.1600,3.2800,0.2096,-1
KHAPRETA_510206,312171.860,2624245.200,129.0900,0.3681,3.3300,0.2128,-1
KHAPRETA_510206,312174.860,2624245.200,129.0900,0.2931,3.3300,0.2128,-1
KHAPRETA_510206,312189.860,2624245.200,129.2700,0.2431,3.1500,0.2013,-1
KHAPRETA_510206,312195.860,2624245.200,129.3300,0.3192,3.0900,0.1974,-1
KHAPRETA_510206,312196.860,2624245.200,129.3400,0.3155,3.0800,0.1968,-1
KHAPRETA_510206,312206.860,2624245.200,129.4400,0.0000,2.9800,0.1904,-1
KHAPRETA_510206,312210.860,2624245.200,129.9100,0.3700,2.5100,0.1604,-1
KHAPRETA_510206,312211.860,2624245.200,130.5000,0.0669,1.9200,0.1227,-1
KHAPRETA_510206,312214.860,2624245.200,130.2500,0.1519,2.1700,0.1387,-1
KHAPRETA_510206,312215.860,2624245.200,130.0800,0.3917,2.3400,0.1495,-1
KHAPRETA_510206,312217.860,2624245.200,130.1800,0.0000,2.2400,0.1431,-1
KHAPRETA_510206,312230.860,2624245.200,130.4100,0.0000,2.0100,0.1284,-1
KHAPRETA_510206,312232.860,2624245.200,130.3800,0.3169,2.0400,0.1304,-1
KHAPRETA_510206,312233.860,2624245.200,130.4100,0.3019,2.0100,0.1284,-1
KHAPRETA_510206,312235.860,2624245.200,130.3500,0.0000,2.0700,0.1323,-1
KHAPRETA_510206,312237.860,2624245.200,130.4100,0.3119,2.0100,0.1284,-1
KHAPRETA_510206,312239.860,2624245.200,130.4100,0.4341,2.0100,0.1284,-1
KHAPRETA_510206,312240.860,2624245.200,130.4000,0.0600,2.0200,0.1291,-1
KHAPRETA_510206,312241.860,2624245.200,130.2900,0.3119,2.1300,0.1361,-1
KHAPRETA_510206,312244.860,2624245.200,130.2400,0.0750,2.1800,0.1393,-1
KHAPRETA_510206,312246.860,2624245.200,130.0600,0.0000,2.3600,0.1508,-1
KHAPRETA_510206,312249.860,2624245.200,130.0700,0.0000,2.3500,0.1502,-1
KHAPRETA_510206,312252.860,2624245.200,130.0800,0.0000,2.3400,0.1495,-1
KHAPRETA_510206,312257.860,2624245.200,130.1600,0.0000,2.2600,0.1444,-1
KHAPRETA_510206,312263.860,2624245.200,130.1800,0.1969,2.2400,0.1431,-1
KHAPRETA_510206,312269.860,2624245.200,130.1800,0.0000,2.2400,0.1431,-1
KHAPRETA_510206,312271.860,2624245.200,130.1900,0.2169,2.2300,0.1425,-1
KHAPRETA_510206,312276.860,2624245.200,130.4400,0.3419,1.9800,0.1265,-1
KHAPRETA_510206,312277.860,2624245.200,130.4600,0.2971,1.9600,0.1252,-1
KHAPRETA_510206,312278.860,2624245.200,130.4200,0.3023,2.0000,0.1278,-1
KHAPRETA_510206,312279.860,2624245.200,130.4300,0.4733,1.9900,0.1272,-1
KHAPRETA_510206,312281.860,2624245.200,130.9400,0.5419,1.4800,0.0946,-1
KHAPRETA_510206,312283.860,2624245.200,130.9500,0.0000,1.4700,0.0939,-1
KHAPRETA_510206,312285.860,2624245.200,130.9600,0.0000,1.4600,0.0933,-1
KHAPRETA_510206,312291.860,2624245.200,131.0500,0.0000,1.3700,0.0875,-1
KHAPRETA_510206,312296.860,2624245.200,131.0700,0.5719,1.3500,0.0863,-1
KHAPRETA_510206,312304.860,2624245.200,131.4500,0.0000,0.9700,0.0620,-1
KHAPRETA_510206,312306.860,2624245.200,131.2500,0.0000,1.1700,0.0748,-1
KHAPRETA_510206,312309.860,2624245.200,131.1900,0.0000,1.2300,0.0786,-1
KHAPRETA_510206,312312.860,2624245.200,131.2900,0.7069,1.1300,0.0722,-1
KHAPRETA_510206,312313.860,2624245.200,131.1900,0.0300,1.2300,0.0786,-1
KHAPRETA_510206,312314.860,2624245.200,131.2300,0.0100,1.1900,0.0760,-1
KHAPRETA_510206,312315.860,2624245.200,131.1700,0.7269,1.2500,0.0799,-1
KHAPRETA_510206,312318.860,2624245.200,131.2200,0.0000,1.2000,0.0767,-1
KHAPRETA_510206,312320.860,2624245.200,131.2000,0.9469,1.2200,0.0780,-1
KHAPRETA_510206,312321.860,2624245.200,131.0900,0.7119,1.3300,0.0850,-1
KHAPRETA_510206,312331.860,2624245.200,131.5200,0.0000,0.9000,0.0575,-1
KHAPRETA_510206,312333.860,2624245.200,131.5800,1.2438,0.8400,0.0537,-1
KHAPRETA_510206,312334.860,2624245.200,131.5600,0.9019,0.8600,0.0550,-1
KHAPRETA_510206,312346.860,2624245.200,132.0800,1.1569,0.3400,0.0217,-1
KHAPRETA_510206,312348.860,2624245.200,132.0000,0.0000,0.4200,0.0268,-1
KHAPRETA_510206,312350.860,2624245.200,132.1300,0.0000,0.2900,0.0185,-1
KHAPRETA_510206,312353.860,2624245.200,132.3600,0.0000,0.0600,0.0038,-1
KHAPRETA_510206,312366.860,2624245.200,132.2500,0.0000,0.1700,0.0109,-1
KHAPRETA_510206,312375.860,2624245.200,131.8200,1.0969,0.6000,0.0383,-1
KHAPRETA_510206,312376.860,2624245.200,131.9700,1.5587,0.4500,0.0288,-1
KHAPRETA_510206,312383.860,2624245.200,131.5300,0.8669,0.8900,0.0569,-1
KHAPRETA_510206,312384.860,2624245.200,131.5100,0.8769,0.9100,0.0581,-1
KHAPRETA_510206,312387.860,2624245.200,131.8100,1.1069,0.6100,0.0390,-1
KHAPRETA_510206,312388.860,2624245.200,131.9900,1.0169,0.4300,0.0275,-1
KHAPRETA_510206,312393.860,2624245.200,131.8200,1.0169,0.6000,0.0383,-1
KHAPRETA_510206,312394.860,2624245.200,131.8100,1.0219,0.6100,0.0390,-1
KHAPRETA_510206,312400.860,2624245.200,131.8800,1.0469,0.5400,0.0345,-1
KHAPRETA_510206,312401.860,2624245.200,131.8700,1.5090,0.5500,0.0351,-1
KHAPRETA_510206,312423.860,2624245.200,132.2800,0.0450,0.1400,0.0089,-1
KHAPRETA_510206,312425.860,2624245.200,132.3500,0.0000,0.0700,0.0045,-1
KHAPRETA_510206,312431.860,2624245.200,132.2400,0.0000,0.1800,0.0115,-1
KHAPRETA_510206,312433.860,2624245.200,132.2400,0.0000,0.1800,0.0115,-1
KHAPRETA_510206,311969.860,2624246.200,127.8400,1.4186,4.5800,0.2927,-1
KHAPRETA_510206,311970.860,2624246.200,127.7800,1.5403,4.6400,0.2965,-1
KHAPRETA_510206,311972.860,2624246.200,127.2500,1.1181,5.1700,0.3304,-1
KHAPRETA_510206,311973.860,2624246.200,127.5400,1.2656,4.8800,0.3118,-1
KHAPRETA_510206,311976.860,2624246.200,127.6800,1.0481,4.7400,0.3029,-1
KHAPRETA_510206,311977.860,2624246.200,127.6800,1.0481,4.7400,0.3029,-1
KHAPRETA_510206,311979.860,2624246.200,127.5800,1.0681,4.8400,0.3093,-1
KHAPRETA_510206,311980.860,2624246.200,127.6400,1.5214,4.7800,0.3054,-1
KHAPRETA_510206,311985.860,2624246.200,127.5400,1.0531,4.8800,0.3118,-1
KHAPRETA_510206,311988.860,2624246.200,127.6300,1.0881,4.7900,0.3061,-1
KHAPRETA_510206,311989.860,2624246.200,127.6000,1.5211,4.8200,0.3080,-1
KHAPRETA_510206,311993.860,2624246.200,127.6100,1.1081,4.8100,0.3073,-1
KHAPRETA_510206,312002.860,2624246.200,127.4000,1.6520,5.0200,0.3208,-1
KHAPRETA_510206,312003.860,2624246.200,127.4700,1.1881,4.9500,0.3163,-1
KHAPRETA_510206,312006.860,2624246.200,127.3300,0.0000,5.0900,0.3252,-1
KHAPRETA_510206,312008.860,2624246.200,127.4300,1.1981,4.9900,0.3188,-1
KHAPRETA_510206,312021.860,2624246.200,127.1700,1.6031,5.2500,0.3355,-1
KHAPRETA_510206,312023.860,2624246.200,126.3200,3.4365,6.1000,0.3898,-1
KHAPRETA_510206,312024.860,2624246.200,124.0800,1.7281,8.3400,0.5329,-1
KHAPRETA_510206,312034.860,2624246.200,124.5200,0.0000,7.9000,0.5048,-1
KHAPRETA_510206,312042.860,2624246.200,124.6000,2.8431,7.8200,0.4997,-1
KHAPRETA_510206,312046.860,2624246.200,124.4200,0.0000,8.0000,0.5112,-1
KHAPRETA_510206,312049.860,2624246.200,124.2900,2.8081,8.1300,0.5195,-1
KHAPRETA_510206,312061.860,2624246.200,123.9800,2.8481,8.4400,0.5393,-1
KHAPRETA_510206,312066.860,2624246.200,124.6500,2.4781,7.7700,0.4965,-1
KHAPRETA_510206,312069.860,2624246.200,124.8900,0.0000,7.5300,0.4812,-1
KHAPRETA_510206,312072.860,2624246.200,125.4100,2.1830,7.0100,0.4479,-1
KHAPRETA_510206,312073.860,2624246.200,126.7700,2.1831,5.6500,0.3610,-1
KHAPRETA_510206,312075.860,2624246.200,127.9800,1.0331,4.4400,0.2837,-1
KHAPRETA_510206,312078.860,2624246.200,129.1600,0.8381,3.2600,0.2083,-1
KHAPRETA_510206,312083.860,2624246.200,130.5400,0.0000,1.8800,0.1201,-1
KHAPRETA_510206,312105.860,2624246.200,128.7300,0.0000,3.6900,0.2358,-1
KHAPRETA_510206,312110.860,2624246.200,129.2600,0.4631,3.1600,0.2019,-1
KHAPRETA_510206,312111.860,2624246.200,128.8500,0.2950,3.5700,0.2281,-1
KHAPRETA_510206,312112.860,2624246.200,129.8500,0.2050,2.5700,0.1642,-1
KHAPRETA_510206,312113.860,2624246.200,128.4400,0.0369,3.9800,0.2543,-1
KHAPRETA_510206,312124.860,2624246.200,128.4700,0.0000,3.9500,0.2524,-1
KHAPRETA_510206,312133.860,2624246.200,128.5400,0.6581,3.8800,0.2479,-1
KHAPRETA_510206,312140.860,2624246.200,128.4300,0.6231,3.9900,0.2550,-1
KHAPRETA_510206,312157.860,2624246.200,128.5900,0.0300,3.8300,0.2447,-1
KHAPRETA_510206,312161.860,2624246.200,128.6600,0.5631,3.7600,0.2403,-1
KHAPRETA_510206,312168.860,2624246.200,129.0900,0.0550,3.3300,0.2128,-1
KHAPRETA_510206,312171.860,2624246.200,129.0400,0.4611,3.3800,0.2160,-1
KHAPRETA_510206,312172.860,2624246.200,129.1600,0.3681,3.2600,0.2083,-1
KHAPRETA_510206,312177.860,2624246.200,129.1500,0.3131,3.2700,0.2089,-1
KHAPRETA_510206,312178.860,2624246.200,129.1500,0.3131,3.2700,0.2089,-1
KHAPRETA_510206,312184.860,2624246.200,129.2600,0.0000,3.1600,0.2019,-1
KHAPRETA_510206,312190.860,2624246.200,129.3100,0.0000,3.1100,0.1987,-1
KHAPRETA_510206,312196.860,2624246.200,129.3300,0.0100,3.0900,0.1974,-1
KHAPRETA_510206,312201.860,2624246.200,129.3600,0.0000,3.0600,0.1955,-1
KHAPRETA_510206,312204.860,2624246.200,129.4200,0.1531,3.0000,0.1917,-1
KHAPRETA_510206,312207.860,2624246.200,129.4600,0.0000,2.9600,0.1891,-1
KHAPRETA_510206,312210.860,2624246.200,129.9300,0.0669,2.4900,0.1591,-1
KHAPRETA_510206,312213.860,2624246.200,130.1300,0.1819,2.2900,0.1463,-1
KHAPRETA_510206,312218.860,2624246.200,130.3100,0.0000,2.1100,0.1348,-1
KHAPRETA_510206,312220.860,2624246.200,130.2100,0.0000,2.2100,0.1412,-1
KHAPRETA_510206,312224.860,2624246.200,130.3000,0.0000,2.1200,0.1355,-1
KHAPRETA_510206,312226.860,2624246.200,130.3500,0.0000,2.0700,0.1323,-1
KHAPRETA_510206,312231.860,2624246.200,130.4000,0.0000,2.0200,0.1291,-1
KHAPRETA_510206,312242.860,2624246.200,130.4200,0.0000,2.0000,0.1278,-1
KHAPRETA_510206,312244.860,2624246.200,130.2000,0.2773,2.2200,0.1419,-1
KHAPRETA_510206,312245.860,2624246.200,130.0800,0.2551,2.3400,0.1495,-1
KHAPRETA_510206,312248.860,2624246.200,130.0600,0.0000,2.3600,0.1508,-1
KHAPRETA_510206,312261.860,2624246.200,130.1700,0.1969,2.2500,0.1438,-1
KHAPRETA_510206,312262.860,2624246.200,130.1700,0.1969,2.2500,0.1438,-1
KHAPRETA_510206,312264.860,2624246.200,130.1700,0.0000,2.2500,0.1438,-1
KHAPRETA_510206,312281.860,2624246.200,130.8600,0.5819,1.5600,0.0997,-1
KHAPRETA_510206,312289.860,2624246.200,131.0600,0.0000,1.3600,0.0869,-1
KHAPRETA_510206,312296.860,2624246.200,130.9200,0.6469,1.5000,0.0958,-1
KHAPRETA_510206,312298.860,2624246.200,131.2400,0.0000,1.1800,0.0754,-1
KHAPRETA_510206,312305.860,2624246.200,131.3900,0.0000,1.0300,0.0658,-1
KHAPRETA_510206,312307.860,2624246.200,131.2200,0.7419,1.2000,0.0767,-1
KHAPRETA_510206,312308.860,2624246.200,131.2600,0.7219,1.1600,0.0741,-1
KHAPRETA_510206,312327.860,2624246.200,131.1300,0.6769,1.2900,0.0824,-1
KHAPRETA_510206,312328.860,2624246.200,131.1300,0.6769,1.2900,0.0824,-1
KHAPRETA_510206,312332.860,2624246.200,131.4900,0.8519,0.9300,0.0594,-1
KHAPRETA_510206,312335.860,2624246.200,131.4800,0.0000,0.9400,0.0601,-1
KHAPRETA_510206,312339.860,2624246.200,131.8200,1.1019,0.6000,0.0383,-1
KHAPRETA_510206,312340.860,2624246.200,131.9800,1.0219,0.4400,0.0281,-1
KHAPRETA_510206,312343.860,2624246.200,132.1000,0.0000,0.3200,0.0204,-1
KHAPRETA_510206,312345.860,2624246.200,132.1500,0.0000,0.2700,0.0173,-1
KHAPRETA_510206,312352.860,2624246.200,132.2000,0.0000,0.2200,0.0141,-1
KHAPRETA_510206,312354.860,2624246.200,132.1600,0.0000,0.2600,0.0166,-1
KHAPRETA_510206,312357.860,2624246.200,132.2100,1.2119,0.2100,0.0134,-1
KHAPRETA_510206,312358.860,2624246.200,132.2000,1.2169,0.2200,0.0141,-1
KHAPRETA_510206,312360.860,2624246.200,132.1900,0.0000,0.2300,0.0147,-1
KHAPRETA_510206,312365.860,2624246.200,132.1300,0.0000,0.2900,0.0185,-1
KHAPRETA_510206,312368.860,2624246.200,131.8300,0.0000,0.5900,0.0377,-1
KHAPRETA_510206,312373.860,2624246.200,132.2200,0.0000,0.2000,0.0128,-1
KHAPRETA_510206,312376.860,2624246.200,132.1300,1.0969,0.2900,0.0185,-1
KHAPRETA_510206,312379.860,2624246.200,132.2300,1.0019,0.1900,0.0121,-1
KHAPRETA_510206,312403.860,2624246.200,131.9400,0.0000,0.4800,0.0307,-1
KHAPRETA_510206,312406.860,2624246.200,131.9900,0.0000,0.4300,0.0275,-1
KHAPRETA_510206,312412.860,2624246.200,132.1200,1.1519,0.3000,0.0192,-1
KHAPRETA_510206,312413.860,2624246.200,132.0800,1.1719,0.3400,0.0217,-1
KHAPRETA_510206,312415.860,2624246.200,132.3500,0.0000,0.0700,0.0045,-1
KHAPRETA_510206,312418.860,2624246.200,132.2100,1.2319,0.2100,0.0134,-1
KHAPRETA_510206,312422.860,2624246.200,132.2000,1.2269,0.2200,0.0141,-1
KHAPRETA_510206,312423.860,2624246.200,132.2300,1.2119,0.1900,0.0121,-1
KHAPRETA_510206,312427.860,2624246.200,132.2900,0.0000,0.1300,0.0083,-1
KHAPRETA_510206,312502.860,2624246.200,132.0200,0.0000,0.4000,0.0256,-1
KHAPRETA_510206,311969.860,2624247.200,127.7600,1.2041,4.6600,0.2978,-1
KHAPRETA_510206,311970.860,2624247.200,127.3800,1.4186,5.0400,0.3220,-1
KHAPRETA_510206,311973.860,2624247.200,127.4700,1.1181,4.9500,0.3163,-1
KHAPRETA_510206,311980.860,2624247.200,127.6700,1.1585,4.7500,0.3035,-1
KHAPRETA_510206,311981.860,2624247.200,127.4600,0.0050,4.9600,0.3169,-1
KHAPRETA_510206,311982.860,2624247.200,127.6600,1.5552,4.7600,0.3042,-1
KHAPRETA_510206,311991.860,2624247.200,127.5500,0.0000,4.8700,0.3112,-1
KHAPRETA_510206,311994.860,2624247.200,127.6300,1.5141,4.7900,0.3061,-1
KHAPRETA_510206,311995.860,2624247.200,127.6600,0.0600,4.7600,0.3042,-1
KHAPRETA_510206,311996.860,2624247.200,127.5100,1.5760,4.9100,0.3137,-1
KHAPRETA_510206,312011.860,2624247.200,127.3000,1.7122,5.1200,0.3272,-1
KHAPRETA_510206,312012.860,2624247.200,127.3900,1.6884,5.0300,0.3214,-1
KHAPRETA_510206,312021.860,2624247.200,126.5700,2.0971,5.8500,0.3738,-1
KHAPRETA_510206,312022.860,2624247.200,126.4900,0.3200,5.9300,0.3789,-1
KHAPRETA_510206,312023.860,2624247.200,125.9300,2.3845,6.4900,0.4147,-1
KHAPRETA_510206,312040.860,2624247.200,124.2900,0.0000,8.1300,0.5195,-1
KHAPRETA_510206,312042.860,2624247.200,124.0900,2.5881,8.3300,0.5323,-1
KHAPRETA_510206,312047.860,2624247.200,124.2700,3.0031,8.1500,0.5208,-1
KHAPRETA_510206,312049.860,2624247.200,124.1600,2.7431,8.2600,0.5278,-1
KHAPRETA_510206,312052.860,2624247.200,123.9800,0.0000,8.4400,0.5393,-1
KHAPRETA_510206,312057.860,2624247.200,124.0400,2.8981,8.3800,0.5355,-1
KHAPRETA_510206,312058.860,2624247.200,123.9800,2.8681,8.4400,0.5393,-1
KHAPRETA_510206,312060.860,2624247.200,124.1300,3.8855,8.2900,0.5297,-1
KHAPRETA_510206,312061.860,2624247.200,124.0800,2.9036,8.3400,0.5329,-1
KHAPRETA_510206,312062.860,2624247.200,124.4900,2.8481,7.9300,0.5067,-1
KHAPRETA_510206,312064.860,2624247.200,124.7900,3.5399,7.6300,0.4875,-1
KHAPRETA_510206,312065.860,2624247.200,124.7500,0.0150,7.6700,0.4901,-1
KHAPRETA_510206,312066.860,2624247.200,124.8200,3.5895,7.6000,0.4856,-1
KHAPRETA_510206,312071.860,2624247.200,124.8500,2.9279,7.5700,0.4837,-1
KHAPRETA_510206,312072.860,2624247.200,126.6100,3.2913,5.8100,0.3712,-1
KHAPRETA_510206,312087.860,2624247.200,131.1400,0.0000,1.2800,0.0818,-1
KHAPRETA_510206,312089.860,2624247.200,131.4500,0.8369,0.9700,0.0620,-1
KHAPRETA_510206,312091.860,2624247.200,129.7800,0.0819,2.6400,0.1687,-1
KHAPRETA_510206,312099.860,2624247.200,129.3600,0.3981,3.0600,0.1955,-1
KHAPRETA_510206,312100.860,2624247.200,128.9800,0.3800,3.4400,0.2198,-1
KHAPRETA_510206,312101.860,2624247.200,128.6000,0.3981,3.8200,0.2441,-1
KHAPRETA_510206,312107.860,2624247.200,129.3000,0.3581,3.1200,0.1994,-1
KHAPRETA_510206,312108.860,2624247.200,129.0600,0.2381,3.3600,0.2147,-1
KHAPRETA_510206,312114.860,2624247.200,128.2500,0.0000,4.1700,0.2665,-1
KHAPRETA_510206,312118.860,2624247.200,128.1900,0.0000,4.2300,0.2703,-1
KHAPRETA_510206,312122.860,2624247.200,128.2900,1.0476,4.1300,0.2639,-1
KHAPRETA_510206,312123.860,2624247.200,128.3300,0.7431,4.0900,0.2613,-1
KHAPRETA_510206,312125.860,2624247.200,128.4900,0.0000,3.9300,0.2511,-1
KHAPRETA_510206,312128.860,2624247.200,128.5100,0.6781,3.9100,0.2498,-1
KHAPRETA_510206,312129.860,2624247.200,128.4200,0.6331,4.0000,0.2556,-1
KHAPRETA_510206,312131.860,2624247.200,128.5500,0.6581,3.8700,0.2473,-1
KHAPRETA_510206,312135.860,2624247.200,128.5500,0.5731,3.8700,0.2473,-1
KHAPRETA_510206,312137.860,2624247.200,128.7400,0.7031,3.6800,0.2351,-1
KHAPRETA_510206,312140.860,2624247.200,128.5300,0.8775,3.8900,0.2486,-1
KHAPRETA_510206,312141.860,2624247.200,128.6500,0.6231,3.7700,0.2409,-1
KHAPRETA_510206,312143.860,2624247.200,128.4700,0.0000,3.9500,0.2524,-1
KHAPRETA_510206,312147.860,2624247.200,128.5200,0.0000,3.9000,0.2492,-1
KHAPRETA_510206,312152.860,2624247.200,128.5700,0.0000,3.8500,0.2460,-1
KHAPRETA_510206,312155.860,2624247.200,128.6100,0.0000,3.8100,0.2435,-1
KHAPRETA_510206,312157.860,2624247.200,128.6100,0.5931,3.8100,0.2435,-1
KHAPRETA_510206,312160.860,2624247.200,128.5600,0.5631,3.8600,0.2466,-1
KHAPRETA_510206,312161.860,2624247.200,128.6500,0.8253,3.7700,0.2409,-1
KHAPRETA_510206,312163.860,2624247.200,128.7100,0.5456,3.7100,0.2371,-1
KHAPRETA_510206,312164.860,2624247.200,129.0300,0.5331,3.3900,0.2166,-1
KHAPRETA_510206,312166.860,2624247.200,129.1100,0.0000,3.3100,0.2115,-1
KHAPRETA_510206,312168.860,2624247.200,129.0300,0.3431,3.3900,0.2166,-1
KHAPRETA_510206,312170.860,2624247.200,129.0600,0.2981,3.3600,0.2147,-1
KHAPRETA_510206,312182.860,2624247.200,129.1800,0.2781,3.2400,0.2070,-1
KHAPRETA_510206,312185.860,2624247.200,129.2500,0.0000,3.1700,0.2026,-1
KHAPRETA_510206,312189.860,2624247.200,129.3200,0.0000,3.1000,0.1981,-1
KHAPRETA_510206,312193.860,2624247.200,129.2900,0.2431,3.1300,0.2000,-1
KHAPRETA_510206,312196.860,2624247.200,129.3200,0.2231,3.1000,0.1981,-1
KHAPRETA_510206,312199.860,2624247.200,129.3600,0.0000,3.0600,0.1955,-1
KHAPRETA_510206,312202.860,2624247.200,129.3900,0.1781,3.0300,0.1936,-1
KHAPRETA_510206,312203.860,2624247.200,129.4200,0.0400,3.0000,0.1917,-1
KHAPRETA_510206,312204.860,2624247.200,129.4700,0.0112,2.9500,0.1885,-1
KHAPRETA_510206,312205.860,2624247.200,129.4100,0.1531,3.0100,0.1923,-1
KHAPRETA_510206,312209.860,2624247.200,129.3800,0.0000,3.0400,0.1942,-1
KHAPRETA_510206,312211.860,2624247.200,130.0400,0.0000,2.3800,0.1521,-1
KHAPRETA_510206,312213.860,2624247.200,130.1400,0.1769,2.2800,0.1457,-1
KHAPRETA_510206,312227.860,2624247.200,130.3600,0.0000,2.0600,0.1316,-1
KHAPRETA_510206,312238.860,2624247.200,130.3800,0.2869,2.0400,0.1304,-1
KHAPRETA_510206,312245.860,2624247.200,130.0600,0.7000,2.3600,0.1508,-1
KHAPRETA_510206,312252.860,2624247.200,130.1200,0.0000,2.3000,0.1470,-1
KHAPRETA_510206,312256.860,2624247.200,130.1500,0.1919,2.2700,0.1450,-1
KHAPRETA_510206,312257.860,2624247.200,130.1600,0.1869,2.2600,0.1444,-1
KHAPRETA_510206,312259.860,2624247.200,130.1500,0.2019,2.2700,0.1450,-1
KHAPRETA_510206,312260.860,2624247.200,130.1800,0.2679,2.2400,0.1431,-1
KHAPRETA_510206,312266.860,2624247.200,130.1700,0.0000,2.2500,0.1438,-1
KHAPRETA_510206,312269.860,2624247.200,130.6300,0.0000,1.7900,0.1144,-1
KHAPRETA_510206,312273.860,2624247.200,130.5300,0.0000,1.8900,0.1208,-1
KHAPRETA_510206,312277.860,2624247.200,130.4800,0.3469,1.9400,0.1240,-1
KHAPRETA_510206,312278.860,2624247.200,130.4700,0.3519,1.9500,0.1246,-1
KHAPRETA_510206,312282.860,2624247.200,130.9400,0.0000,1.4800,0.0946,-1
KHAPRETA_510206,312285.860,2624247.200,130.9800,0.6169,1.4400,0.0920,-1
KHAPRETA_510206,312291.860,2624247.200,131.0600,0.3619,1.3600,0.0869,-1
KHAPRETA_510206,312300.860,2624247.200,131.4100,0.0000,1.0100,0.0645,-1
KHAPRETA_510206,312304.860,2624247.200,131.4600,0.0000,0.9600,0.0613,-1
KHAPRETA_510206,312306.860,2624247.200,131.2900,0.0000,1.1300,0.0722,-1
KHAPRETA_510206,312309.860,2624247.200,131.2900,0.7019,1.1300,0.0722,-1
KHAPRETA_510206,312310.860,2624247.200,131.1800,0.7569,1.2400,0.0792,-1
KHAPRETA_510206,312314.860,2624247.200,131.2000,0.7819,1.2200,0.0780,-1
KHAPRETA_510206,312317.860,2624247.200,131.3100,0.0000,1.1100,0.0709,-1
KHAPRETA_510206,312326.860,2624247.200,131.2200,0.0000,1.2000,0.0767,-1
KHAPRETA_510206,312332.860,2624247.200,131.4800,0.7877,0.9400,0.0601,-1
KHAPRETA_510206,312333.860,2624247.200,131.3400,0.8519,1.0800,0.0690,-1
KHAPRETA_510206,312337.860,2624247.200,131.9900,0.0000,0.4300,0.0275,-1
KHAPRETA_510206,312342.860,2624247.200,131.9800,0.0000,0.4400,0.0281,-1
KHAPRETA_510206,312347.860,2624247.200,132.0500,1.1569,0.3700,0.0236,-1
KHAPRETA_510206,312348.860,2624247.200,132.0900,1.1425,0.3300,0.0211,-1
KHAPRETA_510206,312349.860,2624247.200,132.1200,1.1569,0.3000,0.0192,-1
KHAPRETA_510206,312353.860,2624247.200,132.1300,1.1369,0.2900,0.0185,-1
KHAPRETA_510206,312356.860,2624247.200,132.2500,1.2269,0.1700,0.0109,-1
KHAPRETA_510206,312364.860,2624247.200,132.1800,0.0000,0.2400,0.0153,-1
KHAPRETA_510206,312367.860,2624247.200,132.1800,0.0000,0.2400,0.0153,-1
KHAPRETA_510206,312372.860,2624247.200,132.1200,1.1669,0.3000,0.0192,-1
KHAPRETA_510206,312377.860,2624247.200,131.8800,0.0000,0.5400,0.0345,-1
KHAPRETA_510206,312379.860,2624247.200,131.7800,1.6761,0.6400,0.0409,-1
KHAPRETA_510206,312380.860,2624247.200,132.0600,1.0019,0.3600,0.0230,-1
KHAPRETA_510206,312382.860,2624247.200,131.6500,0.8669,0.7700,0.0492,-1
KHAPRETA_510206,312383.860,2624247.200,131.5100,0.9369,0.9100,0.0581,-1
KHAPRETA_510206,312386.860,2624247.200,131.6700,0.9719,0.7500,0.0479,-1
KHAPRETA_510206,312387.860,2624247.200,131.7200,0.9469,0.7000,0.0447,-1
KHAPRETA_510206,312389.860,2624247.200,131.8100,0.0000,0.6100,0.0390,-1
KHAPRETA_510206,312391.860,2624247.200,131.8700,0.0000,0.5500,0.0351,-1
KHAPRETA_510206,312396.860,2624247.200,131.8600,1.0419,0.5600,0.0358,-1
KHAPRETA_510206,312399.860,2624247.200,131.8800,0.0000,0.5400,0.0345,-1
KHAPRETA_510206,312414.860,2624247.200,132.1100,0.0000,0.3100,0.0198,-1
KHAPRETA_510206,312416.860,2624247.200,132.2100,1.1869,0.2100,0.0134,-1
KHAPRETA_510206,312418.860,2624247.200,132.2400,1.2169,0.1800,0.0115,-1
KHAPRETA_510206,312423.860,2624247.200,132.2700,1.7422,0.1500,0.0096,-1
KHAPRETA_510206,312424.860,2624247.200,132.2500,1.7812,0.1700,0.0109,-1
KHAPRETA_510206,312426.860,2624247.200,132.2600,1.2519,0.1600,0.0102,-1
KHAPRETA_510206,312428.860,2624247.200,132.3000,0.0000,0.1200,0.0077,-1
KHAPRETA_510206,312431.860,2624247.200,132.3600,0.0000,0.0600,0.0038,-1
KHAPRETA_510206,312504.860,2624247.200,131.7500,0.0000,0.6700,0.0428,-1
KHAPRETA_510206,311969.860,2624248.200,128.0800,1.0081,4.3400,0.2773,-1
KHAPRETA_510206,311971.860,2624248.200,127.4100,0.0000,5.0100,0.3201,-1
KHAPRETA_510206,311976.860,2624248.200,127.7600,1.1881,4.6600,0.2978,-1
KHAPRETA_510206,311978.860,2624248.200,127.4900,0.0000,4.9300,0.3150,-1
KHAPRETA_510206,311980.860,2624248.200,127.5800,1.0531,4.8400,0.3093,-1
KHAPRETA_510206,311982.860,2624248.200,127.7000,1.0581,4.7200,0.3016,-1
KHAPRETA_510206,311986.860,2624248.200,127.5800,1.0881,4.8400,0.3093,-1
KHAPRETA_510206,311987.860,2624248.200,127.6000,1.0981,4.8200,0.3080,-1
KHAPRETA_510206,311989.860,2624248.200,127.6100,0.0000,4.8100,0.3073,-1
KHAPRETA_510206,311992.860,2624248.200,127.4300,1.1731,4.9900,0.3188,-1
KHAPRETA_510206,311994.860,2624248.200,127.6100,1.0731,4.8100,0.3073,-1
KHAPRETA_510206,311996.860,2624248.200,127.4400,0.0100,4.9800,0.3182,-1
KHAPRETA_510206,312005.860,2624248.200,127.5100,0.0000,4.9100,0.3137,-1
KHAPRETA_510206,312007.860,2624248.200,127.4400,1.1531,4.9800,0.3182,-1
KHAPRETA_510206,312009.860,2624248.200,127.4500,0.0000,4.9700,0.3176,-1
KHAPRETA_510206,312011.860,2624248.200,127.3200,1.1489,5.1000,0.3259,-1
KHAPRETA_510206,312012.860,2624248.200,127.4800,1.7122,4.9400,0.3157,-1
KHAPRETA_510206,312016.860,2624248.200,131.3100,0.0000,1.1100,0.0709,-1
KHAPRETA_510206,312019.860,2624248.200,130.6900,0.3935,1.7300,0.1105,-1
KHAPRETA_510206,312020.860,2624248.200,129.5500,0.4569,2.8700,0.1834,-1
KHAPRETA_510206,312024.860,2624248.200,125.1300,2.0431,7.2900,0.4658,-1
KHAPRETA_510206,312047.860,2624248.200,123.7700,0.2650,8.6500,0.5527,-1
KHAPRETA_510206,312050.860,2624248.200,124.0500,2.8431,8.3700,0.5348,-1
KHAPRETA_510206,312055.860,2624248.200,123.9100,2.9081,8.5100,0.5438,-1
KHAPRETA_510206,312060.860,2624248.200,124.4900,0.2150,7.9300,0.5067,-1
KHAPRETA_510206,312064.860,2624248.200,124.7900,2.4931,7.6300,0.4875,-1
KHAPRETA_510206,312071.860,2624248.200,124.8500,2.4631,7.5700,0.4837,-1
KHAPRETA_510206,312089.860,2624248.200,131.4500,0.8369,0.9700,0.0620,-1
KHAPRETA_510206,312091.860,2624248.200,129.9400,0.0019,2.4800,0.1585,-1
KHAPRETA_510206,312094.860,2624248.200,127.7300,1.3081,4.6900,0.2997,-1
KHAPRETA_510206,312096.860,2624248.200,127.7000,0.0000,4.7200,0.3016,-1
KHAPRETA_510206,312103.860,2624248.200,128.7800,0.4231,3.6400,0.2326,-1
KHAPRETA_510206,312106.860,2624248.200,128.5700,0.0000,3.8500,0.2460,-1
KHAPRETA_510206,312115.860,2624248.200,128.2200,0.7931,4.2000,0.2684,-1
KHAPRETA_510206,312116.860,2624248.200,128.1900,0.7781,4.2300,0.2703,-1
KHAPRETA_510206,312122.860,2624248.200,128.2600,0.0350,4.1600,0.2658,-1
KHAPRETA_510206,312130.860,2624248.200,128.2700,0.6581,4.1500,0.2652,-1
KHAPRETA_510206,312131.860,2624248.200,128.4600,0.6165,3.9600,0.2530,-1
KHAPRETA_510206,312132.860,2624248.200,128.4000,0.0050,4.0200,0.2569,-1
KHAPRETA_510206,312133.860,2624248.200,128.4700,0.6881,3.9500,0.2524,-1
KHAPRETA_510206,312135.860,2624248.200,128.6300,0.0750,3.7900,0.2422,-1
KHAPRETA_510206,312137.860,2624248.200,128.3700,0.7222,4.0500,0.2588,-1
KHAPRETA_510206,312138.860,2624248.200,128.3800,0.0300,4.0400,0.2581,-1
KHAPRETA_510206,312139.860,2624248.200,128.4300,0.6981,3.9900,0.2550,-1
KHAPRETA_510206,312144.860,2624248.200,128.7900,0.6774,3.6300,0.2319,-1
KHAPRETA_510206,312145.860,2624248.200,128.6800,0.4931,3.7400,0.2390,-1
KHAPRETA_510206,312151.860,2624248.200,128.5300,0.0000,3.8900,0.2486,-1
KHAPRETA_510206,312158.860,2624248.200,128.6600,0.0000,3.7600,0.2403,-1
KHAPRETA_510206,312163.860,2624248.200,128.9800,0.4700,3.4400,0.2198,-1
KHAPRETA_510206,312167.860,2624248.200,129.1400,0.3781,3.2800,0.2096,-1
KHAPRETA_510206,312170.860,2624248.200,129.1800,0.3875,3.2400,0.2070,-1
KHAPRETA_510206,312171.860,2624248.200,129.4800,0.2981,2.9400,0.1879,-1
KHAPRETA_510206,312176.860,2624248.200,129.1000,0.3131,3.3200,0.2121,-1
KHAPRETA_510206,312177.860,2624248.200,129.1500,0.3381,3.2700,0.2089,-1
KHAPRETA_510206,312182.860,2624248.200,129.2200,0.2250,3.2000,0.2045,-1
KHAPRETA_510206,312184.860,2624248.200,129.2200,0.0000,3.2000,0.2045,-1
KHAPRETA_510206,312187.860,2624248.200,129.2600,0.2481,3.1600,0.2019,-1
KHAPRETA_510206,312191.860,2624248.200,129.3200,0.2331,3.1000,0.1981,-1
KHAPRETA_510206,312192.860,2624248.200,129.3100,0.0150,3.1100,0.1987,-1
KHAPRETA_510206,312193.860,2624248.200,129.2900,0.0100,3.1300,0.2000,-1
KHAPRETA_510206,312194.860,2624248.200,129.3100,0.0150,3.1100,0.1987,-1
KHAPRETA_510206,312195.860,2624248.200,129.3200,0.2331,3.1000,0.1981,-1
KHAPRETA_510206,312197.860,2624248.200,129.3500,0.0000,3.0700,0.1962,-1
KHAPRETA_510206,312204.860,2624248.200,129.4400,0.0350,2.9800,0.1904,-1
KHAPRETA_510206,312214.860,2624248.200,130.2100,0.0000,2.2100,0.1412,-1
KHAPRETA_510206,312223.860,2624248.200,130.3300,0.2719,2.0900,0.1335,-1
KHAPRETA_510206,312224.860,2624248.200,130.3200,0.2769,2.1000,0.1342,-1
KHAPRETA_510206,312226.860,2624248.200,130.2900,0.2619,2.1300,0.1361,-1
KHAPRETA_510206,312230.860,2624248.200,130.3700,0.3269,2.0500,0.1310,-1
KHAPRETA_510206,312231.860,2624248.200,130.4300,0.0450,1.9900,0.1272,-1
KHAPRETA_510206,312232.860,2624248.200,130.4600,0.3269,1.9600,0.1252,-1
KHAPRETA_510206,312235.860,2624248.200,130.4200,0.4670,2.0000,0.1278,-1
KHAPRETA_510206,312236.860,2624248.200,130.4800,0.3219,1.9400,0.1240,-1
KHAPRETA_510206,312238.860,2624248.200,130.3500,0.3019,2.0700,0.1323,-1
KHAPRETA_510206,312241.860,2624248.200,130.4400,0.0000,1.9800,0.1265,-1
KHAPRETA_510206,312245.860,2624248.200,131.4800,0.7800,0.9400,0.0601,-1
KHAPRETA_510206,312246.860,2624248.200,131.3100,0.8519,1.1100,0.0709,-1
KHAPRETA_510206,312248.860,2624248.200,130.0600,0.1369,2.3600,0.1508,-1
KHAPRETA_510206,312249.860,2624248.200,130.0500,0.1419,2.3700,0.1514,-1
KHAPRETA_510206,312258.860,2624248.200,130.1900,0.2069,2.2300,0.1425,-1
KHAPRETA_510206,312260.860,2624248.200,130.1600,0.2019,2.2600,0.1444,-1
KHAPRETA_510206,312263.860,2624248.200,130.1700,0.2019,2.2500,0.1438,-1
KHAPRETA_510206,312264.860,2624248.200,130.1800,0.2821,2.2400,0.1431,-1
KHAPRETA_510206,312270.860,2624248.200,130.5000,0.3769,1.9200,0.1227,-1
KHAPRETA_510206,312279.860,2624248.200,130.4700,0.3469,1.9500,0.1246,-1
KHAPRETA_510206,312284.860,2624248.200,130.9900,0.6169,1.4300,0.0914,-1
KHAPRETA_510206,312285.860,2624248.200,131.0100,0.8548,1.4100,0.0901,-1
KHAPRETA_510206,312289.860,2624248.200,131.0400,0.0000,1.3800,0.0882,-1
KHAPRETA_510206,312291.860,2624248.200,130.5000,0.7709,1.9200,0.1227,-1
KHAPRETA_510206,312292.860,2624248.200,130.6300,0.3619,1.7900,0.1144,-1
KHAPRETA_510206,312294.860,2624248.200,130.9300,0.5869,1.4900,0.0952,-1
KHAPRETA_510206,312295.860,2624248.200,130.9500,0.5769,1.4700,0.0939,-1
KHAPRETA_510206,312297.860,2624248.200,131.4000,0.8369,1.0200,0.0652,-1
KHAPRETA_510206,312298.860,2624248.200,131.4500,0.8119,0.9700,0.0620,-1
KHAPRETA_510206,312305.860,2624248.200,131.4100,0.0000,1.0100,0.0645,-1
KHAPRETA_510206,312314.860,2624248.200,131.3400,0.7119,1.0800,0.0690,-1
KHAPRETA_510206,312325.860,2624248.200,131.2600,0.0000,1.1600,0.0741,-1
KHAPRETA_510206,312327.860,2624248.200,131.2900,0.0000,1.1300,0.0722,-1
KHAPRETA_510206,312332.860,2624248.200,131.3000,0.8519,1.1200,0.0716,-1
KHAPRETA_510206,312334.860,2624248.200,131.4600,0.0000,0.9600,0.0613,-1
KHAPRETA_510206,312346.860,2624248.200,132.0000,1.1319,0.4200,0.0268,-1
KHAPRETA_510206,312348.860,2624248.200,132.0600,1.1569,0.3600,0.0230,-1
KHAPRETA_510206,312353.860,2624248.200,132.0500,0.0050,0.3700,0.0236,-1
KHAPRETA_510206,312355.860,2624248.200,132.2900,1.7176,0.1300,0.0083,-1
KHAPRETA_510206,312356.860,2624248.200,132.2300,1.7635,0.1900,0.0121,-1
KHAPRETA_510206,312359.860,2624248.200,132.2600,0.0000,0.1600,0.0102,-1
KHAPRETA_510206,312361.860,2624248.200,132.2900,0.0000,0.1300,0.0083,-1
KHAPRETA_510206,312372.860,2624248.200,132.1100,1.1719,0.3100,0.0198,-1
KHAPRETA_510206,312375.860,2624248.200,132.1800,1.1769,0.2400,0.0153,-1
KHAPRETA_510206,312396.860,2624248.200,131.8600,1.0419,0.5600,0.0358,-1
KHAPRETA_510206,312406.860,2624248.200,132.0200,0.0000,0.4000,0.0256,-1
KHAPRETA_510206,312409.860,2624248.200,132.0800,0.0000,0.3400,0.0217,-1
KHAPRETA_510206,312416.860,2624248.200,132.1500,1.7603,0.2700,0.0173,-1
KHAPRETA_510206,312417.860,2624248.200,132.3200,1.1869,0.1000,0.0064,-1
KHAPRETA_510206,312424.860,2624248.200,132.3200,0.0300,0.1000,0.0064,-1
KHAPRETA_510206,312426.860,2624248.200,132.2800,1.2419,0.1400,0.0089,-1
KHAPRETA_510206,312502.860,2624248.200,131.8800,0.0000,0.5400,0.0345,-1
KHAPRETA_510206,311966.860,2624249.200,127.6600,0.0000,4.7600,0.3042,-1
KHAPRETA_510206,311973.860,2624249.200,127.6200,0.0000,4.8000,0.3067,-1
KHAPRETA_510206,311976.860,2624249.200,127.4000,0.0900,5.0200,0.3208,-1
KHAPRETA_510206,311983.860,2624249.200,127.7000,1.0831,4.7200,0.3016,-1
KHAPRETA_510206,311984.860,2624249.200,127.6100,1.1013,4.8100,0.3073,-1
KHAPRETA_510206,311985.860,2624249.200,127.5300,1.0831,4.8900,0.3125,-1
KHAPRETA_510206,311992.860,2624249.200,127.4300,1.6171,4.9900,0.3188,-1
KHAPRETA_510206,311993.860,2624249.200,127.5500,1.1731,4.8700,0.3112,-1
KHAPRETA_510206,311996.860,2624249.200,127.5300,1.1681,4.8900,0.3125,-1
KHAPRETA_510206,311998.860,2624249.200,127.4500,1.0981,4.9700,0.3176,-1
KHAPRETA_510206,311999.860,2624249.200,127.5800,1.0498,4.8400,0.3093,-1
KHAPRETA_510206,312000.860,2624249.200,127.5700,1.0981,4.8500,0.3099,-1
KHAPRETA_510206,312003.860,2624249.200,127.4500,1.1181,4.9700,0.3176,-1
KHAPRETA_510206,312004.860,2624249.200,127.5400,1.1631,4.8800,0.3118,-1
KHAPRETA_510206,312007.860,2624249.200,127.4700,1.1681,4.9500,0.3163,-1
KHAPRETA_510206,312011.860,2624249.200,127.3900,1.2281,5.0300,0.3214,-1
KHAPRETA_510206,312013.860,2624249.200,129.1400,0.2881,3.2800,0.2096,-1
KHAPRETA_510206,312014.860,2624249.200,129.2000,0.3721,3.2200,0.2058,-1
KHAPRETA_510206,312019.860,2624249.200,130.5300,0.4569,1.8900,0.1208,-1
KHAPRETA_510206,312021.860,2624249.200,128.6700,1.9950,3.7500,0.2396,-1
KHAPRETA_510206,312022.860,2624249.200,125.9100,0.5531,6.5100,0.4160,-1
KHAPRETA_510206,312024.860,2624249.200,125.6900,0.4550,6.7300,0.4300,-1
KHAPRETA_510206,312046.860,2624249.200,123.4000,3.0181,9.0200,0.5764,-1
KHAPRETA_510206,312047.860,2624249.200,123.7400,4.3797,8.6800,0.5546,-1
KHAPRETA_510206,312050.860,2624249.200,124.0900,2.8631,8.3300,0.5323,-1
KHAPRETA_510206,312053.860,2624249.200,124.0000,0.0000,8.4200,0.5380,-1
KHAPRETA_510206,312055.860,2624249.200,123.9600,2.9331,8.4600,0.5406,-1
KHAPRETA_510206,312057.860,2624249.200,124.3400,2.7381,8.0800,0.5163,-1
KHAPRETA_510206,312058.860,2624249.200,124.3000,2.7181,8.1200,0.5188,-1
KHAPRETA_510206,312060.860,2624249.200,124.5600,2.6431,7.8600,0.5022,-1
KHAPRETA_510206,312062.860,2624249.200,124.6700,0.0000,7.7500,0.4952,-1
KHAPRETA_510206,312065.860,2624249.200,124.7900,2.2881,7.6300,0.4875,-1
KHAPRETA_510206,312072.860,2624249.200,127.0400,0.0000,5.3800,0.3438,-1
KHAPRETA_510206,312094.860,2624249.200,127.1600,1.0225,5.2600,0.3361,-1
KHAPRETA_510206,312095.860,2624249.200,127.7400,1.6982,4.6800,0.2990,-1
KHAPRETA_510206,312098.860,2624249.200,128.7100,0.6774,3.7100,0.2371,-1
KHAPRETA_510206,312099.860,2624249.200,128.9800,0.5331,3.4400,0.2198,-1
KHAPRETA_510206,312102.860,2624249.200,128.7700,0.4231,3.6500,0.2332,-1
KHAPRETA_510206,312103.860,2624249.200,128.9300,0.5249,3.4900,0.2230,-1
KHAPRETA_510206,312117.860,2624249.200,128.2400,0.0000,4.1800,0.2671,-1
KHAPRETA_510206,312120.860,2624249.200,128.2400,0.7731,4.1800,0.2671,-1
KHAPRETA_510206,312122.860,2624249.200,128.2200,1.0407,4.2000,0.2684,-1
KHAPRETA_510206,312123.860,2624249.200,128.3500,0.7697,4.0700,0.2601,-1
KHAPRETA_510206,312124.860,2624249.200,128.3200,0.9602,4.1000,0.2620,-1
KHAPRETA_510206,312127.860,2624249.200,128.3000,0.7131,4.1200,0.2633,-1
KHAPRETA_510206,312128.860,2624249.200,128.3500,0.7381,4.0700,0.2601,-1
KHAPRETA_510206,312135.860,2624249.200,128.4000,0.5731,4.0200,0.2569,-1
KHAPRETA_510206,312137.860,2624249.200,128.3700,0.7031,4.0500,0.2588,-1
KHAPRETA_510206,312141.860,2624249.200,128.4100,0.0000,4.0100,0.2562,-1
KHAPRETA_510206,312143.860,2624249.200,128.5800,0.7143,3.8400,0.2454,-1
KHAPRETA_510206,312144.860,2624249.200,128.9800,0.7751,3.4400,0.2198,-1
KHAPRETA_510206,312163.860,2624249.200,129.6500,0.3981,2.7700,0.1770,-1
KHAPRETA_510206,312167.860,2624249.200,129.0200,0.4979,3.4000,0.2173,-1
KHAPRETA_510206,312168.860,2624249.200,129.0100,0.3781,3.4100,0.2179,-1
KHAPRETA_510206,312172.860,2624249.200,129.1400,0.3481,3.2800,0.2096,-1
KHAPRETA_510206,312173.860,2624249.200,129.0800,0.3231,3.3400,0.2134,-1
KHAPRETA_510206,312174.860,2624249.200,129.1300,0.3481,3.2900,0.2102,-1
KHAPRETA_510206,312181.860,2624249.200,129.1800,0.0731,3.2400,0.2070,-1
KHAPRETA_510206,312182.860,2624249.200,129.6300,0.4076,2.7900,0.1783,-1
KHAPRETA_510206,312186.860,2624249.200,129.3000,0.2481,3.1200,0.1994,-1
KHAPRETA_510206,312187.860,2624249.200,129.2800,0.3511,3.1400,0.2006,-1
KHAPRETA_510206,312189.860,2624249.200,129.2800,0.0000,3.1400,0.2006,-1
KHAPRETA_510206,312193.860,2624249.200,129.3100,0.2431,3.1100,0.1987,-1
KHAPRETA_510206,312204.860,2624249.200,129.4000,0.1681,3.0200,0.1930,-1
KHAPRETA_510206,312209.860,2624249.200,129.4700,0.0000,2.9500,0.1885,-1
KHAPRETA_510206,312211.860,2624249.200,130.0100,0.1731,2.4100,0.1540,-1
KHAPRETA_510206,312216.860,2624249.200,130.2700,0.0000,2.1500,0.1374,-1
KHAPRETA_510206,312219.860,2624249.200,130.2900,0.0000,2.1300,0.1361,-1
KHAPRETA_510206,312226.860,2624249.200,130.3000,0.0300,2.1200,0.1355,-1
KHAPRETA_510206,312228.860,2624249.200,130.4100,0.0000,2.0100,0.1284,-1
KHAPRETA_510206,312233.860,2624249.200,130.4400,0.2969,1.9800,0.1265,-1
KHAPRETA_510206,312235.860,2624249.200,130.3900,0.0300,2.0300,0.1297,-1
KHAPRETA_510206,312247.860,2624249.200,130.1200,0.0000,2.3000,0.1470,-1
KHAPRETA_510206,312251.860,2624249.200,130.0800,0.1719,2.3400,0.1495,-1
KHAPRETA_510206,312252.860,2624249.200,130.1200,0.1519,2.3000,0.1470,-1
KHAPRETA_510206,312255.860,2624249.200,130.1800,0.2019,2.2400,0.1431,-1
KHAPRETA_510206,312258.860,2624249.200,130.1900,0.2069,2.2300,0.1425,-1
KHAPRETA_510206,312264.860,2624249.200,130.1800,0.2019,2.2400,0.1431,-1
KHAPRETA_510206,312266.860,2624249.200,130.6000,0.3819,1.8200,0.1163,-1
KHAPRETA_510206,312267.860,2624249.200,130.5400,0.0250,1.8800,0.1201,-1
KHAPRETA_510206,312268.860,2624249.200,130.5500,0.0050,1.8700,0.1195,-1
KHAPRETA_510206,312269.860,2624249.200,130.5500,0.0100,1.8700,0.1195,-1
KHAPRETA_510206,312270.860,2624249.200,130.5300,0.5298,1.8900,0.1208,-1
KHAPRETA_510206,312279.860,2624249.200,130.4700,0.3469,1.9500,0.1246,-1
KHAPRETA_510206,312283.860,2624249.200,130.8500,0.0000,1.5700,0.1003,-1
KHAPRETA_510206,312287.860,2624249.200,131.0200,0.0000,1.4000,0.0895,-1
KHAPRETA_510206,312296.860,2624249.200,131.3800,0.0000,1.0400,0.0665,-1
KHAPRETA_510206,312301.860,2624249.200,131.4000,0.8119,1.0200,0.0652,-1
KHAPRETA_510206,312302.860,2624249.200,131.4000,0.8322,1.0200,0.0652,-1
KHAPRETA_510206,312303.860,2624249.200,131.4400,0.8119,0.9800,0.0626,-1
KHAPRETA_510206,312307.860,2624249.200,131.4400,0.0000,0.9800,0.0626,-1
KHAPRETA_510206,312329.860,2624249.200,131.1700,0.0000,1.2500,0.0799,-1
KHAPRETA_510206,312333.860,2624249.200,131.2900,0.9269,1.1300,0.0722,-1
KHAPRETA_510206,312337.860,2624249.200,132.1400,0.0000,0.2800,0.0179,-1
KHAPRETA_510206,312339.860,2624249.200,132.0700,0.0000,0.3500,0.0224,-1
KHAPRETA_510206,312342.860,2624249.200,131.6900,0.0000,0.7300,0.0466,-1
KHAPRETA_510206,312346.860,2624249.200,132.0400,1.1119,0.3800,0.0243,-1
KHAPRETA_510206,312351.860,2624249.200,132.1400,1.1919,0.2800,0.0179,-1
KHAPRETA_510206,312352.860,2624249.200,132.1600,0.0000,0.2600,0.0166,-1
KHAPRETA_510206,312353.860,2624249.200,132.1400,0.0502,0.2800,0.0179,-1
KHAPRETA_510206,312354.860,2624249.200,132.1500,1.2121,0.2700,0.0173,-1
KHAPRETA_510206,312355.860,2624249.200,132.1800,1.1873,0.2400,0.0153,-1
KHAPRETA_510206,312364.860,2624249.200,132.2200,1.2419,0.2000,0.0128,-1
KHAPRETA_510206,312373.860,2624249.200,132.0400,1.1069,0.3800,0.0243,-1
KHAPRETA_510206,312375.860,2624249.200,132.1300,1.2019,0.2900,0.0185,-1
KHAPRETA_510206,312382.860,2624249.200,131.6500,0.0000,0.7700,0.0492,-1
KHAPRETA_510206,312385.860,2624249.200,131.8800,0.0000,0.5400,0.0345,-1
KHAPRETA_510206,312387.860,2624249.200,131.8100,0.0000,0.6100,0.0390,-1
KHAPRETA_510206,312389.860,2624249.200,131.8000,1.4488,0.6200,0.0396,-1
KHAPRETA_510206,312390.860,2624249.200,131.8100,1.0119,0.6100,0.0390,-1
KHAPRETA_510206,312397.860,2624249.200,131.8800,0.0000,0.5400,0.0345,-1
KHAPRETA_510206,312399.860,2624249.200,131.9500,1.0769,0.4700,0.0300,-1
KHAPRETA_510206,312400.860,2624249.200,131.9300,1.0869,0.4900,0.0313,-1
KHAPRETA_510206,312403.860,2624249.200,132.0000,1.0769,0.4200,0.0268,-1
KHAPRETA_510206,312408.860,2624249.200,132.0600,0.0000,0.3600,0.0230,-1
KHAPRETA_510206,312412.860,2624249.200,132.2500,1.2069,0.1700,0.0109,-1
KHAPRETA_510206,312422.860,2624249.200,132.2500,0.0000,0.1700,0.0109,-1
KHAPRETA_510206,312424.860,2624249.200,132.3100,0.0050,0.1100,0.0070,-1
KHAPRETA_510206,312429.860,2624249.200,132.2600,0.0000,0.1600,0.0102,-1
KHAPRETA_510206,312500.860,2624249.200,132.0000,1.2819,0.4200,0.0268,-1
KHAPRETA_510206,312501.860,2624249.200,132.3400,1.1119,0.0800,0.0051,-1
KHAPRETA_510206,312504.860,2624249.200,131.1900,0.0000,1.2300,0.0786,-1
KHAPRETA_510206,311964.860,2624250.200,127.5500,0.0000,4.8700,0.3112,-1
KHAPRETA_510206,311968.860,2624250.200,127.6100,1.0481,4.8100,0.3073,-1
KHAPRETA_510206,311970.860,2624250.200,127.5600,1.4967,4.8600,0.3105,-1
KHAPRETA_510206,311971.860,2624250.200,127.6100,1.1081,4.8100,0.3073,-1
KHAPRETA_510206,311974.860,2624250.200,127.6600,1.2131,4.7600,0.3042,-1
KHAPRETA_510206,311975.860,2624250.200,127.3500,1.0838,5.0700,0.3240,-1
KHAPRETA_510206,311976.860,2624250.200,127.5800,1.6979,4.8400,0.3093,-1
KHAPRETA_510206,311979.860,2624250.200,127.6900,1.0681,4.7300,0.3022,-1
KHAPRETA_510206,311980.860,2624250.200,127.6400,1.4751,4.7800,0.3054,-1
KHAPRETA_510206,311984.860,2624250.200,127.5800,1.0831,4.8400,0.3093,-1
KHAPRETA_510206,311999.860,2624250.200,127.6800,1.0981,4.7400,0.3029,-1
KHAPRETA_510206,312009.860,2624250.200,127.4200,0.0000,5.0000,0.3195,-1
KHAPRETA_510206,312014.860,2624250.200,129.3900,0.2881,3.0300,0.1936,-1
KHAPRETA_510206,312020.860,2624250.200,129.4900,0.4931,2.9300,0.1872,-1
KHAPRETA_510206,312021.860,2624250.200,128.7900,1.8755,3.6300,0.2319,-1
KHAPRETA_510206,312023.860,2624250.200,125.9400,2.9268,6.4800,0.4141,-1
KHAPRETA_510206,312024.860,2624250.200,126.0400,1.0926,6.3800,0.4077,-1
KHAPRETA_510206,312025.860,2624250.200,123.7600,1.8681,8.6600,0.5534,-1
KHAPRETA_510206,312032.860,2624250.200,123.6700,3.1231,8.7500,0.5591,-1
KHAPRETA_510206,312041.860,2624250.200,123.9600,2.8781,8.4600,0.5406,-1
KHAPRETA_510206,312054.860,2624250.200,124.0200,0.0000,8.4000,0.5367,-1
KHAPRETA_510206,312065.860,2624250.200,125.2000,2.4931,7.2200,0.4613,-1
KHAPRETA_510206,312069.860,2624250.200,129.1500,0.0000,3.2700,0.2089,-1
KHAPRETA_510206,312091.860,2624250.200,130.2000,0.0000,2.2200,0.1419,-1
KHAPRETA_510206,312094.860,2624250.200,127.5400,1.6982,4.8800,0.3118,-1
KHAPRETA_510206,312095.860,2624250.200,127.6100,1.5121,4.8100,0.3073,-1
KHAPRETA_510206,312098.860,2624250.200,128.6800,0.4600,3.7400,0.2390,-1
KHAPRETA_510206,312100.860,2624250.200,128.6500,0.5631,3.7700,0.2409,-1
KHAPRETA_510206,312101.860,2624250.200,128.6500,0.5631,3.7700,0.2409,-1
KHAPRETA_510206,312103.860,2624250.200,128.4800,0.4231,3.9400,0.2518,-1
KHAPRETA_510206,312106.860,2624250.200,129.0400,0.6781,3.3800,0.2160,-1
KHAPRETA_510206,312109.860,2624250.200,129.4200,0.3081,3.0000,0.1917,-1
KHAPRETA_510206,312120.860,2624250.200,128.2300,0.7681,4.1900,0.2677,-1
KHAPRETA_510206,312123.860,2624250.200,128.2400,0.9602,4.1800,0.2671,-1
KHAPRETA_510206,312124.860,2624250.200,128.4900,0.7289,3.9300,0.2511,-1
KHAPRETA_510206,312125.860,2624250.200,128.3100,0.6431,4.1100,0.2626,-1
KHAPRETA_510206,312143.860,2624250.200,128.5900,0.5981,3.8300,0.2447,-1
KHAPRETA_510206,312145.860,2624250.200,128.5900,0.0000,3.8300,0.2447,-1
KHAPRETA_510206,312149.860,2624250.200,128.6000,0.0000,3.8200,0.2441,-1
KHAPRETA_510206,312154.860,2624250.200,128.6100,0.5881,3.8100,0.2435,-1
KHAPRETA_510206,312164.860,2624250.200,129.1300,0.2631,3.2900,0.2102,-1
KHAPRETA_510206,312173.860,2624250.200,129.1300,0.3481,3.2900,0.2102,-1
KHAPRETA_510206,312175.860,2624250.200,129.1100,0.3181,3.3100,0.2115,-1
KHAPRETA_510206,312176.860,2624250.200,129.1400,0.3331,3.2800,0.2096,-1
KHAPRETA_510206,312188.860,2624250.200,129.2700,0.0000,3.1500,0.2013,-1
KHAPRETA_510206,312191.860,2624250.200,129.3700,0.0000,3.0500,0.1949,-1
KHAPRETA_510206,312195.860,2624250.200,129.4000,0.2381,3.0200,0.1930,-1
KHAPRETA_510206,312211.860,2624250.200,129.4300,0.1169,2.9900,0.1911,-1
KHAPRETA_510206,312215.860,2624250.200,130.2800,0.0000,2.1400,0.1367,-1
KHAPRETA_510206,312226.860,2624250.200,130.3500,0.2619,2.0700,0.1323,-1
KHAPRETA_510206,312233.860,2624250.200,130.3700,0.0050,2.0500,0.1310,-1
KHAPRETA_510206,312235.860,2624250.200,130.3600,0.3471,2.0600,0.1316,-1
KHAPRETA_510206,312236.860,2624250.200,130.4700,0.2919,1.9500,0.1246,-1
KHAPRETA_510206,312238.860,2624250.200,130.3800,0.4214,2.0400,0.1304,-1
KHAPRETA_510206,312239.860,2624250.200,130.3200,0.0100,2.1000,0.1342,-1
KHAPRETA_510206,312240.860,2624250.200,130.4000,0.4330,2.0200,0.1291,-1
KHAPRETA_510206,312242.860,2624250.200,130.4200,0.2619,2.0000,0.1278,-1
KHAPRETA_510206,312243.860,2624250.200,130.3000,0.3219,2.1200,0.1355,-1
KHAPRETA_510206,312245.860,2624250.200,130.4600,0.7137,1.9600,0.1252,-1
KHAPRETA_510206,312246.860,2624250.200,131.0500,0.3419,1.3700,0.0875,-1
KHAPRETA_510206,312249.860,2624250.200,130.0700,0.0000,2.3500,0.1502,-1
KHAPRETA_510206,312255.860,2624250.200,130.1800,0.2019,2.2400,0.1431,-1
KHAPRETA_510206,312263.860,2624250.200,130.3100,0.3769,2.1100,0.1348,-1
KHAPRETA_510206,312275.860,2624250.200,130.5400,0.4019,1.8800,0.1201,-1
KHAPRETA_510206,312281.860,2624250.200,130.5000,0.0000,1.9200,0.1227,-1
KHAPRETA_510206,312285.860,2624250.200,130.7200,0.3569,1.7000,0.1086,-1
KHAPRETA_510206,312289.860,2624250.200,130.6800,0.0000,1.7400,0.1112,-1
KHAPRETA_510206,312291.860,2624250.200,130.9800,0.9185,1.4400,0.0920,-1
KHAPRETA_510206,312292.860,2624250.200,131.0600,0.0150,1.3600,0.0869,-1
KHAPRETA_510206,312293.860,2624250.200,131.0100,0.0500,1.4100,0.0901,-1
KHAPRETA_510206,312294.860,2624250.200,130.9600,0.6169,1.4600,0.0933,-1
KHAPRETA_510206,312298.860,2624250.200,131.4500,0.0000,0.9700,0.0620,-1
KHAPRETA_510206,312302.860,2624250.200,131.4400,0.8119,0.9800,0.0626,-1
KHAPRETA_510206,312305.860,2624250.200,131.3800,0.0000,1.0400,0.0665,-1
KHAPRETA_510206,312314.860,2624250.200,131.3200,0.7969,1.1000,0.0703,-1
KHAPRETA_510206,312319.860,2624250.200,131.3300,0.0000,1.0900,0.0696,-1
KHAPRETA_510206,312330.860,2624250.200,131.2300,0.0000,1.1900,0.0760,-1
KHAPRETA_510206,312333.860,2624250.200,131.6300,0.7569,0.7900,0.0505,-1
KHAPRETA_510206,312335.860,2624250.200,132.0900,0.0000,0.3300,0.0211,-1
KHAPRETA_510206,312340.860,2624250.200,131.7500,0.0000,0.6700,0.0428,-1
KHAPRETA_510206,312344.860,2624250.200,132.0700,0.0000,0.3500,0.0224,-1
KHAPRETA_510206,312353.860,2624250.200,132.1500,1.6929,0.2700,0.0173,-1
KHAPRETA_510206,312354.860,2624250.200,132.2000,1.1876,0.2200,0.0141,-1
KHAPRETA_510206,312355.860,2624250.200,132.2300,1.2030,0.1900,0.0121,-1
KHAPRETA_510206,312356.860,2624250.200,132.3000,1.7565,0.1200,0.0077,-1
KHAPRETA_510206,312364.860,2624250.200,132.2600,1.7035,0.1600,0.0102,-1
KHAPRETA_510206,312365.860,2624250.200,132.1500,1.2419,0.2700,0.0173,-1
KHAPRETA_510206,312373.860,2624250.200,131.9900,0.0600,0.4300,0.0275,-1
KHAPRETA_510206,312376.860,2624250.200,131.7600,0.9569,0.6600,0.0422,-1
KHAPRETA_510206,312377.860,2624250.200,131.6900,0.0800,0.7300,0.0466,-1
KHAPRETA_510206,312378.860,2624250.200,131.6000,0.0550,0.8200,0.0524,-1
KHAPRETA_510206,312379.860,2624250.200,131.5800,0.9119,0.8400,0.0537,-1
KHAPRETA_510206,312384.860,2624250.200,131.7600,0.0000,0.6600,0.0422,-1
KHAPRETA_510206,312388.860,2624250.200,131.8100,1.0319,0.6100,0.0390,-1
KHAPRETA_510206,312389.860,2624250.200,131.8400,1.4346,0.5800,0.0371,-1
KHAPRETA_510206,312391.860,2624250.200,131.8300,0.0000,0.5900,0.0377,-1
KHAPRETA_510206,312393.860,2624250.200,131.8700,0.0000,0.5500,0.0351,-1
KHAPRETA_510206,312401.860,2624250.200,131.9600,0.0000,0.4600,0.0294,-1
KHAPRETA_510206,312403.860,2624250.200,131.9300,1.1119,0.4900,0.0313,-1
KHAPRETA_510206,312409.860,2624250.200,132.1000,1.1669,0.3200,0.0204,-1
KHAPRETA_510206,312412.860,2624250.200,132.1900,1.2369,0.2300,0.0147,-1
KHAPRETA_510206,312424.860,2624250.200,132.3100,1.7917,0.1100,0.0070,-1
KHAPRETA_510206,312425.860,2624250.200,132.3100,1.8131,0.1100,0.0070,-1
KHAPRETA_510206,312428.860,2624250.200,132.2400,0.0000,0.1800,0.0115,-1
KHAPRETA_510206,312499.860,2624250.200,131.9500,0.0000,0.4700,0.0300,-1
KHAPRETA_510206,312502.860,2624250.200,131.2100,0.5669,1.2100,0.0773,-1
KHAPRETA_510206,311963.860,2624251.200,127.6900,0.0000,4.7300,0.3022,-1
KHAPRETA_510206,311967.860,2624251.200,127.6200,1.0481,4.8000,0.3067,-1
KHAPRETA_510206,311968.860,2624251.200,127.6800,1.5281,4.7400,0.3029,-1
KHAPRETA_510206,311970.860,2624251.200,127.7100,1.1081,4.7100,0.3010,-1
KHAPRETA_510206,311973.860,2624251.200,127.4500,0.0000,4.9700,0.3176,-1
KHAPRETA_510206,311975.860,2624251.200,127.6100,1.2131,4.8100,0.3073,-1
KHAPRETA_510206,311978.860,2624251.200,127.4700,0.0000,4.9500,0.3163,-1
KHAPRETA_510206,311980.860,2624251.200,127.6900,1.0681,4.7300,0.3022,-1
KHAPRETA_510206,311983.860,2624251.200,127.6000,1.0681,4.8200,0.3080,-1
KHAPRETA_510206,311986.860,2624251.200,127.6200,0.0000,4.8000,0.3067,-1
KHAPRETA_510206,311989.860,2624251.200,127.4600,1.2031,4.9600,0.3169,-1
KHAPRETA_510206,312012.860,2624251.200,131.3400,0.0000,1.0800,0.0690,-1
KHAPRETA_510206,312018.860,2624251.200,132.4000,0.0000,0.0200,0.0013,-1
KHAPRETA_510206,312021.860,2624251.200,124.9300,0.4931,7.4900,0.4786,-1
KHAPRETA_510206,312023.860,2624251.200,125.2700,2.8575,7.1500,0.4569,-1
KHAPRETA_510206,312024.860,2624251.200,125.5400,2.9268,6.8800,0.4396,-1
KHAPRETA_510206,312026.860,2624251.200,124.4200,3.9577,8.0000,0.5112,-1
KHAPRETA_510206,312027.860,2624251.200,124.0800,3.9058,8.3400,0.5329,-1
KHAPRETA_510206,312030.860,2624251.200,124.0600,2.8181,8.3600,0.5342,-1
KHAPRETA_510206,312032.860,2624251.200,123.5300,3.0531,8.8900,0.5681,-1
KHAPRETA_510206,312038.860,2624251.200,124.2200,0.0000,8.2000,0.5240,-1
KHAPRETA_510206,312041.860,2624251.200,124.0200,2.9081,8.4000,0.5367,-1
KHAPRETA_510206,312051.860,2624251.200,123.9500,0.0000,8.4700,0.5412,-1
KHAPRETA_510206,312056.860,2624251.200,124.0600,2.6681,8.3600,0.5342,-1
KHAPRETA_510206,312057.860,2624251.200,124.4400,2.8581,7.9800,0.5099,-1
KHAPRETA_510206,312097.860,2624251.200,127.6700,0.9931,4.7500,0.3035,-1
KHAPRETA_510206,312098.860,2624251.200,127.7900,0.6062,4.6300,0.2958,-1
KHAPRETA_510206,312099.860,2624251.200,128.1800,0.9931,4.2400,0.2709,-1
KHAPRETA_510206,312106.860,2624251.200,128.4200,0.3681,4.0000,0.2556,-1
KHAPRETA_510206,312108.860,2624251.200,128.7900,0.3081,3.6300,0.2319,-1
KHAPRETA_510206,312109.860,2624251.200,129.1600,0.2568,3.2600,0.2083,-1
KHAPRETA_510206,312110.860,2624251.200,129.1600,0.5428,3.2600,0.2083,-1
KHAPRETA_510206,312111.860,2624251.200,128.4800,0.3081,3.9400,0.2518,-1
KHAPRETA_510206,312122.860,2624251.200,128.2300,0.7731,4.1900,0.2677,-1
KHAPRETA_510206,312129.860,2624251.200,128.3100,0.0000,4.1100,0.2626,-1
KHAPRETA_510206,312132.860,2624251.200,128.3500,0.0000,4.0700,0.2601,-1
KHAPRETA_510206,312137.860,2624251.200,128.4100,0.0000,4.0100,0.2562,-1
KHAPRETA_510206,312140.860,2624251.200,129.0000,0.6481,3.4200,0.2185,-1
KHAPRETA_510206,312147.860,2624251.200,128.5600,0.0000,3.8600,0.2466,-1
KHAPRETA_510206,312150.860,2624251.200,128.5600,0.0000,3.8600,0.2466,-1
KHAPRETA_510206,312154.860,2624251.200,128.6000,0.5809,3.8200,0.2441,-1
KHAPRETA_510206,312155.860,2624251.200,128.6300,0.1550,3.7900,0.2422,-1
KHAPRETA_510206,312156.860,2624251.200,128.9100,0.7093,3.5100,0.2243,-1
KHAPRETA_510206,312163.860,2624251.200,129.2700,0.4205,3.1500,0.2013,-1
KHAPRETA_510206,312164.860,2624251.200,129.2500,0.4104,3.1700,0.2026,-1
KHAPRETA_510206,312178.860,2624251.200,129.1200,0.0000,3.3000,0.2109,-1
KHAPRETA_510206,312181.860,2624251.200,129.1800,0.0000,3.2400,0.2070,-1
KHAPRETA_510206,312187.860,2624251.200,129.2500,0.0000,3.1700,0.2026,-1
KHAPRETA_510206,312193.860,2624251.200,129.4600,0.2131,2.9600,0.1891,-1
KHAPRETA_510206,312195.860,2624251.200,129.3000,0.1881,3.1200,0.1994,-1
KHAPRETA_510206,312200.860,2624251.200,129.4500,0.0000,2.9700,0.1898,-1
KHAPRETA_510206,312202.860,2624251.200,129.4200,0.2031,3.0000,0.1917,-1
KHAPRETA_510206,312205.860,2624251.200,129.4300,0.0000,2.9900,0.1911,-1
KHAPRETA_510206,312213.860,2624251.200,130.0000,0.0000,2.4200,0.1546,-1
KHAPRETA_510206,312219.860,2624251.200,130.2700,0.0000,2.1500,0.1374,-1
KHAPRETA_510206,312223.860,2624251.200,130.2800,0.0000,2.1400,0.1367,-1
KHAPRETA_510206,312225.860,2624251.200,130.4300,0.0000,1.9900,0.1272,-1
KHAPRETA_510206,312229.860,2624251.200,130.3900,0.0000,2.0300,0.1297,-1
KHAPRETA_510206,312231.860,2624251.200,130.4300,0.0000,1.9900,0.1272,-1
KHAPRETA_510206,312233.860,2624251.200,130.4300,0.2969,1.9900,0.1272,-1
KHAPRETA_510206,312235.860,2624251.200,130.3700,0.2919,2.0500,0.1310,-1
KHAPRETA_510206,312238.860,2624251.200,130.4200,0.0250,2.0000,0.1278,-1
KHAPRETA_510206,312240.860,2624251.200,130.4500,0.3119,1.9700,0.1259,-1
KHAPRETA_510206,312245.860,2624251.200,130.4200,0.3419,2.0000,0.1278,-1
KHAPRETA_510206,312247.860,2624251.200,130.1200,0.3179,2.3000,0.1470,-1
KHAPRETA_510206,312248.860,2624251.200,130.0500,0.1719,2.3700,0.1514,-1
KHAPRETA_510206,312253.860,2624251.200,130.1500,0.0000,2.2700,0.1450,-1
KHAPRETA_510206,312256.860,2624251.200,130.1800,0.2019,2.2400,0.1431,-1
KHAPRETA_510206,312257.860,2624251.200,130.1800,0.2019,2.2400,0.1431,-1
KHAPRETA_510206,312260.860,2624251.200,130.1900,0.3769,2.2300,0.1425,-1
KHAPRETA_510206,312263.860,2624251.200,130.5300,0.4825,1.8900,0.1208,-1
KHAPRETA_510206,312264.860,2624251.200,130.5800,0.5402,1.8400,0.1176,-1
KHAPRETA_510206,312270.860,2624251.200,130.6000,0.0000,1.8200,0.1163,-1
KHAPRETA_510206,312275.860,2624251.200,130.5800,0.0000,1.8400,0.1176,-1
KHAPRETA_510206,312277.860,2624251.200,130.5000,0.0000,1.9200,0.1227,-1
KHAPRETA_510206,312279.860,2624251.200,130.5100,0.0000,1.9100,0.1220,-1
KHAPRETA_510206,312285.860,2624251.200,130.4900,0.4311,1.9300,0.1233,-1
KHAPRETA_510206,312286.860,2624251.200,130.5400,0.3569,1.8800,0.1201,-1
KHAPRETA_510206,312290.860,2624251.200,131.0200,0.9046,1.4000,0.0895,-1
KHAPRETA_510206,312291.860,2624251.200,131.0900,0.8655,1.3300,0.0850,-1
KHAPRETA_510206,312299.860,2624251.200,131.2900,0.8369,1.1300,0.0722,-1
KHAPRETA_510206,312310.860,2624251.200,131.3300,0.0000,1.0900,0.0696,-1
KHAPRETA_510206,312313.860,2624251.200,131.2900,0.7969,1.1300,0.0722,-1
KHAPRETA_510206,312314.860,2624251.200,131.3700,1.0811,1.0500,0.0671,-1
KHAPRETA_510206,312322.860,2624251.200,131.0800,0.0000,1.3400,0.0856,-1
KHAPRETA_510206,312328.860,2624251.200,131.3000,0.0000,1.1200,0.0716,-1
KHAPRETA_510206,312339.860,2624251.200,131.9300,0.0000,0.4900,0.0313,-1
KHAPRETA_510206,312341.860,2624251.200,131.8100,1.5068,0.6100,0.0390,-1
KHAPRETA_510206,312342.860,2624251.200,132.0000,1.0169,0.4200,0.0268,-1
KHAPRETA_510206,312346.860,2624251.200,132.1600,0.0000,0.2600,0.0166,-1
KHAPRETA_510206,312351.860,2624251.200,132.3000,0.0000,0.1200,0.0077,-1
KHAPRETA_510206,312356.860,2624251.200,132.2900,1.2619,0.1300,0.0083,-1
KHAPRETA_510206,312361.860,2624251.200,132.2900,0.0000,0.1300,0.0083,-1
KHAPRETA_510206,312372.860,2624251.200,132.0500,1.1919,0.3700,0.0236,-1
KHAPRETA_510206,312373.860,2624251.200,132.1600,1.1070,0.2600,0.0166,-1
KHAPRETA_510206,312374.860,2624251.200,132.0600,0.0700,0.3600,0.0230,-1
KHAPRETA_510206,312375.860,2624251.200,132.0200,1.5425,0.4000,0.0256,-1
KHAPRETA_510206,312382.860,2624251.200,131.8100,0.9869,0.6100,0.0390,-1
KHAPRETA_510206,312383.860,2624251.200,131.7500,1.4276,0.6700,0.0428,-1
KHAPRETA_510206,312386.860,2624251.200,131.8800,0.0000,0.5400,0.0345,-1
KHAPRETA_510206,312397.860,2624251.200,131.8600,0.0000,0.5600,0.0358,-1
KHAPRETA_510206,312399.860,2624251.200,131.9900,0.0000,0.4300,0.0275,-1
KHAPRETA_510206,312407.860,2624251.200,132.1000,0.0000,0.3200,0.0204,-1
KHAPRETA_510206,312409.860,2624251.200,132.1100,1.1619,0.3100,0.0198,-1
KHAPRETA_510206,312413.860,2624251.200,132.2400,1.1969,0.1800,0.0115,-1
KHAPRETA_510206,312414.860,2624251.200,132.1700,1.2319,0.2500,0.0160,-1
KHAPRETA_510206,312421.860,2624251.200,132.3000,1.2919,0.1200,0.0077,-1
KHAPRETA_510206,312425.860,2624251.200,132.3700,1.8131,0.0500,0.0032,-1
KHAPRETA_510206,312426.860,2624251.200,132.3700,1.2969,0.0500,0.0032,-1
KHAPRETA_510206,312500.860,2624251.200,132.1700,0.0000,0.2500,0.0160,-1
KHAPRETA_510206,312502.860,2624251.200,130.9100,0.7169,1.5100,0.0965,-1
KHAPRETA_510206,311960.860,2624252.200,127.6000,1.0881,4.8200,0.3080,-1
KHAPRETA_510206,311965.860,2624252.200,127.5600,0.0000,4.8600,0.3105,-1
KHAPRETA_510206,311971.860,2624252.200,127.6500,1.0481,4.7700,0.3048,-1
KHAPRETA_510206,311974.860,2624252.200,127.5900,0.0000,4.8300,0.3086,-1
KHAPRETA_510206,311977.860,2624252.200,127.5200,0.0000,4.9000,0.3131,-1
KHAPRETA_510206,311979.860,2624252.200,127.7500,0.0000,4.6700,0.2984,-1
KHAPRETA_510206,311983.860,2624252.200,127.6400,0.0000,4.7800,0.3054,-1
KHAPRETA_510206,311985.860,2624252.200,127.5600,0.0000,4.8600,0.3105,-1
KHAPRETA_510206,311987.860,2624252.200,127.5000,0.0000,4.9200,0.3144,-1
KHAPRETA_510206,311989.860,2624252.200,127.3700,1.1581,5.0500,0.3227,-1
KHAPRETA_510206,312013.860,2624252.200,129.3900,1.1981,3.0300,0.1936,-1
KHAPRETA_510206,312015.860,2624252.200,129.6100,0.0000,2.8100,0.1796,-1
KHAPRETA_510206,312022.860,2624252.200,124.4500,0.0000,7.9700,0.5093,-1
KHAPRETA_510206,312025.860,2624252.200,125.4300,2.7481,6.9900,0.4466,-1
KHAPRETA_510206,312026.860,2624252.200,124.2800,2.7606,8.1400,0.5201,-1
KHAPRETA_510206,312027.860,2624252.200,124.0900,3.9577,8.3300,0.5323,-1
KHAPRETA_510206,312029.860,2624252.200,124.1000,2.8181,8.3200,0.5316,-1
KHAPRETA_510206,312030.860,2624252.200,124.1400,2.8583,8.2800,0.5291,-1
KHAPRETA_510206,312031.860,2624252.200,124.0300,2.8181,8.3900,0.5361,-1
KHAPRETA_510206,312040.860,2624252.200,124.0200,0.0000,8.4000,0.5367,-1
KHAPRETA_510206,312042.860,2624252.200,123.9600,2.9081,8.4600,0.5406,-1
KHAPRETA_510206,312043.860,2624252.200,123.9600,2.9081,8.4600,0.5406,-1
KHAPRETA_510206,312046.860,2624252.200,123.8500,0.0000,8.5700,0.5476,-1
KHAPRETA_510206,312050.860,2624252.200,123.9800,0.0000,8.4400,0.5393,-1
KHAPRETA_510206,312061.860,2624252.200,125.3900,2.3731,7.0300,0.4492,-1
KHAPRETA_510206,312065.860,2624252.200,124.8600,0.0000,7.5600,0.4831,-1
KHAPRETA_510206,312072.860,2624252.200,126.3100,0.0000,6.1100,0.3904,-1
KHAPRETA_510206,312093.860,2624252.200,127.6900,1.0831,4.7300,0.3022,-1
KHAPRETA_510206,312098.860,2624252.200,127.5800,0.9931,4.8400,0.3093,-1
KHAPRETA_510206,312104.860,2624252.200,128.5400,0.0000,3.8800,0.2479,-1
KHAPRETA_510206,312107.860,2624252.200,128.9600,0.6031,3.4600,0.2211,-1
KHAPRETA_510206,312110.860,2624252.200,128.9300,0.0300,3.4900,0.2230,-1
KHAPRETA_510206,312112.860,2624252.200,128.9500,0.5381,3.4700,0.2217,-1
KHAPRETA_510206,312113.860,2624252.200,128.7000,0.5467,3.7200,0.2377,-1
KHAPRETA_510206,312117.860,2624252.200,128.6700,0.0000,3.7500,0.2396,-1
KHAPRETA_510206,312119.860,2624252.200,128.2100,0.0000,4.2100,0.2690,-1
KHAPRETA_510206,312122.860,2624252.200,128.2300,0.7731,4.1900,0.2677,-1
KHAPRETA_510206,312126.860,2624252.200,128.3000,0.0000,4.1200,0.2633,-1
KHAPRETA_510206,312128.860,2624252.200,128.6300,0.7131,3.7900,0.2422,-1
KHAPRETA_510206,312130.860,2624252.200,128.4200,0.6981,4.0000,0.2556,-1
KHAPRETA_510206,312131.860,2624252.200,128.3800,0.6781,4.0400,0.2581,-1
KHAPRETA_510206,312133.860,2624252.200,128.5500,0.0000,3.8700,0.2473,-1
KHAPRETA_510206,312140.860,2624252.200,128.4800,0.6765,3.9400,0.2518,-1
KHAPRETA_510206,312141.860,2624252.200,128.4900,0.9095,3.9300,0.2511,-1
KHAPRETA_510206,312148.860,2624252.200,128.6000,0.6081,3.8200,0.2441,-1
KHAPRETA_510206,312149.860,2624252.200,128.5600,0.5881,3.8600,0.2466,-1
KHAPRETA_510206,312154.860,2624252.200,128.8000,0.1750,3.6200,0.2313,-1
KHAPRETA_510206,312156.860,2624252.200,128.9400,0.3988,3.4800,0.2224,-1
KHAPRETA_510206,312157.860,2624252.200,128.9800,0.4181,3.4400,0.2198,-1
KHAPRETA_510206,312163.860,2624252.200,129.1200,0.2531,3.3000,0.2109,-1
KHAPRETA_510206,312165.860,2624252.200,129.0200,0.0781,3.4000,0.2173,-1
KHAPRETA_510206,312166.860,2624252.200,129.6200,0.3781,2.8000,0.1789,-1
KHAPRETA_510206,312168.860,2624252.200,129.0000,0.3531,3.4200,0.2185,-1
KHAPRETA_510206,312170.860,2624252.200,129.0200,0.0000,3.4000,0.2173,-1
KHAPRETA_510206,312177.860,2624252.200,129.1200,0.0000,3.3000,0.2109,-1
KHAPRETA_510206,312179.860,2624252.200,129.2900,0.1731,3.1300,0.2000,-1
KHAPRETA_510206,312180.860,2624252.200,129.4300,0.2431,2.9900,0.1911,-1
KHAPRETA_510206,312190.860,2624252.200,129.2800,0.2281,3.1400,0.2006,-1
KHAPRETA_510206,312191.860,2624252.200,129.3200,0.3508,3.1000,0.1981,-1
KHAPRETA_510206,312193.860,2624252.200,129.3500,0.2775,3.0700,0.1962,-1
KHAPRETA_510206,312194.860,2624252.200,129.3200,0.2131,3.1000,0.1981,-1
KHAPRETA_510206,312197.860,2624252.200,129.3600,0.0000,3.0600,0.1955,-1
KHAPRETA_510206,312199.860,2624252.200,129.3500,0.0000,3.0700,0.1962,-1
KHAPRETA_510206,312202.860,2624252.200,129.3700,0.1781,3.0500,0.1949,-1
KHAPRETA_510206,312207.860,2624252.200,129.4200,0.0000,3.0000,0.1917,-1
KHAPRETA_510206,312212.860,2624252.200,129.5200,0.0000,2.9000,0.1853,-1
KHAPRETA_510206,312216.860,2624252.200,130.2900,0.2719,2.1300,0.1361,-1
KHAPRETA_510206,312217.860,2624252.200,130.3200,0.2569,2.1000,0.1342,-1
KHAPRETA_510206,312220.860,2624252.200,130.3000,0.0000,2.1200,0.1355,-1
KHAPRETA_510206,312224.860,2624252.200,130.3600,0.0000,2.0600,0.1316,-1
KHAPRETA_510206,312228.860,2624252.200,130.3500,0.0000,2.0700,0.1323,-1
KHAPRETA_510206,312230.860,2624252.200,130.4400,0.0000,1.9800,0.1265,-1
KHAPRETA_510206,312237.860,2624252.200,130.4200,0.3269,2.0000,0.1278,-1
KHAPRETA_510206,312238.860,2624252.200,130.4300,0.4553,1.9900,0.1272,-1
KHAPRETA_510206,312241.860,2624252.200,130.4400,0.0000,1.9800,0.1265,-1
KHAPRETA_510206,312244.860,2624252.200,130.3500,0.3519,2.0700,0.1323,-1
KHAPRETA_510206,312246.860,2624252.200,130.4200,0.2869,2.0000,0.1278,-1
KHAPRETA_510206,312247.860,2624252.200,130.3500,0.3650,2.0700,0.1323,-1
KHAPRETA_510206,312258.860,2624252.200,130.1700,0.2019,2.2500,0.1438,-1
KHAPRETA_510206,312259.860,2624252.200,130.1800,0.1800,2.2400,0.1431,-1
KHAPRETA_510206,312260.860,2624252.200,130.5300,0.2984,1.8900,0.1208,-1
KHAPRETA_510206,312261.860,2624252.200,130.6100,0.3769,1.8100,0.1157,-1
KHAPRETA_510206,312264.860,2624252.200,130.5500,0.0200,1.8700,0.1195,-1
KHAPRETA_510206,312267.860,2624252.200,130.5800,0.4019,1.8400,0.1176,-1
KHAPRETA_510206,312268.860,2624252.200,130.5800,0.4019,1.8400,0.1176,-1
KHAPRETA_510206,312272.860,2624252.200,130.5300,0.0000,1.8900,0.1208,-1
KHAPRETA_510206,312275.860,2624252.200,130.5400,0.0050,1.8800,0.1201,-1
KHAPRETA_510206,312285.860,2624252.200,131.1200,0.3569,1.3000,0.0831,-1
KHAPRETA_510206,312290.860,2624252.200,131.0200,0.6219,1.4000,0.0895,-1
KHAPRETA_510206,312297.860,2624252.200,131.0700,0.0000,1.3500,0.0863,-1
KHAPRETA_510206,312299.860,2624252.200,131.4500,1.0847,0.9700,0.0620,-1
KHAPRETA_510206,312300.860,2624252.200,131.3300,0.8369,1.0900,0.0696,-1
KHAPRETA_510206,312305.860,2624252.200,131.4300,1.1488,0.9900,0.0633,-1
KHAPRETA_510206,312306.860,2624252.200,131.4500,0.8269,0.9700,0.0620,-1
KHAPRETA_510206,312311.860,2624252.200,131.3300,0.0000,1.0900,0.0696,-1
KHAPRETA_510206,312325.860,2624252.200,131.0800,0.6819,1.3400,0.0856,-1
KHAPRETA_510206,312330.860,2624252.200,131.3100,1.0252,1.1100,0.0709,-1
KHAPRETA_510206,312331.860,2624252.200,131.1700,0.7669,1.2500,0.0799,-1
KHAPRETA_510206,312336.860,2624252.200,132.2000,1.5515,0.2200,0.0141,-1
KHAPRETA_510206,312337.860,2624252.200,132.0000,1.2119,0.4200,0.0268,-1
KHAPRETA_510206,312341.860,2624252.200,131.8100,0.0050,0.6100,0.0390,-1
KHAPRETA_510206,312343.860,2624252.200,131.7900,1.0169,0.6300,0.0403,-1
KHAPRETA_510206,312344.860,2624252.200,131.8100,1.5413,0.6100,0.0390,-1
KHAPRETA_510206,312368.860,2624252.200,132.2200,0.0000,0.2000,0.0128,-1
KHAPRETA_510206,312375.860,2624252.200,131.8500,1.1219,0.5700,0.0364,-1
KHAPRETA_510206,312381.860,2624252.200,131.7800,0.0000,0.6400,0.0409,-1
KHAPRETA_510206,312383.860,2624252.200,131.7800,0.0250,0.6400,0.0409,-1
KHAPRETA_510206,312394.860,2624252.200,131.8900,0.0000,0.5300,0.0339,-1
KHAPRETA_510206,312403.860,2624252.200,132.0500,0.0000,0.3700,0.0236,-1
KHAPRETA_510206,312411.860,2624252.200,132.2900,1.3119,0.1300,0.0083,-1
KHAPRETA_510206,312416.860,2624252.200,132.2400,0.0000,0.1800,0.0115,-1
KHAPRETA_510206,312419.860,2624252.200,132.2300,0.0000,0.1900,0.0121,-1
KHAPRETA_510206,312421.860,2624252.200,132.3600,1.2619,0.0600,0.0038,-1
KHAPRETA_510206,312498.860,2624252.200,132.0700,0.0000,0.3500,0.0224,-1
KHAPRETA_510206,311958.860,2624253.200,127.5800,0.0000,4.8400,0.3093,-1
KHAPRETA_510206,311960.860,2624253.200,127.6000,1.0881,4.8200,0.3080,-1
KHAPRETA_510206,311967.860,2624253.200,127.5900,0.0000,4.8300,0.3086,-1
KHAPRETA_510206,311971.860,2624253.200,127.6800,1.0631,4.7400,0.3029,-1
KHAPRETA_510206,311976.860,2624253.200,127.3900,1.0231,5.0300,0.3214,-1
KHAPRETA_510206,311978.860,2624253.200,127.4100,1.1431,5.0100,0.3201,-1
KHAPRETA_510206,311983.860,2624253.200,127.6000,1.0681,4.8200,0.3080,-1
KHAPRETA_510206,312013.860,2624253.200,127.3800,0.1931,5.0400,0.3220,-1
KHAPRETA_510206,312021.860,2624253.200,128.3300,1.2019,4.0900,0.2613,-1
KHAPRETA_510206,312024.860,2624253.200,124.5200,0.0000,7.9000,0.5048,-1
KHAPRETA_510206,312028.860,2624253.200,123.7300,0.0000,8.6900,0.5553,-1
KHAPRETA_510206,312032.860,2624253.200,124.0200,2.8931,8.4000,0.5367,-1
KHAPRETA_510206,312035.860,2624253.200,124.1000,2.8731,8.3200,0.5316,-1
KHAPRETA_510206,312041.860,2624253.200,123.9700,0.0000,8.4500,0.5399,-1
KHAPRETA_510206,312047.860,2624253.200,124.0800,0.0000,8.3400,0.5329,-1
KHAPRETA_510206,312052.860,2624253.200,123.9900,0.0000,8.4300,0.5387,-1
KHAPRETA_510206,312058.860,2624253.200,124.7700,0.0000,7.6500,0.4888,-1
KHAPRETA_510206,312061.860,2624253.200,125.0300,0.1800,7.3900,0.4722,-1
KHAPRETA_510206,312066.860,2624253.200,124.9600,0.0000,7.4600,0.4767,-1
KHAPRETA_510206,312070.860,2624253.200,129.8200,0.0000,2.6000,0.1661,-1
KHAPRETA_510206,312073.860,2624253.200,126.1900,1.8231,6.2300,0.3981,-1
KHAPRETA_510206,312093.860,2624253.200,127.6100,0.0750,4.8100,0.3073,-1
KHAPRETA_510206,312096.860,2624253.200,127.6700,1.0531,4.7500,0.3035,-1
KHAPRETA_510206,312103.860,2624253.200,128.5300,0.8481,3.8900,0.2486,-1
KHAPRETA_510206,312105.860,2624253.200,128.5400,0.0000,3.8800,0.2479,-1
KHAPRETA_510206,312107.860,2624253.200,128.5700,0.5160,3.8500,0.2460,-1
KHAPRETA_510206,312108.860,2624253.200,128.7700,0.6031,3.6500,0.2332,-1
KHAPRETA_510206,312110.860,2624253.200,129.2200,0.4552,3.2000,0.2045,-1
KHAPRETA_510206,312111.860,2624253.200,129.4400,0.2781,2.9800,0.1904,-1
KHAPRETA_510206,312113.860,2624253.200,129.0600,0.5381,3.3600,0.2147,-1
KHAPRETA_510206,312121.860,2624253.200,128.2400,0.0000,4.1800,0.2671,-1
KHAPRETA_510206,312123.860,2624253.200,128.2600,0.0000,4.1600,0.2658,-1
KHAPRETA_510206,312128.860,2624253.200,128.3500,0.8954,4.0700,0.2601,-1
KHAPRETA_510206,312129.860,2624253.200,128.4000,0.7131,4.0200,0.2569,-1
KHAPRETA_510206,312136.860,2624253.200,128.7100,0.4581,3.7100,0.2371,-1
KHAPRETA_510206,312140.860,2624253.200,128.5800,0.9095,3.8400,0.2454,-1
KHAPRETA_510206,312141.860,2624253.200,128.5000,0.6813,3.9200,0.2505,-1
KHAPRETA_510206,312142.860,2624253.200,129.0300,0.6381,3.3900,0.2166,-1
KHAPRETA_510206,312144.860,2624253.200,128.5200,0.0000,3.9000,0.2492,-1
KHAPRETA_510206,312146.860,2624253.200,128.6400,0.5831,3.7800,0.2415,-1
KHAPRETA_510206,312154.860,2624253.200,128.9500,0.5853,3.4700,0.2217,-1
KHAPRETA_510206,312155.860,2624253.200,129.1300,0.4131,3.2900,0.2102,-1
KHAPRETA_510206,312156.860,2624253.200,128.9600,0.5283,3.4600,0.2211,-1
KHAPRETA_510206,312167.860,2624253.200,129.0400,0.3531,3.3800,0.2160,-1
KHAPRETA_510206,312168.860,2624253.200,129.0700,0.3681,3.3500,0.2141,-1
KHAPRETA_510206,312174.860,2624253.200,129.1100,0.0000,3.3100,0.2115,-1
KHAPRETA_510206,312185.860,2624253.200,129.2000,0.0000,3.2200,0.2058,-1
KHAPRETA_510206,312188.860,2624253.200,129.3200,0.0000,3.1000,0.1981,-1
KHAPRETA_510206,312191.860,2624253.200,129.2800,0.2281,3.1400,0.2006,-1
KHAPRETA_510206,312215.860,2624253.200,130.1900,0.0000,2.2300,0.1425,-1
KHAPRETA_510206,312226.860,2624253.200,130.4400,0.0000,1.9800,0.1265,-1
KHAPRETA_510206,312239.860,2624253.200,130.5400,0.0000,1.8800,0.1201,-1
KHAPRETA_510206,312242.860,2624253.200,130.4600,0.3569,1.9600,0.1252,-1
KHAPRETA_510206,312244.860,2624253.200,130.4800,0.3658,1.9400,0.1240,-1
KHAPRETA_510206,312245.860,2624253.200,130.2300,0.3519,2.1900,0.1399,-1
KHAPRETA_510206,312248.860,2624253.200,130.2700,0.2169,2.1500,0.1374,-1
KHAPRETA_510206,312251.860,2624253.200,130.1100,0.1719,2.3100,0.1476,-1
KHAPRETA_510206,312252.860,2624253.200,130.1200,0.2361,2.3000,0.1470,-1
KHAPRETA_510206,312254.860,2624253.200,130.1500,0.1819,2.2700,0.1450,-1
KHAPRETA_510206,312256.860,2624253.200,130.1500,0.1969,2.2700,0.1450,-1
KHAPRETA_510206,312262.860,2624253.200,130.5400,0.3869,1.8800,0.1201,-1
KHAPRETA_510206,312264.860,2624253.200,130.5400,0.3869,1.8800,0.1201,-1
KHAPRETA_510206,312275.860,2624253.200,130.5900,0.5366,1.8300,0.1169,-1
KHAPRETA_510206,312276.860,2624253.200,130.5300,0.0300,1.8900,0.1208,-1
KHAPRETA_510206,312277.860,2624253.200,130.5300,0.3769,1.8900,0.1208,-1
KHAPRETA_510206,312283.860,2624253.200,130.4900,0.0000,1.9300,0.1233,-1
KHAPRETA_510206,312286.860,2624253.200,130.8700,0.5269,1.5500,0.0990,-1
KHAPRETA_510206,312289.860,2624253.200,131.0600,0.0000,1.3600,0.0869,-1
KHAPRETA_510206,312294.860,2624253.200,131.0900,0.6469,1.3300,0.0850,-1
KHAPRETA_510206,312295.860,2624253.200,131.0700,0.6323,1.3500,0.0863,-1
KHAPRETA_510206,312296.860,2624253.200,131.1300,0.6469,1.2900,0.0824,-1
KHAPRETA_510206,312304.860,2624253.200,131.4100,0.7869,1.0100,0.0645,-1
KHAPRETA_510206,312305.860,2624253.200,131.3500,1.1624,1.0700,0.0684,-1
KHAPRETA_510206,312315.860,2624253.200,131.3700,0.0000,1.0500,0.0671,-1
KHAPRETA_510206,312318.860,2624253.200,131.3500,0.0000,1.0700,0.0684,-1
KHAPRETA_510206,312323.860,2624253.200,131.0900,0.0000,1.3300,0.0850,-1
KHAPRETA_510206,312325.860,2624253.200,131.1400,0.6519,1.2800,0.0818,-1
KHAPRETA_510206,312327.860,2624253.200,131.2300,0.0000,1.1900,0.0760,-1
KHAPRETA_510206,312330.860,2624253.200,131.2800,0.7669,1.1400,0.0728,-1
KHAPRETA_510206,312332.860,2624253.200,131.2500,0.0000,1.1700,0.0748,-1
KHAPRETA_510206,312334.860,2624253.200,131.7700,0.0000,0.6500,0.0415,-1
KHAPRETA_510206,312336.860,2624253.200,131.9400,0.3350,0.4800,0.0307,-1
KHAPRETA_510206,312339.860,2624253.200,131.9500,0.0000,0.4700,0.0300,-1
KHAPRETA_510206,312341.860,2624253.200,131.8200,1.0169,0.6000,0.0383,-1
KHAPRETA_510206,312344.860,2624253.200,132.1100,0.1500,0.3100,0.0198,-1
KHAPRETA_510206,312347.860,2624253.200,132.1400,0.0000,0.2800,0.0179,-1
KHAPRETA_510206,312353.860,2624253.200,132.2800,1.7600,0.1400,0.0089,-1
KHAPRETA_510206,312354.860,2624253.200,132.2400,1.2519,0.1800,0.0115,-1
KHAPRETA_510206,312356.860,2624253.200,132.3000,0.0000,0.1200,0.0077,-1
KHAPRETA_510206,312363.860,2624253.200,132.3100,1.2969,0.1100,0.0070,-1
KHAPRETA_510206,312373.860,2624253.200,131.8900,0.0000,0.5300,0.0339,-1
KHAPRETA_510206,312377.860,2624253.200,131.5100,0.0000,0.9100,0.0581,-1
KHAPRETA_510206,312379.860,2624253.200,131.7600,1.1669,0.6600,0.0422,-1
KHAPRETA_510206,312383.860,2624253.200,131.8000,1.4347,0.6200,0.0396,-1
KHAPRETA_510206,312384.860,2624253.200,131.8300,1.4417,0.5900,0.0377,-1
KHAPRETA_510206,312388.860,2624253.200,131.9500,1.0519,0.4700,0.0300,-1
KHAPRETA_510206,312389.860,2624253.200,131.8800,1.0869,0.5400,0.0345,-1
KHAPRETA_510206,312397.860,2624253.200,131.9500,1.1119,0.4700,0.0300,-1
KHAPRETA_510206,312398.860,2624253.200,132.0000,0.0350,0.4200,0.0268,-1
KHAPRETA_510206,312399.860,2624253.200,132.0200,1.1119,0.4000,0.0256,-1
KHAPRETA_510206,312411.860,2624253.200,132.4000,1.2569,0.0200,0.0013,-1
KHAPRETA_510206,312418.860,2624253.200,132.2900,1.2819,0.1300,0.0083,-1
KHAPRETA_510206,312422.860,2624253.200,132.3400,0.0000,0.0800,0.0051,-1
KHAPRETA_510206,311963.860,2624254.200,127.5500,1.6024,4.8700,0.3112,-1
KHAPRETA_510206,311964.860,2624254.200,127.5200,1.1131,4.9000,0.3131,-1
KHAPRETA_510206,311975.860,2624254.200,127.5600,1.0231,4.8600,0.3105,-1
KHAPRETA_510206,311976.860,2624254.200,127.7300,1.1135,4.6900,0.2997,-1
KHAPRETA_510206,311978.860,2624254.200,127.4900,1.1831,4.9300,0.3150,-1
KHAPRETA_510206,311984.860,2624254.200,127.5600,0.0000,4.8600,0.3105,-1
KHAPRETA_510206,312007.860,2624254.200,129.8300,0.0000,2.5900,0.1655,-1
KHAPRETA_510206,312020.860,2624254.200,124.0800,1.2019,8.3400,0.5329,-1
KHAPRETA_510206,312021.860,2624254.200,132.1800,2.9384,0.2400,0.0153,-1
KHAPRETA_510206,312025.860,2624254.200,124.7800,0.0000,7.6400,0.4882,-1
KHAPRETA_510206,312027.860,2624254.200,123.7900,2.3481,8.6300,0.5514,-1
KHAPRETA_510206,312032.860,2624254.200,123.9900,4.0667,8.4300,0.5387,-1
KHAPRETA_510206,312033.860,2624254.200,124.0300,0.0250,8.3900,0.5361,-1
KHAPRETA_510206,312034.860,2624254.200,123.9400,0.0000,8.4800,0.5419,-1
KHAPRETA_510206,312035.860,2624254.200,124.0300,4.0706,8.3900,0.5361,-1
KHAPRETA_510206,312040.860,2624254.200,124.0300,0.0000,8.3900,0.5361,-1
KHAPRETA_510206,312046.860,2624254.200,123.9800,0.0000,8.4400,0.5393,-1
KHAPRETA_510206,312054.860,2624254.200,124.1700,3.8409,8.2500,0.5272,-1
KHAPRETA_510206,312055.860,2624254.200,124.2600,2.8031,8.1600,0.5214,-1
KHAPRETA_510206,312057.860,2624254.200,124.6600,0.0000,7.7600,0.4958,-1
KHAPRETA_510206,312060.860,2624254.200,125.0400,2.3731,7.3800,0.4716,-1
KHAPRETA_510206,312061.860,2624254.200,125.0300,3.3525,7.3900,0.4722,-1
KHAPRETA_510206,312067.860,2624254.200,125.0000,2.2031,7.4200,0.4741,-1
KHAPRETA_510206,312068.860,2624254.200,125.3700,2.3881,7.0500,0.4505,-1
KHAPRETA_510206,312073.860,2624254.200,126.1300,2.6996,6.2900,0.4019,-1
KHAPRETA_510206,312074.860,2624254.200,125.7400,1.8231,6.6800,0.4268,-1
KHAPRETA_510206,312092.860,2624254.200,131.7700,1.6497,0.6500,0.0415,-1
KHAPRETA_510206,312093.860,2624254.200,127.5400,1.4720,4.8800,0.3118,-1
KHAPRETA_510206,312096.860,2624254.200,127.6700,0.0100,4.7500,0.3035,-1
KHAPRETA_510206,312101.860,2624254.200,127.7600,0.9281,4.6600,0.2978,-1
KHAPRETA_510206,312102.860,2624254.200,127.9200,0.1600,4.5000,0.2875,-1
KHAPRETA_510206,312103.860,2624254.200,128.0800,1.1178,4.3400,0.2773,-1
KHAPRETA_510206,312107.860,2624254.200,128.7300,0.0350,3.6900,0.2358,-1
KHAPRETA_510206,312112.860,2624254.200,129.3500,0.2331,3.0700,0.1962,-1
KHAPRETA_510206,312115.860,2624254.200,128.3800,0.0000,4.0400,0.2581,-1
KHAPRETA_510206,312133.860,2624254.200,128.6300,0.4681,3.7900,0.2422,-1
KHAPRETA_510206,312136.860,2624254.200,128.8600,0.5331,3.5600,0.2275,-1
KHAPRETA_510206,312139.860,2624254.200,128.4500,0.0000,3.9700,0.2537,-1
KHAPRETA_510206,312146.860,2624254.200,128.6100,0.8105,3.8100,0.2435,-1
KHAPRETA_510206,312147.860,2624254.200,128.6200,0.5831,3.8000,0.2428,-1
KHAPRETA_510206,312152.860,2624254.200,128.9000,0.0000,3.5200,0.2249,-1
KHAPRETA_510206,312155.860,2624254.200,128.9500,0.3231,3.4700,0.2217,-1
KHAPRETA_510206,312165.860,2624254.200,128.9900,0.0000,3.4300,0.2192,-1
KHAPRETA_510206,312168.860,2624254.200,128.9900,0.3531,3.4300,0.2192,-1
KHAPRETA_510206,312173.860,2624254.200,129.1900,0.2231,3.2300,0.2064,-1
KHAPRETA_510206,312178.860,2624254.200,129.1200,0.4258,3.3000,0.2109,-1
KHAPRETA_510206,312179.860,2624254.200,129.2100,0.3281,3.2100,0.2051,-1
KHAPRETA_510206,312181.860,2624254.200,129.1800,0.0000,3.2400,0.2070,-1
KHAPRETA_510206,312183.860,2624254.200,129.3200,0.0000,3.1000,0.1981,-1
KHAPRETA_510206,312193.860,2624254.200,129.3400,0.0000,3.0800,0.1968,-1
KHAPRETA_510206,312202.860,2624254.200,129.4100,0.0000,3.0100,0.1923,-1
KHAPRETA_510206,312205.860,2624254.200,129.4600,0.1581,2.9600,0.1891,-1
KHAPRETA_510206,312206.860,2624254.200,129.4600,0.2419,2.9600,0.1891,-1
KHAPRETA_510206,312208.860,2624254.200,129.4300,0.1681,2.9900,0.1911,-1
KHAPRETA_510206,312209.860,2624254.200,129.4400,0.2245,2.9800,0.1904,-1
KHAPRETA_510206,312211.860,2624254.200,129.7900,0.1731,2.6300,0.1681,-1
KHAPRETA_510206,312212.860,2624254.200,129.4300,0.0069,2.9900,0.1911,-1
KHAPRETA_510206,312217.860,2624254.200,130.3500,0.2669,2.0700,0.1323,-1
KHAPRETA_510206,312218.860,2624254.200,130.3100,0.0300,2.1100,0.1348,-1
KHAPRETA_510206,312219.860,2624254.200,130.2900,0.2669,2.1300,0.1361,-1
KHAPRETA_510206,312221.860,2624254.200,130.2600,0.2519,2.1600,0.1380,-1
KHAPRETA_510206,312224.860,2624254.200,130.2700,0.2319,2.1500,0.1374,-1
KHAPRETA_510206,312232.860,2624254.200,130.4900,0.3269,1.9300,0.1233,-1
KHAPRETA_510206,312240.860,2624254.200,130.5300,0.0000,1.8900,0.1208,-1
KHAPRETA_510206,312242.860,2624254.200,130.4900,0.3221,1.9300,0.1233,-1
KHAPRETA_510206,312243.860,2624254.200,130.4200,0.3569,2.0000,0.1278,-1
KHAPRETA_510206,312247.860,2624254.200,130.3900,0.2169,2.0300,0.1297,-1
KHAPRETA_510206,312248.860,2624254.200,130.2100,0.3939,2.2100,0.1412,-1
KHAPRETA_510206,312252.860,2624254.200,130.1100,0.1719,2.3100,0.1476,-1
KHAPRETA_510206,312254.860,2624254.200,130.1400,0.1869,2.2800,0.1457,-1
KHAPRETA_510206,312256.860,2624254.200,130.1700,0.4569,2.2500,0.1438,-1
KHAPRETA_510206,312257.860,2624254.200,130.6100,0.1969,1.8100,0.1157,-1
KHAPRETA_510206,312260.860,2624254.200,130.5400,0.0000,1.8800,0.1201,-1
KHAPRETA_510206,312262.860,2624254.200,130.5500,0.3819,1.8700,0.1195,-1
KHAPRETA_510206,312268.860,2624254.200,130.5700,0.0000,1.8500,0.1182,-1
KHAPRETA_510206,312272.860,2624254.200,130.5500,0.4019,1.8700,0.1195,-1
KHAPRETA_510206,312280.860,2624254.200,130.5500,0.0000,1.8700,0.1195,-1
KHAPRETA_510206,312282.860,2624254.200,130.5100,0.0000,1.9100,0.1220,-1
KHAPRETA_510206,312284.860,2624254.200,130.5600,0.4069,1.8600,0.1188,-1
KHAPRETA_510206,312285.860,2624254.200,130.5900,0.1350,1.8300,0.1169,-1
KHAPRETA_510206,312286.860,2624254.200,130.8300,0.5824,1.5900,0.1016,-1
KHAPRETA_510206,312287.860,2624254.200,130.9900,0.1400,1.4300,0.0914,-1
KHAPRETA_510206,312288.860,2624254.200,131.1100,0.8834,1.3100,0.0837,-1
KHAPRETA_510206,312295.860,2624254.200,131.0400,0.0050,1.3800,0.0882,-1
KHAPRETA_510206,312297.860,2624254.200,131.0600,0.0000,1.3600,0.0869,-1
KHAPRETA_510206,312299.860,2624254.200,131.4200,0.7969,1.0000,0.0639,-1
KHAPRETA_510206,312301.860,2624254.200,131.3500,0.8269,1.0700,0.0684,-1
KHAPRETA_510206,312312.860,2624254.200,131.3600,0.7969,1.0600,0.0677,-1
KHAPRETA_510206,312313.860,2624254.200,131.3700,1.0955,1.0500,0.0671,-1
KHAPRETA_510206,312316.860,2624254.200,131.3300,0.8269,1.0900,0.0696,-1
KHAPRETA_510206,312317.860,2624254.200,131.4300,0.7769,0.9900,0.0633,-1
KHAPRETA_510206,312324.860,2624254.200,131.1100,0.0000,1.3100,0.0837,-1
KHAPRETA_510206,312335.860,2624254.200,131.8200,0.8769,0.6000,0.0383,-1
KHAPRETA_510206,312336.860,2624254.200,131.5300,1.0221,0.8900,0.0569,-1
KHAPRETA_510206,312338.860,2624254.200,132.0500,1.0819,0.3700,0.0236,-1
KHAPRETA_510206,312344.860,2624254.200,132.1100,1.1669,0.3100,0.0198,-1
KHAPRETA_510206,312348.860,2624254.200,132.2400,0.0000,0.1800,0.0115,-1
KHAPRETA_510206,312351.860,2624254.200,132.1000,0.0000,0.3200,0.0204,-1
KHAPRETA_510206,312353.860,2624254.200,132.2900,1.2519,0.1300,0.0083,-1
KHAPRETA_510206,312355.860,2624254.200,132.3000,0.0000,0.1200,0.0077,-1
KHAPRETA_510206,312358.860,2624254.200,132.3700,0.0000,0.0500,0.0032,-1
KHAPRETA_510206,312363.860,2624254.200,132.3700,0.0450,0.0500,0.0032,-1
KHAPRETA_510206,312379.860,2624254.200,132.1100,0.9919,0.3100,0.0198,-1
KHAPRETA_510206,312381.860,2624254.200,131.8300,1.0369,0.5900,0.0377,-1
KHAPRETA_510206,312384.860,2624254.200,131.8300,1.0269,0.5900,0.0377,-1
KHAPRETA_510206,312387.860,2624254.200,131.8900,0.0000,0.5300,0.0339,-1
KHAPRETA_510206,312390.860,2624254.200,131.9100,0.0000,0.5100,0.0326,-1
KHAPRETA_510206,312395.860,2624254.200,131.9300,0.0000,0.4900,0.0313,-1
KHAPRETA_510206,312400.860,2624254.200,132.0200,1.1519,0.4000,0.0256,-1
KHAPRETA_510206,312401.860,2624254.200,132.0800,1.1219,0.3400,0.0217,-1
KHAPRETA_510206,312403.860,2624254.200,132.1200,0.0000,0.3000,0.0192,-1
KHAPRETA_510206,312415.860,2624254.200,132.2000,0.0000,0.2200,0.0141,-1
KHAPRETA_510206,312418.860,2624254.200,132.3400,1.2569,0.0800,0.0051,-1
KHAPRETA_510206,312423.860,2624254.200,132.2800,0.0000,0.1400,0.0089,-1
KHAPRETA_510206,311963.860,2624255.200,127.5000,0.0900,4.9200,0.3144,-1
KHAPRETA_510206,311965.860,2624255.200,127.5100,0.0000,4.9100,0.3137,-1
KHAPRETA_510206,311970.860,2624255.200,127.5700,1.2031,4.8500,0.3099,-1
KHAPRETA_510206,311974.860,2624255.200,127.5400,0.0000,4.8800,0.3118,-1
KHAPRETA_510206,311976.860,2624255.200,127.6100,1.5754,4.8100,0.3073,-1
KHAPRETA_510206,311977.860,2624255.200,127.3800,1.5674,5.0400,0.3220,-1
KHAPRETA_510206,311979.860,2624255.200,127.4400,0.0000,4.9800,0.3182,-1
KHAPRETA_510206,311982.860,2624255.200,127.6000,0.0000,4.8200,0.3080,-1
KHAPRETA_510206,312010.860,2624255.200,129.2200,0.6631,3.2000,0.2045,-1
KHAPRETA_510206,312011.860,2624255.200,128.4500,0.2500,3.9700,0.2537,-1
KHAPRETA_510206,312012.860,2624255.200,128.7200,1.8790,3.7000,0.2364,-1
KHAPRETA_510206,312013.860,2624255.200,126.8200,0.5281,5.6000,0.3578,-1
KHAPRETA_510206,312018.860,2624255.200,128.7500,0.1881,3.6700,0.2345,-1
KHAPRETA_510206,312019.860,2624255.200,129.4000,0.5131,3.0200,0.1930,-1
KHAPRETA_510206,312023.860,2624255.200,124.6000,2.5881,7.8200,0.4997,-1
KHAPRETA_510206,312026.860,2624255.200,124.8900,2.3481,7.5300,0.4812,-1
KHAPRETA_510206,312027.860,2624255.200,125.0800,3.8635,7.3400,0.4690,-1
KHAPRETA_510206,312030.860,2624255.200,124.3200,0.0000,8.1000,0.5176,-1
KHAPRETA_510206,312036.860,2624255.200,124.0500,0.0000,8.3700,0.5348,-1
KHAPRETA_510206,312039.860,2624255.200,124.1700,0.0000,8.2500,0.5272,-1
KHAPRETA_510206,312053.860,2624255.200,124.2000,2.6731,8.2200,0.5252,-1
KHAPRETA_510206,312054.860,2624255.200,124.4300,2.8026,7.9900,0.5105,-1
KHAPRETA_510206,312062.860,2624255.200,125.1000,3.2111,7.3200,0.4677,-1
KHAPRETA_510206,312063.860,2624255.200,125.2100,2.3381,7.2100,0.4607,-1
KHAPRETA_510206,312070.860,2624255.200,126.0900,0.0000,6.3300,0.4045,-1
KHAPRETA_510206,312075.860,2624255.200,132.2900,0.0000,0.1300,0.0083,-1
KHAPRETA_510206,312092.860,2624255.200,127.3500,0.9969,5.0700,0.3240,-1
KHAPRETA_510206,312095.860,2624255.200,127.6300,1.0431,4.7900,0.3061,-1
KHAPRETA_510206,312096.860,2624255.200,127.6900,1.0731,4.7300,0.3022,-1
KHAPRETA_510206,312107.860,2624255.200,128.5000,0.5231,3.9200,0.2505,-1
KHAPRETA_510206,312110.860,2624255.200,128.7700,0.2981,3.6500,0.2332,-1
KHAPRETA_510206,312111.860,2624255.200,129.1800,0.3567,3.2400,0.2070,-1
KHAPRETA_510206,312112.860,2624255.200,129.3100,0.2445,3.1100,0.1987,-1
KHAPRETA_510206,312113.860,2624255.200,128.9400,0.2331,3.4800,0.2224,-1
KHAPRETA_510206,312121.860,2624255.200,128.2900,0.0000,4.1300,0.2639,-1
KHAPRETA_510206,312127.860,2624255.200,128.4800,0.0000,3.9400,0.2518,-1
KHAPRETA_510206,312131.860,2624255.200,128.4100,0.0000,4.0100,0.2562,-1
KHAPRETA_510206,312133.860,2624255.200,128.8400,0.5731,3.5800,0.2288,-1
KHAPRETA_510206,312141.860,2624255.200,128.5800,0.0000,3.8400,0.2454,-1
KHAPRETA_510206,312148.860,2624255.200,128.6500,0.5431,3.7700,0.2409,-1
KHAPRETA_510206,312149.860,2624255.200,128.6900,0.0500,3.7300,0.2383,-1
KHAPRETA_510206,312150.860,2624255.200,128.7500,0.5431,3.6700,0.2345,-1
KHAPRETA_510206,312157.860,2624255.200,129.0700,0.0000,3.3500,0.2141,-1
KHAPRETA_510206,312160.860,2624255.200,129.1300,0.4081,3.2900,0.2102,-1
KHAPRETA_510206,312161.860,2624255.200,128.9600,0.3231,3.4600,0.2211,-1
KHAPRETA_510206,312166.860,2624255.200,129.0800,0.0000,3.3400,0.2134,-1
KHAPRETA_510206,312171.860,2624255.200,129.1800,0.0719,3.2400,0.2070,-1
KHAPRETA_510206,312173.860,2624255.200,129.3300,0.0556,3.0900,0.1974,-1
KHAPRETA_510206,312174.860,2624255.200,129.7600,0.2231,2.6600,0.1700,-1
KHAPRETA_510206,312176.860,2624255.200,129.1500,0.0000,3.2700,0.2089,-1
KHAPRETA_510206,312178.860,2624255.200,129.1400,0.3281,3.2800,0.2096,-1
KHAPRETA_510206,312180.860,2624255.200,129.2000,0.0000,3.2200,0.2058,-1
KHAPRETA_510206,312182.860,2624255.200,129.1800,0.0000,3.2400,0.2070,-1
KHAPRETA_510206,312186.860,2624255.200,129.2100,0.0000,3.2100,0.2051,-1
KHAPRETA_510206,312192.860,2624255.200,129.3000,0.0000,3.1200,0.1994,-1
KHAPRETA_510206,312197.860,2624255.200,129.4900,0.0000,2.9300,0.1872,-1
KHAPRETA_510206,312199.860,2624255.200,129.3500,0.2805,3.0700,0.1962,-1
KHAPRETA_510206,312200.860,2624255.200,129.4000,0.2131,3.0200,0.1930,-1
KHAPRETA_510206,312206.860,2624255.200,129.4100,0.1581,3.0100,0.1923,-1
KHAPRETA_510206,312209.860,2624255.200,129.4900,0.1681,2.9300,0.1872,-1
KHAPRETA_510206,312215.860,2624255.200,129.9100,0.0000,2.5100,0.1604,-1
KHAPRETA_510206,312221.860,2624255.200,130.2800,0.2419,2.1400,0.1367,-1
KHAPRETA_510206,312224.860,2624255.200,130.2400,0.2469,2.1800,0.1393,-1
KHAPRETA_510206,312228.860,2624255.200,130.4000,0.2819,2.0200,0.1291,-1
KHAPRETA_510206,312229.860,2624255.200,130.3400,0.3119,2.0800,0.1329,-1
KHAPRETA_510206,312232.860,2624255.200,130.4300,0.4643,1.9900,0.1272,-1
KHAPRETA_510206,312233.860,2624255.200,130.3700,0.0100,2.0500,0.1310,-1
KHAPRETA_510206,312234.860,2624255.200,130.4500,0.0400,1.9700,0.1259,-1
KHAPRETA_510206,312235.860,2624255.200,130.4500,0.3369,1.9700,0.1259,-1
KHAPRETA_510206,312241.860,2624255.200,130.5300,0.5268,1.8900,0.1208,-1
KHAPRETA_510206,312242.860,2624255.200,130.4800,0.5191,1.9400,0.1240,-1
KHAPRETA_510206,312250.860,2624255.200,130.1100,0.8869,2.3100,0.1476,-1
KHAPRETA_510206,312258.860,2624255.200,130.5400,0.4169,1.8800,0.1201,-1
KHAPRETA_510206,312263.860,2624255.200,130.5500,0.0000,1.8700,0.1195,-1
KHAPRETA_510206,312270.860,2624255.200,130.5900,0.0000,1.8300,0.1169,-1
KHAPRETA_510206,312272.860,2624255.200,130.5800,0.3869,1.8400,0.1176,-1
KHAPRETA_510206,312275.860,2624255.200,130.5800,0.0000,1.8400,0.1176,-1
KHAPRETA_510206,312278.860,2624255.200,130.5300,0.0000,1.8900,0.1208,-1
KHAPRETA_510206,312288.860,2624255.200,131.0600,0.6669,1.3600,0.0869,-1
KHAPRETA_510206,312295.860,2624255.200,131.0800,0.6319,1.3400,0.0856,-1
KHAPRETA_510206,312299.860,2624255.200,131.3700,0.8219,1.0500,0.0671,-1
KHAPRETA_510206,312301.860,2624255.200,131.4300,0.7869,0.9900,0.0633,-1
KHAPRETA_510206,312303.860,2624255.200,131.4100,0.0000,1.0100,0.0645,-1
KHAPRETA_510206,312307.860,2624255.200,131.4100,1.2155,1.0100,0.0645,-1
KHAPRETA_510206,312308.860,2624255.200,131.5100,1.2022,0.9100,0.0581,-1
KHAPRETA_510206,312311.860,2624255.200,131.3500,0.8569,1.0700,0.0684,-1
KHAPRETA_510206,312313.860,2624255.200,131.2900,0.7969,1.1300,0.0722,-1
KHAPRETA_510206,312315.860,2624255.200,131.2900,0.7969,1.1300,0.0722,-1
KHAPRETA_510206,312322.860,2624255.200,131.4000,0.0000,1.0200,0.0652,-1
KHAPRETA_510206,312325.860,2624255.200,131.1000,0.0000,1.3200,0.0843,-1
KHAPRETA_510206,312330.860,2624255.200,131.3100,0.7869,1.1100,0.0709,-1
KHAPRETA_510206,312331.860,2624255.200,131.3500,0.7669,1.0700,0.0684,-1
KHAPRETA_510206,312336.860,2624255.200,131.9000,0.8769,0.5200,0.0332,-1
KHAPRETA_510206,312338.860,2624255.200,131.9400,1.1369,0.4800,0.0307,-1
KHAPRETA_510206,312340.860,2624255.200,132.0200,1.1469,0.4000,0.0256,-1
KHAPRETA_510206,312359.860,2624255.200,132.2200,1.2069,0.2000,0.0128,-1
KHAPRETA_510206,312360.860,2624255.200,132.1900,0.0750,0.2300,0.0147,-1
KHAPRETA_510206,312361.860,2624255.200,132.3700,1.7643,0.0500,0.0032,-1
KHAPRETA_510206,312363.860,2624255.200,132.4000,1.2969,0.0200,0.0013,-1
KHAPRETA_510206,312366.860,2624255.200,132.3000,1.2069,0.1200,0.0077,-1
KHAPRETA_510206,312367.860,2624255.200,132.1900,0.0200,0.2300,0.0147,-1
KHAPRETA_510206,312368.860,2624255.200,132.2600,1.2069,0.1600,0.0102,-1
KHAPRETA_510206,312371.860,2624255.200,131.3800,0.8719,1.0400,0.0665,-1
KHAPRETA_510206,312372.860,2624255.200,131.5200,0.8019,0.9000,0.0575,-1
KHAPRETA_510206,312381.860,2624255.200,131.8500,1.4523,0.5700,0.0364,-1
KHAPRETA_510206,312382.860,2624255.200,131.8300,0.0200,0.5900,0.0377,-1
KHAPRETA_510206,312383.860,2624255.200,131.8100,1.0269,0.6100,0.0390,-1
KHAPRETA_510206,312393.860,2624255.200,131.9500,0.0000,0.4700,0.0300,-1
KHAPRETA_510206,312396.860,2624255.200,131.9500,0.0000,0.4700,0.0300,-1
KHAPRETA_510206,312406.860,2624255.200,132.1800,1.2319,0.2400,0.0153,-1
KHAPRETA_510206,312407.860,2624255.200,132.2400,1.2019,0.1800,0.0115,-1
KHAPRETA_510206,312411.860,2624255.200,132.2500,0.0000,0.1700,0.0109,-1
KHAPRETA_510206,312414.860,2624255.200,132.2700,0.0000,0.1500,0.0096,-1
KHAPRETA_510206,312417.860,2624255.200,132.3800,0.0000,0.0400,0.0026,-1
KHAPRETA_510206,312419.860,2624255.200,132.3400,1.7599,0.0800,0.0051,-1
KHAPRETA_510206,312420.860,2624255.200,132.2500,1.2819,0.1700,0.0109,-1
KHAPRETA_510206,311958.860,2624256.200,127.5300,0.0000,4.8900,0.3125,-1
KHAPRETA_510206,311961.860,2624256.200,127.7000,1.0031,4.7200,0.3016,-1
KHAPRETA_510206,311962.860,2624256.200,127.7700,1.3281,4.6500,0.2971,-1
KHAPRETA_510206,311963.860,2624256.200,127.7300,1.1405,4.6900,0.2997,-1
KHAPRETA_510206,311964.860,2624256.200,127.6200,1.0231,4.8000,0.3067,-1
KHAPRETA_510206,311966.860,2624256.200,127.4700,1.0231,4.9500,0.3163,-1
KHAPRETA_510206,311968.860,2624256.200,127.6600,0.0000,4.7600,0.3042,-1
KHAPRETA_510206,311970.860,2624256.200,127.3700,0.0700,5.0500,0.3227,-1
KHAPRETA_510206,311972.860,2624256.200,127.4400,0.0000,4.9800,0.3182,-1
KHAPRETA_510206,311977.860,2624256.200,127.5100,1.1981,4.9100,0.3137,-1
KHAPRETA_510206,311992.860,2624256.200,127.7100,1.0981,4.7100,0.3010,-1
KHAPRETA_510206,312012.860,2624256.200,126.3900,0.5281,6.0300,0.3853,-1
KHAPRETA_510206,312023.860,2624256.200,124.6000,2.5881,7.8200,0.4997,-1
KHAPRETA_510206,312031.860,2624256.200,123.9900,3.0781,8.4300,0.5387,-1
KHAPRETA_510206,312033.860,2624256.200,124.0400,2.8331,8.3800,0.5355,-1
KHAPRETA_510206,312034.860,2624256.200,124.1100,0.0400,8.3100,0.5310,-1
KHAPRETA_510206,312035.860,2624256.200,124.1200,2.8331,8.3000,0.5304,-1
KHAPRETA_510206,312038.860,2624256.200,123.9800,2.8481,8.4400,0.5393,-1
KHAPRETA_510206,312044.860,2624256.200,123.9500,2.9081,8.4700,0.5412,-1
KHAPRETA_510206,312045.860,2624256.200,123.9600,4.1552,8.4600,0.5406,-1
KHAPRETA_510206,312048.860,2624256.200,124.1500,3.9608,8.2700,0.5284,-1
KHAPRETA_510206,312049.860,2624256.200,124.1200,2.8131,8.3000,0.5304,-1
KHAPRETA_510206,312054.860,2624256.200,124.7400,2.6731,7.6800,0.4907,-1
KHAPRETA_510206,312056.860,2624256.200,125.0800,2.2881,7.3400,0.4690,-1
KHAPRETA_510206,312062.860,2624256.200,125.2600,2.3381,7.1600,0.4575,-1
KHAPRETA_510206,312091.860,2624256.200,127.3300,0.0000,5.0900,0.3252,-1
KHAPRETA_510206,312096.860,2624256.200,127.6800,1.0431,4.7400,0.3029,-1
KHAPRETA_510206,312098.860,2624256.200,127.7000,1.5105,4.7200,0.3016,-1
KHAPRETA_510206,312099.860,2624256.200,127.6600,1.0381,4.7600,0.3042,-1
KHAPRETA_510206,312108.860,2624256.200,127.6500,0.0000,4.7700,0.3048,-1
KHAPRETA_510206,312111.860,2624256.200,129.3100,0.2981,3.1100,0.1987,-1
KHAPRETA_510206,312115.860,2624256.200,128.9300,0.2981,3.4900,0.2230,-1
KHAPRETA_510206,312122.860,2624256.200,128.2100,0.0000,4.2100,0.2690,-1
KHAPRETA_510206,312129.860,2624256.200,128.4200,0.6781,4.0000,0.2556,-1
KHAPRETA_510206,312130.860,2624256.200,128.4200,0.6781,4.0000,0.2556,-1
KHAPRETA_510206,312132.860,2624256.200,128.7700,0.0000,3.6500,0.2332,-1
KHAPRETA_510206,312139.860,2624256.200,128.6700,0.5903,3.7500,0.2396,-1
KHAPRETA_510206,312140.860,2624256.200,128.8300,0.5531,3.5900,0.2294,-1
KHAPRETA_510206,312144.860,2624256.200,129.0300,0.0000,3.3900,0.2166,-1
KHAPRETA_510206,312154.860,2624256.200,128.9800,0.4081,3.4400,0.2198,-1
KHAPRETA_510206,312155.860,2624256.200,128.9600,0.4332,3.4600,0.2211,-1
KHAPRETA_510206,312156.860,2624256.200,129.0000,0.4081,3.4200,0.2185,-1
KHAPRETA_510206,312163.860,2624256.200,128.9900,0.0000,3.4300,0.2192,-1
KHAPRETA_510206,312167.860,2624256.200,129.0300,0.0000,3.3900,0.2166,-1
KHAPRETA_510206,312170.860,2624256.200,129.0800,0.0719,3.3400,0.2134,-1
KHAPRETA_510206,312171.860,2624256.200,129.9200,0.3114,2.5000,0.1597,-1
KHAPRETA_510206,312172.860,2624256.200,129.2600,0.4200,3.1600,0.2019,-1
KHAPRETA_510206,312173.860,2624256.200,129.0800,0.3411,3.3400,0.2134,-1
KHAPRETA_510206,312179.860,2624256.200,129.1600,0.0000,3.2600,0.2083,-1
KHAPRETA_510206,312183.860,2624256.200,129.1900,0.0000,3.2300,0.2064,-1
KHAPRETA_510206,312191.860,2624256.200,129.4200,0.1831,3.0000,0.1917,-1
KHAPRETA_510206,312193.860,2624256.200,129.3000,0.2531,3.1200,0.1994,-1
KHAPRETA_510206,312194.860,2624256.200,129.2700,0.1000,3.1500,0.2013,-1
KHAPRETA_510206,312195.860,2624256.200,129.5000,0.2772,2.9200,0.1866,-1
KHAPRETA_510206,312199.860,2624256.200,129.3600,0.2131,3.0600,0.1955,-1
KHAPRETA_510206,312202.860,2624256.200,129.4100,0.1781,3.0100,0.1923,-1
KHAPRETA_510206,312207.860,2624256.200,129.4100,0.0000,3.0100,0.1923,-1
KHAPRETA_510206,312210.860,2624256.200,129.4200,0.1781,3.0000,0.1917,-1
KHAPRETA_510206,312211.860,2624256.200,129.4200,0.1781,3.0000,0.1917,-1
KHAPRETA_510206,312216.860,2624256.200,130.2300,0.0000,2.1900,0.1399,-1
KHAPRETA_510206,312218.860,2624256.200,130.2400,0.0000,2.1800,0.1393,-1
KHAPRETA_510206,312220.860,2624256.200,130.2700,0.0000,2.1500,0.1374,-1
KHAPRETA_510206,312226.860,2624256.200,130.3700,0.0000,2.0500,0.1310,-1
KHAPRETA_510206,312230.860,2624256.200,130.4000,0.0000,2.0200,0.1291,-1
KHAPRETA_510206,312241.860,2624256.200,130.5600,0.0100,1.8600,0.1188,-1
KHAPRETA_510206,312247.860,2624256.200,130.3500,0.2719,2.0700,0.1323,-1
KHAPRETA_510206,312248.860,2624256.200,130.3200,0.0100,2.1000,0.1342,-1
KHAPRETA_510206,312249.860,2624256.200,130.3700,0.6150,2.0500,0.1310,-1
KHAPRETA_510206,312250.860,2624256.200,131.5500,0.3203,0.8700,0.0556,-1
KHAPRETA_510206,312253.860,2624256.200,130.5400,0.3169,1.8800,0.1201,-1
KHAPRETA_510206,312254.860,2624256.200,130.4100,0.2700,2.0100,0.1284,-1
KHAPRETA_510206,312255.860,2624256.200,131.0800,0.1300,1.3400,0.0856,-1
KHAPRETA_510206,312256.860,2624256.200,130.6700,0.6519,1.7500,0.1118,-1
KHAPRETA_510206,312258.860,2624256.200,130.6100,0.3819,1.8100,0.1157,-1
KHAPRETA_510206,312260.860,2624256.200,130.5400,0.0000,1.8800,0.1201,-1
KHAPRETA_510206,312264.860,2624256.200,130.5900,0.0000,1.8300,0.1169,-1
KHAPRETA_510206,312285.860,2624256.200,130.5900,0.4119,1.8300,0.1169,-1
KHAPRETA_510206,312286.860,2624256.200,130.6000,0.0550,1.8200,0.1163,-1
KHAPRETA_510206,312287.860,2624256.200,130.7000,0.4119,1.7200,0.1099,-1
KHAPRETA_510206,312289.860,2624256.200,131.1700,0.6569,1.2500,0.0799,-1
KHAPRETA_510206,312290.860,2624256.200,131.0900,0.0150,1.3300,0.0850,-1
KHAPRETA_510206,312291.860,2624256.200,131.1400,0.6569,1.2800,0.0818,-1
KHAPRETA_510206,312300.860,2624256.200,131.2700,0.0000,1.1500,0.0735,-1
KHAPRETA_510206,312302.860,2624256.200,131.4000,0.0000,1.0200,0.0652,-1
KHAPRETA_510206,312304.860,2624256.200,131.4000,1.1872,1.0200,0.0652,-1
KHAPRETA_510206,312305.860,2624256.200,131.4600,0.8119,0.9600,0.0613,-1
KHAPRETA_510206,312307.860,2624256.200,131.4800,1.2022,0.9400,0.0601,-1
KHAPRETA_510206,312308.860,2624256.200,131.5400,0.8520,0.8800,0.0562,-1
KHAPRETA_510206,312311.860,2624256.200,131.4900,1.1164,0.9300,0.0594,-1
KHAPRETA_510206,312312.860,2624256.200,131.3600,0.8569,1.0600,0.0677,-1
KHAPRETA_510206,312315.860,2624256.200,131.3700,0.7569,1.0500,0.0671,-1
KHAPRETA_510206,312324.860,2624256.200,131.1100,0.6719,1.3100,0.0837,-1
KHAPRETA_510206,312327.860,2624256.200,131.1400,0.6969,1.2800,0.0818,-1
KHAPRETA_510206,312329.860,2624256.200,131.3400,0.7769,1.0800,0.0690,-1
KHAPRETA_510206,312339.860,2624256.200,131.9900,1.5905,0.4300,0.0275,-1
KHAPRETA_510206,312340.860,2624256.200,132.0700,1.1070,0.3500,0.0224,-1
KHAPRETA_510206,312346.860,2624256.200,132.0800,0.0000,0.3400,0.0217,-1
KHAPRETA_510206,312350.860,2624256.200,132.2500,1.0619,0.1700,0.0109,-1
KHAPRETA_510206,312351.860,2624256.200,131.9000,1.2369,0.5200,0.0332,-1
KHAPRETA_510206,312355.860,2624256.200,132.1500,0.0000,0.2700,0.0173,-1
KHAPRETA_510206,312357.860,2624256.200,132.2700,0.0000,0.1500,0.0096,-1
KHAPRETA_510206,312361.860,2624256.200,132.3500,1.2969,0.0700,0.0045,-1
KHAPRETA_510206,312364.860,2624256.200,132.3300,0.0000,0.0900,0.0058,-1
KHAPRETA_510206,312387.860,2624256.200,131.9100,0.0000,0.5100,0.0326,-1
KHAPRETA_510206,312391.860,2624256.200,131.9300,0.0000,0.4900,0.0313,-1
KHAPRETA_510206,312403.860,2624256.200,132.1100,0.0000,0.3100,0.0198,-1
KHAPRETA_510206,312410.860,2624256.200,132.3100,1.2819,0.1100,0.0070,-1
KHAPRETA_510206,312415.860,2624256.200,132.3600,0.0000,0.0600,0.0038,-1
KHAPRETA_510206,312419.860,2624256.200,132.2800,1.2819,0.1400,0.0089,-1
KHAPRETA_510206,311952.860,2624257.200,127.7900,0.0000,4.6300,0.2958,-1
KHAPRETA_510206,311956.860,2624257.200,127.8300,1.4683,4.5900,0.2933,-1
KHAPRETA_510206,311957.860,2624257.200,127.7400,0.9731,4.6800,0.2990,-1
KHAPRETA_510206,311960.860,2624257.200,127.6500,0.0000,4.7700,0.3048,-1
KHAPRETA_510206,311962.860,2624257.200,127.1200,0.2750,5.3000,0.3387,-1
KHAPRETA_510206,311966.860,2624257.200,127.7300,1.1531,4.6900,0.2997,-1
KHAPRETA_510206,311969.860,2624257.200,127.6600,1.5782,4.7600,0.3042,-1
KHAPRETA_510206,311970.860,2624257.200,127.7100,1.0619,4.7100,0.3010,-1
KHAPRETA_510206,311974.860,2624257.200,127.5600,0.0000,4.8600,0.3105,-1
KHAPRETA_510206,311987.860,2624257.200,127.4000,1.1431,5.0200,0.3208,-1
KHAPRETA_510206,311988.860,2624257.200,127.4900,0.0300,4.9300,0.3150,-1
KHAPRETA_510206,311989.860,2624257.200,127.3400,0.0250,5.0800,0.3246,-1
KHAPRETA_510206,311990.860,2624257.200,127.5400,0.2309,4.8800,0.3118,-1
KHAPRETA_510206,311991.860,2624257.200,127.5600,0.0200,4.8600,0.3105,-1
KHAPRETA_510206,311992.860,2624257.200,127.5800,0.2610,4.8400,0.3093,-1
KHAPRETA_510206,311993.860,2624257.200,127.7100,1.0981,4.7100,0.3010,-1
KHAPRETA_510206,312008.860,2624257.200,126.1300,0.0000,6.2900,0.4019,-1
KHAPRETA_510206,312011.860,2624257.200,125.6500,0.0000,6.7700,0.4326,-1
KHAPRETA_510206,312019.860,2624257.200,124.4500,0.0000,7.9700,0.5093,-1
KHAPRETA_510206,312025.860,2624257.200,125.2800,0.0000,7.1400,0.4562,-1
KHAPRETA_510206,312027.860,2624257.200,125.8500,0.0000,6.5700,0.4198,-1
KHAPRETA_510206,312031.860,2624257.200,123.6200,3.3901,8.8000,0.5623,-1
KHAPRETA_510206,312032.860,2624257.200,123.9100,3.0781,8.5100,0.5438,-1
KHAPRETA_510206,312038.860,2624257.200,124.0800,2.8632,8.3400,0.5329,-1
KHAPRETA_510206,312039.860,2624257.200,124.0500,2.8481,8.3700,0.5348,-1
KHAPRETA_510206,312042.860,2624257.200,123.9800,0.0000,8.4400,0.5393,-1
KHAPRETA_510206,312045.860,2624257.200,123.8500,2.9081,8.5700,0.5476,-1
KHAPRETA_510206,312048.860,2624257.200,124.2300,2.8131,8.1900,0.5233,-1
KHAPRETA_510206,312052.860,2624257.200,124.9400,0.0000,7.4800,0.4780,-1
KHAPRETA_510206,312056.860,2624257.200,125.2000,2.3481,7.2200,0.4613,-1
KHAPRETA_510206,312059.860,2624257.200,125.6000,1.8031,6.8200,0.4358,-1
KHAPRETA_510206,312064.860,2624257.200,125.4600,0.0000,6.9600,0.4447,-1
KHAPRETA_510206,312069.860,2624257.200,125.6700,3.0080,6.7500,0.4313,-1
KHAPRETA_510206,312070.860,2624257.200,125.6800,2.0531,6.7400,0.4307,-1
KHAPRETA_510206,312073.860,2624257.200,125.6600,0.0000,6.7600,0.4319,-1
KHAPRETA_510206,312090.860,2624257.200,127.7700,0.0000,4.6500,0.2971,-1
KHAPRETA_510206,312094.860,2624257.200,127.8700,1.1181,4.5500,0.2907,-1
KHAPRETA_510206,312095.860,2624257.200,127.5400,0.9531,4.8800,0.3118,-1
KHAPRETA_510206,312098.860,2624257.200,127.6200,0.0400,4.8000,0.3067,-1
KHAPRETA_510206,312102.860,2624257.200,127.9700,0.0000,4.4500,0.2843,-1
KHAPRETA_510206,312105.860,2624257.200,128.4000,0.0000,4.0200,0.2569,-1
KHAPRETA_510206,312107.860,2624257.200,127.7300,0.0000,4.6900,0.2997,-1
KHAPRETA_510206,312115.860,2624257.200,129.1800,0.1400,3.2400,0.2070,-1
KHAPRETA_510206,312126.860,2624257.200,128.2200,0.6181,4.2000,0.2684,-1
KHAPRETA_510206,312133.860,2624257.200,129.3800,0.0000,3.0400,0.1942,-1
KHAPRETA_510206,312139.860,2624257.200,129.0700,0.0550,3.3500,0.2141,-1
KHAPRETA_510206,312142.860,2624257.200,128.5500,0.6031,3.8700,0.2473,-1
KHAPRETA_510206,312150.860,2624257.200,128.8900,0.4231,3.5300,0.2256,-1
KHAPRETA_510206,312155.860,2624257.200,128.9100,0.4081,3.5100,0.2243,-1
KHAPRETA_510206,312159.860,2624257.200,129.2500,0.0000,3.1700,0.2026,-1
KHAPRETA_510206,312169.860,2624257.200,129.0600,0.0000,3.3600,0.2147,-1
KHAPRETA_510206,312176.860,2624257.200,129.1200,0.0000,3.3000,0.2109,-1
KHAPRETA_510206,312178.860,2624257.200,129.1500,0.0000,3.2700,0.2089,-1
KHAPRETA_510206,312186.860,2624257.200,129.2900,0.0000,3.1300,0.2000,-1
KHAPRETA_510206,312188.860,2624257.200,129.3500,0.0000,3.0700,0.1962,-1
KHAPRETA_510206,312191.860,2624257.200,129.4100,0.1944,3.0100,0.1923,-1
KHAPRETA_510206,312192.860,2624257.200,129.6200,0.2924,2.8000,0.1789,-1
KHAPRETA_510206,312195.860,2624257.200,129.5500,0.1381,2.8700,0.1834,-1
KHAPRETA_510206,312202.860,2624257.200,129.4200,0.1831,3.0000,0.1917,-1
KHAPRETA_510206,312214.860,2624257.200,130.0800,0.0000,2.3400,0.1495,-1
KHAPRETA_510206,312217.860,2624257.200,130.1700,0.0000,2.2500,0.1438,-1
KHAPRETA_510206,312223.860,2624257.200,130.3500,0.0000,2.0700,0.1323,-1
KHAPRETA_510206,312229.860,2624257.200,130.3800,0.0000,2.0400,0.1304,-1
KHAPRETA_510206,312233.860,2624257.200,130.3500,0.0000,2.0700,0.1323,-1
KHAPRETA_510206,312241.860,2624257.200,130.5500,0.3919,1.8700,0.1195,-1
KHAPRETA_510206,312244.860,2624257.200,130.4100,0.0000,2.0100,0.1284,-1
KHAPRETA_510206,312250.860,2624257.200,130.3500,0.5300,2.0700,0.1323,-1
KHAPRETA_510206,312257.860,2624257.200,130.5500,0.0000,1.8700,0.1195,-1
KHAPRETA_510206,312269.860,2624257.200,130.6200,0.0000,1.8000,0.1150,-1
KHAPRETA_510206,312280.860,2624257.200,130.5600,0.0000,1.8600,0.1188,-1
KHAPRETA_510206,312293.860,2624257.200,131.1300,0.6969,1.2900,0.0824,-1
KHAPRETA_510206,312294.860,2624257.200,131.1700,0.6769,1.2500,0.0799,-1
KHAPRETA_510206,312298.860,2624257.200,131.0600,0.5669,1.3600,0.0869,-1
KHAPRETA_510206,312301.860,2624257.200,131.3400,0.0000,1.0800,0.0690,-1
KHAPRETA_510206,312303.860,2624257.200,131.3000,0.8369,1.1200,0.0716,-1
KHAPRETA_510206,312304.860,2624257.200,131.4500,1.1135,0.9700,0.0620,-1
KHAPRETA_510206,312308.860,2624257.200,131.4900,0.8819,0.9300,0.0594,-1
KHAPRETA_510206,312313.860,2624257.200,131.3700,0.7969,1.0500,0.0671,-1
KHAPRETA_510206,312322.860,2624257.200,131.3700,0.7869,1.0500,0.0671,-1
KHAPRETA_510206,312323.860,2624257.200,131.3500,0.8067,1.0700,0.0684,-1
KHAPRETA_510206,312324.860,2624257.200,131.1200,1.0315,1.3000,0.0831,-1
KHAPRETA_510206,312326.860,2624257.200,131.1200,0.6969,1.3000,0.0831,-1
KHAPRETA_510206,312327.860,2624257.200,131.1700,0.0206,1.2500,0.0799,-1
KHAPRETA_510206,312328.860,2624257.200,131.1300,0.0800,1.2900,0.0824,-1
KHAPRETA_510206,312329.860,2624257.200,131.3300,0.6817,1.0900,0.0696,-1
KHAPRETA_510206,312331.860,2624257.200,131.2900,1.0846,1.1300,0.0722,-1
KHAPRETA_510206,312332.860,2624257.200,131.3100,0.0200,1.1100,0.0709,-1
KHAPRETA_510206,312333.860,2624257.200,131.3300,0.7669,1.0900,0.0696,-1
KHAPRETA_510206,312339.860,2624257.200,131.9800,1.1170,0.4400,0.0281,-1
KHAPRETA_510206,312340.860,2624257.200,132.0100,1.5905,0.4100,0.0262,-1
KHAPRETA_510206,312342.860,2624257.200,132.1200,1.1669,0.3000,0.0192,-1
KHAPRETA_510206,312343.860,2624257.200,132.1100,1.6293,0.3100,0.0198,-1
KHAPRETA_510206,312356.860,2624257.200,132.3300,1.2319,0.0900,0.0058,-1
KHAPRETA_510206,312362.860,2624257.200,132.3800,0.0000,0.0400,0.0026,-1
KHAPRETA_510206,312365.860,2624257.200,132.2400,1.2969,0.1800,0.0115,-1
KHAPRETA_510206,312366.860,2624257.200,132.3700,1.2319,0.0500,0.0032,-1
KHAPRETA_510206,312368.860,2624257.200,132.1100,0.0000,0.3100,0.0198,-1
KHAPRETA_510206,312371.860,2624257.200,131.5600,0.0000,0.8600,0.0550,-1
KHAPRETA_510206,312390.860,2624257.200,132.0500,0.0000,0.3700,0.0236,-1
KHAPRETA_510206,312393.860,2624257.200,132.0000,1.0969,0.4200,0.0268,-1
KHAPRETA_510206,312394.860,2624257.200,131.9700,1.5796,0.4500,0.0288,-1
KHAPRETA_510206,312405.860,2624257.200,132.3200,0.0000,0.1000,0.0064,-1
KHAPRETA_510206,312408.860,2624257.200,132.3100,0.0000,0.1100,0.0070,-1
KHAPRETA_510206,312410.860,2624257.200,132.3400,1.2669,0.0800,0.0051,-1
KHAPRETA_510206,312499.860,2624257.200,132.3200,0.0000,0.1000,0.0064,-1
KHAPRETA_510206,311949.860,2624258.200,127.7200,1.3973,4.7000,0.3003,-1
KHAPRETA_510206,311950.860,2624258.200,127.7900,1.0281,4.6300,0.2958,-1
KHAPRETA_510206,311956.860,2624258.200,127.6600,0.9731,4.7600,0.3042,-1
KHAPRETA_510206,311958.860,2624258.200,127.6100,1.0581,4.8100,0.3073,-1
KHAPRETA_510206,311962.860,2624258.200,127.2200,1.3281,5.2000,0.3323,-1
KHAPRETA_510206,311968.860,2624258.200,127.5300,1.1931,4.8900,0.3125,-1
KHAPRETA_510206,311969.860,2624258.200,127.3900,1.0581,5.0300,0.3214,-1
KHAPRETA_510206,311970.860,2624258.200,127.5500,1.5782,4.8700,0.3112,-1
KHAPRETA_510206,311972.860,2624258.200,127.6300,1.1681,4.7900,0.3061,-1
KHAPRETA_510206,311975.860,2624258.200,127.5500,0.0000,4.8700,0.3112,-1
KHAPRETA_510206,311979.860,2624258.200,127.4800,0.9181,4.9400,0.3157,-1
KHAPRETA_510206,311983.860,2624258.200,127.3600,0.0000,5.0600,0.3233,-1
KHAPRETA_510206,311990.860,2624258.200,129.3700,0.8400,3.0500,0.1949,-1
KHAPRETA_510206,311992.860,2624258.200,128.2100,1.0981,4.2100,0.2690,-1
KHAPRETA_510206,311995.860,2624258.200,128.3100,0.0000,4.1100,0.2626,-1
KHAPRETA_510206,312018.860,2624258.200,124.3900,2.4881,8.0300,0.5131,-1
KHAPRETA_510206,312020.860,2624258.200,124.9200,3.4268,7.5000,0.4792,-1
KHAPRETA_510206,312021.860,2624258.200,124.9600,0.0300,7.4600,0.4767,-1
KHAPRETA_510206,312022.860,2624258.200,124.9800,3.3809,7.4400,0.4754,-1
KHAPRETA_510206,312024.860,2624258.200,125.1400,0.0000,7.2800,0.4652,-1
KHAPRETA_510206,312031.860,2624258.200,127.3900,2.0050,5.0300,0.3214,-1
KHAPRETA_510206,312033.860,2624258.200,124.0300,0.0000,8.3900,0.5361,-1
KHAPRETA_510206,312038.860,2624258.200,124.0400,2.8481,8.3800,0.5355,-1
KHAPRETA_510206,312043.860,2624258.200,124.0800,3.9500,8.3400,0.5329,-1
KHAPRETA_510206,312044.860,2624258.200,124.1700,2.8481,8.2500,0.5272,-1
KHAPRETA_510206,312053.860,2624258.200,125.1900,2.1131,7.2300,0.4620,-1
KHAPRETA_510206,312055.860,2624258.200,125.6100,2.1381,6.8100,0.4351,-1
KHAPRETA_510206,312058.860,2624258.200,125.6800,1.8031,6.7400,0.4307,-1
KHAPRETA_510206,312059.860,2624258.200,126.1700,2.9248,6.2500,0.3994,-1
KHAPRETA_510206,312063.860,2624258.200,125.6600,2.0581,6.7600,0.4319,-1
KHAPRETA_510206,312069.860,2624258.200,125.3700,2.0531,7.0500,0.4505,-1
KHAPRETA_510206,312071.860,2624258.200,125.9500,0.0000,6.4700,0.4134,-1
KHAPRETA_510206,312092.860,2624258.200,127.7900,1.0381,4.6300,0.2958,-1
KHAPRETA_510206,312093.860,2624258.200,127.7000,0.9931,4.7200,0.3016,-1
KHAPRETA_510206,312098.860,2624258.200,127.6200,1.0781,4.8000,0.3067,-1
KHAPRETA_510206,312100.860,2624258.200,127.6900,0.0000,4.7300,0.3022,-1
KHAPRETA_510206,312108.860,2624258.200,128.0200,0.0000,4.4000,0.2811,-1
KHAPRETA_510206,312111.860,2624258.200,128.7800,0.0000,3.6400,0.2326,-1
KHAPRETA_510206,312113.860,2624258.200,128.9700,0.2131,3.4500,0.2204,-1
KHAPRETA_510206,312115.860,2624258.200,129.2100,0.2981,3.2100,0.2051,-1
KHAPRETA_510206,312126.860,2624258.200,128.5400,0.7781,3.8800,0.2479,-1
KHAPRETA_510206,312130.860,2624258.200,128.5600,0.0000,3.8600,0.2466,-1
KHAPRETA_510206,312132.860,2624258.200,128.4900,0.0000,3.9300,0.2511,-1
KHAPRETA_510206,312137.860,2624258.200,128.4800,0.6281,3.9400,0.2518,-1
KHAPRETA_510206,312139.860,2624258.200,128.5600,0.3531,3.8600,0.2466,-1
KHAPRETA_510206,312142.860,2624258.200,128.5700,0.6131,3.8500,0.2460,-1
KHAPRETA_510206,312145.860,2624258.200,128.8900,0.0000,3.5300,0.2256,-1
KHAPRETA_510206,312147.860,2624258.200,128.8800,0.0000,3.5400,0.2262,-1
KHAPRETA_510206,312150.860,2624258.200,128.9300,0.3334,3.4900,0.2230,-1
KHAPRETA_510206,312151.860,2624258.200,129.1400,0.0150,3.2800,0.2096,-1
KHAPRETA_510206,312152.860,2624258.200,128.9600,0.3181,3.4600,0.2211,-1
KHAPRETA_510206,312157.860,2624258.200,129.0100,0.0000,3.4100,0.2179,-1
KHAPRETA_510206,312162.860,2624258.200,128.9900,0.3781,3.4300,0.2192,-1
KHAPRETA_510206,312163.860,2624258.200,129.0200,0.5152,3.4000,0.2173,-1
KHAPRETA_510206,312177.860,2624258.200,129.2300,0.0000,3.1900,0.2038,-1
KHAPRETA_510206,312181.860,2624258.200,129.2100,0.0219,3.2100,0.2051,-1
KHAPRETA_510206,312182.860,2624258.200,129.8200,0.2831,2.6000,0.1661,-1
KHAPRETA_510206,312192.860,2624258.200,129.3200,0.0050,3.1000,0.1981,-1
KHAPRETA_510206,312196.860,2624258.200,129.3400,0.0000,3.0800,0.1968,-1
KHAPRETA_510206,312200.860,2624258.200,129.3600,0.0000,3.0600,0.1955,-1
KHAPRETA_510206,312204.860,2624258.200,129.4100,0.0000,3.0100,0.1923,-1
KHAPRETA_510206,312208.860,2624258.200,129.3600,0.0000,3.0600,0.1955,-1
KHAPRETA_510206,312211.860,2624258.200,129.4200,0.0000,3.0000,0.1917,-1
KHAPRETA_510206,312213.860,2624258.200,129.8200,0.0000,2.6000,0.1661,-1
KHAPRETA_510206,312219.860,2624258.200,130.2000,0.0000,2.2200,0.1419,-1
KHAPRETA_510206,312222.860,2624258.200,130.3600,0.0000,2.0600,0.1316,-1
KHAPRETA_510206,312224.860,2624258.200,130.2400,0.2919,2.1800,0.1393,-1
KHAPRETA_510206,312231.860,2624258.200,130.4100,0.0000,2.0100,0.1284,-1
KHAPRETA_510206,312240.860,2624258.200,130.4800,0.3819,1.9400,0.1240,-1
KHAPRETA_510206,312248.860,2624258.200,130.4100,0.0000,2.0100,0.1284,-1
KHAPRETA_510206,312250.860,2624258.200,130.4900,0.2869,1.9300,0.1233,-1
KHAPRETA_510206,312255.860,2624258.200,130.5400,0.3719,1.8800,0.1201,-1
KHAPRETA_510206,312265.860,2624258.200,130.5900,0.4019,1.8300,0.1169,-1
KHAPRETA_510206,312272.860,2624258.200,130.6000,0.0000,1.8200,0.1163,-1
KHAPRETA_510206,312274.860,2624258.200,130.5900,0.0000,1.8300,0.1169,-1
KHAPRETA_510206,312289.860,2624258.200,131.1300,0.0000,1.2900,0.0824,-1
KHAPRETA_510206,312291.860,2624258.200,131.1900,0.0000,1.2300,0.0786,-1
KHAPRETA_510206,312297.860,2624258.200,131.0300,0.5669,1.3900,0.0888,-1
KHAPRETA_510206,312298.860,2624258.200,130.9100,0.6286,1.5100,0.0965,-1
KHAPRETA_510206,312309.860,2624258.200,131.4900,1.1942,0.9300,0.0594,-1
KHAPRETA_510206,312310.860,2624258.200,131.4600,0.0250,0.9600,0.0613,-1
KHAPRETA_510206,312311.860,2624258.200,131.4400,1.2085,0.9800,0.0626,-1
KHAPRETA_510206,312313.860,2624258.200,131.3700,0.7721,1.0500,0.0671,-1
KHAPRETA_510206,312314.860,2624258.200,131.3200,0.7969,1.1000,0.0703,-1
KHAPRETA_510206,312320.860,2624258.200,131.5100,0.0000,0.9100,0.0581,-1
KHAPRETA_510206,312323.860,2624258.200,131.3700,0.7869,1.0500,0.0671,-1
KHAPRETA_510206,312327.860,2624258.200,131.1800,0.6969,1.2400,0.0792,-1
KHAPRETA_510206,312329.860,2624258.200,131.1800,1.1094,1.2400,0.0792,-1
KHAPRETA_510206,312330.860,2624258.200,131.3600,0.0650,1.0600,0.0677,-1
KHAPRETA_510206,312331.860,2624258.200,131.3100,1.0955,1.1100,0.0709,-1
KHAPRETA_510206,312334.860,2624258.200,131.3300,0.0000,1.0900,0.0696,-1
KHAPRETA_510206,312336.860,2624258.200,131.3700,0.8169,1.0500,0.0671,-1
KHAPRETA_510206,312337.860,2624258.200,131.4100,0.9424,1.0100,0.0645,-1
KHAPRETA_510206,312338.860,2624258.200,132.0600,0.3050,0.3600,0.0230,-1
KHAPRETA_510206,312339.860,2624258.200,132.0200,1.1420,0.4000,0.0256,-1
KHAPRETA_510206,312341.860,2624258.200,132.0800,0.0000,0.3400,0.0217,-1
KHAPRETA_510206,312343.860,2624258.200,132.0400,1.1669,0.3800,0.0243,-1
KHAPRETA_510206,312346.860,2624258.200,132.0900,1.0669,0.3300,0.0211,-1
KHAPRETA_510206,312347.860,2624258.200,131.9100,0.0100,0.5100,0.0326,-1
KHAPRETA_510206,312348.860,2624258.200,132.1100,0.1300,0.3100,0.0198,-1
KHAPRETA_510206,312349.860,2624258.200,132.1700,1.1669,0.2500,0.0160,-1
KHAPRETA_510206,312356.860,2624258.200,132.2400,1.2769,0.1800,0.0115,-1
KHAPRETA_510206,312363.860,2624258.200,132.4100,0.0000,0.0100,0.0006,-1
KHAPRETA_510206,312376.860,2624258.200,131.9400,0.9969,0.4800,0.0307,-1
KHAPRETA_510206,312377.860,2624258.200,131.7700,1.0819,0.6500,0.0415,-1
KHAPRETA_510206,312381.860,2624258.200,131.8400,0.0000,0.5800,0.0371,-1
KHAPRETA_510206,312394.860,2624258.200,132.0200,1.0969,0.4000,0.0256,-1
KHAPRETA_510206,312399.860,2624258.200,132.1000,1.1319,0.3200,0.0204,-1
KHAPRETA_510206,312400.860,2624258.200,132.0400,1.1619,0.3800,0.0243,-1
KHAPRETA_510206,312404.860,2624258.200,132.1600,0.0000,0.2600,0.0166,-1
KHAPRETA_510206,312411.860,2624258.200,132.2900,0.0000,0.1300,0.0083,-1
KHAPRETA_510206,312418.860,2624258.200,132.3500,0.0000,0.0700,0.0045,-1
KHAPRETA_510206,311949.860,2624259.200,127.8100,1.0281,4.6100,0.2946,-1
KHAPRETA_510206,311955.860,2624259.200,127.7800,1.0431,4.6400,0.2965,-1
KHAPRETA_510206,311958.860,2624259.200,127.6600,1.5141,4.7600,0.3042,-1
KHAPRETA_510206,311959.860,2624259.200,127.6600,1.0581,4.7600,0.3042,-1
KHAPRETA_510206,311961.860,2624259.200,127.5800,1.1031,4.8400,0.3093,-1
KHAPRETA_510206,311964.860,2624259.200,127.6100,1.1131,4.8100,0.3073,-1
KHAPRETA_510206,311965.860,2624259.200,127.5500,1.5246,4.8700,0.3112,-1
KHAPRETA_510206,311972.860,2624259.200,127.4400,1.5211,4.9800,0.3182,-1
KHAPRETA_510206,311973.860,2624259.200,127.6200,1.1681,4.8000,0.3067,-1
KHAPRETA_510206,311979.860,2624259.200,127.9400,1.1481,4.4800,0.2863,-1
KHAPRETA_510206,311988.860,2624259.200,130.7400,0.1081,1.6800,0.1073,-1
KHAPRETA_510206,311989.860,2624259.200,129.5600,0.7600,2.8600,0.1827,-1
KHAPRETA_510206,311990.860,2624259.200,129.2200,0.2300,3.2000,0.2045,-1
KHAPRETA_510206,311993.860,2624259.200,128.8400,0.0000,3.5800,0.2288,-1
KHAPRETA_510206,311996.860,2624259.200,129.7800,1.7331,2.6400,0.1687,-1
KHAPRETA_510206,312007.860,2624259.200,131.1600,2.6281,1.2600,0.0805,-1
KHAPRETA_510206,312008.860,2624259.200,124.5200,0.6919,7.9000,0.5048,-1
KHAPRETA_510206,312016.860,2624259.200,124.5100,0.0000,7.9100,0.5054,-1
KHAPRETA_510206,312018.860,2624259.200,124.8000,2.6931,7.6200,0.4869,-1
KHAPRETA_510206,312020.860,2624259.200,124.9000,2.4281,7.5200,0.4805,-1
KHAPRETA_510206,312022.860,2624259.200,125.0300,2.3981,7.3900,0.4722,-1
KHAPRETA_510206,312028.860,2624259.200,127.4300,0.0000,4.9900,0.3188,-1
KHAPRETA_510206,312031.860,2624259.200,127.6300,3.1017,4.7900,0.3061,-1
KHAPRETA_510206,312032.860,2624259.200,124.0500,2.7556,8.3700,0.5348,-1
KHAPRETA_510206,312036.860,2624259.200,124.0200,0.0000,8.4000,0.5367,-1
KHAPRETA_510206,312043.860,2624259.200,124.2100,2.8481,8.2100,0.5246,-1
KHAPRETA_510206,312046.860,2624259.200,124.5500,2.5681,7.8700,0.5029,-1
KHAPRETA_510206,312051.860,2624259.200,125.1700,0.0000,7.2500,0.4633,-1
KHAPRETA_510206,312053.860,2624259.200,125.5500,3.1013,6.8700,0.4390,-1
KHAPRETA_510206,312054.860,2624259.200,125.6000,1.8982,6.8200,0.4358,-1
KHAPRETA_510206,312055.860,2624259.200,125.5000,2.9494,6.9200,0.4422,-1
KHAPRETA_510206,312057.860,2624259.200,125.8800,1.8131,6.5400,0.4179,-1
KHAPRETA_510206,312063.860,2624259.200,125.6600,2.0581,6.7600,0.4319,-1
KHAPRETA_510206,312072.860,2624259.200,126.0000,0.0000,6.4200,0.4102,-1
KHAPRETA_510206,312103.860,2624259.200,128.6800,0.7831,3.7400,0.2390,-1
KHAPRETA_510206,312106.860,2624259.200,128.9200,0.5831,3.5000,0.2236,-1
KHAPRETA_510206,312109.860,2624259.200,128.5800,0.6994,3.8400,0.2454,-1
KHAPRETA_510206,312110.860,2624259.200,128.6700,0.6660,3.7500,0.2396,-1
KHAPRETA_510206,312113.860,2624259.200,129.3500,0.4031,3.0700,0.1962,-1
KHAPRETA_510206,312116.860,2624259.200,128.8700,0.3031,3.5500,0.2268,-1
KHAPRETA_510206,312117.860,2624259.200,129.1700,0.1350,3.2500,0.2077,-1
KHAPRETA_510206,312118.860,2624259.200,129.1400,0.3031,3.2800,0.2096,-1
KHAPRETA_510206,312121.860,2624259.200,128.2100,0.7381,4.2100,0.2690,-1
KHAPRETA_510206,312122.860,2624259.200,128.3000,0.7831,4.1200,0.2633,-1
KHAPRETA_510206,312125.860,2624259.200,128.4300,0.0000,3.9900,0.2550,-1
KHAPRETA_510206,312131.860,2624259.200,128.4400,0.0000,3.9800,0.2543,-1
KHAPRETA_510206,312133.860,2624259.200,128.6200,0.6481,3.8000,0.2428,-1
KHAPRETA_510206,312137.860,2624259.200,128.5200,0.6481,3.9000,0.2492,-1
KHAPRETA_510206,312140.860,2624259.200,128.7100,0.0000,3.7100,0.2371,-1
KHAPRETA_510206,312150.860,2624259.200,129.0900,0.4231,3.3300,0.2128,-1
KHAPRETA_510206,312156.860,2624259.200,128.9500,0.0000,3.4700,0.2217,-1
KHAPRETA_510206,312161.860,2624259.200,128.9500,0.0000,3.4700,0.2217,-1
KHAPRETA_510206,312163.860,2624259.200,129.1100,0.3781,3.3100,0.2115,-1
KHAPRETA_510206,312168.860,2624259.200,129.0400,0.0000,3.3800,0.2160,-1
KHAPRETA_510206,312173.860,2624259.200,129.1200,0.4441,3.3000,0.2109,-1
KHAPRETA_510206,312174.860,2624259.200,129.1000,0.3281,3.3200,0.2121,-1
KHAPRETA_510206,312176.860,2624259.200,129.2100,0.0000,3.2100,0.2051,-1
KHAPRETA_510206,312179.860,2624259.200,129.1300,0.3081,3.2900,0.2102,-1
KHAPRETA_510206,312185.860,2624259.200,129.1900,0.2531,3.2300,0.2064,-1
KHAPRETA_510206,312186.860,2624259.200,129.2700,0.3482,3.1500,0.2013,-1
KHAPRETA_510206,312192.860,2624259.200,129.6100,0.2312,2.8100,0.1796,-1
KHAPRETA_510206,312193.860,2624259.200,129.7000,0.2711,2.7200,0.1738,-1
KHAPRETA_510206,312203.860,2624259.200,129.3200,0.0000,3.1000,0.1981,-1
KHAPRETA_510206,312206.860,2624259.200,129.3400,0.0000,3.0800,0.1968,-1
KHAPRETA_510206,312212.860,2624259.200,129.7900,0.0000,2.6300,0.1681,-1
KHAPRETA_510206,312221.860,2624259.200,130.3000,0.0000,2.1200,0.1355,-1
KHAPRETA_510206,312224.860,2624259.200,130.3600,0.2319,2.0600,0.1316,-1
KHAPRETA_510206,312233.860,2624259.200,130.3100,0.0000,2.1100,0.1348,-1
KHAPRETA_510206,312237.860,2624259.200,130.4900,0.0000,1.9300,0.1233,-1
KHAPRETA_510206,312239.860,2624259.200,130.4900,0.3819,1.9300,0.1233,-1
KHAPRETA_510206,312240.860,2624259.200,130.5400,0.5013,1.8800,0.1201,-1
KHAPRETA_510206,312244.860,2624259.200,130.4100,0.0000,2.0100,0.1284,-1
KHAPRETA_510206,312255.860,2624259.200,130.5200,0.5437,1.9000,0.1214,-1
KHAPRETA_510206,312256.860,2624259.200,130.5500,0.3719,1.8700,0.1195,-1
KHAPRETA_510206,312260.860,2624259.200,130.5700,0.0000,1.8500,0.1182,-1
KHAPRETA_510206,312262.860,2624259.200,131.2700,0.4119,1.1500,0.0735,-1
KHAPRETA_510206,312263.860,2624259.200,130.6000,0.3600,1.8200,0.1163,-1
KHAPRETA_510206,312264.860,2624259.200,130.5500,0.0100,1.8700,0.1195,-1
KHAPRETA_510206,312265.860,2624259.200,130.5800,0.4084,1.8400,0.1176,-1
KHAPRETA_510206,312266.860,2624259.200,130.6200,0.0100,1.8000,0.1150,-1
KHAPRETA_510206,312267.860,2624259.200,130.6000,0.4219,1.8200,0.1163,-1
KHAPRETA_510206,312269.860,2624259.200,130.6400,0.0000,1.7800,0.1137,-1
KHAPRETA_510206,312271.860,2624259.200,130.5800,0.0000,1.8400,0.1176,-1
KHAPRETA_510206,312276.860,2624259.200,130.6000,0.3969,1.8200,0.1163,-1
KHAPRETA_510206,312277.860,2624259.200,130.5700,0.4119,1.8500,0.1182,-1
KHAPRETA_510206,312280.860,2624259.200,130.5700,0.0000,1.8500,0.1182,-1
KHAPRETA_510206,312295.860,2624259.200,131.1200,0.7319,1.3000,0.0831,-1
KHAPRETA_510206,312296.860,2624259.200,131.2400,0.6719,1.1800,0.0754,-1
KHAPRETA_510206,312298.860,2624259.200,130.9700,0.8269,1.4500,0.0927,-1
KHAPRETA_510206,312299.860,2624259.200,130.9800,0.8585,1.4400,0.0920,-1
KHAPRETA_510206,312301.860,2624259.200,131.3400,0.0000,1.0800,0.0690,-1
KHAPRETA_510206,312303.860,2624259.200,131.4000,0.8219,1.0200,0.0652,-1
KHAPRETA_510206,312305.860,2624259.200,131.4200,0.8219,1.0000,0.0639,-1
KHAPRETA_510206,312306.860,2624259.200,131.4200,0.8219,1.0000,0.0639,-1
KHAPRETA_510206,312309.860,2624259.200,131.4700,0.8569,0.9500,0.0607,-1
KHAPRETA_510206,312311.860,2624259.200,131.5100,0.8319,0.9100,0.0581,-1
KHAPRETA_510206,312313.860,2624259.200,131.3400,0.7969,1.0800,0.0690,-1
KHAPRETA_510206,312315.860,2624259.200,131.3900,0.0000,1.0300,0.0658,-1
KHAPRETA_510206,312318.860,2624259.200,131.4200,0.8269,1.0000,0.0639,-1
KHAPRETA_510206,312319.860,2624259.200,131.4300,0.8219,0.9900,0.0633,-1
KHAPRETA_510206,312322.860,2624259.200,131.3400,0.0000,1.0800,0.0690,-1
KHAPRETA_510206,312324.860,2624259.200,131.3400,0.8069,1.0800,0.0690,-1
KHAPRETA_510206,312335.860,2624259.200,131.3700,0.0000,1.0500,0.0671,-1
KHAPRETA_510206,312337.860,2624259.200,131.5300,0.8169,0.8900,0.0569,-1
KHAPRETA_510206,312339.860,2624259.200,131.9600,1.1219,0.4600,0.0294,-1
KHAPRETA_510206,312344.860,2624259.200,131.9200,0.0000,0.5000,0.0319,-1
KHAPRETA_510206,312354.860,2624259.200,132.1400,1.2919,0.2800,0.0179,-1
KHAPRETA_510206,312358.860,2624259.200,132.3700,0.0000,0.0500,0.0032,-1
KHAPRETA_510206,312367.860,2624259.200,132.2000,1.2919,0.2200,0.0141,-1
KHAPRETA_510206,312368.860,2624259.200,132.3600,1.2119,0.0600,0.0038,-1
KHAPRETA_510206,312382.860,2624259.200,131.9300,0.0000,0.4900,0.0313,-1
KHAPRETA_510206,312384.860,2624259.200,131.8700,0.0000,0.5500,0.0351,-1
KHAPRETA_510206,312388.860,2624259.200,131.9000,1.0869,0.5200,0.0332,-1
KHAPRETA_510206,312395.860,2624259.200,132.0400,1.1719,0.3800,0.0243,-1
KHAPRETA_510206,312396.860,2624259.200,132.1200,1.1319,0.3000,0.0192,-1
KHAPRETA_510206,312401.860,2624259.200,132.1000,0.0000,0.3200,0.0204,-1
KHAPRETA_510206,312403.860,2624259.200,132.1600,0.0000,0.2600,0.0166,-1
KHAPRETA_510206,312405.860,2624259.200,132.2200,0.0000,0.2000,0.0128,-1
KHAPRETA_510206,312407.860,2624259.200,132.2500,0.0000,0.1700,0.0109,-1
KHAPRETA_510206,312409.860,2624259.200,132.2700,0.0000,0.1500,0.0096,-1
KHAPRETA_510206,311947.860,2624260.200,127.9100,0.0000,4.5100,0.2882,-1
KHAPRETA_510206,311955.860,2624260.200,127.6900,0.0400,4.7300,0.3022,-1
KHAPRETA_510206,311960.860,2624260.200,127.6800,1.5494,4.7400,0.3029,-1
KHAPRETA_510206,311961.860,2624260.200,127.5700,1.0981,4.8500,0.3099,-1
KHAPRETA_510206,311962.860,2624260.200,127.6600,0.0100,4.7600,0.3042,-1
KHAPRETA_510206,311963.860,2624260.200,127.5900,1.0581,4.8300,0.3086,-1
KHAPRETA_510206,311965.860,2624260.200,127.6300,0.2100,4.7900,0.3061,-1
KHAPRETA_510206,311968.860,2624260.200,127.5800,1.1331,4.8400,0.3093,-1
KHAPRETA_510206,311970.860,2624260.200,127.6500,0.0000,4.7700,0.3048,-1
KHAPRETA_510206,311981.860,2624260.200,129.6300,0.4769,2.7900,0.1783,-1
KHAPRETA_510206,311984.860,2624260.200,127.8500,0.3181,4.5700,0.2920,-1
KHAPRETA_510206,311991.860,2624260.200,129.3700,0.1531,3.0500,0.1949,-1
KHAPRETA_510206,311992.860,2624260.200,129.4700,0.7607,2.9500,0.1885,-1
KHAPRETA_510206,311996.860,2624260.200,126.3100,1.7150,6.1100,0.3904,-1
KHAPRETA_510206,311998.860,2624260.200,126.5900,2.0731,5.8300,0.3725,-1
KHAPRETA_510206,312000.860,2624260.200,128.2500,0.0000,4.1700,0.2665,-1
KHAPRETA_510206,312009.860,2624260.200,124.5000,2.6931,7.9200,0.5061,-1
KHAPRETA_510206,312010.860,2624260.200,124.3900,2.6381,8.0300,0.5131,-1
KHAPRETA_510206,312017.860,2624260.200,124.8100,0.0000,7.6100,0.4863,-1
KHAPRETA_510206,312021.860,2624260.200,125.1300,0.0000,7.2900,0.4658,-1
KHAPRETA_510206,312023.860,2624260.200,125.2000,0.0000,7.2200,0.4613,-1
KHAPRETA_510206,312026.860,2624260.200,125.5800,0.0000,6.8400,0.4371,-1
KHAPRETA_510206,312032.860,2624260.200,124.7000,2.8631,7.7200,0.4933,-1
KHAPRETA_510206,312037.860,2624260.200,124.0800,0.0000,8.3400,0.5329,-1
KHAPRETA_510206,312040.860,2624260.200,124.2100,0.0000,8.2100,0.5246,-1
KHAPRETA_510206,312046.860,2624260.200,124.6400,2.6131,7.7800,0.4971,-1
KHAPRETA_510206,312054.860,2624260.200,125.9800,0.2650,6.4400,0.4115,-1
KHAPRETA_510206,312057.860,2624260.200,126.1500,2.6207,6.2700,0.4006,-1
KHAPRETA_510206,312058.860,2624260.200,126.2700,1.8131,6.1500,0.3930,-1
KHAPRETA_510206,312069.860,2624260.200,125.4500,2.9288,6.9700,0.4454,-1
KHAPRETA_510206,312070.860,2624260.200,125.7200,0.1100,6.7000,0.4281,-1
KHAPRETA_510206,312071.860,2624260.200,125.6700,2.0281,6.7500,0.4313,-1
KHAPRETA_510206,312086.860,2624260.200,131.5500,0.0000,0.8700,0.0556,-1
KHAPRETA_510206,312096.860,2624260.200,128.1100,1.3773,4.3100,0.2754,-1
KHAPRETA_510206,312097.860,2624260.200,127.9100,0.8331,4.5100,0.2882,-1
KHAPRETA_510206,312099.860,2624260.200,127.7100,1.5246,4.7100,0.3010,-1
KHAPRETA_510206,312100.860,2624260.200,127.6100,1.0331,4.8100,0.3073,-1
KHAPRETA_510206,312102.860,2624260.200,127.8900,0.7831,4.5300,0.2895,-1
KHAPRETA_510206,312103.860,2624260.200,128.2100,0.4925,4.2100,0.2690,-1
KHAPRETA_510206,312104.860,2624260.200,128.6300,0.7831,3.7900,0.2422,-1
KHAPRETA_510206,312106.860,2624260.200,128.6100,0.4281,3.8100,0.2435,-1
KHAPRETA_510206,312108.860,2624260.200,129.1500,0.6567,3.2700,0.2089,-1
KHAPRETA_510206,312109.860,2624260.200,128.9200,0.5984,3.5000,0.2236,-1
KHAPRETA_510206,312110.860,2624260.200,129.1900,0.6994,3.2300,0.2064,-1
KHAPRETA_510206,312114.860,2624260.200,129.1200,0.3281,3.3000,0.2109,-1
KHAPRETA_510206,312119.860,2624260.200,129.2000,0.3481,3.2200,0.2058,-1
KHAPRETA_510206,312123.860,2624260.200,128.3300,1.0368,4.0900,0.2613,-1
KHAPRETA_510206,312124.860,2624260.200,128.3300,0.7231,4.0900,0.2613,-1
KHAPRETA_510206,312126.860,2624260.200,128.3600,0.6981,4.0600,0.2594,-1
KHAPRETA_510206,312127.860,2624260.200,128.3800,0.7081,4.0400,0.2581,-1
KHAPRETA_510206,312133.860,2624260.200,128.4800,0.5781,3.9400,0.2518,-1
KHAPRETA_510206,312146.860,2624260.200,129.1200,0.0000,3.3000,0.2109,-1
KHAPRETA_510206,312149.860,2624260.200,129.1200,0.0000,3.3000,0.2109,-1
KHAPRETA_510206,312153.860,2624260.200,128.8900,0.0000,3.5300,0.2256,-1
KHAPRETA_510206,312169.860,2624260.200,129.0400,0.0000,3.3800,0.2160,-1
KHAPRETA_510206,312173.860,2624260.200,129.2000,0.0250,3.2200,0.2058,-1
KHAPRETA_510206,312177.860,2624260.200,129.1600,0.0000,3.2600,0.2083,-1
KHAPRETA_510206,312179.860,2624260.200,129.1600,0.3231,3.2600,0.2083,-1
KHAPRETA_510206,312184.860,2624260.200,129.1800,0.0000,3.2400,0.2070,-1
KHAPRETA_510206,312186.860,2624260.200,129.4000,0.2531,3.0200,0.1930,-1
KHAPRETA_510206,312193.860,2624260.200,129.2600,0.0381,3.1600,0.2019,-1
KHAPRETA_510206,312199.860,2624260.200,129.3500,0.0000,3.0700,0.1962,-1
KHAPRETA_510206,312210.860,2624260.200,129.9300,0.0000,2.4900,0.1591,-1
KHAPRETA_510206,312213.860,2624260.200,129.8500,0.0000,2.5700,0.1642,-1
KHAPRETA_510206,312216.860,2624260.200,129.8500,0.0000,2.5700,0.1642,-1
KHAPRETA_510206,312219.860,2624260.200,130.2500,0.2619,2.1700,0.1387,-1
KHAPRETA_510206,312220.860,2624260.200,130.3000,0.2369,2.1200,0.1355,-1
KHAPRETA_510206,312228.860,2624260.200,130.3600,0.0000,2.0600,0.1316,-1
KHAPRETA_510206,312231.860,2624260.200,130.4100,0.0000,2.0100,0.1284,-1
KHAPRETA_510206,312235.860,2624260.200,130.4400,0.0000,1.9800,0.1265,-1
KHAPRETA_510206,312242.860,2624260.200,130.6400,0.0000,1.7800,0.1137,-1
KHAPRETA_510206,312250.860,2624260.200,130.2000,0.2469,2.2200,0.1419,-1
KHAPRETA_510206,312254.860,2624260.200,130.5300,0.0000,1.8900,0.1208,-1
KHAPRETA_510206,312258.860,2624260.200,130.5600,0.0000,1.8600,0.1188,-1
KHAPRETA_510206,312272.860,2624260.200,130.6100,0.0000,1.8100,0.1157,-1
KHAPRETA_510206,312284.860,2624260.200,130.6200,0.0000,1.8000,0.1150,-1
KHAPRETA_510206,312299.860,2624260.200,131.0100,0.6019,1.4100,0.0901,-1
KHAPRETA_510206,312303.860,2624260.200,131.4200,0.8119,1.0000,0.0639,-1
KHAPRETA_510206,312308.860,2624260.200,131.5300,0.8719,0.8900,0.0569,-1
KHAPRETA_510206,312314.860,2624260.200,131.4000,0.0000,1.0200,0.0652,-1
KHAPRETA_510206,312320.860,2624260.200,131.3800,0.0000,1.0400,0.0665,-1
KHAPRETA_510206,312323.860,2624260.200,131.4600,0.8069,0.9600,0.0613,-1
KHAPRETA_510206,312324.860,2624260.200,131.3900,1.1490,1.0300,0.0658,-1
KHAPRETA_510206,312327.860,2624260.200,131.1700,0.0000,1.2500,0.0799,-1
KHAPRETA_510206,312336.860,2624260.200,131.3100,0.0000,1.1100,0.0709,-1
KHAPRETA_510206,312338.860,2624260.200,131.4000,0.0000,1.0200,0.0652,-1
KHAPRETA_510206,312343.860,2624260.200,132.1500,0.0000,0.2700,0.0173,-1
KHAPRETA_510206,312348.860,2624260.200,132.0500,1.0969,0.3700,0.0236,-1
KHAPRETA_510206,312349.860,2624260.200,131.9700,1.1369,0.4500,0.0288,-1
KHAPRETA_510206,312354.860,2624260.200,132.3600,1.1819,0.0600,0.0038,-1
KHAPRETA_510206,312385.860,2624260.200,131.9800,0.0000,0.4400,0.0281,-1
KHAPRETA_510206,312388.860,2624260.200,131.9500,1.0619,0.4700,0.0300,-1
KHAPRETA_510206,312390.860,2624260.200,131.9700,0.0000,0.4500,0.0288,-1
KHAPRETA_510206,312398.860,2624260.200,132.1100,1.1619,0.3100,0.0198,-1
KHAPRETA_510206,312399.860,2624260.200,132.1000,0.0000,0.3200,0.0204,-1
KHAPRETA_510206,312400.860,2624260.200,132.1100,1.1619,0.3100,0.0198,-1
KHAPRETA_510206,312411.860,2624260.200,132.3700,0.0000,0.0500,0.0032,-1
KHAPRETA_510206,311953.860,2624261.200,127.6900,0.0000,4.7300,0.3022,-1
KHAPRETA_510206,311955.860,2624261.200,127.7000,1.0431,4.7200,0.3016,-1
KHAPRETA_510206,311959.860,2624261.200,127.4800,1.5317,4.9400,0.3157,-1
KHAPRETA_510206,311960.860,2624261.200,127.6000,1.5545,4.8200,0.3080,-1
KHAPRETA_510206,311965.860,2624261.200,127.1300,0.0050,5.2900,0.3380,-1
KHAPRETA_510206,311967.860,2624261.200,127.1100,1.1331,5.3100,0.3393,-1
KHAPRETA_510206,311968.860,2624261.200,127.5100,0.2013,4.9100,0.3137,-1
KHAPRETA_510206,311969.860,2624261.200,127.5000,1.5848,4.9200,0.3144,-1
KHAPRETA_510206,311973.860,2624261.200,127.2200,0.0000,5.2000,0.3323,-1
KHAPRETA_510206,311981.860,2624261.200,130.7300,1.3200,1.6900,0.1080,-1
KHAPRETA_510206,311984.860,2624261.200,129.1400,0.9631,3.2800,0.2096,-1
KHAPRETA_510206,311987.860,2624261.200,130.7900,0.5590,1.6300,0.1042,-1
KHAPRETA_510206,311988.860,2624261.200,130.8600,0.5069,1.5600,0.0997,-1
KHAPRETA_510206,311990.860,2624261.200,130.1400,0.0000,2.2800,0.1457,-1
KHAPRETA_510206,311992.860,2624261.200,128.3100,1.2276,4.1100,0.2626,-1
KHAPRETA_510206,311993.860,2624261.200,127.3400,1.6320,5.0800,0.3246,-1
KHAPRETA_510206,311996.860,2624261.200,126.3500,1.7331,6.0700,0.3879,-1
KHAPRETA_510206,311998.860,2624261.200,125.6300,2.2850,6.7900,0.4339,-1
KHAPRETA_510206,311999.860,2624261.200,126.5000,2.0731,5.9200,0.3783,-1
KHAPRETA_510206,312007.860,2624261.200,124.4000,1.2119,8.0200,0.5125,-1
KHAPRETA_510206,312019.860,2624261.200,125.0600,0.0000,7.3600,0.4703,-1
KHAPRETA_510206,312022.860,2624261.200,125.2200,0.0000,7.2000,0.4601,-1
KHAPRETA_510206,312029.860,2624261.200,127.8600,0.0000,4.5600,0.2914,-1
KHAPRETA_510206,312044.860,2624261.200,124.4600,2.6531,7.9600,0.5086,-1
KHAPRETA_510206,312045.860,2624261.200,124.4700,2.6581,7.9500,0.5080,-1
KHAPRETA_510206,312048.860,2624261.200,125.2100,0.0000,7.2100,0.4607,-1
KHAPRETA_510206,312054.860,2624261.200,126.1300,1.8981,6.2900,0.4019,-1
KHAPRETA_510206,312060.860,2624261.200,125.9700,0.0000,6.4500,0.4121,-1
KHAPRETA_510206,312063.860,2624261.200,125.8800,1.9581,6.5400,0.4179,-1
KHAPRETA_510206,312069.860,2624261.200,125.5500,2.1631,6.8700,0.4390,-1
KHAPRETA_510206,312073.860,2624261.200,126.6000,0.0000,5.8200,0.3719,-1
KHAPRETA_510206,312085.860,2624261.200,127.5100,0.0000,4.9100,0.3137,-1
KHAPRETA_510206,312087.860,2624261.200,127.4400,0.0000,4.9800,0.3182,-1
KHAPRETA_510206,312090.860,2624261.200,127.4300,1.1731,4.9900,0.3188,-1
KHAPRETA_510206,312095.860,2624261.200,127.6200,1.0131,4.8000,0.3067,-1
KHAPRETA_510206,312096.860,2624261.200,127.7500,1.0865,4.6700,0.2984,-1
KHAPRETA_510206,312099.860,2624261.200,127.6300,0.0900,4.7900,0.3061,-1
KHAPRETA_510206,312101.860,2624261.200,127.6600,0.0000,4.7600,0.3042,-1
KHAPRETA_510206,312103.860,2624261.200,128.0300,0.1150,4.3900,0.2805,-1
KHAPRETA_510206,312105.860,2624261.200,129.0600,0.0000,3.3600,0.2147,-1
KHAPRETA_510206,312107.860,2624261.200,128.6900,0.7008,3.7300,0.2383,-1
KHAPRETA_510206,312108.860,2624261.200,128.7800,0.6268,3.6400,0.2326,-1
KHAPRETA_510206,312114.860,2624261.200,129.1200,0.0900,3.3000,0.2109,-1
KHAPRETA_510206,312119.860,2624261.200,129.0800,0.2881,3.3400,0.2134,-1
KHAPRETA_510206,312123.860,2624261.200,128.2900,0.7231,4.1300,0.2639,-1
KHAPRETA_510206,312132.860,2624261.200,128.5500,0.0000,3.8700,0.2473,-1
KHAPRETA_510206,312134.860,2624261.200,128.7200,0.0000,3.7000,0.2364,-1
KHAPRETA_510206,312136.860,2624261.200,128.4800,0.0000,3.9400,0.2518,-1
KHAPRETA_510206,312144.860,2624261.200,129.0300,0.4531,3.3900,0.2166,-1
KHAPRETA_510206,312145.860,2624261.200,128.8700,0.3731,3.5500,0.2268,-1
KHAPRETA_510206,312152.860,2624261.200,129.3700,0.0000,3.0500,0.1949,-1
KHAPRETA_510206,312155.860,2624261.200,129.0500,0.0000,3.3700,0.2153,-1
KHAPRETA_510206,312157.860,2624261.200,128.9200,0.0000,3.5000,0.2236,-1
KHAPRETA_510206,312159.860,2624261.200,128.9600,0.3781,3.4600,0.2211,-1
KHAPRETA_510206,312161.860,2624261.200,129.0100,0.0000,3.4100,0.2179,-1
KHAPRETA_510206,312166.860,2624261.200,128.9700,0.0000,3.4500,0.2204,-1
KHAPRETA_510206,312170.860,2624261.200,129.0300,0.3531,3.3900,0.2166,-1
KHAPRETA_510206,312171.860,2624261.200,129.0700,0.0050,3.3500,0.2141,-1
KHAPRETA_510206,312172.860,2624261.200,129.0400,0.0500,3.3800,0.2160,-1
KHAPRETA_510206,312173.860,2624261.200,129.1700,0.4674,3.2500,0.2077,-1
KHAPRETA_510206,312180.860,2624261.200,129.1600,0.0000,3.2600,0.2083,-1
KHAPRETA_510206,312195.860,2624261.200,129.3400,0.0000,3.0800,0.1968,-1
KHAPRETA_510206,312202.860,2624261.200,129.3200,0.2031,3.1000,0.1981,-1
KHAPRETA_510206,312205.860,2624261.200,129.3700,0.1931,3.0500,0.1949,-1
KHAPRETA_510206,312206.860,2624261.200,129.3900,0.2031,3.0300,0.1936,-1
KHAPRETA_510206,312208.860,2624261.200,129.8600,0.0669,2.5600,0.1636,-1
KHAPRETA_510206,312209.860,2624261.200,129.9100,0.0419,2.5100,0.1604,-1
KHAPRETA_510206,312215.860,2624261.200,129.8500,0.0000,2.5700,0.1642,-1
KHAPRETA_510206,312217.860,2624261.200,130.0200,0.0000,2.4000,0.1534,-1
KHAPRETA_510206,312237.860,2624261.200,130.5500,0.0000,1.8700,0.1195,-1
KHAPRETA_510206,312239.860,2624261.200,130.4600,0.5579,1.9600,0.1252,-1
KHAPRETA_510206,312240.860,2624261.200,130.5500,0.3419,1.8700,0.1195,-1
KHAPRETA_510206,312250.860,2624261.200,130.2700,0.2119,2.1500,0.1374,-1
KHAPRETA_510206,312257.860,2624261.200,130.6100,0.3969,1.8100,0.1157,-1
KHAPRETA_510206,312262.860,2624261.200,130.5900,0.0000,1.8300,0.1169,-1
KHAPRETA_510206,312265.860,2624261.200,130.6000,0.4119,1.8200,0.1163,-1
KHAPRETA_510206,312269.860,2624261.200,130.6500,0.4119,1.7700,0.1131,-1
KHAPRETA_510206,312270.860,2624261.200,130.6000,0.4369,1.8200,0.1163,-1
KHAPRETA_510206,312273.860,2624261.200,130.6200,0.0000,1.8000,0.1150,-1
KHAPRETA_510206,312279.860,2624261.200,130.6100,0.4269,1.8100,0.1157,-1
KHAPRETA_510206,312291.860,2624261.200,131.1500,0.0000,1.2700,0.0812,-1
KHAPRETA_510206,312294.860,2624261.200,131.0600,0.0000,1.3600,0.0869,-1
KHAPRETA_510206,312302.860,2624261.200,131.4000,0.0000,1.0200,0.0652,-1
KHAPRETA_510206,312304.860,2624261.200,131.4200,0.8369,1.0000,0.0639,-1
KHAPRETA_510206,312306.860,2624261.200,131.4800,0.0000,0.9400,0.0601,-1
KHAPRETA_510206,312308.860,2624261.200,131.5200,0.8769,0.9000,0.0575,-1
KHAPRETA_510206,312313.860,2624261.200,131.4600,0.0000,0.9600,0.0613,-1
KHAPRETA_510206,312322.860,2624261.200,131.4600,0.0000,0.9600,0.0613,-1
KHAPRETA_510206,312334.860,2624261.200,131.3800,0.0000,1.0400,0.0665,-1
KHAPRETA_510206,312339.860,2624261.200,131.6400,0.0000,0.7800,0.0498,-1
KHAPRETA_510206,312344.860,2624261.200,132.1100,0.0000,0.3100,0.0198,-1
KHAPRETA_510206,312346.860,2624261.200,132.1800,0.0000,0.2400,0.0153,-1
KHAPRETA_510206,312358.860,2624261.200,132.4100,0.0000,0.0100,0.0006,-1
KHAPRETA_510206,312365.860,2624261.200,132.4200,0.0000,0.0000,0.0000,-1
KHAPRETA_510206,312368.860,2624261.200,132.3800,1.1119,0.0400,0.0026,-1
KHAPRETA_510206,312379.860,2624261.200,131.9200,0.0000,0.5000,0.0319,-1
KHAPRETA_510206,312387.860,2624261.200,131.9700,0.0000,0.4500,0.0288,-1
KHAPRETA_510206,312391.860,2624261.200,132.0500,0.0000,0.3700,0.0236,-1
KHAPRETA_510206,312397.860,2624261.200,132.1000,1.1719,0.3200,0.0204,-1
KHAPRETA_510206,312402.860,2624261.200,132.1600,0.0000,0.2600,0.0166,-1
KHAPRETA_510206,312413.860,2624261.200,132.3600,0.0000,0.0600,0.0038,-1
KHAPRETA_510206,311956.860,2624262.200,127.8100,0.9581,4.6100,0.2946,-1
KHAPRETA_510206,311959.860,2624262.200,127.6200,1.1481,4.8000,0.3067,-1
KHAPRETA_510206,311962.860,2624262.200,127.6600,0.0000,4.7600,0.3042,-1
KHAPRETA_510206,311965.860,2624262.200,127.6200,1.1745,4.8000,0.3067,-1
KHAPRETA_510206,311966.860,2624262.200,127.4900,1.6080,4.9300,0.3150,-1
KHAPRETA_510206,311968.860,2624262.200,127.4800,1.1083,4.9400,0.3157,-1
KHAPRETA_510206,311969.860,2624262.200,127.5600,0.1404,4.8600,0.3105,-1
KHAPRETA_510206,311970.860,2624262.200,127.2000,1.6991,5.2200,0.3335,-1
KHAPRETA_510206,311972.860,2624262.200,127.5800,0.0000,4.8400,0.3093,-1
KHAPRETA_510206,311980.860,2624262.200,132.1400,1.2469,0.2800,0.0179,-1
KHAPRETA_510206,311981.860,2624262.200,132.2700,1.1060,0.1500,0.0096,-1
KHAPRETA_510206,311982.860,2624262.200,130.3800,2.1811,2.0400,0.1304,-1
KHAPRETA_510206,311983.860,2624262.200,128.0800,0.3019,4.3400,0.2773,-1
KHAPRETA_510206,311987.860,2624262.200,130.0500,0.5069,2.3700,0.1514,-1
KHAPRETA_510206,311989.860,2624262.200,130.4100,0.0000,2.0100,0.1284,-1
KHAPRETA_510206,311993.860,2624262.200,126.8600,1.9150,5.5600,0.3553,-1
KHAPRETA_510206,311994.860,2624262.200,126.0900,1.4581,6.3300,0.4045,-1
KHAPRETA_510206,312007.860,2624262.200,132.2000,2.8095,0.2200,0.0141,-1
KHAPRETA_510206,312008.860,2624262.200,131.4100,2.8714,1.0100,0.0645,-1
KHAPRETA_510206,312010.860,2624262.200,124.7000,3.6495,7.7200,0.4933,-1
KHAPRETA_510206,312011.860,2624262.200,124.6000,2.5381,7.8200,0.4997,-1
KHAPRETA_510206,312016.860,2624262.200,124.8500,0.0000,7.5700,0.4837,-1
KHAPRETA_510206,312024.860,2624262.200,125.4300,0.0000,6.9900,0.4466,-1
KHAPRETA_510206,312026.860,2624262.200,125.5000,0.0000,6.9200,0.4422,-1
KHAPRETA_510206,312033.860,2624262.200,125.0400,0.0000,7.3800,0.4716,-1
KHAPRETA_510206,312049.860,2624262.200,125.5300,0.0000,6.8900,0.4403,-1
KHAPRETA_510206,312056.860,2624262.200,126.0900,1.8181,6.3300,0.4045,-1
KHAPRETA_510206,312063.860,2624262.200,125.8600,1.9481,6.5600,0.4192,-1
KHAPRETA_510206,312066.860,2624262.200,125.6500,0.0000,6.7700,0.4326,-1
KHAPRETA_510206,312071.860,2624262.200,125.7300,1.9331,6.6900,0.4275,-1
KHAPRETA_510206,312074.860,2624262.200,127.9200,0.6431,4.5000,0.2875,-1
KHAPRETA_510206,312083.860,2624262.200,132.4200,0.0000,0.0000,0.0000,-1
KHAPRETA_510206,312090.860,2624262.200,127.4300,1.6414,4.9900,0.3188,-1
KHAPRETA_510206,312091.860,2624262.200,127.4800,1.5598,4.9400,0.3157,-1
KHAPRETA_510206,312096.860,2624262.200,127.8400,1.4757,4.5800,0.2927,-1
KHAPRETA_510206,312097.860,2624262.200,127.6300,0.1150,4.7900,0.3061,-1
KHAPRETA_510206,312098.860,2624262.200,127.6100,1.0992,4.8100,0.3073,-1
KHAPRETA_510206,312099.860,2624262.200,127.5300,1.0833,4.8900,0.3125,-1
KHAPRETA_510206,312103.860,2624262.200,127.9800,1.0255,4.4400,0.2837,-1
KHAPRETA_510206,312104.860,2624262.200,128.7000,0.8981,3.7200,0.2377,-1
KHAPRETA_510206,312107.860,2624262.200,128.7900,0.5431,3.6300,0.2319,-1
KHAPRETA_510206,312110.860,2624262.200,129.2800,0.2331,3.1400,0.2006,-1
KHAPRETA_510206,312111.860,2624262.200,129.3100,0.5880,3.1100,0.1987,-1
KHAPRETA_510206,312113.860,2624262.200,128.5800,0.4181,3.8400,0.2454,-1
KHAPRETA_510206,312114.860,2624262.200,128.9400,0.6821,3.4800,0.2224,-1
KHAPRETA_510206,312116.860,2624262.200,128.6200,0.0000,3.8000,0.2428,-1
KHAPRETA_510206,312118.860,2624262.200,128.7200,0.5831,3.7000,0.2364,-1
KHAPRETA_510206,312125.860,2624262.200,128.3200,1.0191,4.1000,0.2620,-1
KHAPRETA_510206,312126.860,2624262.200,128.3500,0.0400,4.0700,0.2601,-1
KHAPRETA_510206,312127.860,2624262.200,128.4000,0.7131,4.0200,0.2569,-1
KHAPRETA_510206,312135.860,2624262.200,128.4700,0.0000,3.9500,0.2524,-1
KHAPRETA_510206,312142.860,2624262.200,128.9600,0.0000,3.4600,0.2211,-1
KHAPRETA_510206,312147.860,2624262.200,128.8800,0.0000,3.5400,0.2262,-1
KHAPRETA_510206,312150.860,2624262.200,128.9000,0.4581,3.5200,0.2249,-1
KHAPRETA_510206,312153.860,2624262.200,129.2500,0.0000,3.1700,0.2026,-1
KHAPRETA_510206,312156.860,2624262.200,128.9200,0.0000,3.5000,0.2236,-1
KHAPRETA_510206,312159.860,2624262.200,129.0200,0.4081,3.4000,0.2173,-1
KHAPRETA_510206,312165.860,2624262.200,129.0000,0.0000,3.4200,0.2185,-1
KHAPRETA_510206,312181.860,2624262.200,129.1600,0.0000,3.2600,0.2083,-1
KHAPRETA_510206,312183.860,2624262.200,129.1200,0.2781,3.3000,0.2109,-1
KHAPRETA_510206,312186.860,2624262.200,129.1600,0.0000,3.2600,0.2083,-1
KHAPRETA_510206,312188.860,2624262.200,129.2000,0.2581,3.2200,0.2058,-1
KHAPRETA_510206,312190.860,2624262.200,129.3200,0.2131,3.1000,0.1981,-1
KHAPRETA_510206,312191.860,2624262.200,129.3500,0.0050,3.0700,0.1962,-1
KHAPRETA_510206,312192.860,2624262.200,129.3100,0.2159,3.1100,0.1987,-1
KHAPRETA_510206,312193.860,2624262.200,129.2800,0.0150,3.1400,0.2006,-1
KHAPRETA_510206,312194.860,2624262.200,129.3400,0.2481,3.0800,0.1968,-1
KHAPRETA_510206,312196.860,2624262.200,129.3200,0.1331,3.1000,0.1981,-1
KHAPRETA_510206,312197.860,2624262.200,129.5100,0.2281,2.9100,0.1859,-1
KHAPRETA_510206,312199.860,2624262.200,129.3100,0.2181,3.1100,0.1987,-1
KHAPRETA_510206,312201.860,2624262.200,129.2900,0.2031,3.1300,0.2000,-1
KHAPRETA_510206,312202.860,2624262.200,129.3700,0.3333,3.0500,0.1949,-1
KHAPRETA_510206,312213.860,2624262.200,129.8500,0.0000,2.5700,0.1642,-1
KHAPRETA_510206,312218.860,2624262.200,129.5700,0.0000,2.8500,0.1821,-1
KHAPRETA_510206,312232.860,2624262.200,130.4900,0.0000,1.9300,0.1233,-1
KHAPRETA_510206,312234.860,2624262.200,130.5000,0.3369,1.9200,0.1227,-1
KHAPRETA_510206,312239.860,2624262.200,130.5800,0.0650,1.8400,0.1176,-1
KHAPRETA_510206,312251.860,2624262.200,131.4800,0.0000,0.9400,0.0601,-1
KHAPRETA_510206,312257.860,2624262.200,130.5700,0.4169,1.8500,0.1182,-1
KHAPRETA_510206,312261.860,2624262.200,130.5700,0.0000,1.8500,0.1182,-1
KHAPRETA_510206,312264.860,2624262.200,130.6700,0.4119,1.7500,0.1118,-1
KHAPRETA_510206,312265.860,2624262.200,130.6000,0.6078,1.8200,0.1163,-1
KHAPRETA_510206,312268.860,2624262.200,130.6700,0.0000,1.7500,0.1118,-1
KHAPRETA_510206,312275.860,2624262.200,130.6200,0.0000,1.8000,0.1150,-1
KHAPRETA_510206,312279.860,2624262.200,130.6300,0.4169,1.7900,0.1144,-1
KHAPRETA_510206,312283.860,2624262.200,130.6100,0.4019,1.8100,0.1157,-1
KHAPRETA_510206,312284.860,2624262.200,130.5800,0.4169,1.8400,0.1176,-1
KHAPRETA_510206,312293.860,2624262.200,131.1400,0.0000,1.2800,0.0818,-1
KHAPRETA_510206,312295.860,2624262.200,131.1800,0.0000,1.2400,0.0792,-1
KHAPRETA_510206,312298.860,2624262.200,131.1500,0.0000,1.2700,0.0812,-1
KHAPRETA_510206,312300.860,2624262.200,131.1300,0.0000,1.2900,0.0824,-1
KHAPRETA_510206,312304.860,2624262.200,131.4500,1.0874,0.9700,0.0620,-1
KHAPRETA_510206,312305.860,2624262.200,131.2000,0.8369,1.2200,0.0780,-1
KHAPRETA_510206,312309.860,2624262.200,131.4700,0.8169,0.9500,0.0607,-1
KHAPRETA_510206,312310.860,2624262.200,131.4100,0.8670,1.0100,0.0645,-1
KHAPRETA_510206,312311.860,2624262.200,131.4900,0.8169,0.9300,0.0594,-1
KHAPRETA_510206,312318.860,2624262.200,131.4300,0.0000,0.9900,0.0633,-1
KHAPRETA_510206,312323.860,2624262.200,131.3700,0.8119,1.0500,0.0671,-1
KHAPRETA_510206,312324.860,2624262.200,131.4000,0.7969,1.0200,0.0652,-1
KHAPRETA_510206,312332.860,2624262.200,131.3700,0.7469,1.0500,0.0671,-1
KHAPRETA_510206,312351.860,2624262.200,132.1700,0.0000,0.2500,0.0160,-1
KHAPRETA_510206,312353.860,2624262.200,132.2800,0.0000,0.1400,0.0089,-1
KHAPRETA_510206,312361.860,2624262.200,132.3800,1.3019,0.0400,0.0026,-1
KHAPRETA_510206,312362.860,2624262.200,132.3800,1.3019,0.0400,0.0026,-1
KHAPRETA_510206,312368.860,2624262.200,132.0000,1.3019,0.4200,0.0268,-1
KHAPRETA_510206,312377.860,2624262.200,132.1600,0.0000,0.2600,0.0166,-1
KHAPRETA_510206,312385.860,2624262.200,131.9900,0.0000,0.4300,0.0275,-1
KHAPRETA_510206,312394.860,2624262.200,132.1600,0.0000,0.2600,0.0166,-1
KHAPRETA_510206,312397.860,2624262.200,132.1200,0.0050,0.3000,0.0192,-1
KHAPRETA_510206,312401.860,2624262.200,132.1700,1.2269,0.2500,0.0160,-1
KHAPRETA_510206,312403.860,2624262.200,132.2000,0.0000,0.2200,0.0141,-1
KHAPRETA_510206,312407.860,2624262.200,132.3600,0.0000,0.0600,0.0038,-1
KHAPRETA_510206,312499.860,2624262.200,132.4200,1.7214,0.0000,0.0000,-1
KHAPRETA_510206,312500.860,2624262.200,132.1600,1.3219,0.2600,0.0166,-1
KHAPRETA_510206,312503.860,2624262.200,132.2400,0.0000,0.1800,0.0115,-1
KHAPRETA_510206,311941.860,2624263.200,127.7500,0.0000,4.6700,0.2984,-1
KHAPRETA_510206,311946.860,2624263.200,127.8300,0.0000,4.5900,0.2933,-1
KHAPRETA_510206,311949.860,2624263.200,127.8100,0.0000,4.6100,0.2946,-1
KHAPRETA_510206,311956.860,2624263.200,127.8600,0.9831,4.5600,0.2914,-1
KHAPRETA_510206,311958.860,2624263.200,127.7400,0.0000,4.6800,0.2990,-1
KHAPRETA_510206,311960.860,2624263.200,127.2200,0.0000,5.2000,0.3323,-1
KHAPRETA_510206,311963.860,2624263.200,127.6900,1.1031,4.7300,0.3022,-1
KHAPRETA_510206,311965.860,2624263.200,127.6700,1.6080,4.7500,0.3035,-1
KHAPRETA_510206,311966.860,2624263.200,127.3900,0.2372,5.0300,0.3214,-1
KHAPRETA_510206,311967.860,2624263.200,127.4000,0.0850,5.0200,0.3208,-1
KHAPRETA_510206,311968.860,2624263.200,127.5600,1.1496,4.8600,0.3105,-1
KHAPRETA_510206,311969.860,2624263.200,127.5200,0.1868,4.9000,0.3131,-1
KHAPRETA_510206,311970.860,2624263.200,127.2000,1.1334,5.2200,0.3335,-1
KHAPRETA_510206,311973.860,2624263.200,127.3900,1.1181,5.0300,0.3214,-1
KHAPRETA_510206,311981.860,2624263.200,132.0700,0.6838,0.3500,0.0224,-1
KHAPRETA_510206,311982.860,2624263.200,130.9900,1.1860,1.4300,0.0914,-1
KHAPRETA_510206,311984.860,2624263.200,126.6600,1.5481,5.7600,0.3681,-1
KHAPRETA_510206,311992.860,2624263.200,126.4000,1.7381,6.0200,0.3847,-1
KHAPRETA_510206,311993.860,2624263.200,126.3000,1.6905,6.1200,0.3911,-1
KHAPRETA_510206,311995.860,2624263.200,125.7500,2.0531,6.6700,0.4262,-1
KHAPRETA_510206,311996.860,2624263.200,125.6700,0.1800,6.7500,0.4313,-1
KHAPRETA_510206,311997.860,2624263.200,125.3900,2.0531,7.0300,0.4492,-1
KHAPRETA_510206,312008.860,2624263.200,124.5700,0.8169,7.8500,0.5016,-1
KHAPRETA_510206,312010.860,2624263.200,124.6300,2.5381,7.7900,0.4978,-1
KHAPRETA_510206,312013.860,2624263.200,124.8400,0.0000,7.5800,0.4843,-1
KHAPRETA_510206,312022.860,2624263.200,125.5300,2.1281,6.8900,0.4403,-1
KHAPRETA_510206,312032.860,2624263.200,127.7000,0.0000,4.7200,0.3016,-1
KHAPRETA_510206,312034.860,2624263.200,124.1500,0.0000,8.2700,0.5284,-1
KHAPRETA_510206,312036.860,2624263.200,124.1200,0.0000,8.3000,0.5304,-1
KHAPRETA_510206,312039.860,2624263.200,124.3400,0.0000,8.0800,0.5163,-1
KHAPRETA_510206,312042.860,2624263.200,124.4500,2.6631,7.9700,0.5093,-1
KHAPRETA_510206,312043.860,2624263.200,124.4500,2.5392,7.9700,0.5093,-1
KHAPRETA_510206,312044.860,2624263.200,124.6000,3.4340,7.8200,0.4997,-1
KHAPRETA_510206,312051.860,2624263.200,126.2200,1.7881,6.2000,0.3962,-1
KHAPRETA_510206,312052.860,2624263.200,126.2000,2.5252,6.2200,0.3974,-1
KHAPRETA_510206,312054.860,2624263.200,126.1400,1.8181,6.2800,0.4013,-1
KHAPRETA_510206,312055.860,2624263.200,126.1400,0.0000,6.2800,0.4013,-1
KHAPRETA_510206,312056.860,2624263.200,126.1400,2.5889,6.2800,0.4013,-1
KHAPRETA_510206,312061.860,2624263.200,125.9800,0.0000,6.4400,0.4115,-1
KHAPRETA_510206,312068.860,2624263.200,125.6100,1.9981,6.8100,0.4351,-1
KHAPRETA_510206,312071.860,2624263.200,125.9100,2.0231,6.5100,0.4160,-1
KHAPRETA_510206,312074.860,2624263.200,128.4900,0.9281,3.9300,0.2511,-1
KHAPRETA_510206,312082.860,2624263.200,131.2700,0.0000,1.1500,0.0735,-1
KHAPRETA_510206,312086.860,2624263.200,127.5900,0.0000,4.8300,0.3086,-1
KHAPRETA_510206,312091.860,2624263.200,127.7200,0.9820,4.7000,0.3003,-1
KHAPRETA_510206,312092.860,2624263.200,127.8400,1.0281,4.5800,0.2927,-1
KHAPRETA_510206,312095.860,2624263.200,127.6100,0.0000,4.8100,0.3073,-1
KHAPRETA_510206,312098.860,2624263.200,127.5800,1.0983,4.8400,0.3093,-1
KHAPRETA_510206,312099.860,2624263.200,127.5800,1.1232,4.8400,0.3093,-1
KHAPRETA_510206,312100.860,2624263.200,127.6200,1.0981,4.8000,0.3067,-1
KHAPRETA_510206,312106.860,2624263.200,128.8500,0.3981,3.5700,0.2281,-1
KHAPRETA_510206,312111.860,2624263.200,128.7100,0.7333,3.7100,0.2371,-1
KHAPRETA_510206,312112.860,2624263.200,128.5100,0.5331,3.9100,0.2498,-1
KHAPRETA_510206,312117.860,2624263.200,129.0200,0.5831,3.4000,0.2173,-1
KHAPRETA_510206,312118.860,2624263.200,128.6100,0.1733,3.8100,0.2435,-1
KHAPRETA_510206,312119.860,2624263.200,128.7800,0.5831,3.6400,0.2326,-1
KHAPRETA_510206,312121.860,2624263.200,129.0000,0.6181,3.4200,0.2185,-1
KHAPRETA_510206,312122.860,2624263.200,128.5400,0.3881,3.8800,0.2479,-1
KHAPRETA_510206,312125.860,2624263.200,128.3200,0.7281,4.1000,0.2620,-1
KHAPRETA_510206,312134.860,2624263.200,128.4600,0.0000,3.9600,0.2530,-1
KHAPRETA_510206,312139.860,2624263.200,128.9300,0.4481,3.4900,0.2230,-1
KHAPRETA_510206,312140.860,2624263.200,128.8800,0.0550,3.5400,0.2262,-1
KHAPRETA_510206,312141.860,2624263.200,128.8200,0.4481,3.6000,0.2300,-1
KHAPRETA_510206,312143.860,2624263.200,128.9600,0.0000,3.4600,0.2211,-1
KHAPRETA_510206,312150.860,2624263.200,128.8600,0.4381,3.5600,0.2275,-1
KHAPRETA_510206,312152.860,2624263.200,129.1300,0.0000,3.2900,0.2102,-1
KHAPRETA_510206,312170.860,2624263.200,129.0200,0.3581,3.4000,0.2173,-1
KHAPRETA_510206,312177.860,2624263.200,129.1800,0.0000,3.2400,0.2070,-1
KHAPRETA_510206,312183.860,2624263.200,129.2200,0.3281,3.2000,0.2045,-1
KHAPRETA_510206,312188.860,2624263.200,129.2600,0.2881,3.1600,0.2019,-1
KHAPRETA_510206,312192.860,2624263.200,129.3500,0.2331,3.0700,0.1962,-1
KHAPRETA_510206,312199.860,2624263.200,129.3400,0.2331,3.0800,0.1968,-1
KHAPRETA_510206,312205.860,2624263.200,129.8600,0.0119,2.5600,0.1636,-1
KHAPRETA_510206,312207.860,2624263.200,129.8000,0.0000,2.6200,0.1674,-1
KHAPRETA_510206,312214.860,2624263.200,129.8300,0.0000,2.5900,0.1655,-1
KHAPRETA_510206,312220.860,2624263.200,130.3600,0.3889,2.0600,0.1316,-1
KHAPRETA_510206,312221.860,2624263.200,130.2900,0.3956,2.1300,0.1361,-1
KHAPRETA_510206,312225.860,2624263.200,130.3700,0.0000,2.0500,0.1310,-1
KHAPRETA_510206,312229.860,2624263.200,130.4200,0.0000,2.0000,0.1278,-1
KHAPRETA_510206,312233.860,2624263.200,130.5200,0.5283,1.9000,0.1214,-1
KHAPRETA_510206,312234.860,2624263.200,130.4500,0.3720,1.9700,0.1259,-1
KHAPRETA_510206,312239.860,2624263.200,130.5900,0.4019,1.8300,0.1169,-1
KHAPRETA_510206,312241.860,2624263.200,130.5500,0.0000,1.8700,0.1195,-1
KHAPRETA_510206,312243.860,2624263.200,130.4500,0.4447,1.9700,0.1259,-1
KHAPRETA_510206,312244.860,2624263.200,130.4000,0.0750,2.0200,0.1291,-1
KHAPRETA_510206,312245.860,2624263.200,130.3000,0.3119,2.1200,0.1355,-1
KHAPRETA_510206,312259.860,2624263.200,130.5900,0.0000,1.8300,0.1169,-1
KHAPRETA_510206,312262.860,2624263.200,130.5700,0.4219,1.8500,0.1182,-1
KHAPRETA_510206,312266.860,2624263.200,130.6100,0.4369,1.8100,0.1157,-1
KHAPRETA_510206,312267.860,2624263.200,130.6500,0.5932,1.7700,0.1131,-1
KHAPRETA_510206,312273.860,2624263.200,130.6300,0.0000,1.7900,0.1144,-1
KHAPRETA_510206,312276.860,2624263.200,130.6100,0.0000,1.8100,0.1157,-1
KHAPRETA_510206,312278.860,2624263.200,130.6400,0.0000,1.7800,0.1137,-1
KHAPRETA_510206,312286.860,2624263.200,130.6300,0.0000,1.7900,0.1144,-1
KHAPRETA_510206,312288.860,2624263.200,130.6600,0.4269,1.7600,0.1125,-1
KHAPRETA_510206,312294.860,2624263.200,131.0700,0.0000,1.3500,0.0863,-1
KHAPRETA_510206,312299.860,2624263.200,131.1500,0.0000,1.2700,0.0812,-1
KHAPRETA_510206,312308.860,2624263.200,131.5000,0.0000,0.9200,0.0588,-1
KHAPRETA_510206,312310.860,2624263.200,131.5100,0.0500,0.9100,0.0581,-1
KHAPRETA_510206,312313.860,2624263.200,131.5100,0.8919,0.9100,0.0581,-1
KHAPRETA_510206,312315.860,2624263.200,131.3800,0.8219,1.0400,0.0665,-1
KHAPRETA_510206,312319.860,2624263.200,131.3900,0.8669,1.0300,0.0658,-1
KHAPRETA_510206,312320.860,2624263.200,131.5100,1.1554,0.9100,0.0581,-1
KHAPRETA_510206,312325.860,2624263.200,131.3700,0.0000,1.0500,0.0671,-1
KHAPRETA_510206,312332.860,2624263.200,131.2700,0.7969,1.1500,0.0735,-1
KHAPRETA_510206,312335.860,2624263.200,131.4800,0.0000,0.9400,0.0601,-1
KHAPRETA_510206,312342.860,2624263.200,131.9700,0.0000,0.4500,0.0288,-1
KHAPRETA_510206,312346.860,2624263.200,132.1700,0.0000,0.2500,0.0160,-1
KHAPRETA_510206,312348.860,2624263.200,132.0500,0.0000,0.3700,0.0236,-1
KHAPRETA_510206,312364.860,2624263.200,132.3200,0.0000,0.1000,0.0064,-1
KHAPRETA_510206,312381.860,2624263.200,131.9200,1.0719,0.5000,0.0319,-1
KHAPRETA_510206,312382.860,2624263.200,131.9200,1.0719,0.5000,0.0319,-1
KHAPRETA_510206,312384.860,2624263.200,131.9800,0.0000,0.4400,0.0281,-1
KHAPRETA_510206,312386.860,2624263.200,131.9700,0.0000,0.4500,0.0288,-1
KHAPRETA_510206,312395.860,2624263.200,132.2200,0.0000,0.2000,0.0128,-1
KHAPRETA_510206,312397.860,2624263.200,132.1100,1.1719,0.3100,0.0198,-1
KHAPRETA_510206,312400.860,2624263.200,132.1800,1.2269,0.2400,0.0153,-1
KHAPRETA_510206,312401.860,2624263.200,132.2300,1.1971,0.1900,0.0121,-1
KHAPRETA_510206,312402.860,2624263.200,132.2200,1.7637,0.2000,0.0128,-1
KHAPRETA_510206,312499.860,2624263.200,132.2600,1.3219,0.1600,0.0102,-1
KHAPRETA_510206,312504.860,2624263.200,131.6800,0.0000,0.7400,0.0473,-1
KHAPRETA_510206,311943.860,2624264.200,127.8800,0.0000,4.5400,0.2901,-1
KHAPRETA_510206,311947.860,2624264.200,127.8000,1.3092,4.6200,0.2952,-1
KHAPRETA_510206,311948.860,2624264.200,127.8900,1.4223,4.5300,0.2895,-1
KHAPRETA_510206,311952.860,2624264.200,127.7400,0.0000,4.6800,0.2990,-1
KHAPRETA_510206,311961.860,2624264.200,127.6100,0.0000,4.8100,0.3073,-1
KHAPRETA_510206,311963.860,2624264.200,127.5700,1.0431,4.8500,0.3099,-1
KHAPRETA_510206,311966.860,2624264.200,127.1000,0.0250,5.3200,0.3399,-1
KHAPRETA_510206,311969.860,2624264.200,127.6600,1.1801,4.7600,0.3042,-1
KHAPRETA_510206,311970.860,2624264.200,127.4200,1.6669,5.0000,0.3195,-1
KHAPRETA_510206,311973.860,2624264.200,127.5400,0.0550,4.8800,0.3118,-1
KHAPRETA_510206,311979.860,2624264.200,131.5100,0.0000,0.9100,0.0581,-1
KHAPRETA_510206,311981.860,2624264.200,131.6400,1.1469,0.7800,0.0498,-1
KHAPRETA_510206,311984.860,2624264.200,126.6800,1.6620,5.7400,0.3668,-1
KHAPRETA_510206,311985.860,2624264.200,126.5600,2.2357,5.8600,0.3744,-1
KHAPRETA_510206,311993.860,2624264.200,126.6800,1.7381,5.7400,0.3668,-1
KHAPRETA_510206,311998.860,2624264.200,125.3600,2.3081,7.0600,0.4511,-1
KHAPRETA_510206,311999.860,2624264.200,125.1600,0.1850,7.2600,0.4639,-1
KHAPRETA_510206,312000.860,2624264.200,124.9900,2.3081,7.4300,0.4748,-1
KHAPRETA_510206,312003.860,2624264.200,125.1000,2.4231,7.3200,0.4677,-1
KHAPRETA_510206,312006.860,2624264.200,124.6900,2.5331,7.7300,0.4939,-1
KHAPRETA_510206,312007.860,2624264.200,124.7100,2.5431,7.7100,0.4927,-1
KHAPRETA_510206,312015.860,2624264.200,125.1400,0.0000,7.2800,0.4652,-1
KHAPRETA_510206,312022.860,2624264.200,125.5200,2.9954,6.9000,0.4409,-1
KHAPRETA_510206,312023.860,2624264.200,125.5500,2.1281,6.8700,0.4390,-1
KHAPRETA_510206,312041.860,2624264.200,124.3800,2.5831,8.0400,0.5137,-1
KHAPRETA_510206,312043.860,2624264.200,124.7000,3.4340,7.7200,0.4933,-1
KHAPRETA_510206,312044.860,2624264.200,125.4400,0.9580,6.9800,0.4460,-1
KHAPRETA_510206,312045.860,2624264.200,125.8400,2.8651,6.5800,0.4204,-1
KHAPRETA_510206,312050.860,2624264.200,126.1900,0.0000,6.2300,0.3981,-1
KHAPRETA_510206,312052.860,2624264.200,126.1900,0.0050,6.2300,0.3981,-1
KHAPRETA_510206,312057.860,2624264.200,126.1400,1.8431,6.2800,0.4013,-1
KHAPRETA_510206,312058.860,2624264.200,126.0900,2.5570,6.3300,0.4045,-1
KHAPRETA_510206,312060.860,2624264.200,126.0000,0.0000,6.4200,0.4102,-1
KHAPRETA_510206,312065.860,2624264.200,126.2400,1.8531,6.1800,0.3949,-1
KHAPRETA_510206,312068.860,2624264.200,125.7800,1.9945,6.6400,0.4243,-1
KHAPRETA_510206,312069.860,2624264.200,125.8000,1.9981,6.6200,0.4230,-1
KHAPRETA_510206,312075.860,2624264.200,126.8700,0.0000,5.5500,0.3546,-1
KHAPRETA_510206,312083.860,2624264.200,130.2500,0.2569,2.1700,0.1387,-1
KHAPRETA_510206,312085.860,2624264.200,127.4800,0.7331,4.9400,0.3157,-1
KHAPRETA_510206,312089.860,2624264.200,127.4500,0.0000,4.9700,0.3176,-1
KHAPRETA_510206,312091.860,2624264.200,127.8100,1.0281,4.6100,0.2946,-1
KHAPRETA_510206,312098.860,2624264.200,127.5600,1.0981,4.8600,0.3105,-1
KHAPRETA_510206,312105.860,2624264.200,127.9700,0.3981,4.4500,0.2843,-1
KHAPRETA_510206,312106.860,2624264.200,128.9800,0.5772,3.4400,0.2198,-1
KHAPRETA_510206,312107.860,2624264.200,129.0900,0.3981,3.3300,0.2128,-1
KHAPRETA_510206,312110.860,2624264.200,129.0800,0.6031,3.3400,0.2134,-1
KHAPRETA_510206,312111.860,2624264.200,128.5700,0.6366,3.8500,0.2460,-1
KHAPRETA_510206,312113.860,2624264.200,128.7700,0.0000,3.6500,0.2332,-1
KHAPRETA_510206,312115.860,2624264.200,128.9900,0.4781,3.4300,0.2192,-1
KHAPRETA_510206,312116.860,2624264.200,128.8200,0.3931,3.6000,0.2300,-1
KHAPRETA_510206,312118.860,2624264.200,128.9700,0.0000,3.4500,0.2204,-1
KHAPRETA_510206,312120.860,2624264.200,128.8600,0.0000,3.5600,0.2275,-1
KHAPRETA_510206,312133.860,2624264.200,128.7600,0.2981,3.6600,0.2339,-1
KHAPRETA_510206,312135.860,2624264.200,129.0700,0.4681,3.3500,0.2141,-1
KHAPRETA_510206,312136.860,2624264.200,128.8400,0.4256,3.5800,0.2288,-1
KHAPRETA_510206,312137.860,2624264.200,128.9100,0.1150,3.5100,0.2243,-1
KHAPRETA_510206,312138.860,2624264.200,129.0700,0.4331,3.3500,0.2141,-1
KHAPRETA_510206,312146.860,2624264.200,128.8400,0.0000,3.5800,0.2288,-1
KHAPRETA_510206,312149.860,2624264.200,128.9700,0.0000,3.4500,0.2204,-1
KHAPRETA_510206,312151.860,2624264.200,129.0500,0.0000,3.3700,0.2153,-1
KHAPRETA_510206,312155.860,2624264.200,129.0200,0.4181,3.4000,0.2173,-1
KHAPRETA_510206,312157.860,2624264.200,129.1400,0.0000,3.2800,0.2096,-1
KHAPRETA_510206,312159.860,2624264.200,129.0800,0.3531,3.3400,0.2134,-1
KHAPRETA_510206,312160.860,2624264.200,129.0700,0.3481,3.3500,0.2141,-1
KHAPRETA_510206,312162.860,2624264.200,129.0800,0.0000,3.3400,0.2134,-1
KHAPRETA_510206,312169.860,2624264.200,129.1300,0.3581,3.2900,0.2102,-1
KHAPRETA_510206,312170.860,2624264.200,129.0600,0.4973,3.3600,0.2147,-1
KHAPRETA_510206,312173.860,2624264.200,129.0800,0.0000,3.3400,0.2134,-1
KHAPRETA_510206,312175.860,2624264.200,129.1000,0.3331,3.3200,0.2121,-1
KHAPRETA_510206,312176.860,2624264.200,129.1100,0.3381,3.3100,0.2115,-1
KHAPRETA_510206,312178.860,2624264.200,129.2400,0.3658,3.1800,0.2032,-1
KHAPRETA_510206,312179.860,2624264.200,130.0300,0.4350,2.3900,0.1527,-1
KHAPRETA_510206,312180.860,2624264.200,130.1100,0.0050,2.3100,0.1476,-1
KHAPRETA_510206,312181.860,2624264.200,130.0200,0.1669,2.4000,0.1534,-1
KHAPRETA_510206,312190.860,2624264.200,129.3000,0.0000,3.1200,0.1994,-1
KHAPRETA_510206,312195.860,2624264.200,129.3000,0.3226,3.1200,0.1994,-1
KHAPRETA_510206,312196.860,2624264.200,129.3300,0.2531,3.0900,0.1974,-1
KHAPRETA_510206,312197.860,2624264.200,129.3100,0.2231,3.1100,0.1987,-1
KHAPRETA_510206,312205.860,2624264.200,129.8000,0.0419,2.6200,0.1674,-1
KHAPRETA_510206,312211.860,2624264.200,129.8400,0.0000,2.5800,0.1649,-1
KHAPRETA_510206,312216.860,2624264.200,129.8600,0.0000,2.5600,0.1636,-1
KHAPRETA_510206,312220.860,2624264.200,130.3600,0.3956,2.0600,0.1316,-1
KHAPRETA_510206,312221.860,2624264.200,130.3100,0.3889,2.1100,0.1348,-1
KHAPRETA_510206,312228.860,2624264.200,130.3800,0.0000,2.0400,0.1304,-1
KHAPRETA_510206,312233.860,2624264.200,130.5900,0.5155,1.8300,0.1169,-1
KHAPRETA_510206,312234.860,2624264.200,130.4900,0.5283,1.9300,0.1233,-1
KHAPRETA_510206,312236.860,2624264.200,130.5100,0.0000,1.9100,0.1220,-1
KHAPRETA_510206,312243.860,2624264.200,130.4100,0.3369,2.0100,0.1284,-1
KHAPRETA_510206,312250.860,2624264.200,130.8300,1.0132,1.5900,0.1016,-1
KHAPRETA_510206,312251.860,2624264.200,131.0400,0.2000,1.3800,0.0882,-1
KHAPRETA_510206,312252.860,2624264.200,130.4300,0.7410,1.9900,0.1272,-1
KHAPRETA_510206,312257.860,2624264.200,130.6300,0.0000,1.7900,0.1144,-1
KHAPRETA_510206,312260.860,2624264.200,130.6300,0.4119,1.7900,0.1144,-1
KHAPRETA_510206,312262.860,2624264.200,130.6200,0.3969,1.8000,0.1150,-1
KHAPRETA_510206,312267.860,2624264.200,130.6200,0.4369,1.8000,0.1150,-1
KHAPRETA_510206,312270.860,2624264.200,130.6300,0.0000,1.7900,0.1144,-1
KHAPRETA_510206,312274.860,2624264.200,130.6700,0.0000,1.7500,0.1118,-1
KHAPRETA_510206,312280.860,2624264.200,130.6200,0.6073,1.8000,0.1150,-1
KHAPRETA_510206,312281.860,2624264.200,130.6400,0.4219,1.7800,0.1137,-1
KHAPRETA_510206,312283.860,2624264.200,130.6300,0.0000,1.7900,0.1144,-1
KHAPRETA_510206,312288.860,2624264.200,130.6300,0.0250,1.7900,0.1144,-1
KHAPRETA_510206,312291.860,2624264.200,130.8000,0.0000,1.6200,0.1035,-1
KHAPRETA_510206,312295.860,2624264.200,131.2200,0.0000,1.2000,0.0767,-1
KHAPRETA_510206,312297.860,2624264.200,131.1600,0.9719,1.2600,0.0805,-1
KHAPRETA_510206,312298.860,2624264.200,131.1900,1.0000,1.2300,0.0786,-1
KHAPRETA_510206,312300.860,2624264.200,131.0600,0.6669,1.3600,0.0869,-1
KHAPRETA_510206,312301.860,2624264.200,131.1100,0.9185,1.3100,0.0837,-1
KHAPRETA_510206,312309.860,2624264.200,131.4800,0.8669,0.9400,0.0601,-1
KHAPRETA_510206,312310.860,2624264.200,131.5100,0.8694,0.9100,0.0581,-1
KHAPRETA_510206,312311.860,2624264.200,131.3500,0.8669,1.0700,0.0684,-1
KHAPRETA_510206,312313.860,2624264.200,131.5600,0.9121,0.8600,0.0550,-1
KHAPRETA_510206,312314.860,2624264.200,131.6000,0.0700,0.8200,0.0524,-1
KHAPRETA_510206,312315.860,2624264.200,131.4200,0.9146,1.0000,0.0639,-1
KHAPRETA_510206,312318.860,2624264.200,131.4500,0.0000,0.9700,0.0620,-1
KHAPRETA_510206,312320.860,2624264.200,131.4300,0.8669,0.9900,0.0633,-1
KHAPRETA_510206,312326.860,2624264.200,131.4400,1.1645,0.9800,0.0626,-1
KHAPRETA_510206,312327.860,2624264.200,131.3200,0.8319,1.1000,0.0703,-1
KHAPRETA_510206,312336.860,2624264.200,131.4000,0.7819,1.0200,0.0652,-1
KHAPRETA_510206,312337.860,2624264.200,131.3400,0.8119,1.0800,0.0690,-1
KHAPRETA_510206,312349.860,2624264.200,132.0300,1.6822,0.3900,0.0249,-1
KHAPRETA_510206,312350.860,2624264.200,132.1300,1.6476,0.2900,0.0185,-1
KHAPRETA_510206,312375.860,2624264.200,131.9900,0.0000,0.4300,0.0275,-1
KHAPRETA_510206,312398.860,2624264.200,132.2500,0.0000,0.1700,0.0109,-1
KHAPRETA_510206,312402.860,2624264.200,132.3100,1.2219,0.1100,0.0070,-1
KHAPRETA_510206,312500.860,2624264.200,132.3800,1.2519,0.0400,0.0026,-1
KHAPRETA_510206,312506.860,2624264.200,131.9000,0.7019,0.5200,0.0332,-1
KHAPRETA_510206,311942.860,2624265.200,127.8500,0.0000,4.5700,0.2920,-1
KHAPRETA_510206,311947.860,2624265.200,127.9600,1.4223,4.4600,0.2850,-1
KHAPRETA_510206,311948.860,2624265.200,127.7300,0.9527,4.6900,0.2997,-1
KHAPRETA_510206,311949.860,2624265.200,127.6900,1.4085,4.7300,0.3022,-1
KHAPRETA_510206,311953.860,2624265.200,127.7300,1.6529,4.6900,0.2997,-1
KHAPRETA_510206,311954.860,2624265.200,127.5200,0.0200,4.9000,0.3131,-1
KHAPRETA_510206,311955.860,2624265.200,127.6900,1.1281,4.7300,0.3022,-1
KHAPRETA_510206,311960.860,2624265.200,127.2000,1.3781,5.2200,0.3335,-1
KHAPRETA_510206,311966.860,2624265.200,127.3400,1.3381,5.0800,0.3246,-1
KHAPRETA_510206,311968.860,2624265.200,127.5900,1.5357,4.8300,0.3086,-1
KHAPRETA_510206,311969.860,2624265.200,127.6600,1.0986,4.7600,0.3042,-1
KHAPRETA_510206,311972.860,2624265.200,127.4900,1.1381,4.9300,0.3150,-1
KHAPRETA_510206,311973.860,2624265.200,127.5000,1.1186,4.9200,0.3144,-1
KHAPRETA_510206,311974.860,2624265.200,127.4200,1.6272,5.0000,0.3195,-1
KHAPRETA_510206,311976.860,2624265.200,127.5100,1.1381,4.9100,0.3137,-1
KHAPRETA_510206,311977.860,2624265.200,127.5000,1.1331,4.9200,0.3144,-1
KHAPRETA_510206,311982.860,2624265.200,130.0800,0.1511,2.3400,0.1495,-1
KHAPRETA_510206,311983.860,2624265.200,129.9400,1.2915,2.4800,0.1585,-1
KHAPRETA_510206,311984.860,2624265.200,127.5000,2.2955,4.9200,0.3144,-1
KHAPRETA_510206,311985.860,2624265.200,126.5500,1.1546,5.8700,0.3751,-1
KHAPRETA_510206,311989.860,2624265.200,126.7600,0.0000,5.6600,0.3617,-1
KHAPRETA_510206,311997.860,2624265.200,125.2100,0.0000,7.2100,0.4607,-1
KHAPRETA_510206,312001.860,2624265.200,125.0200,2.4681,7.4000,0.4728,-1
KHAPRETA_510206,312003.860,2624265.200,124.9300,2.3381,7.4900,0.4786,-1
KHAPRETA_510206,312010.860,2624265.200,124.9400,3.3419,7.4800,0.4780,-1
KHAPRETA_510206,312011.860,2624265.200,125.0300,2.4181,7.3900,0.4722,-1
KHAPRETA_510206,312021.860,2624265.200,125.5700,1.8881,6.8500,0.4377,-1
KHAPRETA_510206,312034.860,2624265.200,128.2600,0.7231,4.1600,0.2658,-1
KHAPRETA_510206,312035.860,2624265.200,128.3300,1.6450,4.0900,0.2613,-1
KHAPRETA_510206,312036.860,2624265.200,124.9700,0.7231,7.4500,0.4760,-1
KHAPRETA_510206,312041.860,2624265.200,124.6100,0.7250,7.8100,0.4990,-1
KHAPRETA_510206,312044.860,2624265.200,126.1400,2.8651,6.2800,0.4013,-1
KHAPRETA_510206,312045.860,2624265.200,126.0300,1.9683,6.3900,0.4083,-1
KHAPRETA_510206,312046.860,2624265.200,126.2000,2.5655,6.2200,0.3974,-1
KHAPRETA_510206,312049.860,2624265.200,126.2300,0.0000,6.1900,0.3955,-1
KHAPRETA_510206,312052.860,2624265.200,126.2100,1.7931,6.2100,0.3968,-1
KHAPRETA_510206,312055.860,2624265.200,126.2600,0.0000,6.1600,0.3936,-1
KHAPRETA_510206,312058.860,2624265.200,126.1800,1.8431,6.2400,0.3987,-1
KHAPRETA_510206,312062.860,2624265.200,126.1700,0.0000,6.2500,0.3994,-1
KHAPRETA_510206,312065.860,2624265.200,126.0700,1.7681,6.3500,0.4058,-1
KHAPRETA_510206,312068.860,2624265.200,125.9300,1.9981,6.4900,0.4147,-1
KHAPRETA_510206,312072.860,2624265.200,126.5000,0.0000,5.9200,0.3783,-1
KHAPRETA_510206,312076.860,2624265.200,129.9400,0.2200,2.4800,0.1585,-1
KHAPRETA_510206,312077.860,2624265.200,130.0600,0.0819,2.3600,0.1508,-1
KHAPRETA_510206,312079.860,2624265.200,130.8000,0.0000,1.6200,0.1035,-1
KHAPRETA_510206,312082.860,2624265.200,130.9500,0.2569,1.4700,0.0939,-1
KHAPRETA_510206,312083.860,2624265.200,130.2900,0.7052,2.1300,0.1361,-1
KHAPRETA_510206,312084.860,2624265.200,129.6600,0.9900,2.7600,0.1764,-1
KHAPRETA_510206,312085.860,2624265.200,128.3100,0.8869,4.1100,0.2626,-1
KHAPRETA_510206,312087.860,2624265.200,127.6700,1.0231,4.7500,0.3035,-1
KHAPRETA_510206,312090.860,2624265.200,127.9400,0.9381,4.4800,0.2863,-1
KHAPRETA_510206,312097.860,2624265.200,127.6800,0.0000,4.7400,0.3029,-1
KHAPRETA_510206,312099.860,2624265.200,127.6200,0.0000,4.8000,0.3067,-1
KHAPRETA_510206,312101.860,2624265.200,127.6200,0.0000,4.8000,0.3067,-1
KHAPRETA_510206,312103.860,2624265.200,127.7600,1.0931,4.6600,0.2978,-1
KHAPRETA_510206,312106.860,2624265.200,129.1300,0.3981,3.2900,0.2102,-1
KHAPRETA_510206,312109.860,2624265.200,129.1200,0.0000,3.3000,0.2109,-1
KHAPRETA_510206,312114.860,2624265.200,128.6000,0.0000,3.8200,0.2441,-1
KHAPRETA_510206,312117.860,2624265.200,128.6000,0.5831,3.8200,0.2441,-1
KHAPRETA_510206,312118.860,2624265.200,128.6100,0.6195,3.8100,0.2435,-1
KHAPRETA_510206,312121.860,2624265.200,129.1700,0.9281,3.2500,0.2077,-1
KHAPRETA_510206,312122.860,2624265.200,127.9200,0.3031,4.5000,0.2875,-1
KHAPRETA_510206,312125.860,2624265.200,130.5700,1.0469,1.8500,0.1182,-1
KHAPRETA_510206,312129.860,2624265.200,128.5000,0.0000,3.9200,0.2505,-1
KHAPRETA_510206,312132.860,2624265.200,128.7300,0.4775,3.6900,0.2358,-1
KHAPRETA_510206,312133.860,2624265.200,129.1800,0.5655,3.2400,0.2070,-1
KHAPRETA_510206,312136.860,2624265.200,128.9400,0.4681,3.4800,0.2224,-1
KHAPRETA_510206,312143.860,2624265.200,128.8500,0.0000,3.5700,0.2281,-1
KHAPRETA_510206,312155.860,2624265.200,128.9400,0.0100,3.4800,0.2224,-1
KHAPRETA_510206,312158.860,2624265.200,128.9700,0.0000,3.4500,0.2204,-1
KHAPRETA_510206,312166.860,2624265.200,129.0200,0.0000,3.4000,0.2173,-1
KHAPRETA_510206,312171.860,2624265.200,129.2100,0.0000,3.2100,0.2051,-1
KHAPRETA_510206,312174.860,2624265.200,129.1600,0.3531,3.2600,0.2083,-1
KHAPRETA_510206,312177.860,2624265.200,129.0900,0.3431,3.3300,0.2128,-1
KHAPRETA_510206,312178.860,2624265.200,129.0900,0.4354,3.3300,0.2128,-1
KHAPRETA_510206,312185.860,2624265.200,129.2600,0.2881,3.1600,0.2019,-1
KHAPRETA_510206,312195.860,2624265.200,129.3100,0.3474,3.1100,0.1987,-1
KHAPRETA_510206,312196.860,2624265.200,129.2700,0.3226,3.1500,0.2013,-1
KHAPRETA_510206,312199.860,2624265.200,129.4400,0.0631,2.9800,0.1904,-1
KHAPRETA_510206,312206.860,2624265.200,129.7800,0.0000,2.6400,0.1687,-1
KHAPRETA_510206,312212.860,2624265.200,129.8300,0.0000,2.5900,0.1655,-1
KHAPRETA_510206,312215.860,2624265.200,129.8700,0.0000,2.5500,0.1629,-1
KHAPRETA_510206,312217.860,2624265.200,129.8600,0.0000,2.5600,0.1636,-1
KHAPRETA_510206,312229.860,2624265.200,130.3700,0.0000,2.0500,0.1310,-1
KHAPRETA_510206,312231.860,2624265.200,130.4600,0.3469,1.9600,0.1252,-1
KHAPRETA_510206,312237.860,2624265.200,130.5700,0.4069,1.8500,0.1182,-1
KHAPRETA_510206,312249.860,2624265.200,130.6000,0.7919,1.8200,0.1163,-1
KHAPRETA_510206,312250.860,2624265.200,131.3600,0.6689,1.0600,0.0677,-1
KHAPRETA_510206,312252.860,2624265.200,130.5500,0.3269,1.8700,0.1195,-1
KHAPRETA_510206,312254.860,2624265.200,130.5200,0.8369,1.9000,0.1214,-1
KHAPRETA_510206,312258.860,2624265.200,130.6100,0.4169,1.8100,0.1157,-1
KHAPRETA_510206,312260.860,2624265.200,130.6000,0.4269,1.8200,0.1163,-1
KHAPRETA_510206,312265.860,2624265.200,130.6200,0.0000,1.8000,0.1150,-1
KHAPRETA_510206,312271.860,2624265.200,130.6500,0.0000,1.7700,0.1131,-1
KHAPRETA_510206,312276.860,2624265.200,130.6600,0.4269,1.7600,0.1125,-1
KHAPRETA_510206,312277.860,2624265.200,130.6300,0.4419,1.7900,0.1144,-1
KHAPRETA_510206,312280.860,2624265.200,130.6300,0.0050,1.7900,0.1144,-1
KHAPRETA_510206,312288.860,2624265.200,130.6100,0.4320,1.8100,0.1157,-1
KHAPRETA_510206,312289.860,2624265.200,130.6400,0.4169,1.7800,0.1137,-1
KHAPRETA_510206,312292.860,2624265.200,130.8000,0.0000,1.6200,0.1035,-1
KHAPRETA_510206,312297.860,2624265.200,131.1100,0.7221,1.3100,0.0837,-1
KHAPRETA_510206,312298.860,2624265.200,131.2200,0.6674,1.2000,0.0767,-1
KHAPRETA_510206,312301.860,2624265.200,131.0900,0.6669,1.3300,0.0850,-1
KHAPRETA_510206,312307.860,2624265.200,131.4500,0.8769,0.9700,0.0620,-1
KHAPRETA_510206,312308.860,2624265.200,131.5300,0.8369,0.8900,0.0569,-1
KHAPRETA_510206,312313.860,2624265.200,131.5400,0.0100,0.8800,0.0562,-1
KHAPRETA_510206,312315.860,2624265.200,131.5200,0.8219,0.9000,0.0575,-1
KHAPRETA_510206,312324.860,2624265.200,131.4800,0.8269,0.9400,0.0601,-1
KHAPRETA_510206,312325.860,2624265.200,131.4300,0.0200,0.9900,0.0633,-1
KHAPRETA_510206,312326.860,2624265.200,131.5200,1.1730,0.9000,0.0575,-1
KHAPRETA_510206,312332.860,2624265.200,131.2700,0.0000,1.1500,0.0735,-1
KHAPRETA_510206,312338.860,2624265.200,131.3100,0.7819,1.1100,0.0709,-1
KHAPRETA_510206,312349.860,2624265.200,132.1800,1.6476,0.2400,0.0153,-1
KHAPRETA_510206,312350.860,2624265.200,132.1800,1.2034,0.2400,0.0153,-1
KHAPRETA_510206,312361.860,2624265.200,132.3200,1.2919,0.1000,0.0064,-1
KHAPRETA_510206,312362.860,2624265.200,132.3600,1.3120,0.0600,0.0038,-1
KHAPRETA_510206,312363.860,2624265.200,132.3400,1.2919,0.0800,0.0051,-1
KHAPRETA_510206,312364.860,2624265.200,132.3500,1.2819,0.0700,0.0045,-1
KHAPRETA_510206,312384.860,2624265.200,132.0200,0.0000,0.4000,0.0256,-1
KHAPRETA_510206,312405.860,2624265.200,132.4000,0.0000,0.0200,0.0013,-1
KHAPRETA_510206,312500.860,2624265.200,132.2800,1.3019,0.1400,0.0089,-1
KHAPRETA_510206,312504.860,2624265.200,131.8600,0.0000,0.5600,0.0358,-1
KHAPRETA_510206,312506.860,2624265.200,131.1800,1.4328,1.2400,0.0792,-1
KHAPRETA_510206,312507.860,2624265.200,131.7000,0.7019,0.7200,0.0460,-1
KHAPRETA_510206,311949.860,2624266.200,127.8400,1.5001,4.5800,0.2927,-1
KHAPRETA_510206,311950.860,2624266.200,127.6200,0.9681,4.8000,0.3067,-1
KHAPRETA_510206,311953.860,2624266.200,127.3600,1.0231,5.0600,0.3233,-1
KHAPRETA_510206,311956.860,2624266.200,127.8100,0.9581,4.6100,0.2946,-1
KHAPRETA_510206,311957.860,2624266.200,127.8600,1.4333,4.5600,0.2914,-1
KHAPRETA_510206,311960.860,2624266.200,127.0200,0.2100,5.4000,0.3450,-1
KHAPRETA_510206,311962.860,2624266.200,127.6100,0.0000,4.8100,0.3073,-1
KHAPRETA_510206,311964.860,2624266.200,127.3500,0.0000,5.0700,0.3240,-1
KHAPRETA_510206,311967.860,2624266.200,127.4300,1.5812,4.9900,0.3188,-1
KHAPRETA_510206,311968.860,2624266.200,127.5500,1.0931,4.8700,0.3112,-1
KHAPRETA_510206,311969.860,2624266.200,127.4400,1.5357,4.9800,0.3182,-1
KHAPRETA_510206,311974.860,2624266.200,127.4500,1.1781,4.9700,0.3176,-1
KHAPRETA_510206,311980.860,2624266.200,129.4200,0.1358,3.0000,0.1917,-1
KHAPRETA_510206,311981.860,2624266.200,129.9300,0.3050,2.4900,0.1591,-1
KHAPRETA_510206,311982.860,2624266.200,130.0300,0.2066,2.3900,0.1527,-1
KHAPRETA_510206,311983.860,2624266.200,129.6500,0.1511,2.7700,0.1770,-1
KHAPRETA_510206,311985.860,2624266.200,126.9500,0.0050,5.4700,0.3495,-1
KHAPRETA_510206,311987.860,2624266.200,126.5600,1.3781,5.8600,0.3744,-1
KHAPRETA_510206,312001.860,2624266.200,124.8400,0.1900,7.5800,0.4843,-1
KHAPRETA_510206,312008.860,2624266.200,125.0400,0.0000,7.3800,0.4716,-1
KHAPRETA_510206,312010.860,2624266.200,125.0700,0.1500,7.3500,0.4696,-1
KHAPRETA_510206,312016.860,2624266.200,125.4000,2.1631,7.0200,0.4486,-1
KHAPRETA_510206,312018.860,2624266.200,125.5400,2.0781,6.8800,0.4396,-1
KHAPRETA_510206,312021.860,2624266.200,126.0000,2.1031,6.4200,0.4102,-1
KHAPRETA_510206,312037.860,2624266.200,125.0100,1.3481,7.4100,0.4735,-1
KHAPRETA_510206,312039.860,2624266.200,124.3700,0.0000,8.0500,0.5144,-1
KHAPRETA_510206,312041.860,2624266.200,125.8300,3.1645,6.5900,0.4211,-1
KHAPRETA_510206,312042.860,2624266.200,126.1200,1.9731,6.3000,0.4026,-1
KHAPRETA_510206,312046.860,2624266.200,126.2700,1.7881,6.1500,0.3930,-1
KHAPRETA_510206,312048.860,2624266.200,126.3100,0.0000,6.1100,0.3904,-1
KHAPRETA_510206,312060.860,2624266.200,125.9600,2.6138,6.4600,0.4128,-1
KHAPRETA_510206,312061.860,2624266.200,126.0300,1.9081,6.3900,0.4083,-1
KHAPRETA_510206,312075.860,2624266.200,127.6100,1.4081,4.8100,0.3073,-1
KHAPRETA_510206,312076.860,2624266.200,129.4400,1.5688,2.9800,0.1904,-1
KHAPRETA_510206,312078.860,2624266.200,129.9200,0.0000,2.5000,0.1597,-1
KHAPRETA_510206,312080.860,2624266.200,128.4000,0.0000,4.0200,0.2569,-1
KHAPRETA_510206,312083.860,2624266.200,130.8200,0.2650,1.6000,0.1022,-1
KHAPRETA_510206,312085.860,2624266.200,129.2500,0.7331,3.1700,0.2026,-1
KHAPRETA_510206,312087.860,2624266.200,127.7300,1.0531,4.6900,0.2997,-1
KHAPRETA_510206,312090.860,2624266.200,127.9000,0.9181,4.5200,0.2888,-1
KHAPRETA_510206,312092.860,2624266.200,127.9000,0.0000,4.5200,0.2888,-1
KHAPRETA_510206,312100.860,2624266.200,127.6400,0.0000,4.7800,0.3054,-1
KHAPRETA_510206,312103.860,2624266.200,127.5900,1.0081,4.8300,0.3086,-1
KHAPRETA_510206,312105.860,2624266.200,128.8500,0.0000,3.5700,0.2281,-1
KHAPRETA_510206,312110.860,2624266.200,129.3400,0.0000,3.0800,0.1968,-1
KHAPRETA_510206,312113.860,2624266.200,128.7900,0.0000,3.6300,0.2319,-1
KHAPRETA_510206,312115.860,2624266.200,128.7900,0.3981,3.6300,0.2319,-1
KHAPRETA_510206,312116.860,2624266.200,128.9800,0.4931,3.4400,0.2198,-1
KHAPRETA_510206,312118.860,2624266.200,128.5800,0.6268,3.8400,0.2454,-1
KHAPRETA_510206,312119.860,2624266.200,128.6100,0.1750,3.8100,0.2435,-1
KHAPRETA_510206,312120.860,2624266.200,128.9300,0.5831,3.4900,0.2230,-1
KHAPRETA_510206,312123.860,2624266.200,129.1800,0.7531,3.2400,0.2070,-1
KHAPRETA_510206,312124.860,2624266.200,128.2700,1.8512,4.1500,0.2652,-1
KHAPRETA_510206,312125.860,2624266.200,131.8700,1.1170,0.5500,0.0351,-1
KHAPRETA_510206,312132.860,2624266.200,129.0300,0.2958,3.3900,0.2166,-1
KHAPRETA_510206,312133.860,2624266.200,129.1900,0.4519,3.2300,0.2064,-1
KHAPRETA_510206,312135.860,2624266.200,129.1400,0.0000,3.2800,0.2096,-1
KHAPRETA_510206,312146.860,2624266.200,128.9500,0.0000,3.4700,0.2217,-1
KHAPRETA_510206,312149.860,2624266.200,128.8200,0.0000,3.6000,0.2300,-1
KHAPRETA_510206,312152.860,2624266.200,128.9700,0.4531,3.4500,0.2204,-1
KHAPRETA_510206,312153.860,2624266.200,128.8700,0.0000,3.5500,0.2268,-1
KHAPRETA_510206,312154.860,2624266.200,128.9700,0.0650,3.4500,0.2204,-1
KHAPRETA_510206,312155.860,2624266.200,129.0000,0.4033,3.4200,0.2185,-1
KHAPRETA_510206,312157.860,2624266.200,129.2000,0.0000,3.2200,0.2058,-1
KHAPRETA_510206,312165.860,2624266.200,128.9500,0.0000,3.4700,0.2217,-1
KHAPRETA_510206,312174.860,2624266.200,129.0700,0.3081,3.3500,0.2141,-1
KHAPRETA_510206,312176.860,2624266.200,129.0600,0.0000,3.3600,0.2147,-1
KHAPRETA_510206,312179.860,2624266.200,129.1100,0.0000,3.3100,0.2115,-1
KHAPRETA_510206,312182.860,2624266.200,129.1400,0.0000,3.2800,0.2096,-1
KHAPRETA_510206,312185.860,2624266.200,129.2000,0.6350,3.2200,0.2058,-1
KHAPRETA_510206,312199.860,2624266.200,129.6500,0.1681,2.7700,0.1770,-1
KHAPRETA_510206,312204.860,2624266.200,129.7800,0.0000,2.6400,0.1687,-1
KHAPRETA_510206,312218.860,2624266.200,129.8500,0.1056,2.5700,0.1642,-1
KHAPRETA_510206,312219.860,2624266.200,129.9600,0.0369,2.4600,0.1572,-1
KHAPRETA_510206,312223.860,2624266.200,130.3100,0.0000,2.1100,0.1348,-1
KHAPRETA_510206,312230.860,2624266.200,130.4200,0.3469,2.0000,0.1278,-1
KHAPRETA_510206,312231.860,2624266.200,130.4700,0.4696,1.9500,0.1246,-1
KHAPRETA_510206,312234.860,2624266.200,130.6000,0.0000,1.8200,0.1163,-1
KHAPRETA_510206,312237.860,2624266.200,130.5900,0.5940,1.8300,0.1169,-1
KHAPRETA_510206,312238.860,2624266.200,130.6600,0.0100,1.7600,0.1125,-1
KHAPRETA_510206,312239.860,2624266.200,130.5700,0.3151,1.8500,0.1182,-1
KHAPRETA_510206,312240.860,2624266.200,130.4800,0.1600,1.9400,0.1240,-1
KHAPRETA_510206,312241.860,2624266.200,130.2500,0.3519,2.1700,0.1387,-1
KHAPRETA_510206,312248.860,2624266.200,130.4200,0.0000,2.0000,0.1278,-1
KHAPRETA_510206,312254.860,2624266.200,131.4500,0.5331,0.9700,0.0620,-1
KHAPRETA_510206,312255.860,2624266.200,130.5400,0.8369,1.8800,0.1201,-1
KHAPRETA_510206,312257.860,2624266.200,130.6300,0.4169,1.7900,0.1144,-1
KHAPRETA_510206,312258.860,2624266.200,130.6100,0.4171,1.8100,0.1157,-1
KHAPRETA_510206,312259.860,2624266.200,130.6100,0.4169,1.8100,0.1157,-1
KHAPRETA_510206,312263.860,2624266.200,130.6200,0.4469,1.8000,0.1150,-1
KHAPRETA_510206,312266.860,2624266.200,130.6300,0.4419,1.7900,0.1144,-1
KHAPRETA_510206,312267.860,2624266.200,130.6600,0.4269,1.7600,0.1125,-1
KHAPRETA_510206,312280.860,2624266.200,130.6300,0.4269,1.7900,0.1144,-1
KHAPRETA_510206,312284.860,2624266.200,130.6500,0.4319,1.7700,0.1131,-1
KHAPRETA_510206,312285.860,2624266.200,130.6400,0.0050,1.7800,0.1137,-1
KHAPRETA_510206,312286.860,2624266.200,130.6600,0.4319,1.7600,0.1125,-1
KHAPRETA_510206,312288.860,2624266.200,130.6400,0.4169,1.7800,0.1137,-1
KHAPRETA_510206,312293.860,2624266.200,131.1400,0.0000,1.2800,0.0818,-1
KHAPRETA_510206,312295.860,2624266.200,131.2400,0.0000,1.1800,0.0754,-1
KHAPRETA_510206,312297.860,2624266.200,131.1900,0.9902,1.2300,0.0786,-1
KHAPRETA_510206,312298.860,2624266.200,131.2400,1.0104,1.1800,0.0754,-1
KHAPRETA_510206,312313.860,2624266.200,131.5800,1.2508,0.8400,0.0537,-1
KHAPRETA_510206,312314.860,2624266.200,131.5500,1.2685,0.8700,0.0556,-1
KHAPRETA_510206,312317.860,2624266.200,131.3700,0.0000,1.0500,0.0671,-1
KHAPRETA_510206,312322.860,2624266.200,131.4000,0.0000,1.0200,0.0652,-1
KHAPRETA_510206,312327.860,2624266.200,131.3800,0.0000,1.0400,0.0665,-1
KHAPRETA_510206,312333.860,2624266.200,131.3100,0.0000,1.1100,0.0709,-1
KHAPRETA_510206,312335.860,2624266.200,131.4600,0.0000,0.9600,0.0613,-1
KHAPRETA_510206,312337.860,2624266.200,131.4000,0.7819,1.0200,0.0652,-1
KHAPRETA_510206,312338.860,2624266.200,131.3400,1.1169,1.0800,0.0690,-1
KHAPRETA_510206,312342.860,2624266.200,131.8900,1.1369,0.5300,0.0339,-1
KHAPRETA_510206,312344.860,2624266.200,131.9300,0.0000,0.4900,0.0313,-1
KHAPRETA_510206,312350.860,2624266.200,132.2500,1.7104,0.1700,0.0109,-1
KHAPRETA_510206,312351.860,2624266.200,132.2100,1.1950,0.2100,0.0134,-1
KHAPRETA_510206,312352.860,2624266.200,132.4200,1.2169,0.0000,0.0000,-1
KHAPRETA_510206,312356.860,2624266.200,132.1900,0.0000,0.2300,0.0147,-1
KHAPRETA_510206,312359.860,2624266.200,132.3100,0.0000,0.1100,0.0070,-1
KHAPRETA_510206,312362.860,2624266.200,132.4000,1.8271,0.0200,0.0013,-1
KHAPRETA_510206,312363.860,2624266.200,132.3600,1.8343,0.0600,0.0038,-1
KHAPRETA_510206,312367.860,2624266.200,132.0600,1.0319,0.3600,0.0230,-1
KHAPRETA_510206,312368.860,2624266.200,131.8400,1.0722,0.5800,0.0371,-1
KHAPRETA_510206,312369.860,2624266.200,131.7000,1.0319,0.7200,0.0460,-1
KHAPRETA_510206,312392.860,2624266.200,132.1500,0.0000,0.2700,0.0173,-1
KHAPRETA_510206,312400.860,2624266.200,132.1700,0.0000,0.2500,0.0160,-1
KHAPRETA_510206,312508.860,2624266.200,132.2600,0.0000,0.1600,0.0102,-1
KHAPRETA_510206,312510.860,2624266.200,132.0800,1.3019,0.3400,0.0217,-1
KHAPRETA_510206,311944.860,2624267.200,127.8500,0.0000,4.5700,0.2920,-1
KHAPRETA_510206,311946.860,2624267.200,127.7800,0.0000,4.6400,0.2965,-1
KHAPRETA_510206,311955.860,2624267.200,127.8300,0.9881,4.5900,0.2933,-1
KHAPRETA_510206,311957.860,2624267.200,127.6900,0.1600,4.7300,0.3022,-1
KHAPRETA_510206,311960.860,2624267.200,127.6200,1.7496,4.8000,0.3067,-1
KHAPRETA_510206,311961.860,2624267.200,127.6200,1.0781,4.8000,0.3067,-1
KHAPRETA_510206,311963.860,2624267.200,127.5100,0.0000,4.9100,0.3137,-1
KHAPRETA_510206,311967.860,2624267.200,127.5300,0.0400,4.8900,0.3125,-1
KHAPRETA_510206,311970.860,2624267.200,127.4400,1.0981,4.9800,0.3182,-1
KHAPRETA_510206,311971.860,2624267.200,127.5800,1.6519,4.8400,0.3093,-1
KHAPRETA_510206,311977.860,2624267.200,127.5700,0.0000,4.8500,0.3099,-1
KHAPRETA_510206,311980.860,2624267.200,130.0000,0.1781,2.4200,0.1546,-1
KHAPRETA_510206,311985.860,2624267.200,126.5600,1.5492,5.8600,0.3744,-1
KHAPRETA_510206,311986.860,2624267.200,126.7200,0.2300,5.7000,0.3642,-1
KHAPRETA_510206,311987.860,2624267.200,127.0200,2.2183,5.4000,0.3450,-1
KHAPRETA_510206,311990.860,2624267.200,125.8900,2.2081,6.5300,0.4173,-1
KHAPRETA_510206,311992.860,2624267.200,125.4200,0.0000,7.0000,0.4473,-1
KHAPRETA_510206,311996.860,2624267.200,125.0100,0.0000,7.4100,0.4735,-1
KHAPRETA_510206,312001.860,2624267.200,124.6400,3.5438,7.7800,0.4971,-1
KHAPRETA_510206,312002.860,2624267.200,124.6900,0.0550,7.7300,0.4939,-1
KHAPRETA_510206,312003.860,2624267.200,124.7500,0.0550,7.6700,0.4901,-1
KHAPRETA_510206,312004.860,2624267.200,124.8000,2.5131,7.6200,0.4869,-1
KHAPRETA_510206,312006.860,2624267.200,125.0200,2.3381,7.4000,0.4728,-1
KHAPRETA_510206,312009.860,2624267.200,125.1800,2.2681,7.2400,0.4626,-1
KHAPRETA_510206,312010.860,2624267.200,125.2400,3.2891,7.1800,0.4588,-1
KHAPRETA_510206,312016.860,2624267.200,125.4500,2.1881,6.9700,0.4454,-1
KHAPRETA_510206,312018.860,2624267.200,125.6200,2.1181,6.8000,0.4345,-1
KHAPRETA_510206,312035.860,2624267.200,129.2800,0.0000,3.1400,0.2006,-1
KHAPRETA_510206,312037.860,2624267.200,127.0800,2.3831,5.3400,0.3412,-1
KHAPRETA_510206,312040.860,2624267.200,127.2700,0.0000,5.1500,0.3291,-1
KHAPRETA_510206,312045.860,2624267.200,126.3700,1.5981,6.0500,0.3866,-1
KHAPRETA_510206,312050.860,2624267.200,126.2500,1.7681,6.1700,0.3942,-1
KHAPRETA_510206,312052.860,2624267.200,126.4600,0.0000,5.9600,0.3808,-1
KHAPRETA_510206,312054.860,2624267.200,126.2600,0.0000,6.1600,0.3936,-1
KHAPRETA_510206,312058.860,2624267.200,126.0900,1.8481,6.3300,0.4045,-1
KHAPRETA_510206,312059.860,2624267.200,126.0800,0.0200,6.3400,0.4051,-1
KHAPRETA_510206,312060.860,2624267.200,126.1300,2.6563,6.2900,0.4019,-1
KHAPRETA_510206,312062.860,2624267.200,126.0500,1.8331,6.3700,0.4070,-1
KHAPRETA_510206,312064.860,2624267.200,126.0300,0.0000,6.3900,0.4083,-1
KHAPRETA_510206,312068.860,2624267.200,126.3000,0.0000,6.1200,0.3911,-1
KHAPRETA_510206,312071.860,2624267.200,126.0700,0.0000,6.3500,0.4058,-1
KHAPRETA_510206,312075.860,2624267.200,126.9800,1.5106,5.4400,0.3476,-1
KHAPRETA_510206,312076.860,2624267.200,127.6700,1.4081,4.7500,0.3035,-1
KHAPRETA_510206,312083.860,2624267.200,129.7600,1.5650,2.6600,0.1700,-1
KHAPRETA_510206,312093.860,2624267.200,127.8600,1.0431,4.5600,0.2914,-1
KHAPRETA_510206,312094.860,2624267.200,127.6900,0.9711,4.7300,0.3022,-1
KHAPRETA_510206,312095.860,2624267.200,127.6100,1.0431,4.8100,0.3073,-1
KHAPRETA_510206,312098.860,2624267.200,127.6700,0.0000,4.7500,0.3035,-1
KHAPRETA_510206,312118.860,2624267.200,129.0700,0.1000,3.3500,0.2141,-1
KHAPRETA_510206,312121.860,2624267.200,129.4700,0.1734,2.9500,0.1885,-1
KHAPRETA_510206,312122.860,2624267.200,129.5800,0.1531,2.8400,0.1815,-1
KHAPRETA_510206,312124.860,2624267.200,132.3200,1.4354,0.1000,0.0064,-1
KHAPRETA_510206,312125.860,2624267.200,132.2200,1.6474,0.2000,0.0128,-1
KHAPRETA_510206,312130.860,2624267.200,128.7000,0.0000,3.7200,0.2377,-1
KHAPRETA_510206,312132.860,2624267.200,128.8100,0.5705,3.6100,0.2307,-1
KHAPRETA_510206,312133.860,2624267.200,128.6700,0.5650,3.7500,0.2396,-1
KHAPRETA_510206,312136.860,2624267.200,128.9000,0.0000,3.5200,0.2249,-1
KHAPRETA_510206,312143.860,2624267.200,128.7600,0.0000,3.6600,0.2339,-1
KHAPRETA_510206,312148.860,2624267.200,128.8400,0.0000,3.5800,0.2288,-1
KHAPRETA_510206,312155.860,2624267.200,128.9100,0.3881,3.5100,0.2243,-1
KHAPRETA_510206,312160.860,2624267.200,129.0100,0.0000,3.4100,0.2179,-1
KHAPRETA_510206,312169.860,2624267.200,129.0100,0.0000,3.4100,0.2179,-1
KHAPRETA_510206,312172.860,2624267.200,129.1800,0.0000,3.2400,0.2070,-1
KHAPRETA_510206,312175.860,2624267.200,129.2600,0.0000,3.1600,0.2019,-1
KHAPRETA_510206,312181.860,2624267.200,130.0300,0.0000,2.3900,0.1527,-1
KHAPRETA_510206,312185.860,2624267.200,130.5300,0.2881,1.8900,0.1208,-1
KHAPRETA_510206,312187.860,2624267.200,130.2900,0.0000,2.1300,0.1361,-1
KHAPRETA_510206,312191.860,2624267.200,129.2200,0.0000,3.2000,0.2045,-1
KHAPRETA_510206,312198.860,2624267.200,129.7200,0.0000,2.7000,0.1725,-1
KHAPRETA_510206,312201.860,2624267.200,129.7400,0.0377,2.6800,0.1712,-1
KHAPRETA_510206,312202.860,2624267.200,129.7100,0.0050,2.7100,0.1732,-1
KHAPRETA_510206,312203.860,2624267.200,129.7500,0.0331,2.6700,0.1706,-1
KHAPRETA_510206,312208.860,2624267.200,129.8100,0.0000,2.6100,0.1668,-1
KHAPRETA_510206,312211.860,2624267.200,129.8200,0.0000,2.6000,0.1661,-1
KHAPRETA_510206,312213.860,2624267.200,129.8600,0.0000,2.5600,0.1636,-1
KHAPRETA_510206,312218.860,2624267.200,129.8800,0.0369,2.5400,0.1623,-1
KHAPRETA_510206,312229.860,2624267.200,130.5000,0.0000,1.9200,0.1227,-1
KHAPRETA_510206,312239.860,2624267.200,130.3800,0.3969,2.0400,0.1304,-1
KHAPRETA_510206,312252.860,2624267.200,131.0700,0.0000,1.3500,0.0863,-1
KHAPRETA_510206,312263.860,2624267.200,130.6700,0.4219,1.7500,0.1118,-1
KHAPRETA_510206,312265.860,2624267.200,130.6400,0.4219,1.7800,0.1137,-1
KHAPRETA_510206,312268.860,2624267.200,130.6400,0.0000,1.7800,0.1137,-1
KHAPRETA_510206,312274.860,2624267.200,130.6700,0.0000,1.7500,0.1118,-1
KHAPRETA_510206,312276.860,2624267.200,130.6500,0.4419,1.7700,0.1131,-1
KHAPRETA_510206,312281.860,2624267.200,130.6400,0.0000,1.7800,0.1137,-1
KHAPRETA_510206,312292.860,2624267.200,130.7100,0.0000,1.7100,0.1093,-1
KHAPRETA_510206,312296.860,2624267.200,131.2400,0.0000,1.1800,0.0754,-1
KHAPRETA_510206,312299.860,2624267.200,131.2300,0.0000,1.1900,0.0760,-1
KHAPRETA_510206,312303.860,2624267.200,131.2200,0.7069,1.2000,0.0767,-1
KHAPRETA_510206,312304.860,2624267.200,131.1900,0.7219,1.2300,0.0786,-1
KHAPRETA_510206,312314.860,2624267.200,131.5600,0.8869,0.8600,0.0550,-1
KHAPRETA_510206,312319.860,2624267.200,131.4800,0.0000,0.9400,0.0601,-1
KHAPRETA_510206,312336.860,2624267.200,131.4200,0.0000,1.0000,0.0639,-1
KHAPRETA_510206,312342.860,2624267.200,132.0500,1.0569,0.3700,0.0236,-1
KHAPRETA_510206,312351.860,2624267.200,132.1600,0.0650,0.2600,0.0166,-1
KHAPRETA_510206,312358.860,2624267.200,132.2000,0.0000,0.2200,0.0141,-1
KHAPRETA_510206,312368.860,2624267.200,131.8900,1.0319,0.5300,0.0339,-1
KHAPRETA_510206,312376.860,2624267.200,132.2400,0.0000,0.1800,0.0115,-1
KHAPRETA_510206,312387.860,2624267.200,132.0700,0.0000,0.3500,0.0224,-1
KHAPRETA_510206,312390.860,2624267.200,132.0600,0.0000,0.3600,0.0230,-1
KHAPRETA_510206,312399.860,2624267.200,132.1500,0.0000,0.2700,0.0173,-1
KHAPRETA_510206,312402.860,2624267.200,132.3100,0.0000,0.1100,0.0070,-1
KHAPRETA_510206,312502.860,2624267.200,132.1400,1.1719,0.2800,0.0179,-1
KHAPRETA_510206,312503.860,2624267.200,132.1200,1.1819,0.3000,0.0192,-1
KHAPRETA_510206,312507.860,2624267.200,132.0000,0.0000,0.4200,0.0268,-1
KHAPRETA_510206,312510.860,2624267.200,132.3800,1.1519,0.0400,0.0026,-1
KHAPRETA_510206,311950.860,2624268.200,127.8000,0.0000,4.6200,0.2952,-1
KHAPRETA_510206,311954.860,2624268.200,127.7300,0.9881,4.6900,0.2997,-1
KHAPRETA_510206,311955.860,2624268.200,127.8000,0.9731,4.6200,0.2952,-1
KHAPRETA_510206,311956.860,2624268.200,127.7100,0.1300,4.7100,0.3010,-1
KHAPRETA_510206,311957.860,2624268.200,127.5400,1.4681,4.8800,0.3118,-1
KHAPRETA_510206,311959.860,2624268.200,126.9500,0.0000,5.4700,0.3495,-1
KHAPRETA_510206,311967.860,2624268.200,127.5100,1.6385,4.9100,0.3137,-1
KHAPRETA_510206,311968.860,2624268.200,127.3900,1.1331,5.0300,0.3214,-1
KHAPRETA_510206,311971.860,2624268.200,127.4400,1.0981,4.9800,0.3182,-1
KHAPRETA_510206,311975.860,2624268.200,127.4000,0.0000,5.0200,0.3208,-1
KHAPRETA_510206,311981.860,2624268.200,129.8900,0.0000,2.5300,0.1617,-1
KHAPRETA_510206,311985.860,2624268.200,126.4400,0.3750,5.9800,0.3821,-1
KHAPRETA_510206,311988.860,2624268.200,125.6500,2.0631,6.7700,0.4326,-1
KHAPRETA_510206,311989.860,2624268.200,125.6500,0.1450,6.7700,0.4326,-1
KHAPRETA_510206,311990.860,2624268.200,125.3600,2.8340,7.0600,0.4511,-1
KHAPRETA_510206,311999.860,2624268.200,124.6200,2.5531,7.8000,0.4984,-1
KHAPRETA_510206,312006.860,2624268.200,125.1000,0.2600,7.3200,0.4677,-1
KHAPRETA_510206,312008.860,2624268.200,125.2100,0.0000,7.2100,0.4607,-1
KHAPRETA_510206,312015.860,2624268.200,125.6300,0.0000,6.7900,0.4339,-1
KHAPRETA_510206,312017.860,2624268.200,125.3000,1.8131,7.1200,0.4550,-1
KHAPRETA_510206,312036.860,2624268.200,126.8400,0.0569,5.5800,0.3565,-1
KHAPRETA_510206,312038.860,2624268.200,127.2100,1.4931,5.2100,0.3329,-1
KHAPRETA_510206,312039.860,2624268.200,126.7900,1.9198,5.6300,0.3597,-1
KHAPRETA_510206,312042.860,2624268.200,126.4400,0.0000,5.9800,0.3821,-1
KHAPRETA_510206,312045.860,2624268.200,126.5800,1.7031,5.8400,0.3732,-1
KHAPRETA_510206,312048.860,2624268.200,126.3100,1.6981,6.1100,0.3904,-1
KHAPRETA_510206,312050.860,2624268.200,126.2400,2.4969,6.1800,0.3949,-1
KHAPRETA_510206,312051.860,2624268.200,126.2400,1.7681,6.1800,0.3949,-1
KHAPRETA_510206,312055.860,2624268.200,126.2900,0.0000,6.1300,0.3917,-1
KHAPRETA_510206,312062.860,2624268.200,126.1100,1.8631,6.3100,0.4032,-1
KHAPRETA_510206,312065.860,2624268.200,126.1600,2.4937,6.2600,0.4000,-1
KHAPRETA_510206,312066.860,2624268.200,126.1900,1.8081,6.2300,0.3981,-1
KHAPRETA_510206,312073.860,2624268.200,126.4900,1.3981,5.9300,0.3789,-1
KHAPRETA_510206,312078.860,2624268.200,129.4200,1.0112,3.0000,0.1917,-1
KHAPRETA_510206,312079.860,2624268.200,127.8100,0.1902,4.6100,0.2946,-1
KHAPRETA_510206,312082.860,2624268.200,127.7800,1.0431,4.6400,0.2965,-1
KHAPRETA_510206,312083.860,2624268.200,127.6900,0.0457,4.7300,0.3022,-1
KHAPRETA_510206,312084.860,2624268.200,127.8700,1.0431,4.5500,0.2907,-1
KHAPRETA_510206,312089.860,2624268.200,127.9800,1.3196,4.4400,0.2837,-1
KHAPRETA_510206,312090.860,2624268.200,127.8900,0.0250,4.5300,0.2895,-1
KHAPRETA_510206,312091.860,2624268.200,127.9300,0.9431,4.4900,0.2869,-1
KHAPRETA_510206,312094.860,2624268.200,127.8500,1.0431,4.5700,0.2920,-1
KHAPRETA_510206,312096.860,2624268.200,127.5500,1.0881,4.8700,0.3112,-1
KHAPRETA_510206,312097.860,2624268.200,127.6000,1.5671,4.8200,0.3080,-1
KHAPRETA_510206,312099.860,2624268.200,127.7100,1.0581,4.7100,0.3010,-1
KHAPRETA_510206,312102.860,2624268.200,127.7200,0.0000,4.7000,0.3003,-1
KHAPRETA_510206,312107.860,2624268.200,128.1300,0.3231,4.2900,0.2741,-1
KHAPRETA_510206,312108.860,2624268.200,129.1300,0.8754,3.2900,0.2102,-1
KHAPRETA_510206,312113.860,2624268.200,129.1200,0.4331,3.3000,0.2109,-1
KHAPRETA_510206,312114.860,2624268.200,128.9100,0.4000,3.5100,0.2243,-1
KHAPRETA_510206,312115.860,2624268.200,128.3200,0.4331,4.1000,0.2620,-1
KHAPRETA_510206,312117.860,2624268.200,128.3700,0.8454,4.0500,0.2588,-1
KHAPRETA_510206,312118.860,2624268.200,128.7800,0.7867,3.6400,0.2326,-1
KHAPRETA_510206,312121.860,2624268.200,129.4900,0.1531,2.9300,0.1872,-1
KHAPRETA_510206,312129.860,2624268.200,128.6200,0.5981,3.8000,0.2428,-1
KHAPRETA_510206,312131.860,2624268.200,128.8600,0.5131,3.5600,0.2275,-1
KHAPRETA_510206,312132.860,2624268.200,128.7500,0.6657,3.6700,0.2345,-1
KHAPRETA_510206,312134.860,2624268.200,128.8000,0.5281,3.6200,0.2313,-1
KHAPRETA_510206,312135.860,2624268.200,128.7200,0.4881,3.7000,0.2364,-1
KHAPRETA_510206,312142.860,2624268.200,128.7600,0.0000,3.6600,0.2339,-1
KHAPRETA_510206,312151.860,2624268.200,128.9200,0.4381,3.5000,0.2236,-1
KHAPRETA_510206,312152.860,2624268.200,128.9000,0.6269,3.5200,0.2249,-1
KHAPRETA_510206,312157.860,2624268.200,129.1200,0.0000,3.3000,0.2109,-1
KHAPRETA_510206,312163.860,2624268.200,129.1900,0.0000,3.2300,0.2064,-1
KHAPRETA_510206,312165.860,2624268.200,129.1800,0.3181,3.2400,0.2070,-1
KHAPRETA_510206,312166.860,2624268.200,129.1400,0.2981,3.2800,0.2096,-1
KHAPRETA_510206,312168.860,2624268.200,129.0200,0.0000,3.4000,0.2173,-1
KHAPRETA_510206,312174.860,2624268.200,129.1900,0.0000,3.2300,0.2064,-1
KHAPRETA_510206,312179.860,2624268.200,129.1800,0.0000,3.2400,0.2070,-1
KHAPRETA_510206,312182.860,2624268.200,129.1200,0.0919,3.3000,0.2109,-1
KHAPRETA_510206,312188.860,2624268.200,129.2100,0.0000,3.2100,0.2051,-1
KHAPRETA_510206,312190.860,2624268.200,129.2100,0.0000,3.2100,0.2051,-1
KHAPRETA_510206,312199.860,2624268.200,129.7100,0.0281,2.7100,0.1732,-1
KHAPRETA_510206,312200.860,2624268.200,129.7200,0.0150,2.7000,0.1725,-1
KHAPRETA_510206,312201.860,2624268.200,129.7400,0.0334,2.6800,0.1712,-1
KHAPRETA_510206,312214.860,2624268.200,129.8600,0.0000,2.5600,0.1636,-1
KHAPRETA_510206,312220.860,2624268.200,129.8900,0.0000,2.5300,0.1617,-1
KHAPRETA_510206,312222.860,2624268.200,130.3400,0.2519,2.0800,0.1329,-1
KHAPRETA_510206,312223.860,2624268.200,130.2800,0.2819,2.1400,0.1367,-1
KHAPRETA_510206,312225.860,2624268.200,130.3800,0.4414,2.0400,0.1304,-1
KHAPRETA_510206,312226.860,2624268.200,130.3800,0.3019,2.0400,0.1304,-1
KHAPRETA_510206,312230.860,2624268.200,130.4700,0.3619,1.9500,0.1246,-1
KHAPRETA_510206,312231.860,2624268.200,130.5000,0.3469,1.9200,0.1227,-1
KHAPRETA_510206,312249.860,2624268.200,130.6300,0.4119,1.7900,0.1144,-1
KHAPRETA_510206,312250.860,2624268.200,130.6000,0.4269,1.8200,0.1163,-1
KHAPRETA_510206,312258.860,2624268.200,130.5800,0.0000,1.8400,0.1176,-1
KHAPRETA_510206,312260.860,2624268.200,130.6000,0.4219,1.8200,0.1163,-1
KHAPRETA_510206,312261.860,2624268.200,130.6200,0.0200,1.8000,0.1150,-1
KHAPRETA_510206,312262.860,2624268.200,130.6400,0.6146,1.7800,0.1137,-1
KHAPRETA_510206,312265.860,2624268.200,130.6200,0.0000,1.8000,0.1150,-1
KHAPRETA_510206,312276.860,2624268.200,130.6600,0.4369,1.7600,0.1125,-1
KHAPRETA_510206,312278.860,2624268.200,130.7000,0.0000,1.7200,0.1099,-1
KHAPRETA_510206,312283.860,2624268.200,130.6800,0.0000,1.7400,0.1112,-1
KHAPRETA_510206,312291.860,2624268.200,130.6800,0.4569,1.7400,0.1112,-1
KHAPRETA_510206,312301.860,2624268.200,131.2000,0.0000,1.2200,0.0780,-1
KHAPRETA_510206,312305.860,2624268.200,131.2300,0.6919,1.1900,0.0760,-1
KHAPRETA_510206,312307.860,2624268.200,131.4900,0.8469,0.9300,0.0594,-1
KHAPRETA_510206,312308.860,2624268.200,131.4700,0.0400,0.9500,0.0607,-1
KHAPRETA_510206,312309.860,2624268.200,131.5700,0.0150,0.8500,0.0543,-1
KHAPRETA_510206,312310.860,2624268.200,131.4400,1.2649,0.9800,0.0626,-1
KHAPRETA_510206,312326.860,2624268.200,131.4900,0.0000,0.9300,0.0594,-1
KHAPRETA_510206,312337.860,2624268.200,131.4100,0.0000,1.0100,0.0645,-1
KHAPRETA_510206,312343.860,2624268.200,132.0600,0.0000,0.3600,0.0230,-1
KHAPRETA_510206,312348.860,2624268.200,132.2200,0.0000,0.2000,0.0128,-1
KHAPRETA_510206,312351.860,2624268.200,132.0800,1.1919,0.3400,0.0217,-1
KHAPRETA_510206,312354.860,2624268.200,132.2700,1.1969,0.1500,0.0096,-1
KHAPRETA_510206,312361.860,2624268.200,132.3800,0.0000,0.0400,0.0026,-1
KHAPRETA_510206,312366.860,2624268.200,132.3200,0.8919,0.1000,0.0064,-1
KHAPRETA_510206,312367.860,2624268.200,131.5600,1.7329,0.8600,0.0550,-1
KHAPRETA_510206,312382.860,2624268.200,132.0300,0.0000,0.3900,0.0249,-1
KHAPRETA_510206,312384.860,2624268.200,132.0400,0.0000,0.3800,0.0243,-1
KHAPRETA_510206,312394.860,2624268.200,132.1100,0.0000,0.3100,0.0198,-1
KHAPRETA_510206,312400.860,2624268.200,132.1500,0.0000,0.2700,0.0173,-1
KHAPRETA_510206,312506.860,2624268.200,132.1400,0.0000,0.2800,0.0179,-1
KHAPRETA_510206,311946.860,2624269.200,127.8800,0.9631,4.5400,0.2901,-1
KHAPRETA_510206,311962.860,2624269.200,127.6300,1.5175,4.7900,0.3061,-1
KHAPRETA_510206,311963.860,2624269.200,127.6300,0.1450,4.7900,0.3061,-1
KHAPRETA_510206,311964.860,2624269.200,127.3400,1.0731,5.0800,0.3246,-1
KHAPRETA_510206,311966.860,2624269.200,127.4800,1.3731,4.9400,0.3157,-1
KHAPRETA_510206,311969.860,2624269.200,127.2900,0.0000,5.1300,0.3278,-1
KHAPRETA_510206,311977.860,2624269.200,127.2700,1.4931,5.1500,0.3291,-1
KHAPRETA_510206,311979.860,2624269.200,127.8100,0.0000,4.6100,0.2946,-1
KHAPRETA_510206,311984.860,2624269.200,126.0100,2.9977,6.4100,0.4096,-1
KHAPRETA_510206,311985.860,2624269.200,125.8100,1.6681,6.6100,0.4224,-1
KHAPRETA_510206,311986.860,2624269.200,125.9900,1.9831,6.4300,0.4109,-1
KHAPRETA_510206,311996.860,2624269.200,124.6900,0.0000,7.7300,0.4939,-1
KHAPRETA_510206,311998.860,2624269.200,124.5600,3.5894,7.8600,0.5022,-1
KHAPRETA_510206,311999.860,2624269.200,124.6700,2.5792,7.7500,0.4952,-1
KHAPRETA_510206,312000.860,2624269.200,124.7100,2.5139,7.7100,0.4927,-1
KHAPRETA_510206,312001.860,2624269.200,124.8000,2.5331,7.6200,0.4869,-1
KHAPRETA_510206,312006.860,2624269.200,125.5400,2.3381,6.8800,0.4396,-1
KHAPRETA_510206,312010.860,2624269.200,125.2700,0.0000,7.1500,0.4569,-1
KHAPRETA_510206,312014.860,2624269.200,125.9400,0.0000,6.4800,0.4141,-1
KHAPRETA_510206,312017.860,2624269.200,126.1500,2.2381,6.2700,0.4006,-1
KHAPRETA_510206,312019.860,2624269.200,125.8900,1.1531,6.5300,0.4173,-1
KHAPRETA_510206,312020.860,2624269.200,127.4700,1.9431,4.9500,0.3163,-1
KHAPRETA_510206,312026.860,2624269.200,129.0100,0.2319,3.4100,0.2179,-1
KHAPRETA_510206,312036.860,2624269.200,129.8900,1.6700,2.5300,0.1617,-1
KHAPRETA_510206,312039.860,2624269.200,126.9200,1.4931,5.5000,0.3514,-1
KHAPRETA_510206,312046.860,2624269.200,126.3800,0.0000,6.0400,0.3859,-1
KHAPRETA_510206,312048.860,2624269.200,126.3800,0.1100,6.0400,0.3859,-1
KHAPRETA_510206,312053.860,2624269.200,126.2300,1.7581,6.1900,0.3955,-1
KHAPRETA_510206,312059.860,2624269.200,126.0900,1.8331,6.3300,0.4045,-1
KHAPRETA_510206,312060.860,2624269.200,126.1100,1.8431,6.3100,0.4032,-1
KHAPRETA_510206,312065.860,2624269.200,126.3100,1.8081,6.1100,0.3904,-1
KHAPRETA_510206,312068.860,2624269.200,126.4800,0.0000,5.9400,0.3796,-1
KHAPRETA_510206,312070.860,2624269.200,125.9500,1.8731,6.4700,0.4134,-1
KHAPRETA_510206,312073.860,2624269.200,126.9800,1.6431,5.4400,0.3476,-1
KHAPRETA_510206,312078.860,2624269.200,130.2500,0.9623,2.1700,0.1387,-1
KHAPRETA_510206,312079.860,2624269.200,129.9100,0.2703,2.5100,0.1604,-1
KHAPRETA_510206,312081.860,2624269.200,127.5900,0.0000,4.8300,0.3086,-1
KHAPRETA_510206,312089.860,2624269.200,127.9300,0.8981,4.4900,0.2869,-1
KHAPRETA_510206,312097.860,2624269.200,127.5700,1.0881,4.8500,0.3099,-1
KHAPRETA_510206,312099.860,2624269.200,127.6600,1.0331,4.7600,0.3042,-1
KHAPRETA_510206,312103.860,2624269.200,127.7000,1.4789,4.7200,0.3016,-1
KHAPRETA_510206,312104.860,2624269.200,127.6500,1.0381,4.7700,0.3048,-1
KHAPRETA_510206,312106.860,2624269.200,127.8600,0.0000,4.5600,0.2914,-1
KHAPRETA_510206,312108.860,2624269.200,129.1800,0.3550,3.2400,0.2070,-1
KHAPRETA_510206,312110.860,2624269.200,129.2400,0.4331,3.1800,0.2032,-1
KHAPRETA_510206,312111.860,2624269.200,128.9100,0.1050,3.5100,0.2243,-1
KHAPRETA_510206,312112.860,2624269.200,129.0300,0.4331,3.3900,0.2166,-1
KHAPRETA_510206,312116.860,2624269.200,128.6700,0.6831,3.7500,0.2396,-1
KHAPRETA_510206,312117.860,2624269.200,128.4100,0.6292,4.0100,0.2562,-1
KHAPRETA_510206,312120.860,2624269.200,129.2000,0.0000,3.2200,0.2058,-1
KHAPRETA_510206,312122.860,2624269.200,129.9500,0.0000,2.4700,0.1578,-1
KHAPRETA_510206,312128.860,2624269.200,131.6200,0.5981,0.8000,0.0511,-1
KHAPRETA_510206,312129.860,2624269.200,128.5800,0.9250,3.8400,0.2454,-1
KHAPRETA_510206,312140.860,2624269.200,129.0200,0.0000,3.4000,0.2173,-1
KHAPRETA_510206,312143.860,2624269.200,128.8500,0.0000,3.5700,0.2281,-1
KHAPRETA_510206,312147.860,2624269.200,128.8600,0.4531,3.5600,0.2275,-1
KHAPRETA_510206,312148.860,2624269.200,128.8700,0.4581,3.5500,0.2268,-1
KHAPRETA_510206,312152.860,2624269.200,128.8600,0.4381,3.5600,0.2275,-1
KHAPRETA_510206,312158.860,2624269.200,128.9100,0.0000,3.5100,0.2243,-1
KHAPRETA_510206,312164.860,2624269.200,129.0000,0.3281,3.4200,0.2185,-1
KHAPRETA_510206,312175.860,2624269.200,129.2300,0.0000,3.1900,0.2038,-1
KHAPRETA_510206,312178.860,2624269.200,129.6600,0.0000,2.7600,0.1764,-1
KHAPRETA_510206,312181.860,2624269.200,129.2400,0.0919,3.1800,0.2032,-1
KHAPRETA_510206,312182.860,2624269.200,129.9600,0.4237,2.4600,0.1572,-1
KHAPRETA_510206,312184.860,2624269.200,129.5200,0.3219,2.9000,0.1853,-1
KHAPRETA_510206,312186.860,2624269.200,129.5300,0.0000,2.8900,0.1847,-1
KHAPRETA_510206,312193.860,2624269.200,129.7500,0.0431,2.6700,0.1706,-1
KHAPRETA_510206,312194.860,2624269.200,129.6900,0.0131,2.7300,0.1744,-1
KHAPRETA_510206,312198.860,2624269.200,129.6900,0.0000,2.7300,0.1744,-1
KHAPRETA_510206,312217.860,2624269.200,129.9000,0.0000,2.5200,0.1610,-1
KHAPRETA_510206,312225.860,2624269.200,130.4200,0.0200,2.0000,0.1278,-1
KHAPRETA_510206,312228.860,2624269.200,130.4500,0.3269,1.9700,0.1259,-1
KHAPRETA_510206,312229.860,2624269.200,130.4300,0.4695,1.9900,0.1272,-1
KHAPRETA_510206,312232.860,2624269.200,130.5800,0.0000,1.8400,0.1176,-1
KHAPRETA_510206,312236.860,2624269.200,130.3400,0.3219,2.0800,0.1329,-1
KHAPRETA_510206,312239.860,2624269.200,130.4100,0.4169,2.0100,0.1284,-1
KHAPRETA_510206,312240.860,2624269.200,130.6100,0.4773,1.8100,0.1157,-1
KHAPRETA_510206,312256.860,2624269.200,132.1800,0.0000,0.2400,0.0153,-1
KHAPRETA_510206,312262.860,2624269.200,130.6700,0.4319,1.7500,0.1118,-1
KHAPRETA_510206,312264.860,2624269.200,130.6600,0.4319,1.7600,0.1125,-1
KHAPRETA_510206,312265.860,2624269.200,130.6400,0.6110,1.7800,0.1137,-1
KHAPRETA_510206,312281.860,2624269.200,130.6700,0.0000,1.7500,0.1118,-1
KHAPRETA_510206,312284.860,2624269.200,130.6600,0.4469,1.7600,0.1125,-1
KHAPRETA_510206,312285.860,2624269.200,130.6700,0.0100,1.7500,0.1118,-1
KHAPRETA_510206,312286.860,2624269.200,130.6800,0.4469,1.7400,0.1112,-1
KHAPRETA_510206,312291.860,2624269.200,130.6900,0.6462,1.7300,0.1105,-1
KHAPRETA_510206,312292.860,2624269.200,130.7000,0.4569,1.7200,0.1099,-1
KHAPRETA_510206,312297.860,2624269.200,131.2200,0.7319,1.2000,0.0767,-1
KHAPRETA_510206,312298.860,2624269.200,131.2400,0.7219,1.1800,0.0754,-1
KHAPRETA_510206,312300.860,2624269.200,131.2700,0.0000,1.1500,0.0735,-1
KHAPRETA_510206,312304.860,2624269.200,131.1400,0.6919,1.2800,0.0818,-1
KHAPRETA_510206,312305.860,2624269.200,131.1600,0.9967,1.2600,0.0805,-1
KHAPRETA_510206,312310.860,2624269.200,131.5600,0.8319,0.8600,0.0550,-1
KHAPRETA_510206,312312.860,2624269.200,131.6100,0.0000,0.8100,0.0518,-1
KHAPRETA_510206,312314.860,2624269.200,131.4900,1.2544,0.9300,0.0594,-1
KHAPRETA_510206,312315.860,2624269.200,131.5700,1.2333,0.8500,0.0543,-1
KHAPRETA_510206,312319.860,2624269.200,131.5000,0.0000,0.9200,0.0588,-1
KHAPRETA_510206,312323.860,2624269.200,131.5100,0.0000,0.9100,0.0581,-1
KHAPRETA_510206,312327.860,2624269.200,131.3500,0.0000,1.0700,0.0684,-1
KHAPRETA_510206,312333.860,2624269.200,131.3100,0.0000,1.1100,0.0709,-1
KHAPRETA_510206,312342.860,2624269.200,131.4700,0.0000,0.9500,0.0607,-1
KHAPRETA_510206,312350.860,2624269.200,131.9700,0.0000,0.4500,0.0288,-1
KHAPRETA_510206,312352.860,2624269.200,132.2100,0.0000,0.2100,0.0134,-1
KHAPRETA_510206,312354.860,2624269.200,132.1700,1.7112,0.2500,0.0160,-1
KHAPRETA_510206,312355.860,2624269.200,132.1200,0.0600,0.3000,0.0192,-1
KHAPRETA_510206,312356.860,2624269.200,132.0500,1.1719,0.3700,0.0236,-1
KHAPRETA_510206,312364.860,2624269.200,132.4200,0.0000,0.0000,0.0000,-1
KHAPRETA_510206,312367.860,2624269.200,132.1300,0.8919,0.2900,0.0185,-1
KHAPRETA_510206,312377.860,2624269.200,132.0300,1.1119,0.3900,0.0249,-1
KHAPRETA_510206,312378.860,2624269.200,132.0000,1.1269,0.4200,0.0268,-1
KHAPRETA_510206,312385.860,2624269.200,132.0700,0.0000,0.3500,0.0224,-1
KHAPRETA_510206,312387.860,2624269.200,132.0600,1.1519,0.3600,0.0230,-1
KHAPRETA_510206,312388.860,2624269.200,132.0800,1.1419,0.3400,0.0217,-1
KHAPRETA_510206,312391.860,2624269.200,132.1100,0.0000,0.3100,0.0198,-1
KHAPRETA_510206,312395.860,2624269.200,132.0900,0.0000,0.3300,0.0211,-1
KHAPRETA_510206,312505.860,2624269.200,131.8800,0.0000,0.5400,0.0345,-1
KHAPRETA_510206,312507.860,2624269.200,131.6000,0.0000,0.8200,0.0524,-1
KHAPRETA_510206,311946.860,2624270.200,127.8500,0.9481,4.5700,0.2920,-1
KHAPRETA_510206,311960.860,2624270.200,127.4900,1.0731,4.9300,0.3150,-1
KHAPRETA_510206,311961.860,2624270.200,127.6300,1.0654,4.7900,0.3061,-1
KHAPRETA_510206,311962.860,2624270.200,127.6300,1.5175,4.7900,0.3061,-1
KHAPRETA_510206,311966.860,2624270.200,127.0300,1.1481,5.3900,0.3444,-1
KHAPRETA_510206,311971.860,2624270.200,127.0800,1.3231,5.3400,0.3412,-1
KHAPRETA_510206,311972.860,2624270.200,127.1300,1.3481,5.2900,0.3380,-1
KHAPRETA_510206,311974.860,2624270.200,127.0400,1.5181,5.3800,0.3438,-1
KHAPRETA_510206,311975.860,2624270.200,126.7400,1.3681,5.6800,0.3629,-1
KHAPRETA_510206,311977.860,2624270.200,126.7900,1.2531,5.6300,0.3597,-1
KHAPRETA_510206,311981.860,2624270.200,127.8300,0.8881,4.5900,0.2933,-1
KHAPRETA_510206,311983.860,2624270.200,125.9100,3.2980,6.5100,0.4160,-1
KHAPRETA_510206,311984.860,2624270.200,125.2800,1.9365,7.1400,0.4562,-1
KHAPRETA_510206,311988.860,2624270.200,125.2900,2.6381,7.1300,0.4556,-1
KHAPRETA_510206,311989.860,2624270.200,124.5000,2.5181,7.9200,0.5061,-1
KHAPRETA_510206,311990.860,2624270.200,124.7400,2.6381,7.6800,0.4907,-1
KHAPRETA_510206,311997.860,2624270.200,124.7300,3.5717,7.6900,0.4914,-1
KHAPRETA_510206,311998.860,2624270.200,124.7300,3.6287,7.6900,0.4914,-1
KHAPRETA_510206,312000.860,2624270.200,124.7500,0.0750,7.6700,0.4901,-1
KHAPRETA_510206,312003.860,2624270.200,124.9600,2.1881,7.4600,0.4767,-1
KHAPRETA_510206,312007.860,2624270.200,127.0300,1.3781,5.3900,0.3444,-1
KHAPRETA_510206,312011.860,2624270.200,125.5600,0.0000,6.8600,0.4383,-1
KHAPRETA_510206,312022.860,2624270.200,132.2500,0.0000,0.1700,0.0109,-1
KHAPRETA_510206,312026.860,2624270.200,130.2400,0.3831,2.1800,0.1393,-1
KHAPRETA_510206,312031.860,2624270.200,126.0800,0.0000,6.3400,0.4051,-1
KHAPRETA_510206,312035.860,2624270.200,127.3400,0.2019,5.0800,0.3246,-1
KHAPRETA_510206,312036.860,2624270.200,130.1800,1.2226,2.2400,0.1431,-1
KHAPRETA_510206,312041.860,2624270.200,126.6400,1.5631,5.7800,0.3693,-1
KHAPRETA_510206,312043.860,2624270.200,126.5600,0.0000,5.8600,0.3744,-1
KHAPRETA_510206,312045.860,2624270.200,126.4100,0.0000,6.0100,0.3840,-1
KHAPRETA_510206,312048.860,2624270.200,126.5300,1.6981,5.8900,0.3764,-1
KHAPRETA_510206,312051.860,2624270.200,126.2800,1.7581,6.1400,0.3923,-1
KHAPRETA_510206,312052.860,2624270.200,126.2600,0.0100,6.1600,0.3936,-1
KHAPRETA_510206,312053.860,2624270.200,126.2600,0.0354,6.1600,0.3936,-1
KHAPRETA_510206,312054.860,2624270.200,126.2500,1.7581,6.1700,0.3942,-1
KHAPRETA_510206,312062.860,2624270.200,126.1800,1.7881,6.2400,0.3987,-1
KHAPRETA_510206,312063.860,2624270.200,126.2000,1.7981,6.2200,0.3974,-1
KHAPRETA_510206,312070.860,2624270.200,126.0300,1.9131,6.3900,0.4083,-1
KHAPRETA_510206,312077.860,2624270.200,127.2600,1.1381,5.1600,0.3297,-1
KHAPRETA_510206,312078.860,2624270.200,127.5000,0.2778,4.9200,0.3144,-1
KHAPRETA_510206,312079.860,2624270.200,127.5500,1.1400,4.8700,0.3112,-1
KHAPRETA_510206,312085.860,2624270.200,127.8800,0.8831,4.5400,0.2901,-1
KHAPRETA_510206,312090.860,2624270.200,127.9400,0.9681,4.4800,0.2863,-1
KHAPRETA_510206,312093.860,2624270.200,127.9400,0.0000,4.4800,0.2863,-1
KHAPRETA_510206,312096.860,2624270.200,127.5800,1.0631,4.8400,0.3093,-1
KHAPRETA_510206,312101.860,2624270.200,127.7000,0.0000,4.7200,0.3016,-1
KHAPRETA_510206,312103.860,2624270.200,127.7200,0.0050,4.7000,0.3003,-1
KHAPRETA_510206,312108.860,2624270.200,128.4200,0.5600,4.0000,0.2556,-1
KHAPRETA_510206,312117.860,2624270.200,128.9700,0.8543,3.4500,0.2204,-1
KHAPRETA_510206,312118.860,2624270.200,128.7500,0.1650,3.6700,0.2345,-1
KHAPRETA_510206,312119.860,2624270.200,128.6400,0.5131,3.7800,0.2415,-1
KHAPRETA_510206,312123.860,2624270.200,131.7700,1.2869,0.6500,0.0415,-1
KHAPRETA_510206,312124.860,2624270.200,132.3500,1.2107,0.0700,0.0045,-1
KHAPRETA_510206,312129.860,2624270.200,128.4700,0.5981,3.9500,0.2524,-1
KHAPRETA_510206,312134.860,2624270.200,129.0800,0.4181,3.3400,0.2134,-1
KHAPRETA_510206,312136.860,2624270.200,128.9000,0.0000,3.5200,0.2249,-1
KHAPRETA_510206,312162.860,2624270.200,128.9600,0.4131,3.4600,0.2211,-1
KHAPRETA_510206,312164.860,2624270.200,129.1200,0.3881,3.3000,0.2109,-1
KHAPRETA_510206,312173.860,2624270.200,129.1700,0.3531,3.2500,0.2077,-1
KHAPRETA_510206,312174.860,2624270.200,129.0700,0.3031,3.3500,0.2141,-1
KHAPRETA_510206,312177.860,2624270.200,129.2500,0.0000,3.1700,0.2026,-1
KHAPRETA_510206,312184.860,2624270.200,130.4200,0.2836,2.0000,0.1278,-1
KHAPRETA_510206,312185.860,2624270.200,129.2700,0.3703,3.1500,0.2013,-1
KHAPRETA_510206,312189.860,2624270.200,129.3200,0.2781,3.1000,0.1981,-1
KHAPRETA_510206,312190.860,2624270.200,129.2200,0.2281,3.2000,0.2045,-1
KHAPRETA_510206,312196.860,2624270.200,129.6600,0.0000,2.7600,0.1764,-1
KHAPRETA_510206,312199.860,2624270.200,129.7400,0.0181,2.6800,0.1712,-1
KHAPRETA_510206,312202.860,2624270.200,129.7600,0.0036,2.6600,0.1700,-1
KHAPRETA_510206,312203.860,2624270.200,129.7800,0.0081,2.6400,0.1687,-1
KHAPRETA_510206,312206.860,2624270.200,129.7900,0.0219,2.6300,0.1681,-1
KHAPRETA_510206,312207.860,2624270.200,129.8200,0.0069,2.6000,0.1661,-1
KHAPRETA_510206,312213.860,2624270.200,129.8400,0.0000,2.5800,0.1649,-1
KHAPRETA_510206,312215.860,2624270.200,129.8900,0.0669,2.5300,0.1617,-1
KHAPRETA_510206,312219.860,2624270.200,129.9000,0.0519,2.5200,0.1610,-1
KHAPRETA_510206,312220.860,2624270.200,129.8800,0.0841,2.5400,0.1623,-1
KHAPRETA_510206,312224.860,2624270.200,130.4300,0.4380,1.9900,0.1272,-1
KHAPRETA_510206,312225.860,2624270.200,130.4200,0.4588,2.0000,0.1278,-1
KHAPRETA_510206,312229.860,2624270.200,130.4300,0.3269,1.9900,0.1272,-1
KHAPRETA_510206,312236.860,2624270.200,130.4200,0.3893,2.0000,0.1278,-1
KHAPRETA_510206,312237.860,2624270.200,130.4500,0.3219,1.9700,0.1259,-1
KHAPRETA_510206,312240.860,2624270.200,130.4900,0.0000,1.9300,0.1233,-1
KHAPRETA_510206,312247.860,2624270.200,131.1500,0.0000,1.2700,0.0812,-1
KHAPRETA_510206,312251.860,2624270.200,130.7000,0.0000,1.7200,0.1099,-1
KHAPRETA_510206,312257.860,2624270.200,130.4200,0.0000,2.0000,0.1278,-1
KHAPRETA_510206,312268.860,2624270.200,130.7000,0.4519,1.7200,0.1099,-1
KHAPRETA_510206,312269.860,2624270.200,130.6800,0.4619,1.7400,0.1112,-1
KHAPRETA_510206,312277.860,2624270.200,130.6800,0.0000,1.7400,0.1112,-1
KHAPRETA_510206,312280.860,2624270.200,130.6800,0.0000,1.7400,0.1112,-1
KHAPRETA_510206,312303.860,2624270.200,131.1300,0.0000,1.2900,0.0824,-1
KHAPRETA_510206,312307.860,2624270.200,131.4500,0.0000,0.9700,0.0620,-1
KHAPRETA_510206,312313.860,2624270.200,131.6400,0.8769,0.7800,0.0498,-1
KHAPRETA_510206,312314.860,2624270.200,131.5300,0.8581,0.8900,0.0569,-1
KHAPRETA_510206,312315.860,2624270.200,131.5500,1.2544,0.8700,0.0556,-1
KHAPRETA_510206,312317.860,2624270.200,131.5700,0.0000,0.8500,0.0543,-1
KHAPRETA_510206,312330.860,2624270.200,131.4300,0.7419,0.9900,0.0633,-1
KHAPRETA_510206,312331.860,2624270.200,131.2600,0.0950,1.1600,0.0741,-1
KHAPRETA_510206,312332.860,2624270.200,131.2400,0.7419,1.1800,0.0754,-1
KHAPRETA_510206,312334.860,2624270.200,131.3300,0.0000,1.0900,0.0696,-1
KHAPRETA_510206,312337.860,2624270.200,131.5200,0.8419,0.9000,0.0575,-1
KHAPRETA_510206,312338.860,2624270.200,131.4600,0.8719,0.9600,0.0613,-1
KHAPRETA_510206,312345.860,2624270.200,132.1300,1.2169,0.2900,0.0185,-1
KHAPRETA_510206,312347.860,2624270.200,132.2300,1.2169,0.1900,0.0121,-1
KHAPRETA_510206,312348.860,2624270.200,132.2100,1.2269,0.2100,0.0134,-1
KHAPRETA_510206,312351.860,2624270.200,132.3500,1.2119,0.0700,0.0045,-1
KHAPRETA_510206,312353.860,2624270.200,132.2200,0.0000,0.2000,0.0128,-1
KHAPRETA_510206,312357.860,2624270.200,132.1800,1.2069,0.2400,0.0153,-1
KHAPRETA_510206,312358.860,2624270.200,132.1900,1.2019,0.2300,0.0147,-1
KHAPRETA_510206,312361.860,2624270.200,132.3500,0.0000,0.0700,0.0045,-1
KHAPRETA_510206,312374.860,2624270.200,132.2800,0.0000,0.1400,0.0089,-1
KHAPRETA_510206,312380.860,2624270.200,132.0600,1.1769,0.3600,0.0230,-1
KHAPRETA_510206,312396.860,2624270.200,132.1000,0.0000,0.3200,0.0204,-1
KHAPRETA_510206,312508.860,2624270.200,131.6500,1.2519,0.7700,0.0492,-1
KHAPRETA_510206,312509.860,2624270.200,132.2800,0.0050,0.1400,0.0089,-1
KHAPRETA_510206,312510.860,2624270.200,131.6600,0.1700,0.7600,0.0486,-1
KHAPRETA_510206,312511.860,2624270.200,131.9400,1.4803,0.4800,0.0307,-1
KHAPRETA_510206,311951.860,2624271.200,128.0200,0.9981,4.4000,0.2811,-1
KHAPRETA_510206,311953.860,2624271.200,127.8600,0.0000,4.5600,0.2914,-1
KHAPRETA_510206,311961.860,2624271.200,127.6500,1.0731,4.7700,0.3048,-1
KHAPRETA_510206,311963.860,2624271.200,127.5300,1.0931,4.8900,0.3125,-1
KHAPRETA_510206,311964.860,2624271.200,127.5900,1.1231,4.8300,0.3086,-1
KHAPRETA_510206,311981.860,2624271.200,128.0000,0.9731,4.4200,0.2824,-1
KHAPRETA_510206,311983.860,2624271.200,124.9500,2.7801,7.4700,0.4773,-1
KHAPRETA_510206,311984.860,2624271.200,125.7800,2.4664,6.6400,0.4243,-1
KHAPRETA_510206,311989.860,2624271.200,124.7700,2.6381,7.6500,0.4888,-1
KHAPRETA_510206,311995.860,2624271.200,124.6500,2.4931,7.7700,0.4965,-1
KHAPRETA_510206,311996.860,2624271.200,124.7900,2.5233,7.6300,0.4875,-1
KHAPRETA_510206,311997.860,2624271.200,124.7200,3.5470,7.7000,0.4920,-1
KHAPRETA_510206,312000.860,2624271.200,124.8600,0.1600,7.5600,0.4831,-1
KHAPRETA_510206,312003.860,2624271.200,125.4000,2.4081,7.0200,0.4486,-1
KHAPRETA_510206,312007.860,2624271.200,127.0200,1.4457,5.4000,0.3450,-1
KHAPRETA_510206,312008.860,2624271.200,126.9300,1.5407,5.4900,0.3508,-1
KHAPRETA_510206,312009.860,2624271.200,126.2600,2.3763,6.1600,0.3936,-1
KHAPRETA_510206,312013.860,2624271.200,126.6700,1.0881,5.7500,0.3674,-1
KHAPRETA_510206,312014.860,2624271.200,127.6000,1.5548,4.8200,0.3080,-1
KHAPRETA_510206,312020.860,2624271.200,131.7400,1.0219,0.6800,0.0435,-1
KHAPRETA_510206,312024.860,2624271.200,131.8000,0.9219,0.6200,0.0396,-1
KHAPRETA_510206,312025.860,2624271.200,131.6200,1.5598,0.8000,0.0511,-1
KHAPRETA_510206,312032.860,2624271.200,130.2600,1.7050,2.1600,0.1380,-1
KHAPRETA_510206,312033.860,2624271.200,127.3900,0.2400,5.0300,0.3214,-1
KHAPRETA_510206,312034.860,2624271.200,129.7800,1.1931,2.6400,0.1687,-1
KHAPRETA_510206,312036.860,2624271.200,129.6800,2.0705,2.7400,0.1751,-1
KHAPRETA_510206,312037.860,2624271.200,126.8600,0.0481,5.5600,0.3553,-1
KHAPRETA_510206,312041.860,2624271.200,126.6500,1.5681,5.7700,0.3687,-1
KHAPRETA_510206,312050.860,2624271.200,126.2500,1.7781,6.1700,0.3942,-1
KHAPRETA_510206,312053.860,2624271.200,126.3000,0.0100,6.1200,0.3911,-1
KHAPRETA_510206,312055.860,2624271.200,126.1800,2.4829,6.2400,0.3987,-1
KHAPRETA_510206,312056.860,2624271.200,126.2300,3.0779,6.1900,0.3955,-1
KHAPRETA_510206,312059.860,2624271.200,126.1800,0.0000,6.2400,0.3987,-1
KHAPRETA_510206,312061.860,2624271.200,126.2100,1.7831,6.2100,0.3968,-1
KHAPRETA_510206,312064.860,2624271.200,126.5400,0.0000,5.8800,0.3757,-1
KHAPRETA_510206,312068.860,2624271.200,126.7200,1.4631,5.7000,0.3642,-1
KHAPRETA_510206,312072.860,2624271.200,127.5700,0.8531,4.8500,0.3099,-1
KHAPRETA_510206,312074.860,2624271.200,127.1600,0.0000,5.2600,0.3361,-1
KHAPRETA_510206,312085.860,2624271.200,128.0100,0.0100,4.4100,0.2818,-1
KHAPRETA_510206,312089.860,2624271.200,127.9500,0.9681,4.4700,0.2856,-1
KHAPRETA_510206,312090.860,2624271.200,127.8400,0.9182,4.5800,0.2927,-1
KHAPRETA_510206,312091.860,2624271.200,127.9200,0.9681,4.5000,0.2875,-1
KHAPRETA_510206,312095.860,2624271.200,127.8900,1.0631,4.5300,0.2895,-1
KHAPRETA_510206,312096.860,2624271.200,127.6500,1.1031,4.7700,0.3048,-1
KHAPRETA_510206,312097.860,2624271.200,127.6800,1.0631,4.7400,0.3029,-1
KHAPRETA_510206,312100.860,2624271.200,127.7300,0.0000,4.6900,0.2997,-1
KHAPRETA_510206,312103.860,2624271.200,127.6900,1.4468,4.7300,0.3022,-1
KHAPRETA_510206,312104.860,2624271.200,127.7400,0.0150,4.6800,0.2990,-1
KHAPRETA_510206,312105.860,2624271.200,127.7200,1.0181,4.7000,0.3003,-1
KHAPRETA_510206,312107.860,2624271.200,127.7100,0.8581,4.7100,0.3010,-1
KHAPRETA_510206,312108.860,2624271.200,128.0600,1.2357,4.3600,0.2786,-1
KHAPRETA_510206,312110.860,2624271.200,129.1700,0.3731,3.2500,0.2077,-1
KHAPRETA_510206,312111.860,2624271.200,129.2100,0.3031,3.2100,0.2051,-1
KHAPRETA_510206,312113.860,2624271.200,129.3100,0.0000,3.1100,0.1987,-1
KHAPRETA_510206,312124.860,2624271.200,131.1500,1.5703,1.2700,0.0812,-1
KHAPRETA_510206,312125.860,2624271.200,131.6900,1.2281,0.7300,0.0466,-1
KHAPRETA_510206,312134.860,2624271.200,128.9400,0.5176,3.4800,0.2224,-1
KHAPRETA_510206,312135.860,2624271.200,129.0100,0.4181,3.4100,0.2179,-1
KHAPRETA_510206,312139.860,2624271.200,128.7800,0.0000,3.6400,0.2326,-1
KHAPRETA_510206,312144.860,2624271.200,128.8100,0.6445,3.6100,0.2307,-1
KHAPRETA_510206,312145.860,2624271.200,128.8900,0.4831,3.5300,0.2256,-1
KHAPRETA_510206,312147.860,2624271.200,128.8300,0.0000,3.5900,0.2294,-1
KHAPRETA_510206,312153.860,2624271.200,129.0000,0.4531,3.4200,0.2185,-1
KHAPRETA_510206,312161.860,2624271.200,128.9800,0.5566,3.4400,0.2198,-1
KHAPRETA_510206,312162.860,2624271.200,128.9500,0.4081,3.4700,0.2217,-1
KHAPRETA_510206,312163.860,2624271.200,128.9700,0.4131,3.4500,0.2204,-1
KHAPRETA_510206,312167.860,2624271.200,129.0100,0.3931,3.4100,0.2179,-1
KHAPRETA_510206,312168.860,2624271.200,128.9900,0.5278,3.4300,0.2192,-1
KHAPRETA_510206,312170.860,2624271.200,129.0100,0.0000,3.4100,0.2179,-1
KHAPRETA_510206,312176.860,2624271.200,129.2000,0.2081,3.2200,0.2058,-1
KHAPRETA_510206,312180.860,2624271.200,129.7100,0.1781,2.7100,0.1732,-1
KHAPRETA_510206,312185.860,2624271.200,129.4100,0.2531,3.0100,0.1923,-1
KHAPRETA_510206,312187.860,2624271.200,129.1700,0.0669,3.2500,0.2077,-1
KHAPRETA_510206,312188.860,2624271.200,129.9100,0.3031,2.5100,0.1604,-1
KHAPRETA_510206,312193.860,2624271.200,129.7000,0.0000,2.7200,0.1738,-1
KHAPRETA_510206,312199.860,2624271.200,129.7400,0.0293,2.6800,0.1712,-1
KHAPRETA_510206,312200.860,2624271.200,129.7300,0.0198,2.6900,0.1719,-1
KHAPRETA_510206,312202.860,2624271.200,129.7700,0.0081,2.6500,0.1693,-1
KHAPRETA_510206,312210.860,2624271.200,129.8500,0.0000,2.5700,0.1642,-1
KHAPRETA_510206,312212.860,2624271.200,129.8500,0.0000,2.5700,0.1642,-1
KHAPRETA_510206,312215.860,2624271.200,129.9100,0.0569,2.5100,0.1604,-1
KHAPRETA_510206,312220.860,2624271.200,129.8900,0.0519,2.5300,0.1617,-1
KHAPRETA_510206,312222.860,2624271.200,129.9700,0.0000,2.4500,0.1565,-1
KHAPRETA_510206,312224.860,2624271.200,130.3700,0.0250,2.0500,0.1310,-1
KHAPRETA_510206,312227.860,2624271.200,130.3700,0.0000,2.0500,0.1310,-1
KHAPRETA_510206,312231.860,2624271.200,130.4000,0.0000,2.0200,0.1291,-1
KHAPRETA_510206,312233.860,2624271.200,130.3700,0.4919,2.0500,0.1310,-1
KHAPRETA_510206,312235.860,2624271.200,130.6200,0.4769,1.8000,0.1150,-1
KHAPRETA_510206,312236.860,2624271.200,130.7300,0.5307,1.6900,0.1080,-1
KHAPRETA_510206,312240.860,2624271.200,130.6100,0.3569,1.8100,0.1157,-1
KHAPRETA_510206,312250.860,2624271.200,130.8300,0.0000,1.5900,0.1016,-1
KHAPRETA_510206,312252.860,2624271.200,130.6400,0.0000,1.7800,0.1137,-1
KHAPRETA_510206,312254.860,2624271.200,131.4700,0.3419,0.9500,0.0607,-1
KHAPRETA_510206,312258.860,2624271.200,130.7100,0.4269,1.7100,0.1093,-1
KHAPRETA_510206,312259.860,2624271.200,130.6300,0.4669,1.7900,0.1144,-1
KHAPRETA_510206,312262.860,2624271.200,130.6500,0.4519,1.7700,0.1131,-1
KHAPRETA_510206,312263.860,2624271.200,130.6800,0.6144,1.7400,0.1112,-1
KHAPRETA_510206,312274.860,2624271.200,130.6800,0.0000,1.7400,0.1112,-1
KHAPRETA_510206,312285.860,2624271.200,130.6700,0.0000,1.7500,0.1118,-1
KHAPRETA_510206,312289.860,2624271.200,130.6900,0.0000,1.7300,0.1105,-1
KHAPRETA_510206,312299.860,2624271.200,131.1800,0.0000,1.2400,0.0792,-1
KHAPRETA_510206,312301.860,2624271.200,131.2400,0.0000,1.1800,0.0754,-1
KHAPRETA_510206,312304.860,2624271.200,131.3100,0.0000,1.1100,0.0709,-1
KHAPRETA_510206,312308.860,2624271.200,131.4900,0.8319,0.9300,0.0594,-1
KHAPRETA_510206,312318.860,2624271.200,131.5800,0.0000,0.8400,0.0537,-1
KHAPRETA_510206,312326.860,2624271.200,131.6000,0.8519,0.8200,0.0524,-1
KHAPRETA_510206,312327.860,2624271.200,131.4800,0.9119,0.9400,0.0601,-1
KHAPRETA_510206,312345.860,2624271.200,132.2100,0.0100,0.2100,0.0134,-1
KHAPRETA_510206,312351.860,2624271.200,132.2000,1.2869,0.2200,0.0141,-1
KHAPRETA_510206,312354.860,2624271.200,132.3300,1.2319,0.0900,0.0058,-1
KHAPRETA_510206,312355.860,2624271.200,132.2400,1.2769,0.1800,0.0115,-1
KHAPRETA_510206,312365.860,2624271.200,132.2300,0.0000,0.1900,0.0121,-1
KHAPRETA_510206,312376.860,2624271.200,132.0600,0.0000,0.3600,0.0230,-1
KHAPRETA_510206,312380.860,2624271.200,132.1300,1.1419,0.2900,0.0185,-1
KHAPRETA_510206,312395.860,2624271.200,132.1200,0.0000,0.3000,0.0192,-1
KHAPRETA_510206,312397.860,2624271.200,132.1300,0.0000,0.2900,0.0185,-1
KHAPRETA_510206,312507.860,2624271.200,132.0400,0.0000,0.3800,0.0243,-1
KHAPRETA_510206,312511.860,2624271.200,132.0600,1.0819,0.3600,0.0230,-1
KHAPRETA_510206,311947.860,2624272.200,127.7300,0.9031,4.6900,0.2997,-1
KHAPRETA_510206,311951.860,2624272.200,127.7800,0.8781,4.6400,0.2965,-1
KHAPRETA_510206,311956.860,2624272.200,127.6300,0.0000,4.7900,0.3061,-1
KHAPRETA_510206,311962.860,2624272.200,127.5500,0.0000,4.8700,0.3112,-1
KHAPRETA_510206,311965.860,2624272.200,127.6300,0.0000,4.7900,0.3061,-1
KHAPRETA_510206,311967.860,2624272.200,127.0100,0.0000,5.4100,0.3457,-1
KHAPRETA_510206,311984.860,2624272.200,124.2600,1.9981,8.1600,0.5214,-1
KHAPRETA_510206,311996.860,2624272.200,124.7300,2.4931,7.6900,0.4914,-1
KHAPRETA_510206,311999.860,2624272.200,125.0100,2.3531,7.4100,0.4735,-1
KHAPRETA_510206,312000.860,2624272.200,125.0700,2.4581,7.3500,0.4696,-1
KHAPRETA_510206,312001.860,2624272.200,125.0300,2.3531,7.3900,0.4722,-1
KHAPRETA_510206,312007.860,2624272.200,126.5200,2.0318,5.9000,0.3770,-1
KHAPRETA_510206,312008.860,2624272.200,126.7900,0.5020,5.6300,0.3597,-1
KHAPRETA_510206,312009.860,2624272.200,125.9700,0.5098,6.4500,0.4121,-1
KHAPRETA_510206,312010.860,2624272.200,125.8400,2.7593,6.5800,0.4204,-1
KHAPRETA_510206,312014.860,2624272.200,129.6300,1.2638,2.7900,0.1783,-1
KHAPRETA_510206,312015.860,2624272.200,128.1800,0.2538,4.2400,0.2709,-1
KHAPRETA_510206,312020.860,2624272.200,131.8200,0.9819,0.6000,0.0383,-1
KHAPRETA_510206,312025.860,2624272.200,132.1500,0.9219,0.2700,0.0173,-1
KHAPRETA_510206,312032.860,2624272.200,127.3400,0.2419,5.0800,0.3246,-1
KHAPRETA_510206,312036.860,2624272.200,127.2400,0.0481,5.1800,0.3310,-1
KHAPRETA_510206,312038.860,2624272.200,126.8500,0.0000,5.5700,0.3559,-1
KHAPRETA_510206,312040.860,2624272.200,126.7500,0.0000,5.6700,0.3623,-1
KHAPRETA_510206,312044.860,2624272.200,126.6000,0.0000,5.8200,0.3719,-1
KHAPRETA_510206,312046.860,2624272.200,126.7900,0.0000,5.6300,0.3597,-1
KHAPRETA_510206,312048.860,2624272.200,126.4300,0.0000,5.9900,0.3827,-1
KHAPRETA_510206,312050.860,2624272.200,126.2200,1.7631,6.2000,0.3962,-1
KHAPRETA_510206,312053.860,2624272.200,126.2400,2.4090,6.1800,0.3949,-1
KHAPRETA_510206,312054.860,2624272.200,126.4400,1.2284,5.9800,0.3821,-1
KHAPRETA_510206,312055.860,2624272.200,126.3000,1.9804,6.1200,0.3911,-1
KHAPRETA_510206,312056.860,2624272.200,124.7800,0.0851,7.6400,0.4882,-1
KHAPRETA_510206,312057.860,2624272.200,126.1900,3.0010,6.2300,0.3981,-1
KHAPRETA_510206,312061.860,2624272.200,126.2100,1.7831,6.2100,0.3968,-1
KHAPRETA_510206,312063.860,2624272.200,126.4400,0.0000,5.9800,0.3821,-1
KHAPRETA_510206,312066.860,2624272.200,126.7900,0.0000,5.6300,0.3597,-1
KHAPRETA_510206,312068.860,2624272.200,126.8500,0.0300,5.5700,0.3559,-1
KHAPRETA_510206,312070.860,2624272.200,125.9200,2.3605,6.5000,0.4153,-1
KHAPRETA_510206,312071.860,2624272.200,126.3200,1.0750,6.1000,0.3898,-1
KHAPRETA_510206,312072.860,2624272.200,128.0700,1.2010,4.3500,0.2780,-1
KHAPRETA_510206,312073.860,2624272.200,127.2700,0.8531,5.1500,0.3291,-1
KHAPRETA_510206,312082.860,2624272.200,127.6200,1.0631,4.8000,0.3067,-1
KHAPRETA_510206,312083.860,2624272.200,127.6500,1.0781,4.7700,0.3048,-1
KHAPRETA_510206,312085.860,2624272.200,127.9000,0.8831,4.5200,0.2888,-1
KHAPRETA_510206,312088.860,2624272.200,127.9300,0.9231,4.4900,0.2869,-1
KHAPRETA_510206,312094.860,2624272.200,128.0000,0.9281,4.4200,0.2824,-1
KHAPRETA_510206,312099.860,2624272.200,127.7200,0.0000,4.7000,0.3003,-1
KHAPRETA_510206,312106.860,2624272.200,127.6900,1.0481,4.7300,0.3022,-1
KHAPRETA_510206,312110.860,2624272.200,129.2900,0.3031,3.1300,0.2000,-1
KHAPRETA_510206,312117.860,2624272.200,129.0400,0.6991,3.3800,0.2160,-1
KHAPRETA_510206,312118.860,2624272.200,129.0200,0.3681,3.4000,0.2173,-1
KHAPRETA_510206,312120.860,2624272.200,128.2100,0.0000,4.2100,0.2690,-1
KHAPRETA_510206,312123.860,2624272.200,129.0900,0.0419,3.3300,0.2128,-1
KHAPRETA_510206,312124.860,2624272.200,129.8600,0.9631,2.5600,0.1636,-1
KHAPRETA_510206,312125.860,2624272.200,127.7400,1.7355,4.6800,0.2990,-1
KHAPRETA_510206,312131.860,2624272.200,128.8400,0.6270,3.5800,0.2288,-1
KHAPRETA_510206,312132.860,2624272.200,129.1000,0.4681,3.3200,0.2121,-1
KHAPRETA_510206,312137.860,2624272.200,128.8500,0.0000,3.5700,0.2281,-1
KHAPRETA_510206,312144.860,2624272.200,128.8400,0.4831,3.5800,0.2288,-1
KHAPRETA_510206,312150.860,2624272.200,128.8900,0.4631,3.5300,0.2256,-1
KHAPRETA_510206,312151.860,2624272.200,128.8500,0.6337,3.5700,0.2281,-1
KHAPRETA_510206,312153.860,2624272.200,128.8700,0.3881,3.5500,0.2268,-1
KHAPRETA_510206,312159.860,2624272.200,128.9600,0.3581,3.4600,0.2211,-1
KHAPRETA_510206,312161.860,2624272.200,129.0300,0.3981,3.3900,0.2166,-1
KHAPRETA_510206,312165.860,2624272.200,128.9800,0.0000,3.4400,0.2198,-1
KHAPRETA_510206,312168.860,2624272.200,129.0500,0.3931,3.3700,0.2153,-1
KHAPRETA_510206,312173.860,2624272.200,129.0800,0.3781,3.3400,0.2134,-1
KHAPRETA_510206,312174.860,2624272.200,129.0200,0.3494,3.4000,0.2173,-1
KHAPRETA_510206,312175.860,2624272.200,129.1400,0.1700,3.2800,0.2096,-1
KHAPRETA_510206,312176.860,2624272.200,129.3600,0.4291,3.0600,0.1955,-1
KHAPRETA_510206,312179.860,2624272.200,129.1600,0.1781,3.2600,0.2083,-1
KHAPRETA_510206,312180.860,2624272.200,129.4200,0.3098,3.0000,0.1917,-1
KHAPRETA_510206,312183.860,2624272.200,129.4100,0.1631,3.0100,0.1923,-1
KHAPRETA_510206,312184.860,2624272.200,129.4500,0.1831,2.9700,0.1898,-1
KHAPRETA_510206,312189.860,2624272.200,129.6700,0.0000,2.7500,0.1757,-1
KHAPRETA_510206,312195.860,2624272.200,129.6600,0.0000,2.7600,0.1764,-1
KHAPRETA_510206,312200.860,2624272.200,129.7600,0.0050,2.6600,0.1700,-1
KHAPRETA_510206,312209.860,2624272.200,129.8500,0.0319,2.5700,0.1642,-1
KHAPRETA_510206,312217.860,2624272.200,129.9200,0.0769,2.5000,0.1597,-1
KHAPRETA_510206,312218.860,2624272.200,129.9300,0.0719,2.4900,0.1591,-1
KHAPRETA_510206,312223.860,2624272.200,130.2600,0.3019,2.1600,0.1380,-1
KHAPRETA_510206,312224.860,2624272.200,130.3800,0.2564,2.0400,0.1304,-1
KHAPRETA_510206,312230.860,2624272.200,130.2400,0.0000,2.1800,0.1393,-1
KHAPRETA_510206,312233.860,2624272.200,130.7600,0.2969,1.6600,0.1061,-1
KHAPRETA_510206,312253.860,2624272.200,130.5400,0.3419,1.8800,0.1201,-1
KHAPRETA_510206,312254.860,2624272.200,130.4600,0.8547,1.9600,0.1252,-1
KHAPRETA_510206,312255.860,2624272.200,130.3100,0.3419,2.1100,0.1348,-1
KHAPRETA_510206,312257.860,2624272.200,132.3000,0.0000,0.1200,0.0077,-1
KHAPRETA_510206,312263.860,2624272.200,130.6400,0.4519,1.7800,0.1137,-1
KHAPRETA_510206,312267.860,2624272.200,130.7100,0.0000,1.7100,0.1093,-1
KHAPRETA_510206,312271.860,2624272.200,130.7300,0.4669,1.6900,0.1080,-1
KHAPRETA_510206,312275.860,2624272.200,130.7200,0.0000,1.7000,0.1086,-1
KHAPRETA_510206,312281.860,2624272.200,130.7000,0.0000,1.7200,0.1099,-1
KHAPRETA_510206,312292.860,2624272.200,130.7400,0.0000,1.6800,0.1073,-1
KHAPRETA_510206,312303.860,2624272.200,131.3300,0.0000,1.0900,0.0696,-1
KHAPRETA_510206,312306.860,2624272.200,131.3200,0.0000,1.1000,0.0703,-1
KHAPRETA_510206,312308.860,2624272.200,131.4400,0.8569,0.9800,0.0626,-1
KHAPRETA_510206,312316.860,2624272.200,131.6700,0.0000,0.7500,0.0479,-1
KHAPRETA_510206,312329.860,2624272.200,131.4800,0.0000,0.9400,0.0601,-1
KHAPRETA_510206,312331.860,2624272.200,131.2400,1.1077,1.1800,0.0754,-1
KHAPRETA_510206,312332.860,2624272.200,131.2500,1.0281,1.1700,0.0748,-1
KHAPRETA_510206,312339.860,2624272.200,131.5100,0.0000,0.9100,0.0581,-1
KHAPRETA_510206,312344.860,2624272.200,131.9500,1.4640,0.4700,0.0300,-1
KHAPRETA_510206,312345.860,2624272.200,132.1500,1.0874,0.2700,0.0173,-1
KHAPRETA_510206,312349.860,2624272.200,132.2900,0.0000,0.1300,0.0083,-1
KHAPRETA_510206,312352.860,2624272.200,132.3100,0.0000,0.1100,0.0070,-1
KHAPRETA_510206,312356.860,2624272.200,132.3400,0.0000,0.0800,0.0051,-1
KHAPRETA_510206,312360.860,2624272.200,132.3900,1.3069,0.0300,0.0019,-1
KHAPRETA_510206,312362.860,2624272.200,132.3300,0.0000,0.0900,0.0058,-1
KHAPRETA_510206,312366.860,2624272.200,132.0100,0.0000,0.4100,0.0262,-1
KHAPRETA_510206,312382.860,2624272.200,132.1300,1.6574,0.2900,0.0185,-1
KHAPRETA_510206,312383.860,2624272.200,132.1000,1.1769,0.3200,0.0204,-1
KHAPRETA_510206,312386.860,2624272.200,132.1700,0.0000,0.2500,0.0160,-1
KHAPRETA_510206,312391.860,2624272.200,132.2200,1.2069,0.2000,0.0128,-1
KHAPRETA_510206,312393.860,2624272.200,132.1700,0.0000,0.2500,0.0160,-1
KHAPRETA_510206,311947.860,2624273.200,127.9700,0.9763,4.4500,0.2843,-1
KHAPRETA_510206,311948.860,2624273.200,127.8300,0.9031,4.5900,0.2933,-1
KHAPRETA_510206,311950.860,2624273.200,127.9000,0.9581,4.5200,0.2888,-1
KHAPRETA_510206,311954.860,2624273.200,127.7100,0.0000,4.7100,0.3010,-1
KHAPRETA_510206,311961.860,2624273.200,127.5600,1.1181,4.8600,0.3105,-1
KHAPRETA_510206,311963.860,2624273.200,127.5700,0.0000,4.8500,0.3099,-1
KHAPRETA_510206,311978.860,2624273.200,128.9200,0.2831,3.5000,0.2236,-1
KHAPRETA_510206,311979.860,2624273.200,129.2100,1.3895,3.2100,0.2051,-1
KHAPRETA_510206,311981.860,2624273.200,128.9100,1.0127,3.5100,0.2243,-1
KHAPRETA_510206,311982.860,2624273.200,127.9800,0.9750,4.4400,0.2837,-1
KHAPRETA_510206,311983.860,2624273.200,126.9600,0.8981,5.4600,0.3489,-1
KHAPRETA_510206,311995.860,2624273.200,131.1500,0.0000,1.2700,0.0812,-1
KHAPRETA_510206,311997.860,2624273.200,125.0900,0.0000,7.3300,0.4684,-1
KHAPRETA_510206,312002.860,2624273.200,125.5100,0.0000,6.9100,0.4415,-1
KHAPRETA_510206,312005.860,2624273.200,125.4200,2.0731,7.0000,0.4473,-1
KHAPRETA_510206,312006.860,2624273.200,125.6300,2.1781,6.7900,0.4339,-1
KHAPRETA_510206,312008.860,2624273.200,126.0900,2.4505,6.3300,0.4045,-1
KHAPRETA_510206,312009.860,2624273.200,125.8900,1.9094,6.5300,0.4173,-1
KHAPRETA_510206,312010.860,2624273.200,125.7800,2.7656,6.6400,0.4243,-1
KHAPRETA_510206,312014.860,2624273.200,129.5600,0.2516,2.8600,0.1827,-1
KHAPRETA_510206,312015.860,2624273.200,129.2900,1.3834,3.1300,0.2000,-1
KHAPRETA_510206,312016.860,2624273.200,127.3000,0.8438,5.1200,0.3272,-1
KHAPRETA_510206,312026.860,2624273.200,131.2900,0.0000,1.1300,0.0722,-1
KHAPRETA_510206,312028.860,2624273.200,131.6600,1.0969,0.7600,0.0486,-1
KHAPRETA_510206,312030.860,2624273.200,127.4700,0.0000,4.9500,0.3163,-1
KHAPRETA_510206,312035.860,2624273.200,126.7500,0.0000,5.6700,0.3623,-1
KHAPRETA_510206,312049.860,2624273.200,126.4500,0.0000,5.9700,0.3815,-1
KHAPRETA_510206,312054.860,2624273.200,127.3200,1.6681,5.1000,0.3259,-1
KHAPRETA_510206,312056.860,2624273.200,126.3600,3.0010,6.0600,0.3872,-1
KHAPRETA_510206,312057.860,2624273.200,126.4500,1.7203,5.9700,0.3815,-1
KHAPRETA_510206,312060.860,2624273.200,126.3400,1.6781,6.0800,0.3885,-1
KHAPRETA_510206,312064.860,2624273.200,127.0800,1.3981,5.3400,0.3412,-1
KHAPRETA_510206,312068.860,2624273.200,126.7800,1.4631,5.6400,0.3604,-1
KHAPRETA_510206,312070.860,2624273.200,126.5600,1.9281,5.8600,0.3744,-1
KHAPRETA_510206,312075.860,2624273.200,127.4800,0.0000,4.9400,0.3157,-1
KHAPRETA_510206,312077.860,2624273.200,127.5700,1.0931,4.8500,0.3099,-1
KHAPRETA_510206,312078.860,2624273.200,127.5900,1.5319,4.8300,0.3086,-1
KHAPRETA_510206,312080.860,2624273.200,127.6400,1.1731,4.7800,0.3054,-1
KHAPRETA_510206,312081.860,2624273.200,127.4300,1.0681,4.9900,0.3188,-1
KHAPRETA_510206,312086.860,2624273.200,127.8700,0.0000,4.5500,0.2907,-1
KHAPRETA_510206,312088.860,2624273.200,127.9300,0.9231,4.4900,0.2869,-1
KHAPRETA_510206,312094.860,2624273.200,127.9200,0.9285,4.5000,0.2875,-1
KHAPRETA_510206,312095.860,2624273.200,127.9200,0.0250,4.5000,0.2875,-1
KHAPRETA_510206,312096.860,2624273.200,127.9700,0.9180,4.4500,0.2843,-1
KHAPRETA_510206,312097.860,2624273.200,127.6500,0.9031,4.7700,0.3048,-1
KHAPRETA_510206,312102.860,2624273.200,127.7500,0.0000,4.6700,0.2984,-1
KHAPRETA_510206,312104.860,2624273.200,127.6800,1.0231,4.7400,0.3029,-1
KHAPRETA_510206,312105.860,2624273.200,127.7300,0.0000,4.6900,0.2997,-1
KHAPRETA_510206,312106.860,2624273.200,127.6800,1.4610,4.7400,0.3029,-1
KHAPRETA_510206,312116.860,2624273.200,128.5300,0.5881,3.8900,0.2486,-1
KHAPRETA_510206,312117.860,2624273.200,128.6000,0.7237,3.8200,0.2441,-1
KHAPRETA_510206,312122.860,2624273.200,129.2600,0.0000,3.1600,0.2019,-1
KHAPRETA_510206,312125.860,2624273.200,128.2200,1.0181,4.2000,0.2684,-1
KHAPRETA_510206,312129.860,2624273.200,128.8300,0.1631,3.5900,0.2294,-1
KHAPRETA_510206,312131.860,2624273.200,128.7200,0.4681,3.7000,0.2364,-1
KHAPRETA_510206,312133.860,2624273.200,128.8100,0.2981,3.6100,0.2307,-1
KHAPRETA_510206,312134.860,2624273.200,129.1800,0.4831,3.2400,0.2070,-1
KHAPRETA_510206,312138.860,2624273.200,128.7800,0.0000,3.6400,0.2326,-1
KHAPRETA_510206,312142.860,2624273.200,128.8400,0.4381,3.5800,0.2288,-1
KHAPRETA_510206,312143.860,2624273.200,128.9000,0.6210,3.5200,0.2249,-1
KHAPRETA_510206,312151.860,2624273.200,128.8700,0.0150,3.5500,0.2268,-1
KHAPRETA_510206,312154.860,2624273.200,129.0000,0.0000,3.4200,0.2185,-1
KHAPRETA_510206,312156.860,2624273.200,128.9600,0.4231,3.4600,0.2211,-1
KHAPRETA_510206,312157.860,2624273.200,128.9300,0.5806,3.4900,0.2230,-1
KHAPRETA_510206,312159.860,2624273.200,129.0600,0.0100,3.3600,0.2147,-1
KHAPRETA_510206,312174.860,2624273.200,129.0800,0.3781,3.3400,0.2134,-1
KHAPRETA_510206,312182.860,2624273.200,130.2500,0.0000,2.1700,0.1387,-1
KHAPRETA_510206,312193.860,2624273.200,129.6700,0.0000,2.7500,0.1757,-1
KHAPRETA_510206,312196.860,2624273.200,129.7000,0.0231,2.7200,0.1738,-1
KHAPRETA_510206,312197.860,2624273.200,129.7300,0.0381,2.6900,0.1719,-1
KHAPRETA_510206,312200.860,2624273.200,129.7400,0.1871,2.6800,0.1712,-1
KHAPRETA_510206,312201.860,2624273.200,130.1500,0.0181,2.2700,0.1450,-1
KHAPRETA_510206,312209.860,2624273.200,129.8400,0.0369,2.5800,0.1649,-1
KHAPRETA_510206,312211.860,2624273.200,129.8600,0.0000,2.5600,0.1636,-1
KHAPRETA_510206,312220.860,2624273.200,129.9100,0.0917,2.5100,0.1604,-1
KHAPRETA_510206,312221.860,2624273.200,129.8900,0.1304,2.5300,0.1617,-1
KHAPRETA_510206,312224.860,2624273.200,130.2000,0.3019,2.2200,0.1419,-1
KHAPRETA_510206,312239.860,2624273.200,131.5100,0.0000,0.9100,0.0581,-1
KHAPRETA_510206,312271.860,2624273.200,130.7100,0.4769,1.7100,0.1093,-1
KHAPRETA_510206,312286.860,2624273.200,130.7000,0.0000,1.7200,0.1099,-1
KHAPRETA_510206,312293.860,2624273.200,130.7300,0.0000,1.6900,0.1080,-1
KHAPRETA_510206,312296.860,2624273.200,130.9300,0.0000,1.4900,0.0952,-1
KHAPRETA_510206,312299.860,2624273.200,131.3500,0.0000,1.0700,0.0684,-1
KHAPRETA_510206,312304.860,2624273.200,131.3600,0.0000,1.0600,0.0677,-1
KHAPRETA_510206,312309.860,2624273.200,131.5000,1.2191,0.9200,0.0588,-1
KHAPRETA_510206,312310.860,2624273.200,131.5300,0.0300,0.8900,0.0569,-1
KHAPRETA_510206,312311.860,2624273.200,131.5600,0.8434,0.8600,0.0550,-1
KHAPRETA_510206,312312.860,2624273.200,131.6300,0.8919,0.7900,0.0505,-1
KHAPRETA_510206,312315.860,2624273.200,131.6200,0.0000,0.8000,0.0511,-1
KHAPRETA_510206,312318.860,2624273.200,131.5900,0.0000,0.8300,0.0530,-1
KHAPRETA_510206,312321.860,2624273.200,131.4700,0.0000,0.9500,0.0607,-1
KHAPRETA_510206,312331.860,2624273.200,131.4300,1.0281,0.9900,0.0633,-1
KHAPRETA_510206,312332.860,2624273.200,131.2200,1.1077,1.2000,0.0767,-1
KHAPRETA_510206,312334.860,2624273.200,131.3600,0.0000,1.0600,0.0677,-1
KHAPRETA_510206,312337.860,2624273.200,131.4000,0.0000,1.0200,0.0652,-1
KHAPRETA_510206,312343.860,2624273.200,131.4800,1.1805,0.9400,0.0601,-1
KHAPRETA_510206,312344.860,2624273.200,131.4900,0.3576,0.9300,0.0594,-1
KHAPRETA_510206,312345.860,2624273.200,132.1500,1.4640,0.2700,0.0173,-1
KHAPRETA_510206,312351.860,2624273.200,132.2900,0.0000,0.1300,0.0083,-1
KHAPRETA_510206,312360.860,2624273.200,132.3900,0.0750,0.0300,0.0019,-1
KHAPRETA_510206,312372.860,2624273.200,132.2700,0.0000,0.1500,0.0096,-1
KHAPRETA_510206,312379.860,2624273.200,132.1100,0.0000,0.3100,0.0198,-1
KHAPRETA_510206,312382.860,2624273.200,132.1400,1.1769,0.2800,0.0179,-1
KHAPRETA_510206,312391.860,2624273.200,132.1900,1.2219,0.2300,0.0147,-1
KHAPRETA_510206,312394.860,2624273.200,132.3100,0.0000,0.1100,0.0070,-1
KHAPRETA_510206,312505.860,2624273.200,132.2300,0.0000,0.1900,0.0121,-1
KHAPRETA_510206,312507.860,2624273.200,132.2500,0.0000,0.1700,0.0109,-1
KHAPRETA_510206,311946.860,2624274.200,127.9700,0.9431,4.4500,0.2843,-1
KHAPRETA_510206,311947.860,2624274.200,127.8900,0.9032,4.5300,0.2895,-1
KHAPRETA_510206,311950.860,2624274.200,127.8600,1.3880,4.5600,0.2914,-1
KHAPRETA_510206,311951.860,2624274.200,127.7300,1.3584,4.6900,0.2997,-1
KHAPRETA_510206,311958.860,2624274.200,127.6100,0.0000,4.8100,0.3073,-1
KHAPRETA_510206,311961.860,2624274.200,127.5400,1.0240,4.8800,0.3118,-1
KHAPRETA_510206,311962.860,2624274.200,127.7300,1.1181,4.6900,0.2997,-1
KHAPRETA_510206,311965.860,2624274.200,127.4900,0.0000,4.9300,0.3150,-1
KHAPRETA_510206,311979.860,2624274.200,132.4200,1.4161,0.0000,0.0000,-1
KHAPRETA_510206,311980.860,2624274.200,128.6300,1.8525,3.7900,0.2422,-1
KHAPRETA_510206,311981.860,2624274.200,128.8400,0.7183,3.5800,0.2288,-1
KHAPRETA_510206,312007.860,2624274.200,125.7400,0.0000,6.6800,0.4268,-1
KHAPRETA_510206,312012.860,2624274.200,128.9200,0.9051,3.5000,0.2236,-1
KHAPRETA_510206,312013.860,2624274.200,129.5500,0.4929,2.8700,0.1834,-1
KHAPRETA_510206,312014.860,2624274.200,129.7600,0.1477,2.6600,0.1700,-1
KHAPRETA_510206,312016.860,2624274.200,128.1600,1.6987,4.2600,0.2722,-1
KHAPRETA_510206,312017.860,2624274.200,127.4500,1.4701,4.9700,0.3176,-1
KHAPRETA_510206,312021.860,2624274.200,130.8800,0.9269,1.5400,0.0984,-1
KHAPRETA_510206,312022.860,2624274.200,131.6300,1.0235,0.7900,0.0505,-1
KHAPRETA_510206,312025.860,2624274.200,127.3600,0.0000,5.0600,0.3233,-1
KHAPRETA_510206,312028.860,2624274.200,131.9700,0.9419,0.4500,0.0288,-1
KHAPRETA_510206,312038.860,2624274.200,126.9300,0.0000,5.4900,0.3508,-1
KHAPRETA_510206,312043.860,2624274.200,126.7000,1.5481,5.7200,0.3655,-1
KHAPRETA_510206,312050.860,2624274.200,126.5100,0.0000,5.9100,0.3776,-1
KHAPRETA_510206,312053.860,2624274.200,126.4200,0.0000,6.0000,0.3834,-1
KHAPRETA_510206,312057.860,2624274.200,126.6000,0.4400,5.8200,0.3719,-1
KHAPRETA_510206,312060.860,2624274.200,126.4200,1.7181,6.0000,0.3834,-1
KHAPRETA_510206,312064.860,2624274.200,126.9800,1.3481,5.4400,0.3476,-1
KHAPRETA_510206,312066.860,2624274.200,127.0700,0.0000,5.3500,0.3419,-1
KHAPRETA_510206,312074.860,2624274.200,127.4400,0.0000,4.9800,0.3182,-1
KHAPRETA_510206,312078.860,2624274.200,127.6500,1.0931,4.7700,0.3048,-1
KHAPRETA_510206,312087.860,2624274.200,127.9300,0.9231,4.4900,0.2869,-1
KHAPRETA_510206,312094.860,2624274.200,127.9400,0.0250,4.4800,0.2863,-1
KHAPRETA_510206,312096.860,2624274.200,127.9600,0.9031,4.4600,0.2850,-1
KHAPRETA_510206,312098.860,2624274.200,127.7100,0.9931,4.7100,0.3010,-1
KHAPRETA_510206,312099.860,2624274.200,127.7900,1.0331,4.6300,0.2958,-1
KHAPRETA_510206,312103.860,2624274.200,127.7800,0.9681,4.6400,0.2965,-1
KHAPRETA_510206,312107.860,2624274.200,127.6800,1.0431,4.7400,0.3029,-1
KHAPRETA_510206,312112.860,2624274.200,128.7500,0.5231,3.6700,0.2345,-1
KHAPRETA_510206,312114.860,2624274.200,128.8400,0.6723,3.5800,0.2288,-1
KHAPRETA_510206,312115.860,2624274.200,128.7000,0.4681,3.7200,0.2377,-1
KHAPRETA_510206,312118.860,2624274.200,128.8100,0.3181,3.6100,0.2307,-1
KHAPRETA_510206,312119.860,2624274.200,129.1400,0.6259,3.2800,0.2096,-1
KHAPRETA_510206,312123.860,2624274.200,128.6500,0.0000,3.7700,0.2409,-1
KHAPRETA_510206,312127.860,2624274.200,129.4500,0.3831,2.9700,0.1898,-1
KHAPRETA_510206,312129.860,2624274.200,129.4500,0.7316,2.9700,0.1898,-1
KHAPRETA_510206,312130.860,2624274.200,128.6600,0.1631,3.7600,0.2403,-1
KHAPRETA_510206,312132.860,2624274.200,128.7300,0.0000,3.6900,0.2358,-1
KHAPRETA_510206,312135.860,2624274.200,129.1000,0.4031,3.3200,0.2121,-1
KHAPRETA_510206,312143.860,2624274.200,128.9600,0.0400,3.4600,0.2211,-1
KHAPRETA_510206,312151.860,2624274.200,128.8800,0.4531,3.5400,0.2262,-1
KHAPRETA_510206,312157.860,2624274.200,128.9500,0.4420,3.4700,0.2217,-1
KHAPRETA_510206,312158.860,2624274.200,129.5200,0.0050,2.9000,0.1853,-1
KHAPRETA_510206,312159.860,2624274.200,128.9400,0.3803,3.4800,0.2224,-1
KHAPRETA_510206,312161.860,2624274.200,129.2300,0.4031,3.1900,0.2038,-1
KHAPRETA_510206,312166.860,2624274.200,129.0700,0.3581,3.3500,0.2141,-1
KHAPRETA_510206,312167.860,2624274.200,129.0600,0.4993,3.3600,0.2147,-1
KHAPRETA_510206,312173.860,2624274.200,129.0600,0.3031,3.3600,0.2147,-1
KHAPRETA_510206,312177.860,2624274.200,129.1500,0.0000,3.2700,0.2089,-1
KHAPRETA_510206,312184.860,2624274.200,129.6400,0.0000,2.7800,0.1776,-1
KHAPRETA_510206,312191.860,2624274.200,129.6800,0.0531,2.7400,0.1751,-1
KHAPRETA_510206,312192.860,2624274.200,129.6700,0.0481,2.7500,0.1757,-1
KHAPRETA_510206,312194.860,2624274.200,129.6800,0.0613,2.7400,0.1751,-1
KHAPRETA_510206,312195.860,2624274.200,129.7000,0.0645,2.7200,0.1738,-1
KHAPRETA_510206,312198.860,2624274.200,129.7400,0.0000,2.6800,0.1712,-1
KHAPRETA_510206,312212.860,2624274.200,129.8400,0.0519,2.5800,0.1649,-1
KHAPRETA_510206,312213.860,2624274.200,129.8800,0.0319,2.5400,0.1623,-1
KHAPRETA_510206,312216.860,2624274.200,129.8800,0.0000,2.5400,0.1623,-1
KHAPRETA_510206,312220.860,2624274.200,129.9200,0.1304,2.5000,0.1597,-1
KHAPRETA_510206,312221.860,2624274.200,130.0000,0.0849,2.4200,0.1546,-1
KHAPRETA_510206,312223.860,2624274.200,130.0800,0.0000,2.3400,0.1495,-1
KHAPRETA_510206,312231.860,2624274.200,130.5100,0.2069,1.9100,0.1220,-1
KHAPRETA_510206,312234.860,2624274.200,130.6700,0.9319,1.7500,0.1118,-1
KHAPRETA_510206,312235.860,2624274.200,131.6400,0.4469,0.7800,0.0498,-1
KHAPRETA_510206,312248.860,2624274.200,131.0000,0.6269,1.4200,0.0907,-1
KHAPRETA_510206,312249.860,2624274.200,131.0300,0.6119,1.3900,0.0888,-1
KHAPRETA_510206,312255.860,2624274.200,130.5500,0.0000,1.8700,0.1195,-1
KHAPRETA_510206,312257.860,2624274.200,132.0100,0.7969,0.4100,0.0262,-1
KHAPRETA_510206,312258.860,2624274.200,131.3700,1.5585,1.0500,0.0671,-1
KHAPRETA_510206,312262.860,2624274.200,130.6700,0.4419,1.7500,0.1118,-1
KHAPRETA_510206,312263.860,2624274.200,130.6600,0.4469,1.7600,0.1125,-1
KHAPRETA_510206,312274.860,2624274.200,130.7400,0.0000,1.6800,0.1073,-1
KHAPRETA_510206,312276.860,2624274.200,130.7500,0.0000,1.6700,0.1067,-1
KHAPRETA_510206,312278.860,2624274.200,130.7300,0.4869,1.6900,0.1080,-1
KHAPRETA_510206,312279.860,2624274.200,130.7500,0.4769,1.6700,0.1067,-1
KHAPRETA_510206,312285.860,2624274.200,130.6900,0.0000,1.7300,0.1105,-1
KHAPRETA_510206,312294.860,2624274.200,130.7500,0.0000,1.6700,0.1067,-1
KHAPRETA_510206,312300.860,2624274.200,131.2400,0.0000,1.1800,0.0754,-1
KHAPRETA_510206,312303.860,2624274.200,131.3500,0.7919,1.0700,0.0684,-1
KHAPRETA_510206,312305.860,2624274.200,131.5000,0.8419,0.9200,0.0588,-1
KHAPRETA_510206,312307.860,2624274.200,131.3500,0.7269,1.0700,0.0684,-1
KHAPRETA_510206,312308.860,2624274.200,131.2300,0.0600,1.1900,0.0760,-1
KHAPRETA_510206,312309.860,2624274.200,131.4700,1.1276,0.9500,0.0607,-1
KHAPRETA_510206,312311.860,2624274.200,131.4600,0.8919,0.9600,0.0613,-1
KHAPRETA_510206,312316.860,2624274.200,131.5200,0.0000,0.9000,0.0575,-1
KHAPRETA_510206,312325.860,2624274.200,131.5900,0.0000,0.8300,0.0530,-1
KHAPRETA_510206,312329.860,2624274.200,131.5200,0.8819,0.9000,0.0575,-1
KHAPRETA_510206,312339.860,2624274.200,131.5100,0.8619,0.9100,0.0581,-1
KHAPRETA_510206,312340.860,2624274.200,131.5000,0.0050,0.9200,0.0588,-1
KHAPRETA_510206,312341.860,2624274.200,131.5000,1.1945,0.9200,0.0588,-1
KHAPRETA_510206,312343.860,2624274.200,131.4000,0.9620,1.0200,0.0652,-1
KHAPRETA_510206,312344.860,2624274.200,131.7000,1.1805,0.7200,0.0460,-1
KHAPRETA_510206,312352.860,2624274.200,132.2500,1.2919,0.1700,0.0109,-1
KHAPRETA_510206,312357.860,2624274.200,132.4100,1.2369,0.0100,0.0006,-1
KHAPRETA_510206,312360.860,2624274.200,132.2400,0.0800,0.1800,0.0115,-1
KHAPRETA_510206,312374.860,2624274.200,132.1100,1.1819,0.3100,0.0198,-1
KHAPRETA_510206,312375.860,2624274.200,132.1400,1.1669,0.2800,0.0179,-1
KHAPRETA_510206,312377.860,2624274.200,132.1000,0.0000,0.3200,0.0204,-1
KHAPRETA_510206,312384.860,2624274.200,132.1600,1.1919,0.2600,0.0166,-1
KHAPRETA_510206,311947.860,2624275.200,127.9400,1.3659,4.4800,0.2863,-1
KHAPRETA_510206,311948.860,2624275.200,127.8000,0.9181,4.6200,0.2952,-1
KHAPRETA_510206,311951.860,2624275.200,127.8500,1.0482,4.5700,0.2920,-1
KHAPRETA_510206,311952.860,2624275.200,127.6800,0.9631,4.7400,0.3029,-1
KHAPRETA_510206,311956.860,2624275.200,127.6700,1.0781,4.7500,0.3035,-1
KHAPRETA_510206,311957.860,2624275.200,127.6200,1.4787,4.8000,0.3067,-1
KHAPRETA_510206,311960.860,2624275.200,127.0900,1.0631,5.3300,0.3406,-1
KHAPRETA_510206,311961.860,2624275.200,127.6500,1.7475,4.7700,0.3048,-1
KHAPRETA_510206,311979.860,2624275.200,131.8000,1.4053,0.6200,0.0396,-1
KHAPRETA_510206,311980.860,2624275.200,130.7300,1.7723,1.6900,0.1080,-1
KHAPRETA_510206,311982.860,2624275.200,128.7400,2.3220,3.6800,0.2351,-1
KHAPRETA_510206,311983.860,2624275.200,125.1500,1.1201,7.2700,0.4645,-1
KHAPRETA_510206,312001.860,2624275.200,125.9100,1.9581,6.5100,0.4160,-1
KHAPRETA_510206,312002.860,2624275.200,125.8600,0.0300,6.5600,0.4192,-1
KHAPRETA_510206,312003.860,2624275.200,125.9700,1.9581,6.4500,0.4121,-1
KHAPRETA_510206,312006.860,2624275.200,126.0400,0.0000,6.3800,0.4077,-1
KHAPRETA_510206,312010.860,2624275.200,125.8700,0.0000,6.5500,0.4185,-1
KHAPRETA_510206,312012.860,2624275.200,127.9800,0.4998,4.4400,0.2837,-1
KHAPRETA_510206,312013.860,2624275.200,129.2600,0.7041,3.1600,0.2019,-1
KHAPRETA_510206,312014.860,2624275.200,129.3700,0.4268,3.0500,0.1949,-1
KHAPRETA_510206,312017.860,2624275.200,127.3200,1.1631,5.1000,0.3259,-1
KHAPRETA_510206,312019.860,2624275.200,127.1700,1.1331,5.2500,0.3355,-1
KHAPRETA_510206,312020.860,2624275.200,127.5100,1.3031,4.9100,0.3137,-1
KHAPRETA_510206,312022.860,2624275.200,131.5000,1.1247,0.9200,0.0588,-1
KHAPRETA_510206,312023.860,2624275.200,131.0500,2.3384,1.3700,0.0875,-1
KHAPRETA_510206,312024.860,2624275.200,127.5200,0.6369,4.9000,0.3131,-1
KHAPRETA_510206,312027.860,2624275.200,127.2500,0.0000,5.1700,0.3304,-1
KHAPRETA_510206,312030.860,2624275.200,126.9300,2.0797,5.4900,0.3508,-1
KHAPRETA_510206,312031.860,2624275.200,126.8500,0.0450,5.5700,0.3559,-1
KHAPRETA_510206,312032.860,2624275.200,126.8400,1.4932,5.5800,0.3565,-1
KHAPRETA_510206,312033.860,2624275.200,126.8900,1.4681,5.5300,0.3534,-1
KHAPRETA_510206,312037.860,2624275.200,126.8300,0.0000,5.5900,0.3572,-1
KHAPRETA_510206,312043.860,2624275.200,126.6800,1.5381,5.7400,0.3668,-1
KHAPRETA_510206,312045.860,2624275.200,126.6200,1.5881,5.8000,0.3706,-1
KHAPRETA_510206,312046.860,2624275.200,126.6000,1.5781,5.8200,0.3719,-1
KHAPRETA_510206,312048.860,2624275.200,126.5000,0.0000,5.9200,0.3783,-1
KHAPRETA_510206,312051.860,2624275.200,126.4900,0.0000,5.9300,0.3789,-1
KHAPRETA_510206,312054.860,2624275.200,125.3400,1.3181,7.0800,0.4524,-1
KHAPRETA_510206,312057.860,2624275.200,127.3300,1.5881,5.0900,0.3252,-1
KHAPRETA_510206,312061.860,2624275.200,126.5900,0.0000,5.8300,0.3725,-1
KHAPRETA_510206,312073.860,2624275.200,127.4100,1.0781,5.0100,0.3201,-1
KHAPRETA_510206,312075.860,2624275.200,127.5500,1.0881,4.8700,0.3112,-1
KHAPRETA_510206,312079.860,2624275.200,127.6700,0.0000,4.7500,0.3035,-1
KHAPRETA_510206,312081.860,2624275.200,127.6100,0.0000,4.8100,0.3073,-1
KHAPRETA_510206,312083.860,2624275.200,127.5800,0.0000,4.8400,0.3093,-1
KHAPRETA_510206,312087.860,2624275.200,127.9300,0.0300,4.4900,0.2869,-1
KHAPRETA_510206,312091.860,2624275.200,127.8400,0.0000,4.5800,0.2927,-1
KHAPRETA_510206,312094.860,2624275.200,127.9700,0.9181,4.4500,0.2843,-1
KHAPRETA_510206,312103.860,2624275.200,127.8400,0.9685,4.5800,0.2927,-1
KHAPRETA_510206,312104.860,2624275.200,127.8400,0.0200,4.5800,0.2927,-1
KHAPRETA_510206,312105.860,2624275.200,127.8000,0.9681,4.6200,0.2952,-1
KHAPRETA_510206,312107.860,2624275.200,127.6900,1.0481,4.7300,0.3022,-1
KHAPRETA_510206,312112.860,2624275.200,128.7300,0.0550,3.6900,0.2358,-1
KHAPRETA_510206,312114.860,2624275.200,128.9700,0.0350,3.4500,0.2204,-1
KHAPRETA_510206,312119.860,2624275.200,128.9800,0.3181,3.4400,0.2198,-1
KHAPRETA_510206,312125.860,2624275.200,128.6500,0.3831,3.7700,0.2409,-1
KHAPRETA_510206,312126.860,2624275.200,129.0100,0.1800,3.4100,0.2179,-1
KHAPRETA_510206,312127.860,2624275.200,129.0100,0.4393,3.4100,0.2179,-1
KHAPRETA_510206,312133.860,2624275.200,128.9800,0.0000,3.4400,0.2198,-1
KHAPRETA_510206,312135.860,2624275.200,128.9700,0.1650,3.4500,0.2204,-1
KHAPRETA_510206,312137.860,2624275.200,128.7700,0.4231,3.6500,0.2332,-1
KHAPRETA_510206,312138.860,2624275.200,128.9300,0.0600,3.4900,0.2230,-1
KHAPRETA_510206,312139.860,2624275.200,128.8900,0.5641,3.5300,0.2256,-1
KHAPRETA_510206,312141.860,2624275.200,129.1400,0.0000,3.2800,0.2096,-1
KHAPRETA_510206,312143.860,2624275.200,128.8200,0.0250,3.6000,0.2300,-1
KHAPRETA_510206,312160.860,2624275.200,128.9800,0.4031,3.4400,0.2198,-1
KHAPRETA_510206,312161.860,2624275.200,128.9700,0.4827,3.4500,0.2204,-1
KHAPRETA_510206,312163.860,2624275.200,129.0100,0.3931,3.4100,0.2179,-1
KHAPRETA_510206,312167.860,2624275.200,129.0700,0.5207,3.3500,0.2141,-1
KHAPRETA_510206,312168.860,2624275.200,129.0200,0.0250,3.4000,0.2173,-1
KHAPRETA_510206,312169.860,2624275.200,129.0200,0.3781,3.4000,0.2173,-1
KHAPRETA_510206,312173.860,2624275.200,129.1700,0.3581,3.2500,0.2077,-1
KHAPRETA_510206,312176.860,2624275.200,129.1500,0.0000,3.2700,0.2089,-1
KHAPRETA_510206,312180.860,2624275.200,130.8400,0.2031,1.5800,0.1010,-1
KHAPRETA_510206,312182.860,2624275.200,131.3600,0.1705,1.0600,0.0677,-1
KHAPRETA_510206,312183.860,2624275.200,129.5300,0.7919,2.8900,0.1847,-1
KHAPRETA_510206,312188.860,2624275.200,129.6200,0.0019,2.8000,0.1789,-1
KHAPRETA_510206,312194.860,2624275.200,129.6800,0.0431,2.7400,0.1751,-1
KHAPRETA_510206,312195.860,2624275.200,129.6900,0.0613,2.7300,0.1744,-1
KHAPRETA_510206,312197.860,2624275.200,129.7300,0.0000,2.6900,0.1719,-1
KHAPRETA_510206,312202.860,2624275.200,129.7900,0.0000,2.6300,0.1681,-1
KHAPRETA_510206,312210.860,2624275.200,129.8600,0.0000,2.5600,0.1636,-1
KHAPRETA_510206,312214.860,2624275.200,129.8700,0.0000,2.5500,0.1629,-1
KHAPRETA_510206,312221.860,2624275.200,129.9800,0.1119,2.4400,0.1559,-1
KHAPRETA_510206,312225.860,2624275.200,130.1900,0.0000,2.2300,0.1425,-1
KHAPRETA_510206,312228.860,2624275.200,130.1100,0.0000,2.3100,0.1476,-1
KHAPRETA_510206,312231.860,2624275.200,130.1900,0.3669,2.2300,0.1425,-1
KHAPRETA_510206,312233.860,2624275.200,131.0600,0.0000,1.3600,0.0869,-1
KHAPRETA_510206,312251.860,2624275.200,131.0600,0.3019,1.3600,0.0869,-1
KHAPRETA_510206,312252.860,2624275.200,130.3800,1.2926,2.0400,0.1304,-1
KHAPRETA_510206,312253.860,2624275.200,130.6000,0.6030,1.8200,0.1163,-1
KHAPRETA_510206,312258.860,2624275.200,131.9500,0.7969,0.4700,0.0300,-1
KHAPRETA_510206,312264.860,2624275.200,130.6700,0.0000,1.7500,0.1118,-1
KHAPRETA_510206,312286.860,2624275.200,130.6900,0.0000,1.7300,0.1105,-1
KHAPRETA_510206,312296.860,2624275.200,130.7600,0.8008,1.6600,0.1061,-1
KHAPRETA_510206,312297.860,2624275.200,131.0400,0.4919,1.3800,0.0882,-1
KHAPRETA_510206,312303.860,2624275.200,131.3600,1.1129,1.0600,0.0677,-1
KHAPRETA_510206,312304.860,2624275.200,131.3500,0.7686,1.0700,0.0684,-1
KHAPRETA_510206,312305.860,2624275.200,131.4600,0.7875,0.9600,0.0613,-1
KHAPRETA_510206,312310.860,2624275.200,131.5400,0.0000,0.8800,0.0562,-1
KHAPRETA_510206,312312.860,2624275.200,131.4100,0.9269,1.0100,0.0645,-1
KHAPRETA_510206,312319.860,2624275.200,131.7000,0.0000,0.7200,0.0460,-1
KHAPRETA_510206,312326.860,2624275.200,131.5700,0.0000,0.8500,0.0543,-1
KHAPRETA_510206,312329.860,2624275.200,131.5400,1.2226,0.8800,0.0562,-1
KHAPRETA_510206,312330.860,2624275.200,131.4900,0.8819,0.9300,0.0594,-1
KHAPRETA_510206,312334.860,2624275.200,131.3100,0.7519,1.1100,0.0709,-1
KHAPRETA_510206,312336.860,2624275.200,131.3600,0.7919,1.0600,0.0677,-1
KHAPRETA_510206,312337.860,2624275.200,131.3600,0.0650,1.0600,0.0677,-1
KHAPRETA_510206,312338.860,2624275.200,131.4900,0.7919,0.9300,0.0594,-1
KHAPRETA_510206,312341.860,2624275.200,131.4300,0.8619,0.9900,0.0633,-1
KHAPRETA_510206,312343.860,2624275.200,131.4600,0.0350,0.9600,0.0613,-1
KHAPRETA_510206,312345.860,2624275.200,131.9000,0.8569,0.5200,0.0332,-1
KHAPRETA_510206,312352.860,2624275.200,132.3600,1.8104,0.0600,0.0038,-1
KHAPRETA_510206,312353.860,2624275.200,132.4200,1.2919,0.0000,0.0000,-1
KHAPRETA_510206,312357.860,2624275.200,132.2500,1.3169,0.1700,0.0109,-1
KHAPRETA_510206,312359.860,2624275.200,132.2900,1.2269,0.1300,0.0083,-1
KHAPRETA_510206,312360.860,2624275.200,132.2300,1.7600,0.1900,0.0121,-1
KHAPRETA_510206,312363.860,2624275.200,132.0100,0.0000,0.4100,0.0262,-1
KHAPRETA_510206,312365.860,2624275.200,131.5300,0.0000,0.8900,0.0569,-1
KHAPRETA_510206,312373.860,2624275.200,132.1100,0.0000,0.3100,0.0198,-1
KHAPRETA_510206,312379.860,2624275.200,132.1700,0.0000,0.2500,0.0160,-1
KHAPRETA_510206,312384.860,2624275.200,132.1600,1.1919,0.2600,0.0166,-1
KHAPRETA_510206,312386.860,2624275.200,132.1700,1.2469,0.2500,0.0160,-1
KHAPRETA_510206,312388.860,2624275.200,132.1900,0.0000,0.2300,0.0147,-1
KHAPRETA_510206,311951.860,2624276.200,127.7600,0.9631,4.6600,0.2978,-1
KHAPRETA_510206,311957.860,2624276.200,127.7000,1.0781,4.7200,0.3016,-1
KHAPRETA_510206,311980.860,2624276.200,131.5400,0.3198,0.8800,0.0562,-1
KHAPRETA_510206,311981.860,2624276.200,129.3900,1.1038,3.0300,0.1936,-1
KHAPRETA_510206,311982.860,2624276.200,129.3700,0.9531,3.0500,0.1949,-1
KHAPRETA_510206,311983.860,2624276.200,127.7900,2.3220,4.6300,0.2958,-1
KHAPRETA_510206,311996.860,2624276.200,125.4800,2.0631,6.9400,0.4435,-1
KHAPRETA_510206,311997.860,2624276.200,125.6500,1.9180,6.7700,0.4326,-1
KHAPRETA_510206,311998.860,2624276.200,125.8700,0.2150,6.5500,0.4185,-1
KHAPRETA_510206,311999.860,2624276.200,126.0800,1.9531,6.3400,0.4051,-1
KHAPRETA_510206,312007.860,2624276.200,125.7000,0.0000,6.7200,0.4294,-1
KHAPRETA_510206,312014.860,2624276.200,129.0800,0.2031,3.3400,0.2134,-1
KHAPRETA_510206,312021.860,2624276.200,127.5100,0.0000,4.9100,0.3137,-1
KHAPRETA_510206,312023.860,2624276.200,127.3200,0.6369,5.1000,0.3259,-1
KHAPRETA_510206,312030.860,2624276.200,126.8200,0.0600,5.6000,0.3578,-1
KHAPRETA_510206,312032.860,2624276.200,126.7900,1.4681,5.6300,0.3597,-1
KHAPRETA_510206,312038.860,2624276.200,126.7700,0.0000,5.6500,0.3610,-1
KHAPRETA_510206,312041.860,2624276.200,126.6400,2.1646,5.7800,0.3693,-1
KHAPRETA_510206,312042.860,2624276.200,126.6900,1.5681,5.7300,0.3661,-1
KHAPRETA_510206,312047.860,2624276.200,126.5700,1.6181,5.8500,0.3738,-1
KHAPRETA_510206,312052.860,2624276.200,126.3200,0.0000,6.1000,0.3898,-1
KHAPRETA_510206,312054.860,2624276.200,127.1400,3.2047,5.2800,0.3374,-1
KHAPRETA_510206,312055.860,2624276.200,125.1500,2.1893,7.2700,0.4645,-1
KHAPRETA_510206,312059.860,2624276.200,126.3700,0.0000,6.0500,0.3866,-1
KHAPRETA_510206,312068.860,2624276.200,127.3200,1.5744,5.1000,0.3259,-1
KHAPRETA_510206,312069.860,2624276.200,127.5100,1.2281,4.9100,0.3137,-1
KHAPRETA_510206,312073.860,2624276.200,127.6200,1.1831,4.8000,0.3067,-1
KHAPRETA_510206,312075.860,2624276.200,127.6000,1.1131,4.8200,0.3080,-1
KHAPRETA_510206,312086.860,2624276.200,127.9600,0.8931,4.4600,0.2850,-1
KHAPRETA_510206,312087.860,2624276.200,127.9900,1.2948,4.4300,0.2831,-1
KHAPRETA_510206,312090.860,2624276.200,128.0000,0.0000,4.4200,0.2824,-1
KHAPRETA_510206,312097.860,2624276.200,128.0100,0.0000,4.4100,0.2818,-1
KHAPRETA_510206,312103.860,2624276.200,127.8400,0.0500,4.5800,0.2927,-1
KHAPRETA_510206,312108.860,2624276.200,127.7100,0.0000,4.7100,0.3010,-1
KHAPRETA_510206,312112.860,2624276.200,128.6400,0.6095,3.7800,0.2415,-1
KHAPRETA_510206,312113.860,2624276.200,128.6600,0.1350,3.7600,0.2403,-1
KHAPRETA_510206,312114.860,2624276.200,128.9100,0.4394,3.5100,0.2243,-1
KHAPRETA_510206,312115.860,2624276.200,129.0100,0.1350,3.4100,0.2179,-1
KHAPRETA_510206,312116.860,2624276.200,129.1800,0.3831,3.2400,0.2070,-1
KHAPRETA_510206,312121.860,2624276.200,128.4800,0.0000,3.9400,0.2518,-1
KHAPRETA_510206,312127.860,2624276.200,129.0200,0.4203,3.4000,0.2173,-1
KHAPRETA_510206,312128.860,2624276.200,129.4300,0.3781,2.9900,0.1911,-1
KHAPRETA_510206,312131.860,2624276.200,128.6500,0.0000,3.7700,0.2409,-1
KHAPRETA_510206,312135.860,2624276.200,128.7700,0.4031,3.6500,0.2332,-1
KHAPRETA_510206,312139.860,2624276.200,129.0300,0.3150,3.3900,0.2166,-1
KHAPRETA_510206,312143.860,2624276.200,128.9100,0.4781,3.5100,0.2243,-1
KHAPRETA_510206,312147.860,2624276.200,128.8800,0.0000,3.5400,0.2262,-1
KHAPRETA_510206,312150.860,2624276.200,128.8500,0.0000,3.5700,0.2281,-1
KHAPRETA_510206,312155.860,2624276.200,128.9100,0.0000,3.5100,0.2243,-1
KHAPRETA_510206,312159.860,2624276.200,128.9800,0.0000,3.4400,0.2198,-1
KHAPRETA_510206,312163.860,2624276.200,128.9900,0.0100,3.4300,0.2192,-1
KHAPRETA_510206,312166.860,2624276.200,129.0000,0.0000,3.4200,0.2185,-1
KHAPRETA_510206,312170.860,2624276.200,129.2700,0.2481,3.1500,0.2013,-1
KHAPRETA_510206,312171.860,2624276.200,129.2800,0.0900,3.1400,0.2006,-1
KHAPRETA_510206,312172.860,2624276.200,129.0900,0.4234,3.3300,0.2128,-1
KHAPRETA_510206,312174.860,2624276.200,129.2000,0.0000,3.2200,0.2058,-1
KHAPRETA_510206,312179.860,2624276.200,129.3100,0.2031,3.1100,0.1987,-1
KHAPRETA_510206,312180.860,2624276.200,129.3700,0.5808,3.0500,0.1949,-1
KHAPRETA_510206,312182.860,2624276.200,129.5400,0.8850,2.8800,0.1840,-1
KHAPRETA_510206,312186.860,2624276.200,129.6100,0.0000,2.8100,0.1796,-1
KHAPRETA_510206,312188.860,2624276.200,129.7800,0.0781,2.6400,0.1687,-1
KHAPRETA_510206,312190.860,2624276.200,129.6600,0.0000,2.7600,0.1764,-1
KHAPRETA_510206,312192.860,2624276.200,129.6800,0.0431,2.7400,0.1751,-1
KHAPRETA_510206,312193.860,2624276.200,129.6900,0.0000,2.7300,0.1744,-1
KHAPRETA_510206,312194.860,2624276.200,129.6800,0.0645,2.7400,0.1751,-1
KHAPRETA_510206,312198.860,2624276.200,129.7100,0.0331,2.7100,0.1732,-1
KHAPRETA_510206,312199.860,2624276.200,129.7100,0.0331,2.7100,0.1732,-1
KHAPRETA_510206,312212.860,2624276.200,129.8800,0.0000,2.5400,0.1623,-1
KHAPRETA_510206,312215.860,2624276.200,129.8900,0.0000,2.5300,0.1617,-1
KHAPRETA_510206,312222.860,2624276.200,130.0000,0.0819,2.4200,0.1546,-1
KHAPRETA_510206,312223.860,2624276.200,129.9400,0.0300,2.4800,0.1585,-1
KHAPRETA_510206,312224.860,2624276.200,130.0600,0.0819,2.3600,0.1508,-1
KHAPRETA_510206,312230.860,2624276.200,130.1400,0.0000,2.2800,0.1457,-1
KHAPRETA_510206,312232.860,2624276.200,131.0600,0.0000,1.3600,0.0869,-1
KHAPRETA_510206,312250.860,2624276.200,131.1800,0.0000,1.2400,0.0792,-1
KHAPRETA_510206,312252.860,2624276.200,132.3200,0.6030,0.1000,0.0064,-1
KHAPRETA_510206,312253.860,2624276.200,130.8200,1.3370,1.6000,0.1022,-1
KHAPRETA_510206,312257.860,2624276.200,130.8700,0.0000,1.5500,0.0990,-1
KHAPRETA_510206,312273.860,2624276.200,130.7100,0.4669,1.7100,0.1093,-1
KHAPRETA_510206,312279.860,2624276.200,130.7300,0.0000,1.6900,0.1080,-1
KHAPRETA_510206,312289.860,2624276.200,130.7300,0.0000,1.6900,0.1080,-1
KHAPRETA_510206,312296.860,2624276.200,130.7600,0.4919,1.6600,0.1061,-1
KHAPRETA_510206,312299.860,2624276.200,131.2600,0.7119,1.1600,0.0741,-1
KHAPRETA_510206,312304.860,2624276.200,131.3100,1.1452,1.1100,0.0709,-1
KHAPRETA_510206,312305.860,2624276.200,131.4400,1.1389,0.9800,0.0626,-1
KHAPRETA_510206,312311.860,2624276.200,131.5300,1.2795,0.8900,0.0569,-1
KHAPRETA_510206,312312.860,2624276.200,131.6300,1.1985,0.7900,0.0505,-1
KHAPRETA_510206,312317.860,2624276.200,131.5200,0.0000,0.9000,0.0575,-1
KHAPRETA_510206,312334.860,2624276.200,131.2800,0.7669,1.1400,0.0728,-1
KHAPRETA_510206,312340.860,2624276.200,131.5200,0.8669,0.9000,0.0575,-1
KHAPRETA_510206,312342.860,2624276.200,131.5400,0.8469,0.8800,0.0562,-1
KHAPRETA_510206,312343.860,2624276.200,131.4700,1.2193,0.9500,0.0607,-1
KHAPRETA_510206,312345.860,2624276.200,131.4900,1.0619,0.9300,0.0594,-1
KHAPRETA_510206,312347.860,2624276.200,132.2500,0.0000,0.1700,0.0109,-1
KHAPRETA_510206,312366.860,2624276.200,131.5800,0.0000,0.8400,0.0537,-1
KHAPRETA_510206,312376.860,2624276.200,132.1200,0.0000,0.3000,0.0192,-1
KHAPRETA_510206,312386.860,2624276.200,132.2700,1.1969,0.1500,0.0096,-1
KHAPRETA_510206,312389.860,2624276.200,132.4200,0.0000,0.0000,0.0000,-1
KHAPRETA_510206,311943.860,2624277.200,127.9000,0.0000,4.5200,0.2888,-1
KHAPRETA_510206,311947.860,2624277.200,127.2100,1.3081,5.2100,0.3329,-1
KHAPRETA_510206,311948.860,2624277.200,127.1600,1.2831,5.2600,0.3361,-1
KHAPRETA_510206,311954.860,2624277.200,127.1100,1.2831,5.3100,0.3393,-1
KHAPRETA_510206,311959.860,2624277.200,127.1100,1.2281,5.3100,0.3393,-1
KHAPRETA_510206,311961.860,2624277.200,126.9700,1.3681,5.4500,0.3482,-1
KHAPRETA_510206,311962.860,2624277.200,127.0400,1.4031,5.3800,0.3438,-1
KHAPRETA_510206,311979.860,2624277.200,131.2100,0.7319,1.2100,0.0773,-1
KHAPRETA_510206,311980.860,2624277.200,131.2400,0.9214,1.1800,0.0754,-1
KHAPRETA_510206,311981.860,2624277.200,129.3700,0.8270,3.0500,0.1949,-1
KHAPRETA_510206,311985.860,2624277.200,124.6300,0.0000,7.7900,0.4978,-1
KHAPRETA_510206,311987.860,2624277.200,124.5800,2.5631,7.8400,0.5010,-1
KHAPRETA_510206,311997.860,2624277.200,125.9600,2.0631,6.4600,0.4128,-1
KHAPRETA_510206,312000.860,2624277.200,126.4300,1.7931,5.9900,0.3827,-1
KHAPRETA_510206,312001.860,2624277.200,126.1900,0.0400,6.2300,0.3981,-1
KHAPRETA_510206,312002.860,2624277.200,126.3500,2.5287,6.0700,0.3879,-1
KHAPRETA_510206,312004.860,2624277.200,126.2700,2.7306,6.1500,0.3930,-1
KHAPRETA_510206,312005.860,2624277.200,125.9800,0.0500,6.4400,0.4115,-1
KHAPRETA_510206,312006.860,2624277.200,126.3700,1.8981,6.0500,0.3866,-1
KHAPRETA_510206,312009.860,2624277.200,126.1100,1.7831,6.3100,0.4032,-1
KHAPRETA_510206,312012.860,2624277.200,128.7900,0.0000,3.6300,0.2319,-1
KHAPRETA_510206,312016.860,2624277.200,129.3500,0.2519,3.0700,0.1962,-1
KHAPRETA_510206,312020.860,2624277.200,127.3400,0.0000,5.0800,0.3246,-1
KHAPRETA_510206,312027.860,2624277.200,127.0300,0.0000,5.3900,0.3444,-1
KHAPRETA_510206,312030.860,2624277.200,126.8100,2.0762,5.6100,0.3585,-1
KHAPRETA_510206,312031.860,2624277.200,126.8600,1.4831,5.5600,0.3553,-1
KHAPRETA_510206,312033.860,2624277.200,126.9200,0.0000,5.5000,0.3514,-1
KHAPRETA_510206,312041.860,2624277.200,126.7400,1.5681,5.6800,0.3629,-1
KHAPRETA_510206,312047.860,2624277.200,126.5400,0.0050,5.8800,0.3757,-1
KHAPRETA_510206,312049.860,2624277.200,126.4500,0.0000,5.9700,0.3815,-1
KHAPRETA_510206,312055.860,2624277.200,126.2800,2.9084,6.1400,0.3923,-1
KHAPRETA_510206,312056.860,2624277.200,126.2500,0.0250,6.1700,0.3942,-1
KHAPRETA_510206,312057.860,2624277.200,126.2300,1.7631,6.1900,0.3955,-1
KHAPRETA_510206,312062.860,2624277.200,126.9900,0.0000,5.4300,0.3470,-1
KHAPRETA_510206,312065.860,2624277.200,127.3800,0.0000,5.0400,0.3220,-1
KHAPRETA_510206,312068.860,2624277.200,127.5900,1.2281,4.8300,0.3086,-1
KHAPRETA_510206,312088.860,2624277.200,127.9500,0.0000,4.4700,0.2856,-1
KHAPRETA_510206,312094.860,2624277.200,128.0200,0.8781,4.4000,0.2811,-1
KHAPRETA_510206,312096.860,2624277.200,127.9900,0.0000,4.4300,0.2831,-1
KHAPRETA_510206,312102.860,2624277.200,127.8600,0.9181,4.5600,0.2914,-1
KHAPRETA_510206,312103.860,2624277.200,127.9400,1.3620,4.4800,0.2863,-1
KHAPRETA_510206,312105.860,2624277.200,127.8400,0.0000,4.5800,0.2927,-1
KHAPRETA_510206,312110.860,2624277.200,127.9300,0.7281,4.4900,0.2869,-1
KHAPRETA_510206,312111.860,2624277.200,128.3200,0.1550,4.1000,0.2620,-1
KHAPRETA_510206,312112.860,2624277.200,128.2400,0.9235,4.1800,0.2671,-1
KHAPRETA_510206,312118.860,2624277.200,128.8900,0.0000,3.5300,0.2256,-1
KHAPRETA_510206,312120.860,2624277.200,128.6300,0.5331,3.7900,0.2422,-1
KHAPRETA_510206,312125.860,2624277.200,128.7400,0.0000,3.6800,0.2351,-1
KHAPRETA_510206,312134.860,2624277.200,128.8300,0.0000,3.5900,0.2294,-1
KHAPRETA_510206,312137.860,2624277.200,128.8300,0.4681,3.5900,0.2294,-1
KHAPRETA_510206,312139.860,2624277.200,129.5200,0.2067,2.9000,0.1853,-1
KHAPRETA_510206,312140.860,2624277.200,129.4200,0.1281,3.0000,0.1917,-1
KHAPRETA_510206,312151.860,2624277.200,128.8600,0.0000,3.5600,0.2275,-1
KHAPRETA_510206,312154.860,2624277.200,128.9000,0.0000,3.5200,0.2249,-1
KHAPRETA_510206,312157.860,2624277.200,128.9600,0.0000,3.4600,0.2211,-1
KHAPRETA_510206,312163.860,2624277.200,128.9900,0.3931,3.4300,0.2192,-1
KHAPRETA_510206,312172.860,2624277.200,129.0900,0.3431,3.3300,0.2128,-1
KHAPRETA_510206,312177.860,2624277.200,129.3000,0.0000,3.1200,0.1994,-1
KHAPRETA_510206,312182.860,2624277.200,129.5900,0.1181,2.8300,0.1808,-1
KHAPRETA_510206,312184.860,2624277.200,129.6200,0.0631,2.8000,0.1789,-1
KHAPRETA_510206,312185.860,2624277.200,129.6500,0.0781,2.7700,0.1770,-1
KHAPRETA_510206,312197.860,2624277.200,129.7300,0.0000,2.6900,0.1719,-1
KHAPRETA_510206,312200.860,2624277.200,129.7500,0.0000,2.6700,0.1706,-1
KHAPRETA_510206,312203.860,2624277.200,129.7900,0.0000,2.6300,0.1681,-1
KHAPRETA_510206,312209.860,2624277.200,129.8200,0.0361,2.6000,0.1661,-1
KHAPRETA_510206,312210.860,2624277.200,129.8400,0.0369,2.5800,0.1649,-1
KHAPRETA_510206,312211.860,2624277.200,129.8200,0.0319,2.6000,0.1661,-1
KHAPRETA_510206,312213.860,2624277.200,129.8500,0.0519,2.5700,0.1642,-1
KHAPRETA_510206,312216.860,2624277.200,129.9000,0.0719,2.5200,0.1610,-1
KHAPRETA_510206,312217.860,2624277.200,129.9200,0.0619,2.5000,0.1597,-1
KHAPRETA_510206,312227.860,2624277.200,130.1400,0.0000,2.2800,0.1457,-1
KHAPRETA_510206,312234.860,2624277.200,131.8800,0.0000,0.5400,0.0345,-1
KHAPRETA_510206,312240.860,2624277.200,130.7500,0.4119,1.6700,0.1067,-1
KHAPRETA_510206,312249.860,2624277.200,131.1800,0.0000,1.2400,0.0792,-1
KHAPRETA_510206,312251.860,2624277.200,132.2400,0.0000,0.1800,0.0115,-1
KHAPRETA_510206,312259.860,2624277.200,130.8000,0.0000,1.6200,0.1035,-1
KHAPRETA_510206,312264.860,2624277.200,130.6500,0.0000,1.7700,0.1131,-1
KHAPRETA_510206,312269.860,2624277.200,130.7000,0.0000,1.7200,0.1099,-1
KHAPRETA_510206,312273.860,2624277.200,130.7100,0.4669,1.7100,0.1093,-1
KHAPRETA_510206,312277.860,2624277.200,130.7600,0.0000,1.6600,0.1061,-1
KHAPRETA_510206,312284.860,2624277.200,130.7200,0.4769,1.7000,0.1086,-1
KHAPRETA_510206,312286.860,2624277.200,130.7200,0.0000,1.7000,0.1086,-1
KHAPRETA_510206,312295.860,2624277.200,130.7600,0.0000,1.6600,0.1061,-1
KHAPRETA_510206,312297.860,2624277.200,130.8300,0.5019,1.5900,0.1016,-1
KHAPRETA_510206,312299.860,2624277.200,131.2000,0.7419,1.2200,0.0780,-1
KHAPRETA_510206,312309.860,2624277.200,131.3600,0.7819,1.0600,0.0677,-1
KHAPRETA_510206,312310.860,2624277.200,131.3400,0.0900,1.0800,0.0690,-1
KHAPRETA_510206,312311.860,2624277.200,131.5400,0.7890,0.8800,0.0562,-1
KHAPRETA_510206,312313.860,2624277.200,131.4500,0.9369,0.9700,0.0620,-1
KHAPRETA_510206,312314.860,2624277.200,131.6500,0.8369,0.7700,0.0492,-1
KHAPRETA_510206,312316.860,2624277.200,131.6400,0.0000,0.7800,0.0498,-1
KHAPRETA_510206,312323.860,2624277.200,131.5100,0.0000,0.9100,0.0581,-1
KHAPRETA_510206,312326.860,2624277.200,131.5800,1.2755,0.8400,0.0537,-1
KHAPRETA_510206,312327.860,2624277.200,131.5800,1.2969,0.8400,0.0537,-1
KHAPRETA_510206,312331.860,2624277.200,131.5000,0.0000,0.9200,0.0588,-1
KHAPRETA_510206,312340.860,2624277.200,131.5100,1.2121,0.9100,0.0581,-1
KHAPRETA_510206,312341.860,2624277.200,131.4600,0.8669,0.9600,0.0613,-1
KHAPRETA_510206,312350.860,2624277.200,132.3400,0.0000,0.0800,0.0051,-1
KHAPRETA_510206,312356.860,2624277.200,132.2400,1.2019,0.1800,0.0115,-1
KHAPRETA_510206,312357.860,2624277.200,132.1800,1.2319,0.2400,0.0153,-1
KHAPRETA_510206,312362.860,2624277.200,132.2800,0.9919,0.1400,0.0089,-1
KHAPRETA_510206,312363.860,2624277.200,131.7600,1.2519,0.6600,0.0422,-1
KHAPRETA_510206,312365.860,2624277.200,131.8300,0.0000,0.5900,0.0377,-1
KHAPRETA_510206,312378.860,2624277.200,132.1600,0.0000,0.2600,0.0166,-1
KHAPRETA_510206,312383.860,2624277.200,132.2400,0.0000,0.1800,0.0115,-1
KHAPRETA_510206,311942.860,2624278.200,127.1700,0.0000,5.2500,0.3355,-1
KHAPRETA_510206,311945.860,2624278.200,127.2100,0.0000,5.2100,0.3329,-1
KHAPRETA_510206,311949.860,2624278.200,127.0900,0.0000,5.3300,0.3406,-1
KHAPRETA_510206,311952.860,2624278.200,127.1800,1.2881,5.2400,0.3348,-1
KHAPRETA_510206,311953.860,2624278.200,127.2000,0.0150,5.2200,0.3335,-1
KHAPRETA_510206,311954.860,2624278.200,127.2100,1.2902,5.2100,0.3329,-1
KHAPRETA_510206,311958.860,2624278.200,127.1600,1.2281,5.2600,0.3361,-1
KHAPRETA_510206,311959.860,2624278.200,127.3200,1.3333,5.1000,0.3259,-1
KHAPRETA_510206,311960.860,2624278.200,127.1100,1.8015,5.3100,0.3393,-1
KHAPRETA_510206,311963.860,2624278.200,127.1300,1.3381,5.2900,0.3380,-1
KHAPRETA_510206,311964.860,2624278.200,127.1000,1.3231,5.3200,0.3399,-1
KHAPRETA_510206,311980.860,2624278.200,131.4400,0.7567,0.9800,0.0626,-1
KHAPRETA_510206,311981.860,2624278.200,130.1600,0.8564,2.2600,0.1444,-1
KHAPRETA_510206,311986.860,2624278.200,124.9600,2.5631,7.4600,0.4767,-1
KHAPRETA_510206,311987.860,2624278.200,124.6500,2.6033,7.7700,0.4965,-1
KHAPRETA_510206,311988.860,2624278.200,124.6300,2.5631,7.7900,0.4978,-1
KHAPRETA_510206,311999.860,2624278.200,126.4100,0.0000,6.0100,0.3840,-1
KHAPRETA_510206,312002.860,2624278.200,126.2100,1.8796,6.2100,0.3968,-1
KHAPRETA_510206,312003.860,2624278.200,126.0200,0.1800,6.4000,0.4089,-1
KHAPRETA_510206,312004.860,2624278.200,125.8500,2.5691,6.5700,0.4198,-1
KHAPRETA_510206,312008.860,2624278.200,125.7900,1.7831,6.6300,0.4236,-1
KHAPRETA_510206,312009.860,2624278.200,126.2100,2.7078,6.2100,0.3968,-1
KHAPRETA_510206,312011.860,2624278.200,128.3500,0.7131,4.0700,0.2601,-1
KHAPRETA_510206,312015.860,2624278.200,129.2800,0.2519,3.1400,0.2006,-1
KHAPRETA_510206,312016.860,2624278.200,130.2800,0.2171,2.1400,0.1367,-1
KHAPRETA_510206,312017.860,2624278.200,128.8600,0.8125,3.5600,0.2275,-1
KHAPRETA_510206,312018.860,2624278.200,129.4000,0.4581,3.0200,0.1930,-1
KHAPRETA_510206,312034.860,2624278.200,126.9400,1.4381,5.4800,0.3502,-1
KHAPRETA_510206,312035.860,2624278.200,126.9000,1.9191,5.5200,0.3527,-1
KHAPRETA_510206,312038.860,2624278.200,126.8100,1.4981,5.6100,0.3585,-1
KHAPRETA_510206,312039.860,2624278.200,126.7800,2.0903,5.6400,0.3604,-1
KHAPRETA_510206,312047.860,2624278.200,126.5600,1.6437,5.8600,0.3744,-1
KHAPRETA_510206,312048.860,2624278.200,126.4900,2.2777,5.9300,0.3789,-1
KHAPRETA_510206,312052.860,2624278.200,126.3200,1.6981,6.1000,0.3898,-1
KHAPRETA_510206,312053.860,2624278.200,126.3800,1.7281,6.0400,0.3859,-1
KHAPRETA_510206,312058.860,2624278.200,126.2500,0.0000,6.1700,0.3942,-1
KHAPRETA_510206,312061.860,2624278.200,126.6300,0.0000,5.7900,0.3700,-1
KHAPRETA_510206,312066.860,2624278.200,127.5600,1.1131,4.8600,0.3105,-1
KHAPRETA_510206,312067.860,2624278.200,127.5500,1.1081,4.8700,0.3112,-1
KHAPRETA_510206,312081.860,2624278.200,127.5700,1.0231,4.8500,0.3099,-1
KHAPRETA_510206,312082.860,2624278.200,127.7300,1.5113,4.6900,0.2997,-1
KHAPRETA_510206,312086.860,2624278.200,127.6800,0.9531,4.7400,0.3029,-1
KHAPRETA_510206,312087.860,2624278.200,127.8700,1.0481,4.5500,0.2907,-1
KHAPRETA_510206,312090.860,2624278.200,128.0000,0.0000,4.4200,0.2824,-1
KHAPRETA_510206,312092.860,2624278.200,128.0200,0.0000,4.4000,0.2811,-1
KHAPRETA_510206,312094.860,2624278.200,128.0200,0.8781,4.4000,0.2811,-1
KHAPRETA_510206,312101.860,2624278.200,127.7600,0.9681,4.6600,0.2978,-1
KHAPRETA_510206,312109.860,2624278.200,127.9400,0.0000,4.4800,0.2863,-1
KHAPRETA_510206,312113.860,2624278.200,129.6900,0.0000,2.7300,0.1744,-1
KHAPRETA_510206,312115.860,2624278.200,128.9800,0.5831,3.4400,0.2198,-1
KHAPRETA_510206,312117.860,2624278.200,128.7700,0.0000,3.6500,0.2332,-1
KHAPRETA_510206,312120.860,2624278.200,128.7100,0.5731,3.7100,0.2371,-1
KHAPRETA_510206,312126.860,2624278.200,129.0700,0.5143,3.3500,0.2141,-1
KHAPRETA_510206,312127.860,2624278.200,129.3500,0.3932,3.0700,0.1962,-1
KHAPRETA_510206,312129.860,2624278.200,129.5400,0.0831,2.8800,0.1840,-1
KHAPRETA_510206,312132.860,2624278.200,128.7600,0.5381,3.6600,0.2339,-1
KHAPRETA_510206,312133.860,2624278.200,128.7000,0.7437,3.7200,0.2377,-1
KHAPRETA_510206,312137.860,2624278.200,128.8400,0.4731,3.5800,0.2288,-1
KHAPRETA_510206,312139.860,2624278.200,129.2400,0.3100,3.1800,0.2032,-1
KHAPRETA_510206,312141.860,2624278.200,128.8800,0.6080,3.5400,0.2262,-1
KHAPRETA_510206,312142.860,2624278.200,128.8400,0.6552,3.5800,0.2288,-1
KHAPRETA_510206,312145.860,2624278.200,128.9900,0.0000,3.4300,0.2192,-1
KHAPRETA_510206,312147.860,2624278.200,128.8500,0.4581,3.5700,0.2281,-1
KHAPRETA_510206,312149.860,2624278.200,128.8300,0.0000,3.5900,0.2294,-1
KHAPRETA_510206,312168.860,2624278.200,129.0400,0.5276,3.3800,0.2160,-1
KHAPRETA_510206,312169.860,2624278.200,129.0400,0.0350,3.3800,0.2160,-1
KHAPRETA_510206,312170.860,2624278.200,129.1100,0.3681,3.3100,0.2115,-1
KHAPRETA_510206,312179.860,2624278.200,129.3100,0.2181,3.1100,0.1987,-1
KHAPRETA_510206,312180.860,2624278.200,129.3400,0.2331,3.0800,0.1968,-1
KHAPRETA_510206,312186.860,2624278.200,129.6300,0.0531,2.7900,0.1783,-1
KHAPRETA_510206,312187.860,2624278.200,129.6700,0.0731,2.7500,0.1757,-1
KHAPRETA_510206,312191.860,2624278.200,129.6400,0.0431,2.7800,0.1776,-1
KHAPRETA_510206,312204.860,2624278.200,129.8300,0.0219,2.5900,0.1655,-1
KHAPRETA_510206,312205.860,2624278.200,129.8200,0.0269,2.6000,0.1661,-1
KHAPRETA_510206,312209.860,2624278.200,129.8100,0.0430,2.6100,0.1668,-1
KHAPRETA_510206,312210.860,2624278.200,129.8500,0.0169,2.5700,0.1642,-1
KHAPRETA_510206,312213.860,2624278.200,129.8800,0.0369,2.5400,0.1623,-1
KHAPRETA_510206,312223.860,2624278.200,130.1400,0.1869,2.2800,0.1457,-1
KHAPRETA_510206,312225.860,2624278.200,131.6100,0.2019,0.8100,0.0518,-1
KHAPRETA_510206,312233.860,2624278.200,132.0700,0.2919,0.3500,0.0224,-1
KHAPRETA_510206,312235.860,2624278.200,131.5500,0.8719,0.8700,0.0556,-1
KHAPRETA_510206,312240.860,2624278.200,130.6000,0.6542,1.8200,0.1163,-1
KHAPRETA_510206,312241.860,2624278.200,130.6500,0.4119,1.7700,0.1131,-1
KHAPRETA_510206,312250.860,2624278.200,131.1100,0.0000,1.3100,0.0837,-1
KHAPRETA_510206,312253.860,2624278.200,131.1700,0.0000,1.2500,0.0799,-1
KHAPRETA_510206,312256.860,2624278.200,130.8400,0.7691,1.5800,0.1010,-1
KHAPRETA_510206,312257.860,2624278.200,130.7700,0.5319,1.6500,0.1054,-1
KHAPRETA_510206,312270.860,2624278.200,130.7200,0.4719,1.7000,0.1086,-1
KHAPRETA_510206,312282.860,2624278.200,130.7400,0.4719,1.6800,0.1073,-1
KHAPRETA_510206,312284.860,2624278.200,130.7300,0.4719,1.6900,0.1080,-1
KHAPRETA_510206,312293.860,2624278.200,130.8200,0.0000,1.6000,0.1022,-1
KHAPRETA_510206,312297.860,2624278.200,130.7800,0.5269,1.6400,0.1048,-1
KHAPRETA_510206,312300.860,2624278.200,131.2300,0.0000,1.1900,0.0760,-1
KHAPRETA_510206,312302.860,2624278.200,131.2500,0.0000,1.1700,0.0748,-1
KHAPRETA_510206,312304.860,2624278.200,131.3400,0.7619,1.0800,0.0690,-1
KHAPRETA_510206,312305.860,2624278.200,131.3000,0.8171,1.1200,0.0716,-1
KHAPRETA_510206,312306.860,2624278.200,131.3700,1.1208,1.0500,0.0671,-1
KHAPRETA_510206,312311.860,2624278.200,131.3200,0.8819,1.1000,0.0703,-1
KHAPRETA_510206,312319.860,2624278.200,131.6800,0.9469,0.7400,0.0473,-1
KHAPRETA_510206,312320.860,2624278.200,131.6700,0.9519,0.7500,0.0479,-1
KHAPRETA_510206,312326.860,2624278.200,131.5800,1.2969,0.8400,0.0537,-1
KHAPRETA_510206,312327.860,2624278.200,131.6400,1.2755,0.7800,0.0498,-1
KHAPRETA_510206,312330.860,2624278.200,131.6000,0.9169,0.8200,0.0524,-1
KHAPRETA_510206,312332.860,2624278.200,131.4900,0.0000,0.9300,0.0594,-1
KHAPRETA_510206,312344.860,2624278.200,131.5100,0.0000,0.9100,0.0581,-1
KHAPRETA_510206,312353.860,2624278.200,132.3000,1.8695,0.1200,0.0077,-1
KHAPRETA_510206,312354.860,2624278.200,132.4200,1.3123,0.0000,0.0000,-1
KHAPRETA_510206,312355.860,2624278.200,132.2400,1.8207,0.1800,0.0115,-1
KHAPRETA_510206,312387.860,2624278.200,132.3900,0.0000,0.0300,0.0019,-1
KHAPRETA_510206,312476.860,2624278.200,132.1700,0.0000,0.2500,0.0160,-1
KHAPRETA_510206,311954.860,2624279.200,127.2600,1.7969,5.1600,0.3297,-1
KHAPRETA_510206,311955.860,2624279.200,127.2600,0.0850,5.1600,0.3297,-1
KHAPRETA_510206,311956.860,2624279.200,127.4300,1.6998,4.9900,0.3188,-1
KHAPRETA_510206,311960.860,2624279.200,127.1400,0.0450,5.2800,0.3374,-1
KHAPRETA_510206,311985.860,2624279.200,124.9100,2.2681,7.5100,0.4799,-1
KHAPRETA_510206,311997.860,2624279.200,126.4700,0.0000,5.9500,0.3802,-1
KHAPRETA_510206,312002.860,2624279.200,126.2000,1.7831,6.2200,0.3974,-1
KHAPRETA_510206,312005.860,2624279.200,125.8100,1.9331,6.6100,0.4224,-1
KHAPRETA_510206,312011.860,2624279.200,128.3500,0.7131,4.0700,0.2601,-1
KHAPRETA_510206,312016.860,2624279.200,129.2400,1.4907,3.1800,0.2032,-1
KHAPRETA_510206,312017.860,2624279.200,128.4100,0.5307,4.0100,0.2562,-1
KHAPRETA_510206,312021.860,2624279.200,126.9500,0.0000,5.4700,0.3495,-1
KHAPRETA_510206,312031.860,2624279.200,127.2700,1.2181,5.1500,0.3291,-1
KHAPRETA_510206,312033.860,2624279.200,127.0100,0.0000,5.4100,0.3457,-1
KHAPRETA_510206,312035.860,2624279.200,127.1900,1.4531,5.2300,0.3342,-1
KHAPRETA_510206,312036.860,2624279.200,126.8700,1.2931,5.5500,0.3546,-1
KHAPRETA_510206,312039.860,2624279.200,126.8300,2.1186,5.5900,0.3572,-1
KHAPRETA_510206,312040.860,2624279.200,126.7800,1.4643,5.6400,0.3604,-1
KHAPRETA_510206,312041.860,2624279.200,126.7100,1.4981,5.7100,0.3649,-1
KHAPRETA_510206,312046.860,2624279.200,126.6500,1.5731,5.7700,0.3687,-1
KHAPRETA_510206,312047.860,2624279.200,126.6300,1.6088,5.7900,0.3700,-1
KHAPRETA_510206,312048.860,2624279.200,126.5500,2.2747,5.8700,0.3751,-1
KHAPRETA_510206,312054.860,2624279.200,126.4000,0.0000,6.0200,0.3847,-1
KHAPRETA_510206,312059.860,2624279.200,126.4900,1.5431,5.9300,0.3789,-1
KHAPRETA_510206,312068.860,2624279.200,127.7000,0.0000,4.7200,0.3016,-1
KHAPRETA_510206,312074.860,2624279.200,127.6000,0.0000,4.8200,0.3080,-1
KHAPRETA_510206,312077.860,2624279.200,127.6600,0.0000,4.7600,0.3042,-1
KHAPRETA_510206,312082.860,2624279.200,127.7100,1.0231,4.7100,0.3010,-1
KHAPRETA_510206,312084.860,2624279.200,127.5600,1.0731,4.8600,0.3105,-1
KHAPRETA_510206,312085.860,2624279.200,127.6300,1.1081,4.7900,0.3061,-1
KHAPRETA_510206,312093.860,2624279.200,127.8700,0.8281,4.5500,0.2907,-1
KHAPRETA_510206,312095.860,2624279.200,127.9800,0.8981,4.4400,0.2837,-1
KHAPRETA_510206,312096.860,2624279.200,127.9800,0.8981,4.4400,0.2837,-1
KHAPRETA_510206,312101.860,2624279.200,127.8400,1.0081,4.5800,0.2927,-1
KHAPRETA_510206,312103.860,2624279.200,127.8900,0.0000,4.5300,0.2895,-1
KHAPRETA_510206,312105.860,2624279.200,127.9100,1.3055,4.5100,0.2882,-1
KHAPRETA_510206,312106.860,2624279.200,127.9100,0.9331,4.5100,0.2882,-1
KHAPRETA_510206,312108.860,2624279.200,127.8300,0.0000,4.5900,0.2933,-1
KHAPRETA_510206,312111.860,2624279.200,128.0000,0.0000,4.4200,0.2824,-1
KHAPRETA_510206,312115.860,2624279.200,128.6100,0.0050,3.8100,0.2435,-1
KHAPRETA_510206,312126.860,2624279.200,128.8400,0.3932,3.5800,0.2288,-1
KHAPRETA_510206,312127.860,2624279.200,129.4300,0.4786,2.9900,0.1911,-1
KHAPRETA_510206,312129.860,2624279.200,129.6100,0.0800,2.8100,0.1796,-1
KHAPRETA_510206,312131.860,2624279.200,128.9100,0.0000,3.5100,0.2243,-1
KHAPRETA_510206,312133.860,2624279.200,128.6900,0.5346,3.7300,0.2383,-1
KHAPRETA_510206,312134.860,2624279.200,128.7100,0.5359,3.7100,0.2371,-1
KHAPRETA_510206,312135.860,2624279.200,128.8000,0.0500,3.6200,0.2313,-1
KHAPRETA_510206,312136.860,2624279.200,128.8100,0.6938,3.6100,0.2307,-1
KHAPRETA_510206,312139.860,2624279.200,128.9000,0.2681,3.5200,0.2249,-1
KHAPRETA_510206,312141.860,2624279.200,129.0000,0.4981,3.4200,0.2185,-1
KHAPRETA_510206,312142.860,2624279.200,128.8200,0.3881,3.6000,0.2300,-1
KHAPRETA_510206,312147.860,2624279.200,128.8600,0.6409,3.5600,0.2275,-1
KHAPRETA_510206,312148.860,2624279.200,128.8900,0.6338,3.5300,0.2256,-1
KHAPRETA_510206,312152.860,2624279.200,128.8700,0.0000,3.5500,0.2268,-1
KHAPRETA_510206,312160.860,2624279.200,129.0300,0.0000,3.3900,0.2166,-1
KHAPRETA_510206,312164.860,2624279.200,129.0800,0.0000,3.3400,0.2134,-1
KHAPRETA_510206,312168.860,2624279.200,129.0200,0.3681,3.4000,0.2173,-1
KHAPRETA_510206,312174.860,2624279.200,129.2500,0.0000,3.1700,0.2026,-1
KHAPRETA_510206,312177.860,2624279.200,129.3600,0.0000,3.0600,0.1955,-1
KHAPRETA_510206,312190.860,2624279.200,129.6700,0.0431,2.7500,0.1757,-1
KHAPRETA_510206,312191.860,2624279.200,129.6900,0.0158,2.7300,0.1744,-1
KHAPRETA_510206,312192.860,2624279.200,129.6800,0.0431,2.7400,0.1751,-1
KHAPRETA_510206,312196.860,2624279.200,129.7100,0.0331,2.7100,0.1732,-1
KHAPRETA_510206,312197.860,2624279.200,129.7100,0.0150,2.7100,0.1732,-1
KHAPRETA_510206,312198.860,2624279.200,129.7400,0.0331,2.6800,0.1712,-1
KHAPRETA_510206,312210.860,2624279.200,129.8400,0.1467,2.5800,0.1649,-1
KHAPRETA_510206,312211.860,2624279.200,130.0600,0.0568,2.3600,0.1508,-1
KHAPRETA_510206,312214.860,2624279.200,129.8500,0.0000,2.5700,0.1642,-1
KHAPRETA_510206,312216.860,2624279.200,129.8900,0.0000,2.5300,0.1617,-1
KHAPRETA_510206,312223.860,2624279.200,130.1500,0.0600,2.2700,0.1450,-1
KHAPRETA_510206,312225.860,2624279.200,130.1800,0.9786,2.2400,0.1431,-1
KHAPRETA_510206,312226.860,2624279.200,130.4600,0.2019,1.9600,0.1252,-1
KHAPRETA_510206,312233.860,2624279.200,130.3600,1.1469,2.0600,0.1316,-1
KHAPRETA_510206,312235.860,2624279.200,131.5200,0.8869,0.9000,0.0575,-1
KHAPRETA_510206,312237.860,2624279.200,131.3300,0.0000,1.0900,0.0696,-1
KHAPRETA_510206,312239.860,2624279.200,130.5400,0.0000,1.8800,0.1201,-1
KHAPRETA_510206,312255.860,2624279.200,130.9300,0.5869,1.4900,0.0952,-1
KHAPRETA_510206,312256.860,2624279.200,130.9500,0.7847,1.4700,0.0939,-1
KHAPRETA_510206,312260.860,2624279.200,130.9900,0.0000,1.4300,0.0914,-1
KHAPRETA_510206,312269.860,2624279.200,130.7300,0.4719,1.6900,0.1080,-1
KHAPRETA_510206,312270.860,2624279.200,130.7200,0.6710,1.7000,0.1086,-1
KHAPRETA_510206,312275.860,2624279.200,130.7500,0.0000,1.6700,0.1067,-1
KHAPRETA_510206,312278.860,2624279.200,130.7700,0.0000,1.6500,0.1054,-1
KHAPRETA_510206,312280.860,2624279.200,130.7600,0.4869,1.6600,0.1061,-1
KHAPRETA_510206,312281.860,2624279.200,130.7500,0.4873,1.6700,0.1067,-1
KHAPRETA_510206,312282.860,2624279.200,130.7200,0.6851,1.7000,0.1086,-1
KHAPRETA_510206,312291.860,2624279.200,130.7500,0.5119,1.6700,0.1067,-1
KHAPRETA_510206,312298.860,2624279.200,130.8900,0.5819,1.5300,0.0978,-1
KHAPRETA_510206,312299.860,2624279.200,130.9400,0.7771,1.4800,0.0946,-1
KHAPRETA_510206,312301.860,2624279.200,131.2800,0.7269,1.1400,0.0728,-1
KHAPRETA_510206,312305.860,2624279.200,131.4100,1.1208,1.0100,0.0645,-1
KHAPRETA_510206,312306.860,2624279.200,131.4200,0.7969,1.0000,0.0639,-1
KHAPRETA_510206,312307.860,2624279.200,131.4100,0.8275,1.0100,0.0645,-1
KHAPRETA_510206,312308.860,2624279.200,131.3600,0.8169,1.0600,0.0677,-1
KHAPRETA_510206,312310.860,2624279.200,131.3800,0.0000,1.0400,0.0665,-1
KHAPRETA_510206,312312.860,2624279.200,131.6000,0.0000,0.8200,0.0524,-1
KHAPRETA_510206,312314.860,2624279.200,131.7000,0.0000,0.7200,0.0460,-1
KHAPRETA_510206,312317.860,2624279.200,131.6500,0.0000,0.7700,0.0492,-1
KHAPRETA_510206,312324.860,2624279.200,131.5800,0.0000,0.8400,0.0537,-1
KHAPRETA_510206,312328.860,2624279.200,131.6600,0.9319,0.7600,0.0486,-1
KHAPRETA_510206,312330.860,2624279.200,131.6100,0.9119,0.8100,0.0518,-1
KHAPRETA_510206,312337.860,2624279.200,131.4000,0.0000,1.0200,0.0652,-1
KHAPRETA_510206,312339.860,2624279.200,131.3700,0.0000,1.0500,0.0671,-1
KHAPRETA_510206,312341.860,2624279.200,131.5400,0.0000,0.8800,0.0562,-1
KHAPRETA_510206,312347.860,2624279.200,131.8600,0.0000,0.5600,0.0358,-1
KHAPRETA_510206,312353.860,2624279.200,132.4200,1.8203,0.0000,0.0000,-1
KHAPRETA_510206,312354.860,2624279.200,132.4000,1.3238,0.0200,0.0013,-1
KHAPRETA_510206,312355.860,2624279.200,132.2800,1.2345,0.1400,0.0089,-1
KHAPRETA_510206,312356.860,2624279.200,132.2400,1.2519,0.1800,0.0115,-1
KHAPRETA_510206,312362.860,2624279.200,132.1600,0.0000,0.2600,0.0166,-1
KHAPRETA_510206,312374.860,2624279.200,132.2400,0.0000,0.1800,0.0115,-1
KHAPRETA_510206,312380.860,2624279.200,132.2300,0.0000,0.1900,0.0121,-1
KHAPRETA_510206,312530.860,2624279.200,132.3500,0.0000,0.0700,0.0045,-1
KHAPRETA_510206,311945.860,2624280.200,127.2300,1.2831,5.1900,0.3316,-1
KHAPRETA_510206,311946.860,2624280.200,127.2100,1.8181,5.2100,0.3329,-1
KHAPRETA_510206,311949.860,2624280.200,127.1500,0.0000,5.2700,0.3367,-1
KHAPRETA_510206,311951.860,2624280.200,127.1800,0.0000,5.2400,0.3348,-1
KHAPRETA_510206,311956.860,2624280.200,127.4900,1.7459,4.9300,0.3150,-1
KHAPRETA_510206,311957.860,2624280.200,127.1900,0.0400,5.2300,0.3342,-1
KHAPRETA_510206,311958.860,2624280.200,127.5700,1.7799,4.8500,0.3099,-1
KHAPRETA_510206,311960.860,2624280.200,127.2000,1.0831,5.2200,0.3335,-1
KHAPRETA_510206,311961.860,2624280.200,127.6100,1.2881,4.8100,0.3073,-1
KHAPRETA_510206,311979.860,2624280.200,131.3600,0.4669,1.0600,0.0677,-1
KHAPRETA_510206,311980.860,2624280.200,130.7100,0.7919,1.7100,0.1093,-1
KHAPRETA_510206,311985.860,2624280.200,125.2400,2.4331,7.1800,0.4588,-1
KHAPRETA_510206,311998.860,2624280.200,126.3100,1.7281,6.1100,0.3904,-1
KHAPRETA_510206,312003.860,2624280.200,126.3200,0.0000,6.1000,0.3898,-1
KHAPRETA_510206,312005.860,2624280.200,125.9100,1.9831,6.5100,0.4160,-1
KHAPRETA_510206,312009.860,2624280.200,126.7600,0.0000,5.6600,0.3617,-1
KHAPRETA_510206,312016.860,2624280.200,127.6300,1.0700,4.7900,0.3061,-1
KHAPRETA_510206,312018.860,2624280.200,127.1500,0.0000,5.2700,0.3367,-1
KHAPRETA_510206,312023.860,2624280.200,127.0200,1.8417,5.4000,0.3450,-1
KHAPRETA_510206,312024.860,2624280.200,127.3900,1.8492,5.0300,0.3214,-1
KHAPRETA_510206,312027.860,2624280.200,127.0000,1.3581,5.4200,0.3463,-1
KHAPRETA_510206,312030.860,2624280.200,126.9000,1.2181,5.5200,0.3527,-1
KHAPRETA_510206,312031.860,2624280.200,127.3400,1.2534,5.0800,0.3246,-1
KHAPRETA_510206,312032.860,2624280.200,126.9600,1.2181,5.4600,0.3489,-1
KHAPRETA_510206,312034.860,2624280.200,127.2200,1.4431,5.2000,0.3323,-1
KHAPRETA_510206,312035.860,2624280.200,126.8900,1.2787,5.5300,0.3534,-1
KHAPRETA_510206,312037.860,2624280.200,126.8600,0.0000,5.5600,0.3553,-1
KHAPRETA_510206,312040.860,2624280.200,126.8500,1.4981,5.5700,0.3559,-1
KHAPRETA_510206,312042.860,2624280.200,126.8100,0.0000,5.6100,0.3585,-1
KHAPRETA_510206,312059.860,2624280.200,126.6900,0.1550,5.7300,0.3661,-1
KHAPRETA_510206,312061.860,2624280.200,126.9800,1.2181,5.4400,0.3476,-1
KHAPRETA_510206,312062.860,2624280.200,127.3400,1.3981,5.0800,0.3246,-1
KHAPRETA_510206,312064.860,2624280.200,127.4400,1.0781,4.9800,0.3182,-1
KHAPRETA_510206,312065.860,2624280.200,127.6200,1.5693,4.8000,0.3067,-1
KHAPRETA_510206,312071.860,2624280.200,127.6200,1.5390,4.8000,0.3067,-1
KHAPRETA_510206,312072.860,2624280.200,127.5600,0.0100,4.8600,0.3105,-1
KHAPRETA_510206,312073.860,2624280.200,127.6400,1.5495,4.7800,0.3054,-1
KHAPRETA_510206,312078.860,2624280.200,127.5600,0.0000,4.8600,0.3105,-1
KHAPRETA_510206,312083.860,2624280.200,127.6400,0.0000,4.7800,0.3054,-1
KHAPRETA_510206,312089.860,2624280.200,127.9700,0.9131,4.4500,0.2843,-1
KHAPRETA_510206,312093.860,2624280.200,128.1200,0.9531,4.3000,0.2748,-1
KHAPRETA_510206,312105.860,2624280.200,127.9500,0.9331,4.4700,0.2856,-1
KHAPRETA_510206,312112.860,2624280.200,128.1000,0.0000,4.3200,0.2760,-1
KHAPRETA_510206,312114.860,2624280.200,128.6100,0.5702,3.8100,0.2435,-1
KHAPRETA_510206,312115.860,2624280.200,128.9900,0.8246,3.4300,0.2192,-1
KHAPRETA_510206,312118.860,2624280.200,129.0800,0.0000,3.3400,0.2134,-1
KHAPRETA_510206,312120.860,2624280.200,129.0000,0.4081,3.4200,0.2185,-1
KHAPRETA_510206,312121.860,2624280.200,128.9600,0.3881,3.4600,0.2211,-1
KHAPRETA_510206,312124.860,2624280.200,128.9200,0.0000,3.5000,0.2236,-1
KHAPRETA_510206,312127.860,2624280.200,129.5500,0.4350,2.8700,0.1834,-1
KHAPRETA_510206,312129.860,2624280.200,129.3800,0.1723,3.0400,0.1942,-1
KHAPRETA_510206,312130.860,2624280.200,129.5500,0.1981,2.8700,0.1834,-1
KHAPRETA_510206,312132.860,2624280.200,128.7200,0.5781,3.7000,0.2364,-1
KHAPRETA_510206,312133.860,2624280.200,128.6200,0.5431,3.8000,0.2428,-1
KHAPRETA_510206,312134.860,2624280.200,128.7100,0.7863,3.7100,0.2371,-1
KHAPRETA_510206,312136.860,2624280.200,128.7900,0.0950,3.6300,0.2319,-1
KHAPRETA_510206,312141.860,2624280.200,129.1600,0.6042,3.2600,0.2083,-1
KHAPRETA_510206,312142.860,2624280.200,128.8500,0.5687,3.5700,0.2281,-1
KHAPRETA_510206,312145.860,2624280.200,128.8400,0.6411,3.5800,0.2288,-1
KHAPRETA_510206,312146.860,2624280.200,128.9000,0.4681,3.5200,0.2249,-1
KHAPRETA_510206,312148.860,2624280.200,128.9000,0.4431,3.5200,0.2249,-1
KHAPRETA_510206,312159.860,2624280.200,128.9200,0.0000,3.5000,0.2236,-1
KHAPRETA_510206,312162.860,2624280.200,128.9600,0.0000,3.4600,0.2211,-1
KHAPRETA_510206,312167.860,2624280.200,129.1300,0.0000,3.2900,0.2102,-1
KHAPRETA_510206,312170.860,2624280.200,129.2000,0.2781,3.2200,0.2058,-1
KHAPRETA_510206,312171.860,2624280.200,129.2200,0.3868,3.2000,0.2045,-1
KHAPRETA_510206,312179.860,2624280.200,129.3100,0.2181,3.1100,0.1987,-1
KHAPRETA_510206,312182.860,2624280.200,129.6400,0.0000,2.7800,0.1776,-1
KHAPRETA_510206,312191.860,2624280.200,129.6700,0.0431,2.7500,0.1757,-1
KHAPRETA_510206,312195.860,2624280.200,129.7000,0.0000,2.7200,0.1738,-1
KHAPRETA_510206,312202.860,2624280.200,129.7700,0.0969,2.6500,0.1693,-1
KHAPRETA_510206,312203.860,2624280.200,129.9700,0.0031,2.4500,0.1565,-1
KHAPRETA_510206,312205.860,2624280.200,129.8000,0.0000,2.6200,0.1674,-1
KHAPRETA_510206,312207.860,2624280.200,129.8200,0.0269,2.6000,0.1661,-1
KHAPRETA_510206,312208.860,2624280.200,129.8300,0.0219,2.5900,0.1655,-1
KHAPRETA_510206,312211.860,2624280.200,129.8700,0.1419,2.5500,0.1629,-1
KHAPRETA_510206,312223.860,2624280.200,130.0200,0.2205,2.4000,0.1534,-1
KHAPRETA_510206,312224.860,2624280.200,130.0100,0.1219,2.4100,0.1540,-1
KHAPRETA_510206,312229.860,2624280.200,130.0900,0.1619,2.3300,0.1489,-1
KHAPRETA_510206,312230.860,2624280.200,130.1000,0.1569,2.3200,0.1482,-1
KHAPRETA_510206,312234.860,2624280.200,131.0800,0.0000,1.3400,0.0856,-1
KHAPRETA_510206,312243.860,2624280.200,130.5700,0.0000,1.8500,0.1182,-1
KHAPRETA_510206,312245.860,2624280.200,130.5100,0.0000,1.9100,0.1220,-1
KHAPRETA_510206,312252.860,2624280.200,131.1200,0.0000,1.3000,0.0831,-1
KHAPRETA_510206,312265.860,2624280.200,130.7200,0.4619,1.7000,0.1086,-1
KHAPRETA_510206,312277.860,2624280.200,130.7300,0.0000,1.6900,0.1080,-1
KHAPRETA_510206,312279.860,2624280.200,130.7200,0.0000,1.7000,0.1086,-1
KHAPRETA_510206,312281.860,2624280.200,130.7500,0.4869,1.6700,0.1067,-1
KHAPRETA_510206,312284.860,2624280.200,130.7400,0.4769,1.6800,0.1073,-1
KHAPRETA_510206,312291.860,2624280.200,130.8000,0.7065,1.6200,0.1035,-1
KHAPRETA_510206,312292.860,2624280.200,130.8000,0.7170,1.6200,0.1035,-1
KHAPRETA_510206,312294.860,2624280.200,130.7800,0.5119,1.6400,0.1048,-1
KHAPRETA_510206,312299.860,2624280.200,130.8600,0.9041,1.5600,0.0997,-1
KHAPRETA_510206,312300.860,2624280.200,131.1600,0.1850,1.2600,0.0805,-1
KHAPRETA_510206,312301.860,2624280.200,131.2300,0.6934,1.1900,0.0760,-1
KHAPRETA_510206,312307.860,2624280.200,131.4300,0.8169,0.9900,0.0633,-1
KHAPRETA_510206,312320.860,2624280.200,131.6000,0.0000,0.8200,0.0524,-1
KHAPRETA_510206,312323.860,2624280.200,131.6400,0.9169,0.7800,0.0498,-1
KHAPRETA_510206,312326.860,2624280.200,131.6600,0.8819,0.7600,0.0486,-1
KHAPRETA_510206,312328.860,2624280.200,131.6400,0.9419,0.7800,0.0498,-1
KHAPRETA_510206,312331.860,2624280.200,131.6200,0.0000,0.8000,0.0511,-1
KHAPRETA_510206,312340.860,2624280.200,131.3900,0.0000,1.0300,0.0658,-1
KHAPRETA_510206,312345.860,2624280.200,131.5200,0.0000,0.9000,0.0575,-1
KHAPRETA_510206,312361.860,2624280.200,132.0000,0.8769,0.4200,0.0268,-1
KHAPRETA_510206,312375.860,2624280.200,132.1700,0.0000,0.2500,0.0160,-1
KHAPRETA_510206,312377.860,2624280.200,132.2300,0.0000,0.1900,0.0121,-1
KHAPRETA_510206,312382.860,2624280.200,132.3100,1.2469,0.1100,0.0070,-1
KHAPRETA_510206,312383.860,2624280.200,132.2700,1.2669,0.1500,0.0096,-1
KHAPRETA_510206,312477.860,2624280.200,132.2400,0.0000,0.1800,0.0115,-1
KHAPRETA_510206,311939.860,2624281.200,127.2800,0.0000,5.1400,0.3284,-1
KHAPRETA_510206,311942.860,2624281.200,127.2700,0.0000,5.1500,0.3291,-1
KHAPRETA_510206,311946.860,2624281.200,127.1800,1.2831,5.2400,0.3348,-1
KHAPRETA_510206,311958.860,2624281.200,127.3300,1.1031,5.0900,0.3252,-1
KHAPRETA_510206,311960.860,2624281.200,127.1600,1.2881,5.2600,0.3361,-1
KHAPRETA_510206,311996.860,2624281.200,126.3600,0.0000,6.0600,0.3872,-1
KHAPRETA_510206,311998.860,2624281.200,126.3200,0.0150,6.1000,0.3898,-1
KHAPRETA_510206,312002.860,2624281.200,126.2300,1.7281,6.1900,0.3955,-1
KHAPRETA_510206,312006.860,2624281.200,126.2500,1.6631,6.1700,0.3942,-1
KHAPRETA_510206,312014.860,2624281.200,129.9300,1.0831,2.4900,0.1591,-1
KHAPRETA_510206,312016.860,2624281.200,127.1000,1.0731,5.3200,0.3399,-1
KHAPRETA_510206,312020.860,2624281.200,127.1600,1.9173,5.2600,0.3361,-1
KHAPRETA_510206,312021.860,2624281.200,127.1100,1.3081,5.3100,0.3393,-1
KHAPRETA_510206,312023.860,2624281.200,126.9700,1.2399,5.4500,0.3482,-1
KHAPRETA_510206,312024.860,2624281.200,127.3100,1.8417,5.1100,0.3265,-1
KHAPRETA_510206,312027.860,2624281.200,127.0600,0.1250,5.3600,0.3425,-1
KHAPRETA_510206,312035.860,2624281.200,127.2700,0.1700,5.1500,0.3291,-1
KHAPRETA_510206,312039.860,2624281.200,126.8400,0.0000,5.5800,0.3565,-1
KHAPRETA_510206,312046.860,2624281.200,126.8000,0.0000,5.6200,0.3591,-1
KHAPRETA_510206,312053.860,2624281.200,126.6800,0.0000,5.7400,0.3668,-1
KHAPRETA_510206,312055.860,2624281.200,126.6100,0.0000,5.8100,0.3712,-1
KHAPRETA_510206,312059.860,2624281.200,126.8000,1.5431,5.6200,0.3591,-1
KHAPRETA_510206,312065.860,2624281.200,127.6800,1.5001,4.7400,0.3029,-1
KHAPRETA_510206,312066.860,2624281.200,127.6900,1.0481,4.7300,0.3022,-1
KHAPRETA_510206,312068.860,2624281.200,127.7000,0.0000,4.7200,0.3016,-1
KHAPRETA_510206,312070.860,2624281.200,127.7300,1.0681,4.6900,0.2997,-1
KHAPRETA_510206,312071.860,2624281.200,127.6400,1.0243,4.7800,0.3054,-1
KHAPRETA_510206,312073.860,2624281.200,127.6100,1.5211,4.8100,0.3073,-1
KHAPRETA_510206,312074.860,2624281.200,127.6100,1.5317,4.8100,0.3073,-1
KHAPRETA_510206,312079.860,2624281.200,127.5900,1.0831,4.8300,0.3086,-1
KHAPRETA_510206,312082.860,2624281.200,127.6900,0.0000,4.7300,0.3022,-1
KHAPRETA_510206,312089.860,2624281.200,127.9500,1.2807,4.4700,0.2856,-1
KHAPRETA_510206,312090.860,2624281.200,127.9600,0.9131,4.4600,0.2850,-1
KHAPRETA_510206,312096.860,2624281.200,128.1000,0.0000,4.3200,0.2760,-1
KHAPRETA_510206,312114.860,2624281.200,128.9500,0.5831,3.4700,0.2217,-1
KHAPRETA_510206,312116.860,2624281.200,129.3000,0.0000,3.1200,0.1994,-1
KHAPRETA_510206,312122.860,2624281.200,129.0500,0.0000,3.3700,0.2153,-1
KHAPRETA_510206,312125.860,2624281.200,129.4200,0.0169,3.0000,0.1917,-1
KHAPRETA_510206,312127.860,2624281.200,130.3000,0.4500,2.1200,0.1355,-1
KHAPRETA_510206,312129.860,2624281.200,129.3500,0.1981,3.0700,0.1962,-1
KHAPRETA_510206,312136.860,2624281.200,129.0000,0.6973,3.4200,0.2185,-1
KHAPRETA_510206,312137.860,2624281.200,128.7900,0.6275,3.6300,0.2319,-1
KHAPRETA_510206,312139.860,2624281.200,128.8400,0.0000,3.5800,0.2288,-1
KHAPRETA_510206,312145.860,2624281.200,128.8400,0.4681,3.5800,0.2288,-1
KHAPRETA_510206,312151.860,2624281.200,129.0800,0.4231,3.3400,0.2134,-1
KHAPRETA_510206,312152.860,2624281.200,128.9300,0.5674,3.4900,0.2230,-1
KHAPRETA_510206,312158.860,2624281.200,128.9900,0.0000,3.4300,0.2192,-1
KHAPRETA_510206,312171.860,2624281.200,129.2600,0.2781,3.1600,0.2019,-1
KHAPRETA_510206,312174.860,2624281.200,129.3200,0.0000,3.1000,0.1981,-1
KHAPRETA_510206,312179.860,2624281.200,129.3400,0.0250,3.0800,0.1968,-1
KHAPRETA_510206,312186.860,2624281.200,129.6500,0.0000,2.7700,0.1770,-1
KHAPRETA_510206,312189.860,2624281.200,129.7000,0.0381,2.7200,0.1738,-1
KHAPRETA_510206,312198.860,2624281.200,129.7600,0.0000,2.6600,0.1700,-1
KHAPRETA_510206,312200.860,2624281.200,129.7900,0.0000,2.6300,0.1681,-1
KHAPRETA_510206,312209.860,2624281.200,129.8400,0.0000,2.5800,0.1649,-1
KHAPRETA_510206,312213.860,2624281.200,129.8800,0.0000,2.5400,0.1623,-1
KHAPRETA_510206,312218.860,2624281.200,129.9200,0.0000,2.5000,0.1597,-1
KHAPRETA_510206,312222.860,2624281.200,129.9500,0.0719,2.4700,0.1578,-1
KHAPRETA_510206,312232.860,2624281.200,130.1900,0.0000,2.2300,0.1425,-1
KHAPRETA_510206,312236.860,2624281.200,130.6200,0.5733,1.8000,0.1150,-1
KHAPRETA_510206,312237.860,2624281.200,130.5300,0.6557,1.8900,0.1208,-1
KHAPRETA_510206,312239.860,2624281.200,130.5700,0.6119,1.8500,0.1182,-1
KHAPRETA_510206,312251.860,2624281.200,130.9200,0.6519,1.5000,0.0958,-1
KHAPRETA_510206,312254.860,2624281.200,131.0100,0.6469,1.4100,0.0901,-1
KHAPRETA_510206,312257.860,2624281.200,131.0800,0.0000,1.3400,0.0856,-1
KHAPRETA_510206,312265.860,2624281.200,130.7000,0.4719,1.7200,0.1099,-1
KHAPRETA_510206,312268.860,2624281.200,130.6800,0.0000,1.7400,0.1112,-1
KHAPRETA_510206,312270.860,2624281.200,130.7200,0.4619,1.7000,0.1086,-1
KHAPRETA_510206,312274.860,2624281.200,130.7400,0.0000,1.6800,0.1073,-1
KHAPRETA_510206,312282.860,2624281.200,130.7700,0.0000,1.6500,0.1054,-1
KHAPRETA_510206,312284.860,2624281.200,130.7300,0.4819,1.6900,0.1080,-1
KHAPRETA_510206,312287.860,2624281.200,130.7600,0.0000,1.6600,0.1061,-1
KHAPRETA_510206,312292.860,2624281.200,130.7800,0.7275,1.6400,0.1048,-1
KHAPRETA_510206,312293.860,2624281.200,130.8100,0.0100,1.6100,0.1029,-1
KHAPRETA_510206,312294.860,2624281.200,130.8000,0.0292,1.6200,0.1035,-1
KHAPRETA_510206,312295.860,2624281.200,130.7800,0.7135,1.6400,0.1048,-1
KHAPRETA_510206,312301.860,2624281.200,131.1900,0.0150,1.2300,0.0786,-1
KHAPRETA_510206,312311.860,2624281.200,131.1300,0.0000,1.2900,0.0824,-1
KHAPRETA_510206,312315.860,2624281.200,131.6900,0.0000,0.7300,0.0466,-1
KHAPRETA_510206,312317.860,2624281.200,131.6400,0.0000,0.7800,0.0498,-1
KHAPRETA_510206,312322.860,2624281.200,131.6600,0.9169,0.7600,0.0486,-1
KHAPRETA_510206,312323.860,2624281.200,131.6100,1.3251,0.8100,0.0518,-1
KHAPRETA_510206,312326.860,2624281.200,131.5400,1.3041,0.8800,0.0562,-1
KHAPRETA_510206,312327.860,2624281.200,131.5800,1.2650,0.8400,0.0537,-1
KHAPRETA_510206,312330.860,2624281.200,131.6400,0.0000,0.7800,0.0498,-1
KHAPRETA_510206,312332.860,2624281.200,131.6400,0.0000,0.7800,0.0498,-1
KHAPRETA_510206,312334.860,2624281.200,131.5100,0.8769,0.9100,0.0581,-1
KHAPRETA_510206,312335.860,2624281.200,131.5300,0.8669,0.8900,0.0569,-1
KHAPRETA_510206,312339.860,2624281.200,131.3900,0.0000,1.0300,0.0658,-1
KHAPRETA_510206,312341.860,2624281.200,131.5400,0.8169,0.8800,0.0562,-1
KHAPRETA_510206,312346.860,2624281.200,131.4100,0.0000,1.0100,0.0645,-1
KHAPRETA_510206,312349.860,2624281.200,132.2200,1.2969,0.2000,0.0128,-1
KHAPRETA_510206,312350.860,2624281.200,132.3700,1.2374,0.0500,0.0032,-1
KHAPRETA_510206,312351.860,2624281.200,132.2900,1.8096,0.1300,0.0083,-1
KHAPRETA_510206,312353.860,2624281.200,132.2900,0.0000,0.1300,0.0083,-1
KHAPRETA_510206,312359.860,2624281.200,132.1200,0.9319,0.3000,0.0192,-1
KHAPRETA_510206,312360.860,2624281.200,131.6400,0.2950,0.7800,0.0498,-1
KHAPRETA_510206,312361.860,2624281.200,131.5300,1.4508,0.8900,0.0569,-1
KHAPRETA_510206,312372.860,2624281.200,132.3300,1.2569,0.0900,0.0058,-1
KHAPRETA_510206,312373.860,2624281.200,132.2900,1.2769,0.1300,0.0083,-1
KHAPRETA_510206,312379.860,2624281.200,132.3000,1.2819,0.1200,0.0077,-1
KHAPRETA_510206,312381.860,2624281.200,132.3700,0.0000,0.0500,0.0032,-1
KHAPRETA_510206,311944.860,2624282.200,127.2700,1.2581,5.1500,0.3291,-1
KHAPRETA_510206,311948.860,2624282.200,127.2700,1.2631,5.1500,0.3291,-1
KHAPRETA_510206,311953.860,2624282.200,127.1300,1.7970,5.2900,0.3380,-1
KHAPRETA_510206,311954.860,2624282.200,127.2000,0.2950,5.2200,0.3335,-1
KHAPRETA_510206,311955.860,2624282.200,127.7200,1.6637,4.7000,0.3003,-1
KHAPRETA_510206,311963.860,2624282.200,130.3100,0.8469,2.1100,0.1348,-1
KHAPRETA_510206,311998.860,2624282.200,126.2800,2.4403,6.1400,0.3923,-1
KHAPRETA_510206,311999.860,2624282.200,126.3300,1.7082,6.0900,0.3891,-1
KHAPRETA_510206,312000.860,2624282.200,126.3300,1.6981,6.0900,0.3891,-1
KHAPRETA_510206,312001.860,2624282.200,126.3200,1.6631,6.1000,0.3898,-1
KHAPRETA_510206,312002.860,2624282.200,126.3200,1.7297,6.1000,0.3898,-1
KHAPRETA_510206,312004.860,2624282.200,126.2700,0.0000,6.1500,0.3930,-1
KHAPRETA_510206,312006.860,2624282.200,126.4500,1.7631,5.9700,0.3815,-1
KHAPRETA_510206,312014.860,2624282.200,127.6100,0.0769,4.8100,0.3073,-1
KHAPRETA_510206,312020.860,2624282.200,127.0200,0.0250,5.4000,0.3450,-1
KHAPRETA_510206,312023.860,2624282.200,127.2800,1.4031,5.1400,0.3284,-1
KHAPRETA_510206,312027.860,2624282.200,127.2500,1.3581,5.1700,0.3304,-1
KHAPRETA_510206,312033.860,2624282.200,127.2000,1.3081,5.2200,0.3335,-1
KHAPRETA_510206,312034.860,2624282.200,127.1600,0.0150,5.2600,0.3361,-1
KHAPRETA_510206,312035.860,2624282.200,127.2300,0.0950,5.1900,0.3316,-1
KHAPRETA_510206,312036.860,2624282.200,126.9700,1.2731,5.4500,0.3482,-1
KHAPRETA_510206,312045.860,2624282.200,126.9700,0.0000,5.4500,0.3482,-1
KHAPRETA_510206,312048.860,2624282.200,126.8700,0.0000,5.5500,0.3546,-1
KHAPRETA_510206,312057.860,2624282.200,126.8300,0.0000,5.5900,0.3572,-1
KHAPRETA_510206,312062.860,2624282.200,127.2900,1.1631,5.1300,0.3278,-1
KHAPRETA_510206,312063.860,2624282.200,127.4500,1.7439,4.9700,0.3176,-1
KHAPRETA_510206,312067.860,2624282.200,127.6600,1.0481,4.7600,0.3042,-1
KHAPRETA_510206,312071.860,2624282.200,127.7200,1.0681,4.7000,0.3003,-1
KHAPRETA_510206,312074.860,2624282.200,127.6100,1.0831,4.8100,0.3073,-1
KHAPRETA_510206,312079.860,2624282.200,127.6100,0.0300,4.8100,0.3073,-1
KHAPRETA_510206,312083.860,2624282.200,127.7000,0.0000,4.7200,0.3016,-1
KHAPRETA_510206,312085.860,2624282.200,127.6600,1.0481,4.7600,0.3042,-1
KHAPRETA_510206,312086.860,2624282.200,127.6800,0.0050,4.7400,0.3029,-1
KHAPRETA_510206,312087.860,2624282.200,127.6500,0.0050,4.7700,0.3048,-1
KHAPRETA_510206,312088.860,2624282.200,127.6700,1.5034,4.7500,0.3035,-1
KHAPRETA_510206,312093.860,2624282.200,127.9400,0.8781,4.4800,0.2863,-1
KHAPRETA_510206,312100.860,2624282.200,128.0500,1.2033,4.3700,0.2792,-1
KHAPRETA_510206,312101.860,2624282.200,128.0300,0.8631,4.3900,0.2805,-1
KHAPRETA_510206,312103.860,2624282.200,127.9000,0.0000,4.5200,0.2888,-1
KHAPRETA_510206,312109.860,2624282.200,127.9100,0.9181,4.5100,0.2882,-1
KHAPRETA_510206,312110.860,2624282.200,127.9400,0.9331,4.4800,0.2863,-1
KHAPRETA_510206,312112.860,2624282.200,128.0400,0.8481,4.3800,0.2799,-1
KHAPRETA_510206,312115.860,2624282.200,128.7000,0.0000,3.7200,0.2377,-1
KHAPRETA_510206,312120.860,2624282.200,129.5900,0.0000,2.8300,0.1808,-1
KHAPRETA_510206,312123.860,2624282.200,129.5100,0.0000,2.9100,0.1859,-1
KHAPRETA_510206,312125.860,2624282.200,129.8100,0.1902,2.6100,0.1668,-1
KHAPRETA_510206,312126.860,2624282.200,129.9100,0.3200,2.5100,0.1604,-1
KHAPRETA_510206,312127.860,2624282.200,130.4500,0.3871,1.9700,0.1259,-1
KHAPRETA_510206,312128.860,2624282.200,130.4800,0.3369,1.9400,0.1240,-1
KHAPRETA_510206,312131.860,2624282.200,128.9100,0.5231,3.5100,0.2243,-1
KHAPRETA_510206,312134.860,2624282.200,128.7200,0.7079,3.7000,0.2364,-1
KHAPRETA_510206,312135.860,2624282.200,128.7700,0.5281,3.6500,0.2332,-1
KHAPRETA_510206,312137.860,2624282.200,128.7900,0.6213,3.6300,0.2319,-1
KHAPRETA_510206,312138.860,2624282.200,129.0200,0.6833,3.4000,0.2173,-1
KHAPRETA_510206,312150.860,2624282.200,128.8700,0.4381,3.5500,0.2268,-1
KHAPRETA_510206,312152.860,2624282.200,128.8800,0.4231,3.5400,0.2262,-1
KHAPRETA_510206,312167.860,2624282.200,129.1600,0.0000,3.2600,0.2083,-1
KHAPRETA_510206,312178.860,2624282.200,129.2900,0.2081,3.1300,0.2000,-1
KHAPRETA_510206,312179.860,2624282.200,129.3600,0.3265,3.0600,0.1955,-1
KHAPRETA_510206,312183.860,2624282.200,129.6300,0.0000,2.7900,0.1783,-1
KHAPRETA_510206,312188.860,2624282.200,129.6600,0.0381,2.7600,0.1764,-1
KHAPRETA_510206,312189.860,2624282.200,129.7000,0.0581,2.7200,0.1738,-1
KHAPRETA_510206,312193.860,2624282.200,129.7200,0.0000,2.7000,0.1725,-1
KHAPRETA_510206,312201.860,2624282.200,129.7800,0.0069,2.6400,0.1687,-1
KHAPRETA_510206,312202.860,2624282.200,129.7900,0.0019,2.6300,0.1681,-1
KHAPRETA_510206,312206.860,2624282.200,129.8100,0.0310,2.6100,0.1668,-1
KHAPRETA_510206,312207.860,2624282.200,129.8200,0.0169,2.6000,0.1661,-1
KHAPRETA_510206,312210.860,2624282.200,129.8500,0.0000,2.5700,0.1642,-1
KHAPRETA_510206,312221.860,2624282.200,129.9200,0.1017,2.5000,0.1597,-1
KHAPRETA_510206,312222.860,2624282.200,129.9200,0.1128,2.5000,0.1597,-1
KHAPRETA_510206,312225.860,2624282.200,129.9600,0.0000,2.4600,0.1572,-1
KHAPRETA_510206,312227.860,2624282.200,130.0800,0.0000,2.3400,0.1495,-1
KHAPRETA_510206,312233.860,2624282.200,130.4300,0.4469,1.9900,0.1272,-1
KHAPRETA_510206,312234.860,2624282.200,130.6700,0.4877,1.7500,0.1118,-1
KHAPRETA_510206,312236.860,2624282.200,130.6400,0.6557,1.7800,0.1137,-1
KHAPRETA_510206,312237.860,2624282.200,130.7800,0.5733,1.6400,0.1048,-1
KHAPRETA_510206,312239.860,2624282.200,131.0000,0.3969,1.4200,0.0907,-1
KHAPRETA_510206,312242.860,2624282.200,130.5800,0.0000,1.8400,0.1176,-1
KHAPRETA_510206,312244.860,2624282.200,130.5800,0.4369,1.8400,0.1176,-1
KHAPRETA_510206,312245.860,2624282.200,130.6500,0.4019,1.7700,0.1131,-1
KHAPRETA_510206,312247.860,2624282.200,130.9400,1.3188,1.4800,0.0946,-1
KHAPRETA_510206,312248.860,2624282.200,131.3400,0.5819,1.0800,0.0690,-1
KHAPRETA_510206,312251.860,2624282.200,131.0800,0.8560,1.3400,0.0856,-1
KHAPRETA_510206,312252.860,2624282.200,131.0500,0.9362,1.3700,0.0875,-1
KHAPRETA_510206,312254.860,2624282.200,131.0700,0.8976,1.3500,0.0863,-1
KHAPRETA_510206,312255.860,2624282.200,131.0800,0.6469,1.3400,0.0856,-1
KHAPRETA_510206,312258.860,2624282.200,131.1000,0.0000,1.3200,0.0843,-1
KHAPRETA_510206,312261.860,2624282.200,131.1100,0.0000,1.3100,0.0837,-1
KHAPRETA_510206,312263.860,2624282.200,130.7700,0.0000,1.6500,0.1054,-1
KHAPRETA_510206,312267.860,2624282.200,130.7100,0.0000,1.7100,0.1093,-1
KHAPRETA_510206,312270.860,2624282.200,130.7000,0.4719,1.7200,0.1099,-1
KHAPRETA_510206,312275.860,2624282.200,130.7400,0.0000,1.6800,0.1073,-1
KHAPRETA_510206,312277.860,2624282.200,130.7900,0.0000,1.6300,0.1042,-1
KHAPRETA_510206,312283.860,2624282.200,130.7600,0.0000,1.6600,0.1061,-1
KHAPRETA_510206,312290.860,2624282.200,130.7600,0.0000,1.6600,0.1061,-1
KHAPRETA_510206,312294.860,2624282.200,130.8300,0.7135,1.5900,0.1016,-1
KHAPRETA_510206,312295.860,2624282.200,130.7700,0.5270,1.6500,0.1054,-1
KHAPRETA_510206,312300.860,2624282.200,130.8200,0.7419,1.6000,0.1022,-1
KHAPRETA_510206,312301.860,2624282.200,131.2600,0.7271,1.1600,0.0741,-1
KHAPRETA_510206,312302.860,2624282.200,131.1600,0.0300,1.2600,0.0805,-1
KHAPRETA_510206,312303.860,2624282.200,131.3200,0.0950,1.1000,0.0703,-1
KHAPRETA_510206,312304.860,2624282.200,131.3500,1.1023,1.0700,0.0684,-1
KHAPRETA_510206,312308.860,2624282.200,131.4800,0.6669,0.9400,0.0601,-1
KHAPRETA_510206,312309.860,2624282.200,131.1100,0.8519,1.3100,0.0837,-1
KHAPRETA_510206,312327.860,2624282.200,131.5900,0.9019,0.8300,0.0530,-1
KHAPRETA_510206,312336.860,2624282.200,131.3300,0.0000,1.0900,0.0696,-1
KHAPRETA_510206,312338.860,2624282.200,131.3200,0.0000,1.1000,0.0703,-1
KHAPRETA_510206,312341.860,2624282.200,131.4100,0.8819,1.0100,0.0645,-1
KHAPRETA_510206,312350.860,2624282.200,132.2500,1.8096,0.1700,0.0109,-1
KHAPRETA_510206,312351.860,2624282.200,132.3000,1.7635,0.1200,0.0077,-1
KHAPRETA_510206,312357.860,2624282.200,132.3400,1.2569,0.0800,0.0051,-1
KHAPRETA_510206,312362.860,2624282.200,131.6400,1.2669,0.7800,0.0498,-1
KHAPRETA_510206,312363.860,2624282.200,132.3100,1.5328,0.1100,0.0070,-1
KHAPRETA_510206,312371.860,2624282.200,132.3300,1.2469,0.0900,0.0058,-1
KHAPRETA_510206,312375.860,2624282.200,132.3100,1.2519,0.1100,0.0070,-1
KHAPRETA_510206,312379.860,2624282.200,132.3400,1.2619,0.0800,0.0051,-1
KHAPRETA_510206,312508.860,2624282.200,132.3400,0.0000,0.0800,0.0051,-1
KHAPRETA_510206,312536.860,2624282.200,132.3800,0.0000,0.0400,0.0026,-1
KHAPRETA_510206,311937.860,2624283.200,127.3300,1.7547,5.0900,0.3252,-1
KHAPRETA_510206,311938.860,2624283.200,127.3400,0.0350,5.0800,0.3246,-1
KHAPRETA_510206,311939.860,2624283.200,127.2600,1.2181,5.1600,0.3297,-1
KHAPRETA_510206,311942.860,2624283.200,127.2000,0.0000,5.2200,0.3335,-1
KHAPRETA_510206,311944.860,2624283.200,127.2600,1.2531,5.1600,0.3297,-1
KHAPRETA_510206,311946.860,2624283.200,127.2600,0.0000,5.1600,0.3297,-1
KHAPRETA_510206,311948.860,2624283.200,127.2500,1.2531,5.1700,0.3304,-1
KHAPRETA_510206,311953.860,2624283.200,127.2700,1.3231,5.1500,0.3291,-1
KHAPRETA_510206,311955.860,2624283.200,127.6700,0.0700,4.7500,0.3035,-1
KHAPRETA_510206,311963.860,2624283.200,131.4700,0.2669,0.9500,0.0607,-1
KHAPRETA_510206,311989.860,2624283.200,126.6300,1.5431,5.7900,0.3700,-1
KHAPRETA_510206,311990.860,2624283.200,126.6900,2.2105,5.7300,0.3661,-1
KHAPRETA_510206,311994.860,2624283.200,126.5700,0.0000,5.8500,0.3738,-1
KHAPRETA_510206,311999.860,2624283.200,126.3600,2.4192,6.0600,0.3872,-1
KHAPRETA_510206,312000.860,2624283.200,126.3800,1.7236,6.0400,0.3859,-1
KHAPRETA_510206,312001.860,2624283.200,126.4500,0.0700,5.9700,0.3815,-1
KHAPRETA_510206,312002.860,2624283.200,126.3800,0.0743,6.0400,0.3859,-1
KHAPRETA_510206,312003.860,2624283.200,126.3100,1.6981,6.1100,0.3904,-1
KHAPRETA_510206,312005.860,2624283.200,126.2800,0.0000,6.1400,0.3923,-1
KHAPRETA_510206,312007.860,2624283.200,126.5700,1.6881,5.8500,0.3738,-1
KHAPRETA_510206,312008.860,2624283.200,126.4000,1.6031,6.0200,0.3847,-1
KHAPRETA_510206,312010.860,2624283.200,126.7000,2.1694,5.7200,0.3655,-1
KHAPRETA_510206,312011.860,2624283.200,126.5100,2.1471,5.9100,0.3776,-1
KHAPRETA_510206,312020.860,2624283.200,127.1100,1.1483,5.3100,0.3393,-1
KHAPRETA_510206,312021.860,2624283.200,127.4900,0.0300,4.9300,0.3150,-1
KHAPRETA_510206,312022.860,2624283.200,127.0500,1.1431,5.3700,0.3431,-1
KHAPRETA_510206,312024.860,2624283.200,127.1700,1.1381,5.2500,0.3355,-1
KHAPRETA_510206,312029.860,2624283.200,127.3700,1.2981,5.0500,0.3227,-1
KHAPRETA_510206,312030.860,2624283.200,127.1800,1.3121,5.2400,0.3348,-1
KHAPRETA_510206,312031.860,2624283.200,126.8700,1.2981,5.5500,0.3546,-1
KHAPRETA_510206,312035.860,2624283.200,127.2700,0.1750,5.1500,0.3291,-1
KHAPRETA_510206,312039.860,2624283.200,126.9700,0.0000,5.4500,0.3482,-1
KHAPRETA_510206,312042.860,2624283.200,126.9300,1.4131,5.4900,0.3508,-1
KHAPRETA_510206,312043.860,2624283.200,126.9500,1.9984,5.4700,0.3495,-1
KHAPRETA_510206,312047.860,2624283.200,126.8600,0.0000,5.5600,0.3553,-1
KHAPRETA_510206,312050.860,2624283.200,126.8100,0.0000,5.6100,0.3585,-1
KHAPRETA_510206,312052.860,2624283.200,126.8700,0.0000,5.5500,0.3546,-1
KHAPRETA_510206,312061.860,2624283.200,127.0200,0.0000,5.4000,0.3450,-1
KHAPRETA_510206,312063.860,2624283.200,127.3300,1.6484,5.0900,0.3252,-1
KHAPRETA_510206,312064.860,2624283.200,127.4400,1.2862,4.9800,0.3182,-1
KHAPRETA_510206,312067.860,2624283.200,127.6800,0.0750,4.7400,0.3029,-1
KHAPRETA_510206,312078.860,2624283.200,127.3300,1.0631,5.0900,0.3252,-1
KHAPRETA_510206,312079.860,2624283.200,127.6500,1.6337,4.7700,0.3048,-1
KHAPRETA_510206,312088.860,2624283.200,127.6500,1.0531,4.7700,0.3048,-1
KHAPRETA_510206,312093.860,2624283.200,128.0200,0.9181,4.4000,0.2811,-1
KHAPRETA_510206,312100.860,2624283.200,128.1200,0.0150,4.3000,0.2748,-1
KHAPRETA_510206,312102.860,2624283.200,128.1100,0.0000,4.3100,0.2754,-1
KHAPRETA_510206,312105.860,2624283.200,127.9600,0.0000,4.4600,0.2850,-1
KHAPRETA_510206,312108.860,2624283.200,128.0000,0.9381,4.4200,0.2824,-1
KHAPRETA_510206,312112.860,2624283.200,128.0800,0.8681,4.3400,0.2773,-1
KHAPRETA_510206,312114.860,2624283.200,128.0300,0.0000,4.3900,0.2805,-1
KHAPRETA_510206,312118.860,2624283.200,129.5100,0.2031,2.9100,0.1859,-1
KHAPRETA_510206,312126.860,2624283.200,129.7800,0.7650,2.6400,0.1687,-1
KHAPRETA_510206,312131.860,2624283.200,128.7300,0.6638,3.6900,0.2358,-1
KHAPRETA_510206,312132.860,2624283.200,128.7700,0.0510,3.6500,0.2332,-1
KHAPRETA_510206,312133.860,2624283.200,128.6900,0.0050,3.7300,0.2383,-1
KHAPRETA_510206,312134.860,2624283.200,128.7800,0.5432,3.6400,0.2326,-1
KHAPRETA_510206,312136.860,2624283.200,128.8300,0.0000,3.5900,0.2294,-1
KHAPRETA_510206,312138.860,2624283.200,128.8300,0.0800,3.5900,0.2294,-1
KHAPRETA_510206,312140.860,2624283.200,129.0400,0.0000,3.3800,0.2160,-1
KHAPRETA_510206,312145.860,2624283.200,128.9600,0.4331,3.4600,0.2211,-1
KHAPRETA_510206,312147.860,2624283.200,128.9400,0.0000,3.4800,0.2224,-1
KHAPRETA_510206,312149.860,2624283.200,128.9400,0.4381,3.4800,0.2224,-1
KHAPRETA_510206,312150.860,2624283.200,128.9000,0.6165,3.5200,0.2249,-1
KHAPRETA_510206,312156.860,2624283.200,128.9600,0.0000,3.4600,0.2211,-1
KHAPRETA_510206,312163.860,2624283.200,129.1000,0.4428,3.3200,0.2121,-1
KHAPRETA_510206,312164.860,2624283.200,129.1400,0.0250,3.2800,0.2096,-1
KHAPRETA_510206,312165.860,2624283.200,129.1500,0.3181,3.2700,0.2089,-1
KHAPRETA_510206,312170.860,2624283.200,129.2400,0.2781,3.1800,0.2032,-1
KHAPRETA_510206,312186.860,2624283.200,129.6800,0.0000,2.7400,0.1751,-1
KHAPRETA_510206,312189.860,2624283.200,129.7000,0.0653,2.7200,0.1738,-1
KHAPRETA_510206,312190.860,2624283.200,129.6700,0.0504,2.7500,0.1757,-1
KHAPRETA_510206,312194.860,2624283.200,129.7300,0.0000,2.6900,0.1719,-1
KHAPRETA_510206,312203.860,2624283.200,129.8200,0.0121,2.6000,0.1661,-1
KHAPRETA_510206,312204.860,2624283.200,129.7800,0.0219,2.6400,0.1687,-1
KHAPRETA_510206,312206.860,2624283.200,129.8200,0.0169,2.6000,0.1661,-1
KHAPRETA_510206,312221.860,2624283.200,129.9200,0.0719,2.5000,0.1597,-1
KHAPRETA_510206,312229.860,2624283.200,130.1900,0.0000,2.2300,0.1425,-1
KHAPRETA_510206,312231.860,2624283.200,130.2400,0.0000,2.1800,0.1393,-1
KHAPRETA_510206,312234.860,2624283.200,130.5000,0.4469,1.9200,0.1227,-1
KHAPRETA_510206,312246.860,2624283.200,130.6300,1.0619,1.7900,0.1144,-1
KHAPRETA_510206,312247.860,2624283.200,131.9000,0.7218,0.5200,0.0332,-1
KHAPRETA_510206,312252.860,2624283.200,131.1200,0.6369,1.3000,0.0831,-1
KHAPRETA_510206,312259.860,2624283.200,131.2000,0.6769,1.2200,0.0780,-1
KHAPRETA_510206,312260.860,2624283.200,131.1300,0.7119,1.2900,0.0824,-1
KHAPRETA_510206,312262.860,2624283.200,131.0900,0.0000,1.3300,0.0850,-1
KHAPRETA_510206,312264.860,2624283.200,130.8100,0.0000,1.6100,0.1029,-1
KHAPRETA_510206,312269.860,2624283.200,130.7100,0.4619,1.7100,0.1093,-1
KHAPRETA_510206,312280.860,2624283.200,130.7500,0.0000,1.6700,0.1067,-1
KHAPRETA_510206,312286.860,2624283.200,130.7700,0.0000,1.6500,0.1054,-1
KHAPRETA_510206,312289.860,2624283.200,130.7700,0.5219,1.6500,0.1054,-1
KHAPRETA_510206,312292.860,2624283.200,130.7800,0.0000,1.6400,0.1048,-1
KHAPRETA_510206,312295.860,2624283.200,130.8000,0.7316,1.6200,0.1035,-1
KHAPRETA_510206,312296.860,2624283.200,130.8500,0.7311,1.5700,0.1003,-1
KHAPRETA_510206,312304.860,2624283.200,131.3500,1.1164,1.0700,0.0684,-1
KHAPRETA_510206,312305.860,2624283.200,131.3600,0.7869,1.0600,0.0677,-1
KHAPRETA_510206,312311.860,2624283.200,131.1400,0.6769,1.2800,0.0818,-1
KHAPRETA_510206,312313.860,2624283.200,131.3800,0.0000,1.0400,0.0665,-1
KHAPRETA_510206,312319.860,2624283.200,131.6900,0.0000,0.7300,0.0466,-1
KHAPRETA_510206,312321.860,2624283.200,131.7000,0.0000,0.7200,0.0460,-1
KHAPRETA_510206,312332.860,2624283.200,131.6800,0.9419,0.7400,0.0473,-1
KHAPRETA_510206,312345.860,2624283.200,131.5700,0.8819,0.8500,0.0543,-1
KHAPRETA_510206,312346.860,2624283.200,131.5400,1.2614,0.8800,0.0562,-1
KHAPRETA_510206,312349.860,2624283.200,131.7000,1.2069,0.7200,0.0460,-1
KHAPRETA_510206,312357.860,2624283.200,132.2900,1.7676,0.1300,0.0083,-1
KHAPRETA_510206,312358.860,2624283.200,132.2100,1.2569,0.2100,0.0134,-1
KHAPRETA_510206,312360.860,2624283.200,131.6200,0.9119,0.8000,0.0511,-1
KHAPRETA_510206,312361.860,2624283.200,131.6000,0.9219,0.8200,0.0524,-1
KHAPRETA_510206,312363.860,2624283.200,132.2100,1.2669,0.2100,0.0134,-1
KHAPRETA_510206,312371.860,2624283.200,132.2700,1.7502,0.1500,0.0096,-1
KHAPRETA_510206,312372.860,2624283.200,132.1700,1.2469,0.2500,0.0160,-1
KHAPRETA_510206,312375.860,2624283.200,132.2800,1.2669,0.1400,0.0089,-1
KHAPRETA_510206,312378.860,2624283.200,132.3300,0.0000,0.0900,0.0058,-1
KHAPRETA_510206,312506.860,2624283.200,132.0800,1.1119,0.3400,0.0217,-1
KHAPRETA_510206,312507.860,2624283.200,132.0000,1.7384,0.4200,0.0268,-1
KHAPRETA_510206,312511.860,2624283.200,132.1800,0.0000,0.2400,0.0153,-1
KHAPRETA_510206,311935.860,2624284.200,127.2400,1.7474,5.1800,0.3310,-1
KHAPRETA_510206,311936.860,2624284.200,127.2800,0.0050,5.1400,0.3284,-1
KHAPRETA_510206,311937.860,2624284.200,127.2500,1.7474,5.1700,0.3304,-1
KHAPRETA_510206,311943.860,2624284.200,127.2700,0.0000,5.1500,0.3291,-1
KHAPRETA_510206,311951.860,2624284.200,127.2500,0.0000,5.1700,0.3304,-1
KHAPRETA_510206,311955.860,2624284.200,127.8600,1.0531,4.5600,0.2914,-1
KHAPRETA_510206,311964.860,2624284.200,131.7000,0.0000,0.7200,0.0460,-1
KHAPRETA_510206,311966.860,2624284.200,130.9200,0.0000,1.5000,0.0958,-1
KHAPRETA_510206,311990.860,2624284.200,126.6700,2.2323,5.7500,0.3674,-1
KHAPRETA_510206,311991.860,2624284.200,126.5500,2.2938,5.8700,0.3751,-1
KHAPRETA_510206,311995.860,2624284.200,126.4000,0.0000,6.0200,0.3847,-1
KHAPRETA_510206,312001.860,2624284.200,126.4600,2.3804,5.9600,0.3808,-1
KHAPRETA_510206,312002.860,2624284.200,126.3700,2.3733,6.0500,0.3866,-1
KHAPRETA_510206,312010.860,2624284.200,126.9200,2.1471,5.5000,0.3514,-1
KHAPRETA_510206,312011.860,2624284.200,126.7800,0.2030,5.6400,0.3604,-1
KHAPRETA_510206,312012.860,2624284.200,126.8500,2.0697,5.5700,0.3559,-1
KHAPRETA_510206,312018.860,2624284.200,127.1700,0.0000,5.2500,0.3355,-1
KHAPRETA_510206,312020.860,2624284.200,127.2400,1.3331,5.1800,0.3310,-1
KHAPRETA_510206,312023.860,2624284.200,127.1300,1.1381,5.2900,0.3380,-1
KHAPRETA_510206,312024.860,2624284.200,127.5000,1.8570,4.9200,0.3144,-1
KHAPRETA_510206,312028.860,2624284.200,127.0900,1.2281,5.3300,0.3406,-1
KHAPRETA_510206,312030.860,2624284.200,127.2000,0.0200,5.2200,0.3335,-1
KHAPRETA_510206,312035.860,2624284.200,126.8800,0.1650,5.5400,0.3540,-1
KHAPRETA_510206,312037.860,2624284.200,126.9900,1.2831,5.4300,0.3470,-1
KHAPRETA_510206,312041.860,2624284.200,126.9700,0.0000,5.4500,0.3482,-1
KHAPRETA_510206,312043.860,2624284.200,126.9700,1.4131,5.4500,0.3482,-1
KHAPRETA_510206,312045.860,2624284.200,127.0000,0.0000,5.4200,0.3463,-1
KHAPRETA_510206,312055.860,2624284.200,126.9500,1.9879,5.4700,0.3495,-1
KHAPRETA_510206,312056.860,2624284.200,127.0000,1.4131,5.4200,0.3463,-1
KHAPRETA_510206,312064.860,2624284.200,128.9800,1.0763,3.4400,0.2198,-1
KHAPRETA_510206,312065.860,2624284.200,127.8700,0.3981,4.5500,0.2907,-1
KHAPRETA_510206,312067.860,2624284.200,127.8100,0.0600,4.6100,0.2946,-1
KHAPRETA_510206,312070.860,2624284.200,127.7100,1.0081,4.7100,0.3010,-1
KHAPRETA_510206,312072.860,2624284.200,127.6700,0.0000,4.7500,0.3035,-1
KHAPRETA_510206,312081.860,2624284.200,127.5500,1.1181,4.8700,0.3112,-1
KHAPRETA_510206,312084.860,2624284.200,127.7300,0.0000,4.6900,0.2997,-1
KHAPRETA_510206,312099.860,2624284.200,128.1100,0.8481,4.3100,0.2754,-1
KHAPRETA_510206,312100.860,2624284.200,128.0800,1.1746,4.3400,0.2773,-1
KHAPRETA_510206,312104.860,2624284.200,127.9300,0.8781,4.4900,0.2869,-1
KHAPRETA_510206,312108.860,2624284.200,127.9000,1.3100,4.5200,0.2888,-1
KHAPRETA_510206,312109.860,2624284.200,127.8500,1.2849,4.5700,0.2920,-1
KHAPRETA_510206,312113.860,2624284.200,128.0100,0.0000,4.4100,0.2818,-1
KHAPRETA_510206,312115.860,2624284.200,128.7400,0.0000,3.6800,0.2351,-1
KHAPRETA_510206,312118.860,2624284.200,129.3700,0.1331,3.0500,0.1949,-1
KHAPRETA_510206,312126.860,2624284.200,128.3800,0.6500,4.0400,0.2581,-1
KHAPRETA_510206,312130.860,2624284.200,129.4900,0.0000,2.9300,0.1872,-1
KHAPRETA_510206,312132.860,2624284.200,129.8700,0.0050,2.5500,0.1629,-1
KHAPRETA_510206,312134.860,2624284.200,128.7400,0.4981,3.6800,0.2351,-1
KHAPRETA_510206,312137.860,2624284.200,128.8200,0.6585,3.6000,0.2300,-1
KHAPRETA_510206,312138.860,2624284.200,128.8600,0.6726,3.5600,0.2275,-1
KHAPRETA_510206,312145.860,2624284.200,128.9100,0.0350,3.5100,0.2243,-1
KHAPRETA_510206,312148.860,2624284.200,128.9100,0.0000,3.5100,0.2243,-1
KHAPRETA_510206,312153.860,2624284.200,128.9000,0.0000,3.5200,0.2249,-1
KHAPRETA_510206,312157.860,2624284.200,128.9500,0.0000,3.4700,0.2217,-1
KHAPRETA_510206,312159.860,2624284.200,129.1200,0.0000,3.3000,0.2109,-1
KHAPRETA_510206,312161.860,2624284.200,129.1000,0.3231,3.3200,0.2121,-1
KHAPRETA_510206,312162.860,2624284.200,129.1300,0.0300,3.2900,0.2102,-1
KHAPRETA_510206,312163.860,2624284.200,129.1600,0.4676,3.2600,0.2083,-1
KHAPRETA_510206,312167.860,2624284.200,129.1900,0.0000,3.2300,0.2064,-1
KHAPRETA_510206,312170.860,2624284.200,129.2200,0.0150,3.2000,0.2045,-1
KHAPRETA_510206,312172.860,2624284.200,129.2700,0.0000,3.1500,0.2013,-1
KHAPRETA_510206,312174.860,2624284.200,129.3100,0.0000,3.1100,0.1987,-1
KHAPRETA_510206,312176.860,2624284.200,129.3200,0.2181,3.1000,0.1981,-1
KHAPRETA_510206,312177.860,2624284.200,129.3400,0.2281,3.0800,0.1968,-1
KHAPRETA_510206,312188.860,2624284.200,129.6700,0.0000,2.7500,0.1757,-1
KHAPRETA_510206,312190.860,2624284.200,129.7100,0.0531,2.7100,0.1732,-1
KHAPRETA_510206,312203.860,2624284.200,129.8000,0.0219,2.6200,0.1674,-1
KHAPRETA_510206,312209.860,2624284.200,129.8400,0.0369,2.5800,0.1649,-1
KHAPRETA_510206,312214.860,2624284.200,129.8700,0.0000,2.5500,0.1629,-1
KHAPRETA_510206,312217.860,2624284.200,129.9100,0.0000,2.5100,0.1604,-1
KHAPRETA_510206,312219.860,2624284.200,129.9300,0.0669,2.4900,0.1591,-1
KHAPRETA_510206,312220.860,2624284.200,129.9100,0.1053,2.5100,0.1604,-1
KHAPRETA_510206,312226.860,2624284.200,129.9700,0.0000,2.4500,0.1565,-1
KHAPRETA_510206,312230.860,2624284.200,130.2500,0.2269,2.1700,0.1387,-1
KHAPRETA_510206,312233.860,2624284.200,130.5100,0.0000,1.9100,0.1220,-1
KHAPRETA_510206,312237.860,2624284.200,130.9900,0.6469,1.4300,0.0914,-1
KHAPRETA_510206,312238.860,2624284.200,131.0700,0.0050,1.3500,0.0863,-1
KHAPRETA_510206,312239.860,2624284.200,130.9800,0.6469,1.4400,0.0920,-1
KHAPRETA_510206,312249.860,2624284.200,130.9700,0.4869,1.4500,0.0927,-1
KHAPRETA_510206,312250.860,2624284.200,130.7500,0.8951,1.6700,0.1067,-1
KHAPRETA_510206,312253.860,2624284.200,131.1100,0.6719,1.3100,0.0837,-1
KHAPRETA_510206,312258.860,2624284.200,131.1600,0.7019,1.2600,0.0805,-1
KHAPRETA_510206,312265.860,2624284.200,130.8100,0.0000,1.6100,0.1029,-1
KHAPRETA_510206,312269.860,2624284.200,130.7000,0.4872,1.7200,0.1099,-1
KHAPRETA_510206,312270.860,2624284.200,130.7500,0.6568,1.6700,0.1067,-1
KHAPRETA_510206,312279.860,2624284.200,130.7500,0.0000,1.6700,0.1067,-1
KHAPRETA_510206,312282.860,2624284.200,130.7900,0.0000,1.6300,0.1042,-1
KHAPRETA_510206,312284.860,2624284.200,130.7700,0.0000,1.6500,0.1054,-1
KHAPRETA_510206,312289.860,2624284.200,130.8200,0.0200,1.6000,0.1022,-1
KHAPRETA_510206,312291.860,2624284.200,130.8000,0.0000,1.6200,0.1035,-1
KHAPRETA_510206,312294.860,2624284.200,130.7900,0.0000,1.6300,0.1042,-1
KHAPRETA_510206,312296.860,2624284.200,130.8200,0.5369,1.6000,0.1022,-1
KHAPRETA_510206,312307.860,2624284.200,131.3800,0.8269,1.0400,0.0665,-1
KHAPRETA_510206,312308.860,2624284.200,131.4300,0.0150,0.9900,0.0633,-1
KHAPRETA_510206,312309.860,2624284.200,131.4100,0.8269,1.0100,0.0645,-1
KHAPRETA_510206,312311.860,2624284.200,131.1300,0.6819,1.2900,0.0824,-1
KHAPRETA_510206,312315.860,2624284.200,131.5900,0.0000,0.8300,0.0530,-1
KHAPRETA_510206,312318.860,2624284.200,131.7100,0.0000,0.7100,0.0454,-1
KHAPRETA_510206,312326.860,2624284.200,131.5500,0.0000,0.8700,0.0556,-1
KHAPRETA_510206,312332.860,2624284.200,131.6600,0.9519,0.7600,0.0486,-1
KHAPRETA_510206,312335.860,2624284.200,131.5800,0.9019,0.8400,0.0537,-1
KHAPRETA_510206,312336.860,2624284.200,131.5800,0.9512,0.8400,0.0537,-1
KHAPRETA_510206,312337.860,2624284.200,131.4000,0.1050,1.0200,0.0652,-1
KHAPRETA_510206,312338.860,2624284.200,131.3700,0.0150,1.0500,0.0671,-1
KHAPRETA_510206,312339.860,2624284.200,131.3700,0.7969,1.0500,0.0671,-1
KHAPRETA_510206,312344.860,2624284.200,131.5000,0.0000,0.9200,0.0588,-1
KHAPRETA_510206,312346.860,2624284.200,131.5500,0.8819,0.8700,0.0556,-1
KHAPRETA_510206,312348.860,2624284.200,131.4100,1.2069,1.0100,0.0645,-1
KHAPRETA_510206,312349.860,2624284.200,132.1900,1.0599,0.2300,0.0147,-1
KHAPRETA_510206,312350.860,2624284.200,132.3000,1.2069,0.1200,0.0077,-1
KHAPRETA_510206,312373.860,2624284.200,132.2800,0.0000,0.1400,0.0089,-1
KHAPRETA_510206,312376.860,2624284.200,132.3600,1.2969,0.0600,0.0038,-1
KHAPRETA_510206,312377.860,2624284.200,132.3700,1.2919,0.0500,0.0032,-1
KHAPRETA_510206,312478.860,2624284.200,131.6000,0.9569,0.8200,0.0524,-1
KHAPRETA_510206,312479.860,2624284.200,131.6900,0.9119,0.7300,0.0466,-1
KHAPRETA_510206,312507.860,2624284.200,132.3800,1.1119,0.0400,0.0026,-1
KHAPRETA_510206,311935.860,2624285.200,127.3300,1.2681,5.0900,0.3252,-1
KHAPRETA_510206,311962.860,2624285.200,131.2900,0.0000,1.1300,0.0722,-1
KHAPRETA_510206,311965.860,2624285.200,130.9800,0.0000,1.4400,0.0920,-1
KHAPRETA_510206,311967.860,2624285.200,130.6200,0.0000,1.8000,0.1150,-1
KHAPRETA_510206,311972.860,2624285.200,128.5300,1.4231,3.8900,0.2486,-1
KHAPRETA_510206,311989.860,2624285.200,126.3400,1.6631,6.0800,0.3885,-1
KHAPRETA_510206,311991.860,2624285.200,126.4000,1.6131,6.0200,0.3847,-1
KHAPRETA_510206,311996.860,2624285.200,126.3800,0.0000,6.0400,0.3859,-1
KHAPRETA_510206,311999.860,2624285.200,126.3800,0.0000,6.0400,0.3859,-1
KHAPRETA_510206,312003.860,2624285.200,126.4500,2.3236,5.9700,0.3815,-1
KHAPRETA_510206,312004.860,2624285.200,126.4900,1.6631,5.9300,0.3789,-1
KHAPRETA_510206,312006.860,2624285.200,126.4900,0.0000,5.9300,0.3789,-1
KHAPRETA_510206,312008.860,2624285.200,126.6300,0.0000,5.7900,0.3700,-1
KHAPRETA_510206,312011.860,2624285.200,126.9100,2.0697,5.5100,0.3521,-1
KHAPRETA_510206,312012.860,2624285.200,126.9200,2.0480,5.5000,0.3514,-1
KHAPRETA_510206,312014.860,2624285.200,126.9500,1.4381,5.4700,0.3495,-1
KHAPRETA_510206,312017.860,2624285.200,127.0500,0.0000,5.3700,0.3431,-1
KHAPRETA_510206,312025.860,2624285.200,127.1300,0.0000,5.2900,0.3380,-1
KHAPRETA_510206,312027.860,2624285.200,127.2000,1.2281,5.2200,0.3335,-1
KHAPRETA_510206,312028.860,2624285.200,127.3200,1.8609,5.1000,0.3259,-1
KHAPRETA_510206,312030.860,2624285.200,127.1400,1.2881,5.2800,0.3374,-1
KHAPRETA_510206,312032.860,2624285.200,127.4900,1.1631,4.9300,0.3150,-1
KHAPRETA_510206,312034.860,2624285.200,127.0200,1.4181,5.4000,0.3450,-1
KHAPRETA_510206,312035.860,2624285.200,126.9400,1.9990,5.4800,0.3502,-1
KHAPRETA_510206,312037.860,2624285.200,127.2100,1.3931,5.2100,0.3329,-1
KHAPRETA_510206,312048.860,2624285.200,126.9700,1.4031,5.4500,0.3482,-1
KHAPRETA_510206,312049.860,2624285.200,126.9700,1.4031,5.4500,0.3482,-1
KHAPRETA_510206,312051.860,2624285.200,126.9900,0.0000,5.4300,0.3470,-1
KHAPRETA_510206,312055.860,2624285.200,126.9300,0.0050,5.4900,0.3508,-1
KHAPRETA_510206,312057.860,2624285.200,126.9900,0.0000,5.4300,0.3470,-1
KHAPRETA_510206,312061.860,2624285.200,127.1400,0.0000,5.2800,0.3374,-1
KHAPRETA_510206,312063.860,2624285.200,127.3100,1.4289,5.1100,0.3265,-1
KHAPRETA_510206,312064.860,2624285.200,128.4400,1.4920,3.9800,0.2543,-1
KHAPRETA_510206,312066.860,2624285.200,128.1300,0.9881,4.2900,0.2741,-1
KHAPRETA_510206,312067.860,2624285.200,127.8000,1.2821,4.6200,0.2952,-1
KHAPRETA_510206,312070.860,2624285.200,127.7600,1.0331,4.6600,0.2978,-1
KHAPRETA_510206,312080.860,2624285.200,127.4200,1.1181,5.0000,0.3195,-1
KHAPRETA_510206,312081.860,2624285.200,127.5400,1.1171,4.8800,0.3118,-1
KHAPRETA_510206,312082.860,2624285.200,127.6100,0.0600,4.8100,0.3073,-1
KHAPRETA_510206,312083.860,2624285.200,127.6600,1.5317,4.7600,0.3042,-1
KHAPRETA_510206,312086.860,2624285.200,127.8100,0.0000,4.6100,0.2946,-1
KHAPRETA_510206,312088.860,2624285.200,127.7700,1.0381,4.6500,0.2971,-1
KHAPRETA_510206,312089.860,2624285.200,127.7000,0.9983,4.7200,0.3016,-1
KHAPRETA_510206,312090.860,2624285.200,127.7300,1.0381,4.6900,0.2997,-1
KHAPRETA_510206,312101.860,2624285.200,128.1000,0.0000,4.3200,0.2760,-1
KHAPRETA_510206,312103.860,2624285.200,128.1100,1.2001,4.3100,0.2754,-1
KHAPRETA_510206,312104.860,2624285.200,128.0200,1.2434,4.4000,0.2811,-1
KHAPRETA_510206,312106.860,2624285.200,127.9100,0.8631,4.5100,0.2882,-1
KHAPRETA_510206,312107.860,2624285.200,128.0500,0.9331,4.3700,0.2792,-1
KHAPRETA_510206,312109.860,2624285.200,128.0200,0.9631,4.4000,0.2811,-1
KHAPRETA_510206,312112.860,2624285.200,128.0700,0.0000,4.3500,0.2780,-1
KHAPRETA_510206,312122.860,2624285.200,129.5100,0.6981,2.9100,0.1859,-1
KHAPRETA_510206,312126.860,2624285.200,128.4800,0.8546,3.9400,0.2518,-1
KHAPRETA_510206,312127.860,2624285.200,128.7900,0.8143,3.6300,0.2319,-1
KHAPRETA_510206,312129.860,2624285.200,129.4200,0.3181,3.0000,0.1917,-1
KHAPRETA_510206,312132.860,2624285.200,128.7600,0.0469,3.6600,0.2339,-1
KHAPRETA_510206,312136.860,2624285.200,128.7700,0.4731,3.6500,0.2332,-1
KHAPRETA_510206,312137.860,2624285.200,128.8300,0.6940,3.5900,0.2294,-1
KHAPRETA_510206,312141.860,2624285.200,128.8400,0.3881,3.5800,0.2288,-1
KHAPRETA_510206,312142.860,2624285.200,129.0000,0.4105,3.4200,0.2185,-1
KHAPRETA_510206,312143.860,2624285.200,128.9300,0.3532,3.4900,0.2230,-1
KHAPRETA_510206,312144.860,2624285.200,128.8800,0.0200,3.5400,0.2262,-1
KHAPRETA_510206,312145.860,2624285.200,128.8900,0.6231,3.5300,0.2256,-1
KHAPRETA_510206,312154.860,2624285.200,128.9400,0.0000,3.4800,0.2224,-1
KHAPRETA_510206,312158.860,2624285.200,129.0700,0.3581,3.3500,0.2141,-1
KHAPRETA_510206,312170.860,2624285.200,129.2700,0.2635,3.1500,0.2013,-1
KHAPRETA_510206,312171.860,2624285.200,129.2500,0.2531,3.1700,0.2026,-1
KHAPRETA_510206,312181.860,2624285.200,129.3500,0.0000,3.0700,0.1962,-1
KHAPRETA_510206,312184.860,2624285.200,129.5800,0.0469,2.8400,0.1815,-1
KHAPRETA_510206,312193.860,2624285.200,129.7200,0.0031,2.7000,0.1725,-1
KHAPRETA_510206,312194.860,2624285.200,129.7700,0.0281,2.6500,0.1693,-1
KHAPRETA_510206,312199.860,2624285.200,129.7700,0.0000,2.6500,0.1693,-1
KHAPRETA_510206,312202.860,2624285.200,129.8000,0.0000,2.6200,0.1674,-1
KHAPRETA_510206,312205.860,2624285.200,129.8100,0.0000,2.6100,0.1668,-1
KHAPRETA_510206,312209.860,2624285.200,129.8500,0.0319,2.5700,0.1642,-1
KHAPRETA_510206,312215.860,2624285.200,129.9000,0.0949,2.5200,0.1610,-1
KHAPRETA_510206,312216.860,2624285.200,129.9000,0.0619,2.5200,0.1610,-1
KHAPRETA_510206,312220.860,2624285.200,129.9200,0.0050,2.5000,0.1597,-1
KHAPRETA_510206,312224.860,2624285.200,129.9400,0.1069,2.4800,0.1585,-1
KHAPRETA_510206,312229.860,2624285.200,130.0200,0.2468,2.4000,0.1534,-1
KHAPRETA_510206,312230.860,2624285.200,130.2300,0.2665,2.1900,0.1399,-1
KHAPRETA_510206,312235.860,2624285.200,131.0000,0.0000,1.4200,0.0907,-1
KHAPRETA_510206,312246.860,2624285.200,131.0500,0.0000,1.3700,0.0875,-1
KHAPRETA_510206,312250.860,2624285.200,131.1100,0.4869,1.3100,0.0837,-1
KHAPRETA_510206,312253.860,2624285.200,131.1200,0.0250,1.3000,0.0831,-1
KHAPRETA_510206,312256.860,2624285.200,131.1600,0.0000,1.2600,0.0805,-1
KHAPRETA_510206,312258.860,2624285.200,131.1800,0.6919,1.2400,0.0792,-1
KHAPRETA_510206,312260.860,2624285.200,131.2100,0.7169,1.2100,0.0773,-1
KHAPRETA_510206,312262.860,2624285.200,131.1600,0.0000,1.2600,0.0805,-1
KHAPRETA_510206,312264.860,2624285.200,130.7900,0.0000,1.6300,0.1042,-1
KHAPRETA_510206,312266.860,2624285.200,130.7600,0.4719,1.6600,0.1061,-1
KHAPRETA_510206,312267.860,2624285.200,130.7200,0.4919,1.7000,0.1086,-1
KHAPRETA_510206,312269.860,2624285.200,130.7400,0.6568,1.6800,0.1073,-1
KHAPRETA_510206,312270.860,2624285.200,130.7100,0.4824,1.7100,0.1093,-1
KHAPRETA_510206,312272.860,2624285.200,130.7300,0.0000,1.6900,0.1080,-1
KHAPRETA_510206,312288.860,2624285.200,130.7700,0.5169,1.6500,0.1054,-1
KHAPRETA_510206,312289.860,2624285.200,130.8100,0.5223,1.6100,0.1029,-1
KHAPRETA_510206,312290.860,2624285.200,130.8100,0.5169,1.6100,0.1029,-1
KHAPRETA_510206,312292.860,2624285.200,130.8200,0.0000,1.6000,0.1022,-1
KHAPRETA_510206,312299.860,2624285.200,130.8400,0.0000,1.5800,0.1010,-1
KHAPRETA_510206,312302.860,2624285.200,131.3400,0.0000,1.0800,0.0690,-1
KHAPRETA_510206,312305.860,2624285.200,131.3700,0.0000,1.0500,0.0671,-1
KHAPRETA_510206,312317.860,2624285.200,131.5300,0.0000,0.8900,0.0569,-1
KHAPRETA_510206,312322.860,2624285.200,131.6200,0.0000,0.8000,0.0511,-1
KHAPRETA_510206,312331.860,2624285.200,131.6600,0.0000,0.7600,0.0486,-1
KHAPRETA_510206,312334.860,2624285.200,131.5200,0.0000,0.9000,0.0575,-1
KHAPRETA_510206,312336.860,2624285.200,131.6700,0.9019,0.7500,0.0479,-1
KHAPRETA_510206,312341.860,2624285.200,131.4300,0.0000,0.9900,0.0633,-1
KHAPRETA_510206,312351.860,2624285.200,132.1000,1.2419,0.3200,0.0204,-1
KHAPRETA_510206,312352.860,2624285.200,132.2600,1.1619,0.1600,0.0102,-1
KHAPRETA_510206,312360.860,2624285.200,131.5100,1.3474,0.9100,0.0581,-1
KHAPRETA_510206,312361.860,2624285.200,131.6000,0.8669,0.8200,0.0524,-1
KHAPRETA_510206,312509.860,2624285.200,132.4000,0.0000,0.0200,0.0013,-1
KHAPRETA_510206,312516.860,2624285.200,132.3800,0.0000,0.0400,0.0026,-1
KHAPRETA_510206,311966.860,2624286.200,130.3200,0.9119,2.1000,0.1342,-1
KHAPRETA_510206,311968.860,2624286.200,130.4700,0.5041,1.9500,0.1246,-1
KHAPRETA_510206,311969.860,2624286.200,130.1800,7.4137,2.2400,0.1431,-1
KHAPRETA_510206,311970.860,2624286.200,120.3600,0.2019,12.0600,0.7706,-1
KHAPRETA_510206,311972.860,2624286.200,126.9300,0.6231,5.4900,0.3508,-1
KHAPRETA_510206,311984.860,2624286.200,125.6800,0.0000,6.7400,0.4307,-1
KHAPRETA_510206,311989.860,2624286.200,126.4500,1.7181,5.9700,0.3815,-1
KHAPRETA_510206,312003.860,2624286.200,126.4900,1.6631,5.9300,0.3789,-1
KHAPRETA_510206,312014.860,2624286.200,126.9000,1.4131,5.5200,0.3527,-1
KHAPRETA_510206,312022.860,2624286.200,127.1000,0.0000,5.3200,0.3399,-1
KHAPRETA_510206,312032.860,2624286.200,127.4500,1.1431,4.9700,0.3176,-1
KHAPRETA_510206,312038.860,2624286.200,126.9700,0.0000,5.4500,0.3482,-1
KHAPRETA_510206,312046.860,2624286.200,127.0300,1.3731,5.3900,0.3444,-1
KHAPRETA_510206,312055.860,2624286.200,126.9600,1.4231,5.4600,0.3489,-1
KHAPRETA_510206,312063.860,2624286.200,127.2500,1.7474,5.1700,0.3304,-1
KHAPRETA_510206,312064.860,2624286.200,127.3000,0.9183,5.1200,0.3272,-1
KHAPRETA_510206,312065.860,2624286.200,128.5100,1.2381,3.9100,0.2498,-1
KHAPRETA_510206,312075.860,2624286.200,127.6600,0.0000,4.7600,0.3042,-1
KHAPRETA_510206,312083.860,2624286.200,127.6100,1.0581,4.8100,0.3073,-1
KHAPRETA_510206,312089.860,2624286.200,127.7800,1.0381,4.6400,0.2965,-1
KHAPRETA_510206,312093.860,2624286.200,127.9600,0.0000,4.4600,0.2850,-1
KHAPRETA_510206,312099.860,2624286.200,128.1000,0.0000,4.3200,0.2760,-1
KHAPRETA_510206,312103.860,2624286.200,128.1400,0.8331,4.2800,0.2735,-1
KHAPRETA_510206,312105.860,2624286.200,127.9400,0.0000,4.4800,0.2863,-1
KHAPRETA_510206,312113.860,2624286.200,128.0700,0.0000,4.3500,0.2780,-1
KHAPRETA_510206,312116.860,2624286.200,128.3000,0.0000,4.1200,0.2633,-1
KHAPRETA_510206,312120.860,2624286.200,129.1200,0.0000,3.3000,0.2109,-1
KHAPRETA_510206,312122.860,2624286.200,128.3800,0.1331,4.0400,0.2581,-1
KHAPRETA_510206,312125.860,2624286.200,128.6600,0.0000,3.7600,0.2403,-1
KHAPRETA_510206,312127.860,2624286.200,128.7900,0.5612,3.6300,0.2319,-1
KHAPRETA_510206,312128.860,2624286.200,129.2400,0.1750,3.1800,0.2032,-1
KHAPRETA_510206,312129.860,2624286.200,129.1400,0.2678,3.2800,0.2096,-1
KHAPRETA_510206,312130.860,2624286.200,129.6400,0.3181,2.7800,0.1776,-1
KHAPRETA_510206,312133.860,2624286.200,128.9100,0.5153,3.5100,0.2243,-1
KHAPRETA_510206,312134.860,2624286.200,128.7500,0.4331,3.6700,0.2345,-1
KHAPRETA_510206,312142.860,2624286.200,128.9600,0.5213,3.4600,0.2211,-1
KHAPRETA_510206,312143.860,2624286.200,129.0800,0.5878,3.3400,0.2134,-1
KHAPRETA_510206,312147.860,2624286.200,128.9100,0.3881,3.5100,0.2243,-1
KHAPRETA_510206,312148.860,2624286.200,129.0000,0.4331,3.4200,0.2185,-1
KHAPRETA_510206,312151.860,2624286.200,128.9000,0.0000,3.5200,0.2249,-1
KHAPRETA_510206,312158.860,2624286.200,129.0600,0.0000,3.3600,0.2147,-1
KHAPRETA_510206,312165.860,2624286.200,129.1600,0.0000,3.2600,0.2083,-1
KHAPRETA_510206,312167.860,2624286.200,129.2100,0.0000,3.2100,0.2051,-1
KHAPRETA_510206,312169.860,2624286.200,129.2100,0.2631,3.2100,0.2051,-1
KHAPRETA_510206,312170.860,2624286.200,129.2500,0.3797,3.1700,0.2026,-1
KHAPRETA_510206,312173.860,2624286.200,129.2500,0.0000,3.1700,0.2026,-1
KHAPRETA_510206,312175.860,2624286.200,129.3000,0.2431,3.1200,0.1994,-1
KHAPRETA_510206,312176.860,2624286.200,129.2900,0.2381,3.1300,0.2000,-1
KHAPRETA_510206,312178.860,2624286.200,129.3300,0.2131,3.0900,0.1974,-1
KHAPRETA_510206,312179.860,2624286.200,129.3500,0.3119,3.0700,0.1962,-1
KHAPRETA_510206,312182.860,2624286.200,129.3600,0.1831,3.0600,0.1955,-1
KHAPRETA_510206,312183.860,2624286.200,129.4100,0.2550,3.0100,0.1923,-1
KHAPRETA_510206,312184.860,2624286.200,129.8700,0.2077,2.5500,0.1629,-1
KHAPRETA_510206,312188.860,2624286.200,129.6700,0.0645,2.7500,0.1757,-1
KHAPRETA_510206,312189.860,2624286.200,129.7200,0.0531,2.7000,0.1725,-1
KHAPRETA_510206,312192.860,2624286.200,129.7400,0.0000,2.6800,0.1712,-1
KHAPRETA_510206,312201.860,2624286.200,129.7900,0.0031,2.6300,0.1681,-1
KHAPRETA_510206,312207.860,2624286.200,129.8300,0.0452,2.5900,0.1655,-1
KHAPRETA_510206,312208.860,2624286.200,129.8100,0.0269,2.6100,0.1668,-1
KHAPRETA_510206,312215.860,2624286.200,129.9200,0.0100,2.5000,0.1597,-1
KHAPRETA_510206,312220.860,2624286.200,129.9200,0.1053,2.5000,0.1597,-1
KHAPRETA_510206,312221.860,2624286.200,129.9300,0.0300,2.4900,0.1591,-1
KHAPRETA_510206,312222.860,2624286.200,129.9800,0.0769,2.4400,0.1559,-1
KHAPRETA_510206,312224.860,2624286.200,129.9900,0.0150,2.4300,0.1553,-1
KHAPRETA_510206,312226.860,2624286.200,129.9700,0.1300,2.4500,0.1565,-1
KHAPRETA_510206,312227.860,2624286.200,129.9600,0.0969,2.4600,0.1572,-1
KHAPRETA_510206,312229.860,2624286.200,129.9700,0.1219,2.4500,0.1565,-1
KHAPRETA_510206,312232.860,2624286.200,130.5800,0.0000,1.8400,0.1176,-1
KHAPRETA_510206,312236.860,2624286.200,131.0200,0.0000,1.4000,0.0895,-1
KHAPRETA_510206,312239.860,2624286.200,131.0300,0.0000,1.3900,0.0888,-1
KHAPRETA_510206,312243.860,2624286.200,131.0600,0.0000,1.3600,0.0869,-1
KHAPRETA_510206,312245.860,2624286.200,131.0500,0.6269,1.3700,0.0875,-1
KHAPRETA_510206,312247.860,2624286.200,131.0700,0.6669,1.3500,0.0863,-1
KHAPRETA_510206,312248.860,2624286.200,131.1100,0.6469,1.3100,0.0837,-1
KHAPRETA_510206,312253.860,2624286.200,131.1600,0.0150,1.2600,0.0805,-1
KHAPRETA_510206,312257.860,2624286.200,131.2000,0.0000,1.2200,0.0780,-1
KHAPRETA_510206,312260.860,2624286.200,131.2100,0.7169,1.2100,0.0773,-1
KHAPRETA_510206,312270.860,2624286.200,130.7100,0.4669,1.7100,0.1093,-1
KHAPRETA_510206,312276.860,2624286.200,130.7700,0.5119,1.6500,0.1054,-1
KHAPRETA_510206,312282.860,2624286.200,130.7700,0.0000,1.6500,0.1054,-1
KHAPRETA_510206,312295.860,2624286.200,130.8100,0.5119,1.6100,0.1029,-1
KHAPRETA_510206,312296.860,2624286.200,130.8000,0.5169,1.6200,0.1035,-1
KHAPRETA_510206,312307.860,2624286.200,131.2800,0.8069,1.1400,0.0728,-1
KHAPRETA_510206,312311.860,2624286.200,131.2400,0.0000,1.1800,0.0754,-1
KHAPRETA_510206,312313.860,2624286.200,131.1900,0.7319,1.2300,0.0786,-1
KHAPRETA_510206,312316.860,2624286.200,131.6700,0.0000,0.7500,0.0479,-1
KHAPRETA_510206,312324.860,2624286.200,131.7100,0.9369,0.7100,0.0454,-1
KHAPRETA_510206,312329.860,2624286.200,131.6600,0.0000,0.7600,0.0486,-1
KHAPRETA_510206,312337.860,2624286.200,131.5600,0.9419,0.8600,0.0550,-1
KHAPRETA_510206,312342.860,2624286.200,131.4600,0.0000,0.9600,0.0613,-1
KHAPRETA_510206,312359.860,2624286.200,131.9200,0.9919,0.5000,0.0319,-1
KHAPRETA_510206,312360.860,2624286.200,131.7600,1.3786,0.6600,0.0422,-1
KHAPRETA_510206,312375.860,2624286.200,132.3600,0.0000,0.0600,0.0038,-1
KHAPRETA_510206,312479.860,2624286.200,132.4200,0.0000,0.0000,0.0000,-1
KHAPRETA_510206,311938.860,2624287.200,127.3100,1.7043,5.1100,0.3265,-1
KHAPRETA_510206,311939.860,2624287.200,127.2300,1.2331,5.1900,0.3316,-1
KHAPRETA_510206,311942.860,2624287.200,127.3100,0.0000,5.1100,0.3265,-1
KHAPRETA_510206,311964.860,2624287.200,131.7900,0.7619,0.6300,0.0403,-1
KHAPRETA_510206,311965.860,2624287.200,131.3000,0.9517,1.1200,0.0716,-1
KHAPRETA_510206,311966.860,2624287.200,131.6000,0.8090,0.8200,0.0524,-1
KHAPRETA_510206,311968.860,2624287.200,130.7000,5.4231,1.7200,0.1099,-1
KHAPRETA_510206,311969.860,2624287.200,118.9300,0.5041,13.4900,0.8620,-1
KHAPRETA_510206,311971.860,2624287.200,129.0000,0.0000,3.4200,0.2185,-1
KHAPRETA_510206,311982.860,2624287.200,125.6500,0.0000,6.7700,0.4326,-1
KHAPRETA_510206,311991.860,2624287.200,126.3900,0.0000,6.0300,0.3853,-1
KHAPRETA_510206,311996.860,2624287.200,126.4100,0.0000,6.0100,0.3840,-1
KHAPRETA_510206,312002.860,2624287.200,126.5600,0.0000,5.8600,0.3744,-1
KHAPRETA_510206,312005.860,2624287.200,126.5900,0.0000,5.8300,0.3725,-1
KHAPRETA_510206,312008.860,2624287.200,127.0500,1.9312,5.3700,0.3431,-1
KHAPRETA_510206,312009.860,2624287.200,127.0600,1.3631,5.3600,0.3425,-1
KHAPRETA_510206,312012.860,2624287.200,127.0400,1.4331,5.3800,0.3438,-1
KHAPRETA_510206,312016.860,2624287.200,127.0200,1.2531,5.4000,0.3450,-1
KHAPRETA_510206,312017.860,2624287.200,127.2700,1.3781,5.1500,0.3291,-1
KHAPRETA_510206,312020.860,2624287.200,127.1300,1.8295,5.2900,0.3380,-1
KHAPRETA_510206,312021.860,2624287.200,127.1100,1.3231,5.3100,0.3393,-1
KHAPRETA_510206,312027.860,2624287.200,127.3300,0.0000,5.0900,0.3252,-1
KHAPRETA_510206,312030.860,2624287.200,127.4300,1.3031,4.9900,0.3188,-1
KHAPRETA_510206,312037.860,2624287.200,127.2500,0.0000,5.1700,0.3304,-1
KHAPRETA_510206,312041.860,2624287.200,127.0100,0.0000,5.4100,0.3457,-1
KHAPRETA_510206,312046.860,2624287.200,127.0300,1.9453,5.3900,0.3444,-1
KHAPRETA_510206,312047.860,2624287.200,127.0200,1.9277,5.4000,0.3450,-1
KHAPRETA_510206,312051.860,2624287.200,127.0400,1.3481,5.3800,0.3438,-1
KHAPRETA_510206,312053.860,2624287.200,127.0700,0.0000,5.3500,0.3419,-1
KHAPRETA_510206,312057.860,2624287.200,127.0500,1.8711,5.3700,0.3431,-1
KHAPRETA_510206,312058.860,2624287.200,127.1400,1.2885,5.2800,0.3374,-1
KHAPRETA_510206,312059.860,2624287.200,127.1200,1.8360,5.3000,0.3387,-1
KHAPRETA_510206,312067.860,2624287.200,127.5700,0.0000,4.8500,0.3099,-1
KHAPRETA_510206,312071.860,2624287.200,127.8200,1.0081,4.6000,0.2939,-1
KHAPRETA_510206,312074.860,2624287.200,127.8100,0.0000,4.6100,0.2946,-1
KHAPRETA_510206,312076.860,2624287.200,127.7300,1.0131,4.6900,0.2997,-1
KHAPRETA_510206,312081.860,2624287.200,127.7400,0.0000,4.6800,0.2990,-1
KHAPRETA_510206,312085.860,2624287.200,127.6900,0.0000,4.7300,0.3022,-1
KHAPRETA_510206,312088.860,2624287.200,127.8200,0.0000,4.6000,0.2939,-1
KHAPRETA_510206,312090.860,2624287.200,127.7800,0.0000,4.6400,0.2965,-1
KHAPRETA_510206,312098.860,2624287.200,128.0800,0.0000,4.3400,0.2773,-1
KHAPRETA_510206,312100.860,2624287.200,128.1000,0.0000,4.3200,0.2760,-1
KHAPRETA_510206,312106.860,2624287.200,127.9100,0.0000,4.5100,0.2882,-1
KHAPRETA_510206,312108.860,2624287.200,128.0200,1.2488,4.4000,0.2811,-1
KHAPRETA_510206,312109.860,2624287.200,128.0100,0.8781,4.4100,0.2818,-1
KHAPRETA_510206,312112.860,2624287.200,128.0000,0.0000,4.4200,0.2824,-1
KHAPRETA_510206,312118.860,2624287.200,128.8500,0.9371,3.5700,0.2281,-1
KHAPRETA_510206,312119.860,2624287.200,128.5600,0.4631,3.8600,0.2466,-1
KHAPRETA_510206,312123.860,2624287.200,128.8400,0.8003,3.5800,0.2288,-1
KHAPRETA_510206,312124.860,2624287.200,128.8100,0.4681,3.6100,0.2307,-1
KHAPRETA_510206,312126.860,2624287.200,129.3800,0.0000,3.0400,0.1942,-1
KHAPRETA_510206,312132.860,2624287.200,129.8500,0.0481,2.5700,0.1642,-1
KHAPRETA_510206,312133.860,2624287.200,129.6800,0.4346,2.7400,0.1751,-1
KHAPRETA_510206,312135.860,2624287.200,128.7600,0.4781,3.6600,0.2339,-1
KHAPRETA_510206,312138.860,2624287.200,128.8200,0.0000,3.6000,0.2300,-1
KHAPRETA_510206,312140.860,2624287.200,129.0000,0.0000,3.4200,0.2185,-1
KHAPRETA_510206,312145.860,2624287.200,129.0100,0.0000,3.4100,0.2179,-1
KHAPRETA_510206,312150.860,2624287.200,128.8600,0.0000,3.5600,0.2275,-1
KHAPRETA_510206,312153.860,2624287.200,129.0300,0.3731,3.3900,0.2166,-1
KHAPRETA_510206,312158.860,2624287.200,129.0700,0.3581,3.3500,0.2141,-1
KHAPRETA_510206,312162.860,2624287.200,129.1600,0.3031,3.2600,0.2083,-1
KHAPRETA_510206,312163.860,2624287.200,129.1700,0.2941,3.2500,0.2077,-1
KHAPRETA_510206,312164.860,2624287.200,129.2100,0.4251,3.2100,0.2051,-1
KHAPRETA_510206,312172.860,2624287.200,129.2300,0.0000,3.1900,0.2038,-1
KHAPRETA_510206,312179.860,2624287.200,129.3400,0.0050,3.0800,0.1968,-1
KHAPRETA_510206,312187.860,2624287.200,129.6800,0.0581,2.7400,0.1751,-1
KHAPRETA_510206,312188.860,2624287.200,129.6600,0.0716,2.7600,0.1764,-1
KHAPRETA_510206,312201.860,2624287.200,129.7700,0.0129,2.6500,0.1693,-1
KHAPRETA_510206,312202.860,2624287.200,129.8000,0.0031,2.6200,0.1674,-1
KHAPRETA_510206,312207.860,2624287.200,129.8600,0.0269,2.5600,0.1636,-1
KHAPRETA_510206,312215.860,2624287.200,129.8800,0.0719,2.5400,0.1623,-1
KHAPRETA_510206,312218.860,2624287.200,129.9100,0.0669,2.5100,0.1604,-1
KHAPRETA_510206,312224.860,2624287.200,129.9700,0.1069,2.4500,0.1565,-1
KHAPRETA_510206,312226.860,2624287.200,129.9600,0.0969,2.4600,0.1572,-1
KHAPRETA_510206,312235.860,2624287.200,130.9400,0.0000,1.4800,0.0946,-1
KHAPRETA_510206,312237.860,2624287.200,131.0100,0.8621,1.4100,0.0901,-1
KHAPRETA_510206,312238.860,2624287.200,131.0200,0.8585,1.4000,0.0895,-1
KHAPRETA_510206,312245.860,2624287.200,131.0300,0.6369,1.3900,0.0888,-1
KHAPRETA_510206,312249.860,2624287.200,131.0900,0.0000,1.3300,0.0850,-1
KHAPRETA_510206,312251.860,2624287.200,131.0700,0.0000,1.3500,0.0863,-1
KHAPRETA_510206,312253.860,2624287.200,131.1500,0.6919,1.2700,0.0812,-1
KHAPRETA_510206,312258.860,2624287.200,131.2000,0.0000,1.2200,0.0780,-1
KHAPRETA_510206,312267.860,2624287.200,130.7300,0.0000,1.6900,0.1080,-1
KHAPRETA_510206,312269.860,2624287.200,130.7300,0.0000,1.6900,0.1080,-1
KHAPRETA_510206,312273.860,2624287.200,130.7500,0.0000,1.6700,0.1067,-1
KHAPRETA_510206,312276.860,2624287.200,130.8000,0.4969,1.6200,0.1035,-1
KHAPRETA_510206,312279.860,2624287.200,130.7800,0.4919,1.6400,0.1048,-1
KHAPRETA_510206,312280.860,2624287.200,130.7600,0.5019,1.6600,0.1061,-1
KHAPRETA_510206,312283.860,2624287.200,130.8100,0.0000,1.6100,0.1029,-1
KHAPRETA_510206,312285.860,2624287.200,130.8000,0.0000,1.6200,0.1035,-1
KHAPRETA_510206,312301.860,2624287.200,130.8600,0.5519,1.5600,0.0997,-1
KHAPRETA_510206,312302.860,2624287.200,130.8800,0.5419,1.5400,0.0984,-1
KHAPRETA_510206,312304.860,2624287.200,131.0200,0.8019,1.4000,0.0895,-1
KHAPRETA_510206,312305.860,2624287.200,131.3800,0.6219,1.0400,0.0665,-1
KHAPRETA_510206,312307.860,2624287.200,131.3900,0.7846,1.0300,0.0658,-1
KHAPRETA_510206,312308.860,2624287.200,131.3400,0.8069,1.0800,0.0690,-1
KHAPRETA_510206,312313.860,2624287.200,131.2400,0.7069,1.1800,0.0754,-1
KHAPRETA_510206,312319.860,2624287.200,131.7100,0.0000,0.7100,0.0454,-1
KHAPRETA_510206,312324.860,2624287.200,131.6500,1.3745,0.7700,0.0492,-1
KHAPRETA_510206,312325.860,2624287.200,131.7300,0.9369,0.6900,0.0441,-1
KHAPRETA_510206,312336.860,2624287.200,131.6200,0.9419,0.8000,0.0511,-1
KHAPRETA_510206,312337.860,2624287.200,131.6600,1.2828,0.7600,0.0486,-1
KHAPRETA_510206,312346.860,2624287.200,131.5600,0.0000,0.8600,0.0550,-1
KHAPRETA_510206,312348.860,2624287.200,131.5500,0.8619,0.8700,0.0556,-1
KHAPRETA_510206,312349.860,2624287.200,131.5000,0.0300,0.9200,0.0588,-1
KHAPRETA_510206,312350.860,2624287.200,131.4900,0.8619,0.9300,0.0594,-1
KHAPRETA_510206,312352.860,2624287.200,132.2100,1.0919,0.2100,0.0134,-1
KHAPRETA_510206,312354.860,2624287.200,132.3500,0.0000,0.0700,0.0045,-1
KHAPRETA_510206,312356.860,2624287.200,131.6100,0.8519,0.8100,0.0518,-1
KHAPRETA_510206,312357.860,2624287.200,131.4800,1.2516,0.9400,0.0601,-1
KHAPRETA_510206,312504.860,2624287.200,132.4100,0.0000,0.0100,0.0006,-1
KHAPRETA_510206,311935.860,2624288.200,127.6500,0.0000,4.7700,0.3048,-1
KHAPRETA_510206,311937.860,2624288.200,127.4400,1.5299,4.9800,0.3182,-1
KHAPRETA_510206,311938.860,2624288.200,127.5100,1.6985,4.9100,0.3137,-1
KHAPRETA_510206,311940.860,2624288.200,127.2700,0.0000,5.1500,0.3291,-1
KHAPRETA_510206,311965.860,2624288.200,131.6700,0.3150,0.7500,0.0479,-1
KHAPRETA_510206,311967.860,2624288.200,130.3300,0.3169,2.0900,0.1335,-1
KHAPRETA_510206,311968.860,2624288.200,130.4100,3.0675,2.0100,0.1284,-1
KHAPRETA_510206,311983.860,2624288.200,126.6200,0.0000,5.8000,0.3706,-1
KHAPRETA_510206,312000.860,2624288.200,126.5000,0.0000,5.9200,0.3783,-1
KHAPRETA_510206,312008.860,2624288.200,127.0300,1.3631,5.3900,0.3444,-1
KHAPRETA_510206,312012.860,2624288.200,126.9100,1.3681,5.5100,0.3521,-1
KHAPRETA_510206,312014.860,2624288.200,127.1500,0.0000,5.2700,0.3367,-1
KHAPRETA_510206,312018.860,2624288.200,127.1900,1.3531,5.2300,0.3342,-1
KHAPRETA_510206,312019.860,2624288.200,127.0700,0.0400,5.3500,0.3419,-1
KHAPRETA_510206,312020.860,2624288.200,127.2700,1.8924,5.1500,0.3291,-1
KHAPRETA_510206,312028.860,2624288.200,127.4800,0.0000,4.9400,0.3157,-1
KHAPRETA_510206,312030.860,2624288.200,127.1700,1.1731,5.2500,0.3355,-1
KHAPRETA_510206,312036.860,2624288.200,127.4300,0.0000,4.9900,0.3188,-1
KHAPRETA_510206,312038.860,2624288.200,127.0800,0.0000,5.3400,0.3412,-1
KHAPRETA_510206,312040.860,2624288.200,127.3700,0.0000,5.0500,0.3227,-1
KHAPRETA_510206,312043.860,2624288.200,127.0300,0.0000,5.3900,0.3444,-1
KHAPRETA_510206,312047.860,2624288.200,127.0700,1.9348,5.3500,0.3419,-1
KHAPRETA_510206,312048.860,2624288.200,127.0600,1.3531,5.3600,0.3425,-1
KHAPRETA_510206,312051.860,2624288.200,127.0800,1.3681,5.3400,0.3412,-1
KHAPRETA_510206,312057.860,2624288.200,127.1200,1.8754,5.3000,0.3387,-1
KHAPRETA_510206,312058.860,2624288.200,127.2000,1.3190,5.2200,0.3335,-1
KHAPRETA_510206,312059.860,2624288.200,127.2200,1.8501,5.2000,0.3323,-1
KHAPRETA_510206,312061.860,2624288.200,127.2400,1.7935,5.1800,0.3310,-1
KHAPRETA_510206,312062.860,2624288.200,127.2800,1.2681,5.1400,0.3284,-1
KHAPRETA_510206,312064.860,2624288.200,127.4000,0.0000,5.0200,0.3208,-1
KHAPRETA_510206,312066.860,2624288.200,127.6700,0.0000,4.7500,0.3035,-1
KHAPRETA_510206,312068.860,2624288.200,127.7700,0.0000,4.6500,0.2971,-1
KHAPRETA_510206,312071.860,2624288.200,127.7600,0.9781,4.6600,0.2978,-1
KHAPRETA_510206,312076.860,2624288.200,127.7500,0.0250,4.6700,0.2984,-1
KHAPRETA_510206,312079.860,2624288.200,127.5000,0.0000,4.9200,0.3144,-1
KHAPRETA_510206,312082.860,2624288.200,127.6800,0.9881,4.7400,0.3029,-1
KHAPRETA_510206,312083.860,2624288.200,127.8000,0.0600,4.6200,0.2952,-1
KHAPRETA_510206,312084.860,2624288.200,127.8000,1.4080,4.6200,0.2952,-1
KHAPRETA_510206,312092.860,2624288.200,128.9600,0.0000,3.4600,0.2211,-1
KHAPRETA_510206,312099.860,2624288.200,128.0300,0.8231,4.3900,0.2805,-1
KHAPRETA_510206,312101.860,2624288.200,128.0900,0.8531,4.3300,0.2767,-1
KHAPRETA_510206,312102.860,2624288.200,128.0700,0.8431,4.3500,0.2780,-1
KHAPRETA_510206,312104.860,2624288.200,128.1600,1.1853,4.2600,0.2722,-1
KHAPRETA_510206,312105.860,2624288.200,128.0800,1.1534,4.3400,0.2773,-1
KHAPRETA_510206,312108.860,2624288.200,128.0100,0.8781,4.4100,0.2818,-1
KHAPRETA_510206,312113.860,2624288.200,127.9800,1.2954,4.4400,0.2837,-1
KHAPRETA_510206,312114.860,2624288.200,128.0000,0.8981,4.4200,0.2824,-1
KHAPRETA_510206,312116.860,2624288.200,127.9900,0.8231,4.4300,0.2831,-1
KHAPRETA_510206,312117.860,2624288.200,128.1300,0.1800,4.2900,0.2741,-1
KHAPRETA_510206,312118.860,2624288.200,128.3500,0.9444,4.0700,0.2601,-1
KHAPRETA_510206,312123.860,2624288.200,128.5000,0.4681,3.9200,0.2505,-1
KHAPRETA_510206,312127.860,2624288.200,129.8200,0.0369,2.6000,0.1661,-1
KHAPRETA_510206,312128.860,2624288.200,129.8500,0.0219,2.5700,0.1642,-1
KHAPRETA_510206,312131.860,2624288.200,129.8700,0.1219,2.5500,0.1629,-1
KHAPRETA_510206,312135.860,2624288.200,128.8200,0.0450,3.6000,0.2300,-1
KHAPRETA_510206,312141.860,2624288.200,129.0300,0.0000,3.3900,0.2166,-1
KHAPRETA_510206,312143.860,2624288.200,129.0800,0.4681,3.3400,0.2134,-1
KHAPRETA_510206,312149.860,2624288.200,129.0100,0.0000,3.4100,0.2179,-1
KHAPRETA_510206,312153.860,2624288.200,129.0300,0.3731,3.3900,0.2166,-1
KHAPRETA_510206,312156.860,2624288.200,129.0700,0.0000,3.3500,0.2141,-1
KHAPRETA_510206,312159.860,2624288.200,129.1300,0.0000,3.2900,0.2102,-1
KHAPRETA_510206,312163.860,2624288.200,129.1900,0.4251,3.2300,0.2064,-1
KHAPRETA_510206,312164.860,2624288.200,129.1800,0.4074,3.2400,0.2070,-1
KHAPRETA_510206,312170.860,2624288.200,129.2400,0.0000,3.1800,0.2032,-1
KHAPRETA_510206,312179.860,2624288.200,129.3400,0.2181,3.0800,0.1968,-1
KHAPRETA_510206,312191.860,2624288.200,129.7000,0.0403,2.7200,0.1738,-1
KHAPRETA_510206,312192.860,2624288.200,129.7100,0.0381,2.7100,0.1732,-1
KHAPRETA_510206,312198.860,2624288.200,129.7300,0.0000,2.6900,0.1719,-1
KHAPRETA_510206,312201.860,2624288.200,129.7800,0.0031,2.6400,0.1687,-1
KHAPRETA_510206,312205.860,2624288.200,129.8300,0.0000,2.5900,0.1655,-1
KHAPRETA_510206,312212.860,2624288.200,129.8400,0.0419,2.5800,0.1649,-1
KHAPRETA_510206,312218.860,2624288.200,129.9100,0.0771,2.5100,0.1604,-1
KHAPRETA_510206,312219.860,2624288.200,129.9300,0.0669,2.4900,0.1591,-1
KHAPRETA_510206,312225.860,2624288.200,129.9500,0.0000,2.4700,0.1578,-1
KHAPRETA_510206,312234.860,2624288.200,130.8100,0.0000,1.6100,0.1029,-1
KHAPRETA_510206,312237.860,2624288.200,130.9700,0.8585,1.4500,0.0927,-1
KHAPRETA_510206,312238.860,2624288.200,130.9700,0.8621,1.4500,0.0927,-1
KHAPRETA_510206,312241.860,2624288.200,130.9600,0.6419,1.4600,0.0933,-1
KHAPRETA_510206,312246.860,2624288.200,131.0600,0.6819,1.3600,0.0869,-1
KHAPRETA_510206,312247.860,2624288.200,131.1400,0.6419,1.2800,0.0818,-1
KHAPRETA_510206,312252.860,2624288.200,130.9500,0.0000,1.4700,0.0939,-1
KHAPRETA_510206,312256.860,2624288.200,131.1500,0.7319,1.2700,0.0812,-1
KHAPRETA_510206,312257.860,2624288.200,131.2400,0.6869,1.1800,0.0754,-1
KHAPRETA_510206,312268.860,2624288.200,130.7200,0.0000,1.7000,0.1086,-1
KHAPRETA_510206,312270.860,2624288.200,130.7400,0.4769,1.6800,0.1073,-1
KHAPRETA_510206,312278.860,2624288.200,130.8000,0.0000,1.6200,0.1035,-1
KHAPRETA_510206,312289.860,2624288.200,130.8200,0.5069,1.6000,0.1022,-1
KHAPRETA_510206,312306.860,2624288.200,131.2000,0.8169,1.2200,0.0780,-1
KHAPRETA_510206,312307.860,2624288.200,131.4100,0.7119,1.0100,0.0645,-1
KHAPRETA_510206,312311.860,2624288.200,131.4900,0.0000,0.9300,0.0594,-1
KHAPRETA_510206,312314.860,2624288.200,131.2100,0.7169,1.2100,0.0773,-1
KHAPRETA_510206,312338.860,2624288.200,131.6100,0.9619,0.8100,0.0518,-1
KHAPRETA_510206,312342.860,2624288.200,131.4800,0.0000,0.9400,0.0601,-1
KHAPRETA_510206,312344.860,2624288.200,131.6200,0.0000,0.8000,0.0511,-1
KHAPRETA_510206,312351.860,2624288.200,131.7000,1.0919,0.7200,0.0460,-1
KHAPRETA_510206,312352.860,2624288.200,131.9600,1.5512,0.4600,0.0294,-1
KHAPRETA_510206,312357.860,2624288.200,131.4800,0.8519,0.9400,0.0601,-1
KHAPRETA_510206,312505.860,2624288.200,132.3800,1.1269,0.0400,0.0026,-1
KHAPRETA_510206,312506.860,2624288.200,132.0300,1.3019,0.3900,0.0249,-1
KHAPRETA_510206,312589.860,2624288.200,131.9600,2.1839,0.4600,0.0294,-1
KHAPRETA_510206,311932.860,2624289.200,128.0900,0.0000,4.3300,0.2767,-1
KHAPRETA_510206,311937.860,2624289.200,127.7200,1.1681,4.7000,0.3003,-1
KHAPRETA_510206,311965.860,2624289.200,131.9300,0.9607,0.4900,0.0313,-1
KHAPRETA_510206,311966.860,2624289.200,130.1000,1.0769,2.3200,0.1482,-1
KHAPRETA_510206,311968.860,2624289.200,124.5900,0.3169,7.8300,0.5003,-1
KHAPRETA_510206,311985.860,2624289.200,127.8000,0.0000,4.6200,0.2952,-1
KHAPRETA_510206,311995.860,2624289.200,126.4800,1.6381,5.9400,0.3796,-1
KHAPRETA_510206,312003.860,2624289.200,126.6300,1.5181,5.7900,0.3700,-1
KHAPRETA_510206,312004.860,2624289.200,126.7400,1.5731,5.6800,0.3629,-1
KHAPRETA_510206,312021.860,2624289.200,127.1000,0.0000,5.3200,0.3399,-1
KHAPRETA_510206,312025.860,2624289.200,127.4200,1.2531,5.0000,0.3195,-1
KHAPRETA_510206,312026.860,2624289.200,127.2700,1.1781,5.1500,0.3291,-1
KHAPRETA_510206,312031.860,2624289.200,127.1500,0.0000,5.2700,0.3367,-1
KHAPRETA_510206,312034.860,2624289.200,127.4200,1.3331,5.0000,0.3195,-1
KHAPRETA_510206,312037.860,2624289.200,127.3500,0.0000,5.0700,0.3240,-1
KHAPRETA_510206,312061.860,2624289.200,127.2000,1.2681,5.2200,0.3335,-1
KHAPRETA_510206,312065.860,2624289.200,127.3000,0.0000,5.1200,0.3272,-1
KHAPRETA_510206,312067.860,2624289.200,127.6100,0.0000,4.8100,0.3073,-1
KHAPRETA_510206,312070.860,2624289.200,127.9000,0.0000,4.5200,0.2888,-1
KHAPRETA_510206,312073.860,2624289.200,127.7500,0.0000,4.6700,0.2984,-1
KHAPRETA_510206,312076.860,2624289.200,127.7800,1.4685,4.6400,0.2965,-1
KHAPRETA_510206,312077.860,2624289.200,127.6500,1.4079,4.7700,0.3048,-1
KHAPRETA_510206,312080.860,2624289.200,127.8300,0.0000,4.5900,0.2933,-1
KHAPRETA_510206,312084.860,2624289.200,127.7700,0.0100,4.6500,0.2971,-1
KHAPRETA_510206,312088.860,2624289.200,127.7900,1.0531,4.6300,0.2958,-1
KHAPRETA_510206,312089.860,2624289.200,127.6700,1.3626,4.7500,0.3035,-1
KHAPRETA_510206,312094.860,2624289.200,127.9200,0.0000,4.5000,0.2875,-1
KHAPRETA_510206,312099.860,2624289.200,128.1300,0.8731,4.2900,0.2741,-1
KHAPRETA_510206,312104.860,2624289.200,128.1200,1.1534,4.3000,0.2748,-1
KHAPRETA_510206,312105.860,2624289.200,128.1300,1.1853,4.2900,0.2741,-1
KHAPRETA_510206,312109.860,2624289.200,127.9700,0.0000,4.4500,0.2843,-1
KHAPRETA_510206,312111.860,2624289.200,128.0000,0.9231,4.4200,0.2824,-1
KHAPRETA_510206,312112.860,2624289.200,127.9300,0.9397,4.4900,0.2869,-1
KHAPRETA_510206,312113.860,2624289.200,127.8900,0.9257,4.5300,0.2895,-1
KHAPRETA_510206,312120.860,2624289.200,129.4800,0.0319,2.9400,0.1879,-1
KHAPRETA_510206,312121.860,2624289.200,129.8400,0.2269,2.5800,0.1649,-1
KHAPRETA_510206,312131.860,2624289.200,130.0200,0.1950,2.4000,0.1534,-1
KHAPRETA_510206,312135.860,2624289.200,128.8500,0.4781,3.5700,0.2281,-1
KHAPRETA_510206,312137.860,2624289.200,128.7900,0.0000,3.6300,0.2319,-1
KHAPRETA_510206,312139.860,2624289.200,128.8100,0.4331,3.6100,0.2307,-1
KHAPRETA_510206,312143.860,2624289.200,128.8400,0.5634,3.5800,0.2288,-1
KHAPRETA_510206,312144.860,2624289.200,128.8900,0.4681,3.5300,0.2256,-1
KHAPRETA_510206,312151.860,2624289.200,129.0100,0.0000,3.4100,0.2179,-1
KHAPRETA_510206,312154.860,2624289.200,129.0600,0.3531,3.3600,0.2147,-1
KHAPRETA_510206,312160.860,2624289.200,129.1500,0.3181,3.2700,0.2089,-1
KHAPRETA_510206,312169.860,2624289.200,129.2400,0.2781,3.1800,0.2032,-1
KHAPRETA_510206,312172.860,2624289.200,129.2500,0.0000,3.1700,0.2026,-1
KHAPRETA_510206,312175.860,2624289.200,129.2900,0.0000,3.1300,0.2000,-1
KHAPRETA_510206,312181.860,2624289.200,129.3600,0.0000,3.0600,0.1955,-1
KHAPRETA_510206,312183.860,2624289.200,129.3800,0.0000,3.0400,0.1942,-1
KHAPRETA_510206,312191.860,2624289.200,129.7300,0.0381,2.6900,0.1719,-1
KHAPRETA_510206,312197.860,2624289.200,129.7600,0.0369,2.6600,0.1700,-1
KHAPRETA_510206,312199.860,2624289.200,129.7700,0.0000,2.6500,0.1693,-1
KHAPRETA_510206,312202.860,2624289.200,129.7900,0.0000,2.6300,0.1681,-1
KHAPRETA_510206,312209.860,2624289.200,129.8500,0.0000,2.5700,0.1642,-1
KHAPRETA_510206,312212.860,2624289.200,129.8600,0.0150,2.5600,0.1636,-1
KHAPRETA_510206,312217.860,2624289.200,129.9100,0.0719,2.5100,0.1604,-1
KHAPRETA_510206,312218.860,2624289.200,129.9200,0.0947,2.5000,0.1597,-1
KHAPRETA_510206,312236.860,2624289.200,130.9800,0.0000,1.4400,0.0920,-1
KHAPRETA_510206,312239.860,2624289.200,131.0000,0.6219,1.4200,0.0907,-1
KHAPRETA_510206,312241.860,2624289.200,131.0600,0.5919,1.3600,0.0869,-1
KHAPRETA_510206,312249.860,2624289.200,131.1500,0.0000,1.2700,0.0812,-1
KHAPRETA_510206,312251.860,2624289.200,131.1300,0.0000,1.2900,0.0824,-1
KHAPRETA_510206,312270.860,2624289.200,130.7300,0.6710,1.6900,0.1080,-1
KHAPRETA_510206,312271.860,2624289.200,130.7100,0.5023,1.7100,0.1093,-1
KHAPRETA_510206,312272.860,2624289.200,130.7700,0.4669,1.6500,0.1054,-1
KHAPRETA_510206,312277.860,2624289.200,130.7900,0.0000,1.6300,0.1042,-1
KHAPRETA_510206,312279.860,2624289.200,130.7700,0.0000,1.6500,0.1054,-1
KHAPRETA_510206,312282.860,2624289.200,130.7900,0.5119,1.6300,0.1042,-1
KHAPRETA_510206,312284.860,2624289.200,130.8200,0.0000,1.6000,0.1022,-1
KHAPRETA_510206,312289.860,2624289.200,130.7900,0.7417,1.6300,0.1042,-1
KHAPRETA_510206,312290.860,2624289.200,130.8300,0.5069,1.5900,0.1016,-1
KHAPRETA_510206,312292.860,2624289.200,130.8100,0.0000,1.6100,0.1029,-1
KHAPRETA_510206,312295.860,2624289.200,130.8400,0.0000,1.5800,0.1010,-1
KHAPRETA_510206,312297.860,2624289.200,130.8400,0.0000,1.5800,0.1010,-1
KHAPRETA_510206,312299.860,2624289.200,130.8700,0.5519,1.5500,0.0990,-1
KHAPRETA_510206,312305.860,2624289.200,131.0800,0.0000,1.3400,0.0856,-1
KHAPRETA_510206,312307.860,2624289.200,131.3900,0.0600,1.0300,0.0658,-1
KHAPRETA_510206,312309.860,2624289.200,131.4000,0.8219,1.0200,0.0652,-1
KHAPRETA_510206,312314.860,2624289.200,131.2100,0.7169,1.2100,0.0773,-1
KHAPRETA_510206,312317.860,2624289.200,131.7200,0.0000,0.7000,0.0447,-1
KHAPRETA_510206,312325.860,2624289.200,131.5900,0.0000,0.8300,0.0530,-1
KHAPRETA_510206,312328.860,2624289.200,131.5600,1.3362,0.8600,0.0550,-1
KHAPRETA_510206,312329.860,2624289.200,131.6100,0.8919,0.8100,0.0518,-1
KHAPRETA_510206,312332.860,2624289.200,131.7000,0.9369,0.7200,0.0460,-1
KHAPRETA_510206,312334.860,2624289.200,131.7800,0.9669,0.6400,0.0409,-1
KHAPRETA_510206,312337.860,2624289.200,131.5500,1.3017,0.8700,0.0556,-1
KHAPRETA_510206,312338.860,2624289.200,131.7000,1.2757,0.7200,0.0460,-1
KHAPRETA_510206,312343.860,2624289.200,131.4600,0.0000,0.9600,0.0613,-1
KHAPRETA_510206,312350.860,2624289.200,131.4700,0.0000,0.9500,0.0607,-1
KHAPRETA_510206,311934.860,2624290.200,128.0600,0.8681,4.3600,0.2786,-1
KHAPRETA_510206,311935.860,2624290.200,128.0400,0.8581,4.3800,0.2799,-1
KHAPRETA_510206,311939.860,2624290.200,127.6300,0.0000,4.7900,0.3061,-1
KHAPRETA_510206,311956.860,2624290.200,131.3900,0.0000,1.0300,0.0658,-1
KHAPRETA_510206,311967.860,2624290.200,128.4100,0.0000,4.0100,0.2562,-1
KHAPRETA_510206,311978.860,2624290.200,131.1100,0.7119,1.3100,0.0837,-1
KHAPRETA_510206,311984.860,2624290.200,127.6100,0.0000,4.8100,0.3073,-1
KHAPRETA_510206,311986.860,2624290.200,127.4800,0.8081,4.9400,0.3157,-1
KHAPRETA_510206,311988.860,2624290.200,126.1700,0.0000,6.2500,0.3994,-1
KHAPRETA_510206,311990.860,2624290.200,126.7700,1.5781,5.6500,0.3610,-1
KHAPRETA_510206,311991.860,2624290.200,126.6200,1.5031,5.8000,0.3706,-1
KHAPRETA_510206,311995.860,2624290.200,126.5000,1.6481,5.9200,0.3783,-1
KHAPRETA_510206,312000.860,2624290.200,127.0000,1.6081,5.4200,0.3463,-1
KHAPRETA_510206,312010.860,2624290.200,127.2500,0.0000,5.1700,0.3304,-1
KHAPRETA_510206,312017.860,2624290.200,126.9600,1.2281,5.4600,0.3489,-1
KHAPRETA_510206,312018.860,2624290.200,127.3200,1.3699,5.1000,0.3259,-1
KHAPRETA_510206,312019.860,2624290.200,127.1000,1.2281,5.3200,0.3399,-1
KHAPRETA_510206,312029.860,2624290.200,127.1700,1.3381,5.2500,0.3355,-1
KHAPRETA_510206,312030.860,2624290.200,127.1000,1.3031,5.3200,0.3399,-1
KHAPRETA_510206,312033.860,2624290.200,127.2700,1.3331,5.1500,0.3291,-1
KHAPRETA_510206,312034.860,2624290.200,127.1100,1.7199,5.3100,0.3393,-1
KHAPRETA_510206,312039.860,2624290.200,127.2000,1.3481,5.2200,0.3335,-1
KHAPRETA_510206,312049.860,2624290.200,127.1200,0.0000,5.3000,0.3387,-1
KHAPRETA_510206,312055.860,2624290.200,127.2200,0.0000,5.2000,0.3323,-1
KHAPRETA_510206,312058.860,2624290.200,127.2500,0.0000,5.1700,0.3304,-1
KHAPRETA_510206,312060.860,2624290.200,127.3000,0.0000,5.1200,0.3272,-1
KHAPRETA_510206,312064.860,2624290.200,127.2600,0.0000,5.1600,0.3297,-1
KHAPRETA_510206,312069.860,2624290.200,127.7100,1.0631,4.7100,0.3010,-1
KHAPRETA_510206,312071.860,2624290.200,127.7700,0.0000,4.6500,0.2971,-1
KHAPRETA_510206,312075.860,2624290.200,127.8000,0.0000,4.6200,0.2952,-1
KHAPRETA_510206,312077.860,2624290.200,127.7900,0.1000,4.6300,0.2958,-1
KHAPRETA_510206,312079.860,2624290.200,127.8200,0.0000,4.6000,0.2939,-1
KHAPRETA_510206,312084.860,2624290.200,127.8200,1.0031,4.6000,0.2939,-1
KHAPRETA_510206,312086.860,2624290.200,127.7900,0.0000,4.6300,0.2958,-1
KHAPRETA_510206,312089.860,2624290.200,127.9100,1.4440,4.5100,0.2882,-1
KHAPRETA_510206,312090.860,2624290.200,127.8000,0.0500,4.6200,0.2952,-1
KHAPRETA_510206,312091.860,2624290.200,127.8100,0.9881,4.6100,0.2946,-1
KHAPRETA_510206,312096.860,2624290.200,128.1200,0.0000,4.3000,0.2748,-1
KHAPRETA_510206,312112.860,2624290.200,127.9000,0.8581,4.5200,0.2888,-1
KHAPRETA_510206,312113.860,2624290.200,128.1200,1.3302,4.3000,0.2748,-1
KHAPRETA_510206,312115.860,2624290.200,128.2400,0.8960,4.1800,0.2671,-1
KHAPRETA_510206,312116.860,2624290.200,128.4600,0.9890,3.9600,0.2530,-1
KHAPRETA_510206,312118.860,2624290.200,128.7000,0.6631,3.7200,0.2377,-1
KHAPRETA_510206,312121.860,2624290.200,130.1200,0.0200,2.3000,0.1470,-1
KHAPRETA_510206,312124.860,2624290.200,128.5100,0.0619,3.9100,0.2498,-1
KHAPRETA_510206,312128.860,2624290.200,129.4800,0.1681,2.9400,0.1879,-1
KHAPRETA_510206,312129.860,2624290.200,129.4400,0.1481,2.9800,0.1904,-1
KHAPRETA_510206,312131.860,2624290.200,129.4800,0.1219,2.9400,0.1879,-1
KHAPRETA_510206,312133.860,2624290.200,129.7800,0.1669,2.6400,0.1687,-1
KHAPRETA_510206,312136.860,2624290.200,128.8800,0.0000,3.5400,0.2262,-1
KHAPRETA_510206,312139.860,2624290.200,128.9100,0.6761,3.5100,0.2243,-1
KHAPRETA_510206,312140.860,2624290.200,128.8300,0.4331,3.5900,0.2294,-1
KHAPRETA_510206,312154.860,2624290.200,129.0700,0.3581,3.3500,0.2141,-1
KHAPRETA_510206,312156.860,2624290.200,129.1000,0.0000,3.3200,0.2121,-1
KHAPRETA_510206,312160.860,2624290.200,129.1400,0.4427,3.2800,0.2096,-1
KHAPRETA_510206,312161.860,2624290.200,129.1500,0.3181,3.2700,0.2089,-1
KHAPRETA_510206,312165.860,2624290.200,129.1700,0.2831,3.2500,0.2077,-1
KHAPRETA_510206,312169.860,2624290.200,129.2200,0.2682,3.2000,0.2045,-1
KHAPRETA_510206,312170.860,2624290.200,129.2400,0.3828,3.1800,0.2032,-1
KHAPRETA_510206,312178.860,2624290.200,129.3100,0.2281,3.1100,0.1987,-1
KHAPRETA_510206,312180.860,2624290.200,129.3400,0.2081,3.0800,0.1968,-1
KHAPRETA_510206,312184.860,2624290.200,129.3800,0.1881,3.0400,0.1942,-1
KHAPRETA_510206,312187.860,2624290.200,129.6600,0.0381,2.7600,0.1764,-1
KHAPRETA_510206,312188.860,2624290.200,129.7000,0.0581,2.7200,0.1738,-1
KHAPRETA_510206,312190.860,2624290.200,129.7000,0.0000,2.7200,0.1738,-1
KHAPRETA_510206,312193.860,2624290.200,129.7700,0.0181,2.6500,0.1693,-1
KHAPRETA_510206,312194.860,2624290.200,129.7400,0.0282,2.6800,0.1712,-1
KHAPRETA_510206,312195.860,2624290.200,129.7200,0.0198,2.7000,0.1725,-1
KHAPRETA_510206,312197.860,2624290.200,129.8500,0.1222,2.5700,0.1642,-1
KHAPRETA_510206,312198.860,2624290.200,130.0200,0.0369,2.4000,0.1534,-1
KHAPRETA_510206,312201.860,2624290.200,129.7900,0.0169,2.6300,0.1681,-1
KHAPRETA_510206,312208.860,2624290.200,129.8400,0.0000,2.5800,0.1649,-1
KHAPRETA_510206,312212.860,2624290.200,129.8700,0.0399,2.5500,0.1629,-1
KHAPRETA_510206,312213.860,2624290.200,129.8500,0.0373,2.5700,0.1642,-1
KHAPRETA_510206,312214.860,2624290.200,129.8800,0.0369,2.5400,0.1623,-1
KHAPRETA_510206,312221.860,2624290.200,129.9200,0.0000,2.5000,0.1597,-1
KHAPRETA_510206,312239.860,2624290.200,131.0200,0.6121,1.4000,0.0895,-1
KHAPRETA_510206,312240.860,2624290.200,131.0000,0.9119,1.4200,0.0907,-1
KHAPRETA_510206,312243.860,2624290.200,131.0700,0.9079,1.3500,0.0863,-1
KHAPRETA_510206,312244.860,2624290.200,131.0800,0.8905,1.3400,0.0856,-1
KHAPRETA_510206,312247.860,2624290.200,131.1300,0.0000,1.2900,0.0824,-1
KHAPRETA_510206,312254.860,2624290.200,131.1800,0.0000,1.2400,0.0792,-1
KHAPRETA_510206,312260.860,2624290.200,131.1500,0.0000,1.2700,0.0812,-1
KHAPRETA_510206,312262.860,2624290.200,131.0900,0.0000,1.3300,0.0850,-1
KHAPRETA_510206,312268.860,2624290.200,130.8400,0.7141,1.5800,0.1010,-1
KHAPRETA_510206,312269.860,2624290.200,130.7400,0.5319,1.6800,0.1073,-1
KHAPRETA_510206,312271.860,2624290.200,130.7800,0.4669,1.6400,0.1048,-1
KHAPRETA_510206,312278.860,2624290.200,130.8000,0.0000,1.6200,0.1035,-1
KHAPRETA_510206,312280.860,2624290.200,130.7800,0.5169,1.6400,0.1048,-1
KHAPRETA_510206,312281.860,2624290.200,130.8100,0.0100,1.6100,0.1029,-1
KHAPRETA_510206,312282.860,2624290.200,130.8000,0.7240,1.6200,0.1035,-1
KHAPRETA_510206,312291.860,2624290.200,130.8300,0.0000,1.5900,0.1016,-1
KHAPRETA_510206,312296.860,2624290.200,130.8700,0.5419,1.5500,0.0990,-1
KHAPRETA_510206,312299.860,2624290.200,130.8800,0.0100,1.5400,0.0984,-1
KHAPRETA_510206,312307.860,2624290.200,131.2900,0.8069,1.1300,0.0722,-1
KHAPRETA_510206,312309.860,2624290.200,131.4200,0.8119,1.0000,0.0639,-1
KHAPRETA_510206,312315.860,2624290.200,131.2400,0.7519,1.1800,0.0754,-1
KHAPRETA_510206,312316.860,2624290.200,131.2800,0.7319,1.1400,0.0728,-1
KHAPRETA_510206,312321.860,2624290.200,131.7600,0.0000,0.6600,0.0422,-1
KHAPRETA_510206,312324.860,2624290.200,131.7100,0.0000,0.7100,0.0454,-1
KHAPRETA_510206,312326.860,2624290.200,131.7800,0.9869,0.6400,0.0409,-1
KHAPRETA_510206,312328.860,2624290.200,131.7200,0.8919,0.7000,0.0447,-1
KHAPRETA_510206,312330.860,2624290.200,131.6700,0.0000,0.7500,0.0479,-1
KHAPRETA_510206,312332.860,2624290.200,131.6500,0.9619,0.7700,0.0492,-1
KHAPRETA_510206,312334.860,2624290.200,131.7100,1.0019,0.7100,0.0454,-1
KHAPRETA_510206,312337.860,2624290.200,131.5300,0.1050,0.8900,0.0569,-1
KHAPRETA_510206,312341.860,2624290.200,131.3900,1.1876,1.0300,0.0658,-1
KHAPRETA_510206,312342.860,2624290.200,131.4100,0.8069,1.0100,0.0645,-1
KHAPRETA_510206,312346.860,2624290.200,131.5300,0.9119,0.8900,0.0569,-1
KHAPRETA_510206,312347.860,2624290.200,131.6000,0.8769,0.8200,0.0524,-1
KHAPRETA_510206,312351.860,2624290.200,131.5700,0.0000,0.8500,0.0543,-1
KHAPRETA_510206,312365.860,2624290.200,132.4100,1.3219,0.0100,0.0006,-1
KHAPRETA_510206,312366.860,2624290.200,132.4200,1.3169,0.0000,0.0000,-1
KHAPRETA_510206,311933.860,2624291.200,128.0400,0.8131,4.3800,0.2799,-1
KHAPRETA_510206,311953.860,2624291.200,131.7100,1.5719,0.7100,0.0454,-1
KHAPRETA_510206,311954.860,2624291.200,131.8600,0.9669,0.5600,0.0358,-1
KHAPRETA_510206,311957.860,2624291.200,130.6400,0.0000,1.7800,0.1137,-1
KHAPRETA_510206,311965.860,2624291.200,132.4000,1.0969,0.0200,0.0013,-1
KHAPRETA_510206,311976.860,2624291.200,130.5300,0.6169,1.8900,0.1208,-1
KHAPRETA_510206,311977.860,2624291.200,131.0100,0.3350,1.4100,0.0901,-1
KHAPRETA_510206,311978.860,2624291.200,131.2000,0.9085,1.2200,0.0780,-1
KHAPRETA_510206,311983.860,2624291.200,127.6800,0.0000,4.7400,0.3029,-1
KHAPRETA_510206,311985.860,2624291.200,127.8200,1.0744,4.6000,0.2939,-1
KHAPRETA_510206,311986.860,2624291.200,128.1600,1.5082,4.2600,0.2722,-1
KHAPRETA_510206,311993.860,2624291.200,126.6600,0.0000,5.7600,0.3681,-1
KHAPRETA_510206,311997.860,2624291.200,126.5800,1.5781,5.8400,0.3732,-1
KHAPRETA_510206,311998.860,2624291.200,126.6200,1.6338,5.8000,0.3706,-1
KHAPRETA_510206,311999.860,2624291.200,126.6800,0.0300,5.7400,0.3668,-1
KHAPRETA_510206,312000.860,2624291.200,126.5600,2.0792,5.8600,0.3744,-1
KHAPRETA_510206,312005.860,2624291.200,127.0600,0.0000,5.3600,0.3425,-1
KHAPRETA_510206,312008.860,2624291.200,127.3200,0.0000,5.1000,0.3259,-1
KHAPRETA_510206,312018.860,2624291.200,127.0400,1.2281,5.3800,0.3438,-1
KHAPRETA_510206,312020.860,2624291.200,127.0500,1.8696,5.3700,0.3431,-1
KHAPRETA_510206,312021.860,2624291.200,127.0100,0.1800,5.4100,0.3457,-1
KHAPRETA_510206,312022.860,2624291.200,127.4100,1.3831,5.0100,0.3201,-1
KHAPRETA_510206,312024.860,2624291.200,127.3300,1.3981,5.0900,0.3252,-1
KHAPRETA_510206,312025.860,2624291.200,126.9800,1.8538,5.4400,0.3476,-1
KHAPRETA_510206,312027.860,2624291.200,127.6100,0.0000,4.8100,0.3073,-1
KHAPRETA_510206,312031.860,2624291.200,127.2700,1.7197,5.1500,0.3291,-1
KHAPRETA_510206,312032.860,2624291.200,127.2800,1.8078,5.1400,0.3284,-1
KHAPRETA_510206,312037.860,2624291.200,127.4600,0.0000,4.9600,0.3169,-1
KHAPRETA_510206,312039.860,2624291.200,127.0800,1.2881,5.3400,0.3412,-1
KHAPRETA_510206,312045.860,2624291.200,127.1300,1.3081,5.2900,0.3380,-1
KHAPRETA_510206,312046.860,2624291.200,127.1600,1.8605,5.2600,0.3361,-1
KHAPRETA_510206,312048.860,2624291.200,127.1500,0.0000,5.2700,0.3367,-1
KHAPRETA_510206,312051.860,2624291.200,127.1800,1.8322,5.2400,0.3348,-1
KHAPRETA_510206,312052.860,2624291.200,127.2000,0.0000,5.2200,0.3335,-1
KHAPRETA_510206,312053.860,2624291.200,127.1800,1.8110,5.2400,0.3348,-1
KHAPRETA_510206,312059.860,2624291.200,127.2800,0.0000,5.1400,0.3284,-1
KHAPRETA_510206,312066.860,2624291.200,127.4000,0.0000,5.0200,0.3208,-1
KHAPRETA_510206,312069.860,2624291.200,127.6500,1.0331,4.7700,0.3048,-1
KHAPRETA_510206,312077.860,2624291.200,127.8500,0.9931,4.5700,0.2920,-1
KHAPRETA_510206,312082.860,2624291.200,127.6700,0.0000,4.7500,0.3035,-1
KHAPRETA_510206,312085.860,2624291.200,127.8000,0.9981,4.6200,0.2952,-1
KHAPRETA_510206,312094.860,2624291.200,127.6500,0.0000,4.7700,0.3048,-1
KHAPRETA_510206,312100.860,2624291.200,128.1900,0.8731,4.2300,0.2703,-1
KHAPRETA_510206,312103.860,2624291.200,128.1400,0.0000,4.2800,0.2735,-1
KHAPRETA_510206,312106.860,2624291.200,128.1400,0.8231,4.2800,0.2735,-1
KHAPRETA_510206,312111.860,2624291.200,127.9000,0.6981,4.5200,0.2888,-1
KHAPRETA_510206,312112.860,2624291.200,128.3800,1.3266,4.0400,0.2581,-1
KHAPRETA_510206,312115.860,2624291.200,128.5600,0.9890,3.8600,0.2466,-1
KHAPRETA_510206,312116.860,2624291.200,128.5300,0.6600,3.8900,0.2486,-1
KHAPRETA_510206,312117.860,2624291.200,128.4600,0.0400,3.9600,0.2530,-1
KHAPRETA_510206,312118.860,2624291.200,128.4500,0.6613,3.9700,0.2537,-1
KHAPRETA_510206,312121.860,2624291.200,129.8800,0.1719,2.5400,0.1623,-1
KHAPRETA_510206,312123.860,2624291.200,130.2300,0.2267,2.1900,0.1399,-1
KHAPRETA_510206,312124.860,2624291.200,129.9000,0.4906,2.5200,0.1610,-1
KHAPRETA_510206,312127.860,2624291.200,129.1700,0.0000,3.2500,0.2077,-1
KHAPRETA_510206,312133.860,2624291.200,130.1100,0.0083,2.3100,0.1476,-1
KHAPRETA_510206,312134.860,2624291.200,129.7600,0.1669,2.6600,0.1700,-1
KHAPRETA_510206,312138.860,2624291.200,128.8500,0.0000,3.5700,0.2281,-1
KHAPRETA_510206,312141.860,2624291.200,129.0300,0.0000,3.3900,0.2166,-1
KHAPRETA_510206,312143.860,2624291.200,129.0500,0.0000,3.3700,0.2153,-1
KHAPRETA_510206,312151.860,2624291.200,129.0500,0.3481,3.3700,0.2153,-1
KHAPRETA_510206,312152.860,2624291.200,129.0800,0.3631,3.3400,0.2134,-1
KHAPRETA_510206,312162.860,2624291.200,129.1700,0.3081,3.2500,0.2077,-1
KHAPRETA_510206,312163.860,2624291.200,129.1600,0.0100,3.2600,0.2083,-1
KHAPRETA_510206,312164.860,2624291.200,129.1900,0.0250,3.2300,0.2064,-1
KHAPRETA_510206,312165.860,2624291.200,129.2100,0.3031,3.2100,0.2051,-1
KHAPRETA_510206,312166.860,2624291.200,129.1900,0.4074,3.2300,0.2064,-1
KHAPRETA_510206,312169.860,2624291.200,129.2600,0.3828,3.1600,0.2019,-1
KHAPRETA_510206,312170.860,2624291.200,129.2500,0.0071,3.1700,0.2026,-1
KHAPRETA_510206,312171.860,2624291.200,129.2500,0.2631,3.1700,0.2026,-1
KHAPRETA_510206,312178.860,2624291.200,129.3200,0.2331,3.1000,0.1981,-1
KHAPRETA_510206,312180.860,2624291.200,129.3600,0.2181,3.0600,0.1955,-1
KHAPRETA_510206,312184.860,2624291.200,129.4000,0.2025,3.0200,0.1930,-1
KHAPRETA_510206,312185.860,2624291.200,129.4000,0.1881,3.0200,0.1930,-1
KHAPRETA_510206,312191.860,2624291.200,129.7400,0.0000,2.6800,0.1712,-1
KHAPRETA_510206,312194.860,2624291.200,129.7500,0.0198,2.6700,0.1706,-1
KHAPRETA_510206,312195.860,2624291.200,129.7600,0.0345,2.6600,0.1700,-1
KHAPRETA_510206,312196.860,2624291.200,129.7900,0.0081,2.6300,0.1681,-1
KHAPRETA_510206,312201.860,2624291.200,129.8100,0.0069,2.6100,0.1668,-1
KHAPRETA_510206,312209.860,2624291.200,129.8700,0.0519,2.5500,0.1629,-1
KHAPRETA_510206,312212.860,2624291.200,129.8900,0.0597,2.5300,0.1617,-1
KHAPRETA_510206,312213.860,2624291.200,129.8500,0.0679,2.5700,0.1642,-1
KHAPRETA_510206,312215.860,2624291.200,129.8900,0.0000,2.5300,0.1617,-1
KHAPRETA_510206,312218.860,2624291.200,129.9300,0.0000,2.4900,0.1591,-1
KHAPRETA_510206,312220.860,2624291.200,129.9100,0.0000,2.5100,0.1604,-1
KHAPRETA_510206,312228.860,2624291.200,130.0300,0.1169,2.3900,0.1527,-1
KHAPRETA_510206,312229.860,2624291.200,130.0100,0.1660,2.4100,0.1540,-1
KHAPRETA_510206,312234.860,2624291.200,130.3900,0.0000,2.0300,0.1297,-1
KHAPRETA_510206,312239.860,2624291.200,131.0300,0.9119,1.3900,0.0888,-1
KHAPRETA_510206,312240.860,2624291.200,131.1100,0.8761,1.3100,0.0837,-1
KHAPRETA_510206,312243.860,2624291.200,131.0400,0.8905,1.3800,0.0882,-1
KHAPRETA_510206,312244.860,2624291.200,131.0000,0.9079,1.4200,0.0907,-1
KHAPRETA_510206,312251.860,2624291.200,131.1600,0.0000,1.2600,0.0805,-1
KHAPRETA_510206,312253.860,2624291.200,131.1900,0.6369,1.2300,0.0786,-1
KHAPRETA_510206,312255.860,2624291.200,131.1400,0.6669,1.2800,0.0818,-1
KHAPRETA_510206,312257.860,2624291.200,131.2300,0.7219,1.1900,0.0760,-1
KHAPRETA_510206,312258.860,2624291.200,131.2200,0.0250,1.2000,0.0767,-1
KHAPRETA_510206,312259.860,2624291.200,131.1800,0.7219,1.2400,0.0792,-1
KHAPRETA_510206,312267.860,2624291.200,130.7700,0.5269,1.6500,0.1054,-1
KHAPRETA_510206,312268.860,2624291.200,130.8300,0.4970,1.5900,0.1016,-1
KHAPRETA_510206,312270.860,2624291.200,130.7200,0.0000,1.7000,0.1086,-1
KHAPRETA_510206,312272.860,2624291.200,130.7400,0.0000,1.6800,0.1073,-1
KHAPRETA_510206,312277.860,2624291.200,130.7900,0.5019,1.6300,0.1042,-1
KHAPRETA_510206,312279.860,2624291.200,130.8000,0.0000,1.6200,0.1035,-1
KHAPRETA_510206,312290.860,2624291.200,130.8200,0.0000,1.6000,0.1022,-1
KHAPRETA_510206,312296.860,2624291.200,130.8600,0.5320,1.5600,0.0997,-1
KHAPRETA_510206,312297.860,2624291.200,130.8400,0.5419,1.5800,0.1010,-1
KHAPRETA_510206,312299.860,2624291.200,130.8900,0.7806,1.5300,0.0978,-1
KHAPRETA_510206,312300.860,2624291.200,130.8800,0.5569,1.5400,0.0984,-1
KHAPRETA_510206,312302.860,2624291.200,130.8800,0.0000,1.5400,0.0984,-1
KHAPRETA_510206,312323.860,2624291.200,131.7500,0.0000,0.6700,0.0428,-1
KHAPRETA_510206,312326.860,2624291.200,131.7500,1.0019,0.6700,0.0428,-1
KHAPRETA_510206,312329.860,2624291.200,131.6000,0.0000,0.8200,0.0524,-1
KHAPRETA_510206,312337.860,2624291.200,131.7600,0.1000,0.6600,0.0422,-1
KHAPRETA_510206,312341.860,2624291.200,131.5000,0.8069,0.9200,0.0588,-1
KHAPRETA_510206,312348.860,2624291.200,131.6000,0.0000,0.8200,0.0524,-1
KHAPRETA_510206,312350.860,2624291.200,131.5300,0.0000,0.8900,0.0569,-1
KHAPRETA_510206,312355.860,2624291.200,131.5200,1.0269,0.9000,0.0575,-1
KHAPRETA_510206,312356.860,2624291.200,131.8300,0.8719,0.5900,0.0377,-1
KHAPRETA_510206,312502.860,2624291.200,132.3300,0.0000,0.0900,0.0058,-1
KHAPRETA_510206,311933.860,2624292.200,128.1500,0.8360,4.2700,0.2728,-1
KHAPRETA_510206,311934.860,2624292.200,128.1200,0.8131,4.3000,0.2748,-1
KHAPRETA_510206,311953.860,2624292.200,132.1300,0.9669,0.2900,0.0185,-1
KHAPRETA_510206,311956.860,2624292.200,130.8500,0.0000,1.5700,0.1003,-1
KHAPRETA_510206,311965.860,2624292.200,131.9700,7.0750,0.4500,0.0288,-1
KHAPRETA_510206,311984.860,2624292.200,128.2000,0.7081,4.2200,0.2696,-1
KHAPRETA_510206,311985.860,2624292.200,128.3600,1.2560,4.0600,0.2594,-1
KHAPRETA_510206,311990.860,2624292.200,126.8700,1.4581,5.5500,0.3546,-1
KHAPRETA_510206,311991.860,2624292.200,126.8600,0.0450,5.5600,0.3553,-1
KHAPRETA_510206,311992.860,2624292.200,126.9600,1.4581,5.4600,0.3489,-1
KHAPRETA_510206,311995.860,2624292.200,126.8500,1.4681,5.5700,0.3559,-1
KHAPRETA_510206,311996.860,2624292.200,126.8400,1.4631,5.5800,0.3565,-1
KHAPRETA_510206,311998.860,2624292.200,126.5100,0.5050,5.9100,0.3776,-1
KHAPRETA_510206,312009.860,2624292.200,127.4700,0.0000,4.9500,0.3163,-1
KHAPRETA_510206,312020.860,2624292.200,127.2600,1.3631,5.1600,0.3297,-1
KHAPRETA_510206,312025.860,2624292.200,126.9900,1.3981,5.4300,0.3470,-1
KHAPRETA_510206,312029.860,2624292.200,127.7300,0.0000,4.6900,0.2997,-1
KHAPRETA_510206,312031.860,2624292.200,127.4100,1.8078,5.0100,0.3201,-1
KHAPRETA_510206,312032.860,2624292.200,127.1700,0.0949,5.2500,0.3355,-1
KHAPRETA_510206,312033.860,2624292.200,127.3500,1.3031,5.0700,0.3240,-1
KHAPRETA_510206,312043.860,2624292.200,127.0500,0.0000,5.3700,0.3431,-1
KHAPRETA_510206,312046.860,2624292.200,127.1600,1.3081,5.2600,0.3361,-1
KHAPRETA_510206,312051.860,2624292.200,127.1700,1.2981,5.2500,0.3355,-1
KHAPRETA_510206,312053.860,2624292.200,127.2300,1.2981,5.1900,0.3316,-1
KHAPRETA_510206,312056.860,2624292.200,127.2700,1.2481,5.1500,0.3291,-1
KHAPRETA_510206,312062.860,2624292.200,127.3800,0.0000,5.0400,0.3220,-1
KHAPRETA_510206,312064.860,2624292.200,127.3700,1.2031,5.0500,0.3227,-1
KHAPRETA_510206,312065.860,2624292.200,127.3700,1.6803,5.0500,0.3227,-1
KHAPRETA_510206,312068.860,2624292.200,127.6200,0.0000,4.8000,0.3067,-1
KHAPRETA_510206,312074.860,2624292.200,127.8500,1.3623,4.5700,0.2920,-1
KHAPRETA_510206,312075.860,2624292.200,127.8100,0.0300,4.6100,0.2946,-1
KHAPRETA_510206,312076.860,2624292.200,127.7900,0.9831,4.6300,0.2958,-1
KHAPRETA_510206,312085.860,2624292.200,127.7800,0.9881,4.6400,0.2965,-1
KHAPRETA_510206,312088.860,2624292.200,127.8600,1.3973,4.5600,0.2914,-1
KHAPRETA_510206,312089.860,2624292.200,127.8100,0.9581,4.6100,0.2946,-1
KHAPRETA_510206,312093.860,2624292.200,127.8300,0.0000,4.5900,0.2933,-1
KHAPRETA_510206,312095.860,2624292.200,127.7400,1.0331,4.6800,0.2990,-1
KHAPRETA_510206,312098.860,2624292.200,128.1000,0.0000,4.3200,0.2760,-1
KHAPRETA_510206,312100.860,2624292.200,128.0300,0.7931,4.3900,0.2805,-1
KHAPRETA_510206,312102.860,2624292.200,128.1600,0.0000,4.2600,0.2722,-1
KHAPRETA_510206,312104.860,2624292.200,128.1900,0.0000,4.2300,0.2703,-1
KHAPRETA_510206,312106.860,2624292.200,128.1300,0.8181,4.2900,0.2741,-1
KHAPRETA_510206,312110.860,2624292.200,127.8700,0.6281,4.5500,0.2907,-1
KHAPRETA_510206,312118.860,2624292.200,128.8300,0.6631,3.5900,0.2294,-1
KHAPRETA_510206,312123.860,2624292.200,129.3400,0.7564,3.0800,0.1968,-1
KHAPRETA_510206,312124.860,2624292.200,129.3800,0.3456,3.0400,0.1942,-1
KHAPRETA_510206,312125.860,2624292.200,128.6600,0.1500,3.7600,0.2403,-1
KHAPRETA_510206,312126.860,2624292.200,129.6800,0.5581,2.7400,0.1751,-1
KHAPRETA_510206,312128.860,2624292.200,129.5600,0.5681,2.8600,0.1827,-1
KHAPRETA_510206,312129.860,2624292.200,128.6400,0.4173,3.7800,0.2415,-1
KHAPRETA_510206,312131.860,2624292.200,129.8300,0.2969,2.5900,0.1655,-1
KHAPRETA_510206,312132.860,2624292.200,129.9900,0.2644,2.4300,0.1553,-1
KHAPRETA_510206,312137.860,2624292.200,128.8700,0.0000,3.5500,0.2268,-1
KHAPRETA_510206,312140.860,2624292.200,129.0800,0.0000,3.3400,0.2134,-1
KHAPRETA_510206,312145.860,2624292.200,128.9500,0.0000,3.4700,0.2217,-1
KHAPRETA_510206,312150.860,2624292.200,129.0500,0.0000,3.3700,0.2153,-1
KHAPRETA_510206,312158.860,2624292.200,129.1500,0.0000,3.2700,0.2089,-1
KHAPRETA_510206,312160.860,2624292.200,129.1700,0.0000,3.2500,0.2077,-1
KHAPRETA_510206,312166.860,2624292.200,129.1900,0.2931,3.2300,0.2064,-1
KHAPRETA_510206,312168.860,2624292.200,129.2200,0.0000,3.2000,0.2045,-1
KHAPRETA_510206,312170.860,2624292.200,129.2500,0.0000,3.1700,0.2026,-1
KHAPRETA_510206,312175.860,2624292.200,129.2700,0.0000,3.1500,0.2013,-1
KHAPRETA_510206,312179.860,2624292.200,129.3500,0.0000,3.0700,0.1962,-1
KHAPRETA_510206,312181.860,2624292.200,129.3700,0.1981,3.0500,0.1949,-1
KHAPRETA_510206,312182.860,2624292.200,129.3800,0.2031,3.0400,0.1942,-1
KHAPRETA_510206,312184.860,2624292.200,129.5300,0.1881,2.8900,0.1847,-1
KHAPRETA_510206,312197.860,2624292.200,129.7500,0.0000,2.6700,0.1706,-1
KHAPRETA_510206,312199.860,2624292.200,129.8000,0.0000,2.6200,0.1674,-1
KHAPRETA_510206,312202.860,2624292.200,129.8300,0.0000,2.5900,0.1655,-1
KHAPRETA_510206,312204.860,2624292.200,129.8200,0.0000,2.6000,0.1661,-1
KHAPRETA_510206,312207.860,2624292.200,129.8100,0.0000,2.6100,0.1668,-1
KHAPRETA_510206,312209.860,2624292.200,129.8800,0.0469,2.5400,0.1623,-1
KHAPRETA_510206,312221.860,2624292.200,129.9600,0.0000,2.4600,0.1572,-1
KHAPRETA_510206,312229.860,2624292.200,129.9900,0.1654,2.4300,0.1553,-1
KHAPRETA_510206,312230.860,2624292.200,130.0100,0.0050,2.4100,0.1540,-1
KHAPRETA_510206,312231.860,2624292.200,129.9800,0.1169,2.4400,0.1559,-1
KHAPRETA_510206,312233.860,2624292.200,130.0700,0.0000,2.3500,0.1502,-1
KHAPRETA_510206,312236.860,2624292.200,130.4600,0.6219,1.9600,0.1252,-1
KHAPRETA_510206,312237.860,2624292.200,131.0200,0.6610,1.4000,0.0895,-1
KHAPRETA_510206,312238.860,2624292.200,130.9600,0.6219,1.4600,0.0933,-1
KHAPRETA_510206,312247.860,2624292.200,131.1200,0.0000,1.3000,0.0831,-1
KHAPRETA_510206,312250.860,2624292.200,131.2200,0.0000,1.2000,0.0767,-1
KHAPRETA_510206,312253.860,2624292.200,131.0500,0.8817,1.3700,0.0875,-1
KHAPRETA_510206,312254.860,2624292.200,130.8300,0.6676,1.5900,0.1016,-1
KHAPRETA_510206,312255.860,2624292.200,131.1100,0.8618,1.3100,0.0837,-1
KHAPRETA_510206,312261.860,2624292.200,131.2600,0.9716,1.1600,0.0741,-1
KHAPRETA_510206,312262.860,2624292.200,131.1700,0.7419,1.2500,0.0799,-1
KHAPRETA_510206,312266.860,2624292.200,131.2000,0.0000,1.2200,0.0780,-1
KHAPRETA_510206,312268.860,2624292.200,130.8200,0.5269,1.6000,0.1022,-1
KHAPRETA_510206,312275.860,2624292.200,130.7900,0.7275,1.6300,0.1042,-1
KHAPRETA_510206,312276.860,2624292.200,130.8100,0.0050,1.6100,0.1029,-1
KHAPRETA_510206,312277.860,2624292.200,130.7800,0.5070,1.6400,0.1048,-1
KHAPRETA_510206,312278.860,2624292.200,130.7900,0.5019,1.6300,0.1042,-1
KHAPRETA_510206,312284.860,2624292.200,130.8000,0.5169,1.6200,0.1035,-1
KHAPRETA_510206,312287.860,2624292.200,130.8300,0.0000,1.5900,0.1016,-1
KHAPRETA_510206,312294.860,2624292.200,130.8300,0.5369,1.5900,0.1016,-1
KHAPRETA_510206,312296.860,2624292.200,130.8900,0.0050,1.5300,0.0978,-1
KHAPRETA_510206,312298.860,2624292.200,130.8800,0.5669,1.5400,0.0984,-1
KHAPRETA_510206,312303.860,2624292.200,130.9200,0.5619,1.5000,0.0958,-1
KHAPRETA_510206,312318.860,2624292.200,131.3800,0.0000,1.0400,0.0665,-1
KHAPRETA_510206,312328.860,2624292.200,131.7700,0.9869,0.6500,0.0415,-1
KHAPRETA_510206,312331.860,2624292.200,131.6800,0.9519,0.7400,0.0473,-1
KHAPRETA_510206,312333.860,2624292.200,131.7400,0.9819,0.6800,0.0435,-1
KHAPRETA_510206,312335.860,2624292.200,131.7100,0.9619,0.7100,0.0454,-1
KHAPRETA_510206,312336.860,2624292.200,131.7000,0.9620,0.7200,0.0460,-1
KHAPRETA_510206,312337.860,2624292.200,131.7300,0.9919,0.6900,0.0441,-1
KHAPRETA_510206,312338.860,2624292.200,131.7000,1.3398,0.7200,0.0460,-1
KHAPRETA_510206,312352.860,2624292.200,131.4600,1.2836,0.9600,0.0613,-1
KHAPRETA_510206,312353.860,2624292.200,131.6600,0.8419,0.7600,0.0486,-1
KHAPRETA_510206,312357.860,2624292.200,132.3800,1.2619,0.0400,0.0026,-1
KHAPRETA_510206,312358.860,2624292.200,132.3000,1.8132,0.1200,0.0077,-1
KHAPRETA_510206,311933.860,2624293.200,128.2700,0.8131,4.1500,0.2652,-1
KHAPRETA_510206,311963.860,2624293.200,131.8100,1.3943,0.6100,0.0390,-1
KHAPRETA_510206,311964.860,2624293.200,131.6600,6.8113,0.7600,0.0486,-1
KHAPRETA_510206,311965.860,2624293.200,118.2500,1.1020,14.1700,0.9054,-1
KHAPRETA_510206,311966.860,2624293.200,131.8700,5.7631,0.5500,0.0351,-1
KHAPRETA_510206,311980.860,2624293.200,128.5800,0.1781,3.8400,0.2454,-1
KHAPRETA_510206,311981.860,2624293.200,129.4200,0.7625,3.0000,0.1917,-1
KHAPRETA_510206,311986.860,2624293.200,128.0600,2.2567,4.3600,0.2786,-1
KHAPRETA_510206,311987.860,2624293.200,126.5400,0.9200,5.8800,0.3757,-1
KHAPRETA_510206,311988.860,2624293.200,126.2200,2.0527,6.2000,0.3962,-1
KHAPRETA_510206,311993.860,2624293.200,126.8000,0.0000,5.6200,0.3591,-1
KHAPRETA_510206,311998.860,2624293.200,127.6300,2.1760,4.7900,0.3061,-1
KHAPRETA_510206,311999.860,2624293.200,126.9000,0.4250,5.5200,0.3527,-1
KHAPRETA_510206,312000.860,2624293.200,126.7800,1.4639,5.6400,0.3604,-1
KHAPRETA_510206,312001.860,2624293.200,127.0000,1.4981,5.4200,0.3463,-1
KHAPRETA_510206,312005.860,2624293.200,127.1600,1.7797,5.2600,0.3361,-1
KHAPRETA_510206,312006.860,2624293.200,127.3200,1.8393,5.1000,0.3259,-1
KHAPRETA_510206,312013.860,2624293.200,127.2000,1.2881,5.2200,0.3335,-1
KHAPRETA_510206,312017.860,2624293.200,127.2200,0.0000,5.2000,0.3323,-1
KHAPRETA_510206,312022.860,2624293.200,127.7400,1.4031,4.6800,0.2990,-1
KHAPRETA_510206,312023.860,2624293.200,126.9700,1.3932,5.4500,0.3482,-1
KHAPRETA_510206,312024.860,2624293.200,126.9300,1.4031,5.4900,0.3508,-1
KHAPRETA_510206,312032.860,2624293.200,127.1000,1.3031,5.3200,0.3399,-1
KHAPRETA_510206,312034.860,2624293.200,127.5200,0.0000,4.9000,0.3131,-1
KHAPRETA_510206,312040.860,2624293.200,127.1400,1.5905,5.2800,0.3374,-1
KHAPRETA_510206,312041.860,2624293.200,127.8300,1.3088,4.5900,0.2933,-1
KHAPRETA_510206,312042.860,2624293.200,127.0500,0.9731,5.3700,0.3431,-1
KHAPRETA_510206,312052.860,2624293.200,127.2100,0.0000,5.2100,0.3329,-1
KHAPRETA_510206,312056.860,2624293.200,127.2800,1.2531,5.1400,0.3284,-1
KHAPRETA_510206,312060.860,2624293.200,127.3200,1.2081,5.1000,0.3259,-1
KHAPRETA_510206,312065.860,2624293.200,127.4300,1.2031,4.9900,0.3188,-1
KHAPRETA_510206,312074.860,2624293.200,127.8900,0.9631,4.5300,0.2895,-1
KHAPRETA_510206,312086.860,2624293.200,127.8600,1.3480,4.5600,0.2914,-1
KHAPRETA_510206,312087.860,2624293.200,127.8400,0.0350,4.5800,0.2927,-1
KHAPRETA_510206,312088.860,2624293.200,127.7900,0.9687,4.6300,0.2958,-1
KHAPRETA_510206,312090.860,2624293.200,127.9000,0.0000,4.5200,0.2888,-1
KHAPRETA_510206,312095.860,2624293.200,127.7100,0.0400,4.7100,0.3010,-1
KHAPRETA_510206,312103.860,2624293.200,128.1600,0.8081,4.2600,0.2722,-1
KHAPRETA_510206,312107.860,2624293.200,127.9300,0.0000,4.4900,0.2869,-1
KHAPRETA_510206,312110.860,2624293.200,128.5200,0.9531,3.9000,0.2492,-1
KHAPRETA_510206,312114.860,2624293.200,129.5700,0.1531,2.8500,0.1821,-1
KHAPRETA_510206,312115.860,2624293.200,129.4700,0.1031,2.9500,0.1885,-1
KHAPRETA_510206,312117.860,2624293.200,129.2600,0.0000,3.1600,0.2019,-1
KHAPRETA_510206,312119.860,2624293.200,129.5200,0.2923,2.9000,0.1853,-1
KHAPRETA_510206,312120.860,2624293.200,129.6300,0.1281,2.7900,0.1783,-1
KHAPRETA_510206,312122.860,2624293.200,128.9600,0.5031,3.4600,0.2211,-1
KHAPRETA_510206,312123.860,2624293.200,128.7700,0.4627,3.6500,0.2332,-1
KHAPRETA_510206,312129.860,2624293.200,128.9700,0.5681,3.4500,0.2204,-1
KHAPRETA_510206,312131.860,2624293.200,130.3300,0.2644,2.0900,0.1335,-1
KHAPRETA_510206,312132.860,2624293.200,129.2500,0.3799,3.1700,0.2026,-1
KHAPRETA_510206,312134.860,2624293.200,130.1200,0.3369,2.3000,0.1470,-1
KHAPRETA_510206,312138.860,2624293.200,129.0200,0.3681,3.4000,0.2173,-1
KHAPRETA_510206,312142.860,2624293.200,128.9200,0.4181,3.5000,0.2236,-1
KHAPRETA_510206,312143.860,2624293.200,128.9400,0.4281,3.4800,0.2224,-1
KHAPRETA_510206,312148.860,2624293.200,129.0000,0.3781,3.4200,0.2185,-1
KHAPRETA_510206,312151.860,2624293.200,129.0600,0.0000,3.3600,0.2147,-1
KHAPRETA_510206,312155.860,2624293.200,129.1300,0.3331,3.2900,0.2102,-1
KHAPRETA_510206,312156.860,2624293.200,129.1100,0.3231,3.3100,0.2115,-1
KHAPRETA_510206,312159.860,2624293.200,129.1500,0.0000,3.2700,0.2089,-1
KHAPRETA_510206,312164.860,2624293.200,129.2000,0.0000,3.2200,0.2058,-1
KHAPRETA_510206,312170.860,2624293.200,129.2500,0.2631,3.1700,0.2026,-1
KHAPRETA_510206,312180.860,2624293.200,129.3700,0.0000,3.0500,0.1949,-1
KHAPRETA_510206,312186.860,2624293.200,129.4400,0.0000,2.9800,0.1904,-1
KHAPRETA_510206,312190.860,2624293.200,129.7000,0.0000,2.7200,0.1738,-1
KHAPRETA_510206,312198.860,2624293.200,129.7800,0.0000,2.6400,0.1687,-1
KHAPRETA_510206,312200.860,2624293.200,129.7900,0.0000,2.6300,0.1681,-1
KHAPRETA_510206,312203.860,2624293.200,129.8800,0.0000,2.5400,0.1623,-1
KHAPRETA_510206,312205.860,2624293.200,129.8400,0.0419,2.5800,0.1649,-1
KHAPRETA_510206,312206.860,2624293.200,129.8600,0.0319,2.5600,0.1636,-1
KHAPRETA_510206,312215.860,2624293.200,129.8800,0.0879,2.5400,0.1623,-1
KHAPRETA_510206,312216.860,2624293.200,129.8900,0.0847,2.5300,0.1617,-1
KHAPRETA_510206,312218.860,2624293.200,129.9100,0.0769,2.5100,0.1604,-1
KHAPRETA_510206,312225.860,2624293.200,129.9500,0.0000,2.4700,0.1578,-1
KHAPRETA_510206,312237.860,2624293.200,131.0000,0.6219,1.4200,0.0907,-1
KHAPRETA_510206,312242.860,2624293.200,131.0600,0.6319,1.3600,0.0869,-1
KHAPRETA_510206,312244.860,2624293.200,131.0700,0.0000,1.3500,0.0863,-1
KHAPRETA_510206,312249.860,2624293.200,131.1600,0.6819,1.2600,0.0805,-1
KHAPRETA_510206,312252.860,2624293.200,131.1500,0.0000,1.2700,0.0812,-1
KHAPRETA_510206,312254.860,2624293.200,131.1100,0.5269,1.3100,0.0837,-1
KHAPRETA_510206,312260.860,2624293.200,131.1700,0.6769,1.2500,0.0799,-1
KHAPRETA_510206,312261.860,2624293.200,131.1300,1.0179,1.2900,0.0824,-1
KHAPRETA_510206,312275.860,2624293.200,130.8000,0.5069,1.6200,0.1035,-1
KHAPRETA_510206,312284.860,2624293.200,130.8100,0.7275,1.6100,0.1029,-1
KHAPRETA_510206,312285.860,2624293.200,130.8100,0.7346,1.6100,0.1029,-1
KHAPRETA_510206,312289.860,2624293.200,130.8400,0.0000,1.5800,0.1010,-1
KHAPRETA_510206,312294.860,2624293.200,130.8500,0.0250,1.5700,0.1003,-1
KHAPRETA_510206,312296.860,2624293.200,130.8700,0.5569,1.5500,0.0990,-1
KHAPRETA_510206,312298.860,2624293.200,130.9100,0.5519,1.5100,0.0965,-1
KHAPRETA_510206,312303.860,2624293.200,130.9000,0.5719,1.5200,0.0971,-1
KHAPRETA_510206,312315.860,2624293.200,131.2300,1.1391,1.1900,0.0760,-1
KHAPRETA_510206,312316.860,2624293.200,131.2300,0.0000,1.1900,0.0760,-1
KHAPRETA_510206,312317.860,2624293.200,131.2300,1.0387,1.1900,0.0760,-1
KHAPRETA_510206,312320.860,2624293.200,131.7400,0.0000,0.6800,0.0435,-1
KHAPRETA_510206,312324.860,2624293.200,131.7900,0.0000,0.6300,0.0403,-1
KHAPRETA_510206,312326.860,2624293.200,131.6300,0.9919,0.7900,0.0505,-1
KHAPRETA_510206,312327.860,2624293.200,131.7600,0.0600,0.6600,0.0422,-1
KHAPRETA_510206,312328.860,2624293.200,131.7500,1.0122,0.6700,0.0428,-1
KHAPRETA_510206,312329.860,2624293.200,131.4100,1.4100,1.0100,0.0645,-1
KHAPRETA_510206,312331.860,2624293.200,131.6800,1.3427,0.7400,0.0473,-1
KHAPRETA_510206,312332.860,2624293.200,131.6700,0.0300,0.7500,0.0479,-1
KHAPRETA_510206,312333.860,2624293.200,131.7400,1.3641,0.6800,0.0435,-1
KHAPRETA_510206,312336.860,2624293.200,131.7000,0.9619,0.7200,0.0460,-1
KHAPRETA_510206,312338.860,2624293.200,131.6100,1.3393,0.8100,0.0518,-1
KHAPRETA_510206,312339.860,2624293.200,131.6400,0.9169,0.7800,0.0498,-1
KHAPRETA_510206,312342.860,2624293.200,131.5500,0.8769,0.8700,0.0556,-1
KHAPRETA_510206,312343.860,2624293.200,131.5300,0.8869,0.8900,0.0569,-1
KHAPRETA_510206,312348.860,2624293.200,131.5700,0.9119,0.8500,0.0543,-1
KHAPRETA_510206,312350.860,2624293.200,131.6200,0.9219,0.8000,0.0511,-1
KHAPRETA_510206,312351.860,2624293.200,131.6200,0.0500,0.8000,0.0511,-1
KHAPRETA_510206,312352.860,2624293.200,131.5200,1.2485,0.9000,0.0575,-1
KHAPRETA_510206,312358.860,2624293.200,132.3000,1.2619,0.1200,0.0077,-1
KHAPRETA_510206,311931.860,2624294.200,128.1600,0.0000,4.2600,0.2722,-1
KHAPRETA_510206,311962.860,2624294.200,128.0200,1.0281,4.4000,0.2811,-1
KHAPRETA_510206,311963.860,2624294.200,127.7200,1.8371,4.7000,0.3003,-1
KHAPRETA_510206,311964.860,2624294.200,131.0800,1.3943,1.3400,0.0856,-1
KHAPRETA_510206,311971.860,2624294.200,125.1300,2.2431,7.2900,0.4658,-1
KHAPRETA_510206,311972.860,2624294.200,125.2900,2.3231,7.1300,0.4556,-1
KHAPRETA_510206,311979.860,2624294.200,128.2100,0.3169,4.2100,0.2690,-1
KHAPRETA_510206,311981.860,2624294.200,128.8300,0.4821,3.5900,0.2294,-1
KHAPRETA_510206,311982.860,2624294.200,128.8800,1.1045,3.5400,0.2262,-1
KHAPRETA_510206,311986.860,2624294.200,126.6300,0.8581,5.7900,0.3700,-1
KHAPRETA_510206,311988.860,2624294.200,127.2500,1.7781,5.1700,0.3304,-1
KHAPRETA_510206,311990.860,2624294.200,126.8300,1.5181,5.5900,0.3572,-1
KHAPRETA_510206,311991.860,2624294.200,126.7400,1.4731,5.6800,0.3629,-1
KHAPRETA_510206,312000.860,2624294.200,126.8500,1.4981,5.5700,0.3559,-1
KHAPRETA_510206,312002.860,2624294.200,127.1000,0.0000,5.3200,0.3399,-1
KHAPRETA_510206,312004.860,2624294.200,127.0300,1.2881,5.3900,0.3444,-1
KHAPRETA_510206,312005.860,2624294.200,127.2000,1.3105,5.2200,0.3335,-1
KHAPRETA_510206,312006.860,2624294.200,127.1900,1.2291,5.2300,0.3342,-1
KHAPRETA_510206,312007.860,2624294.200,127.1000,1.2931,5.3200,0.3399,-1
KHAPRETA_510206,312010.860,2624294.200,127.0400,1.2531,5.3800,0.3438,-1
KHAPRETA_510206,312013.860,2624294.200,127.2000,1.2881,5.2200,0.3335,-1
KHAPRETA_510206,312015.860,2624294.200,127.0900,1.3181,5.3300,0.3406,-1
KHAPRETA_510206,312016.860,2624294.200,127.1400,1.3431,5.2800,0.3374,-1
KHAPRETA_510206,312021.860,2624294.200,127.5000,0.0000,4.9200,0.3144,-1
KHAPRETA_510206,312023.860,2624294.200,127.1100,1.4031,5.3100,0.3393,-1
KHAPRETA_510206,312025.860,2624294.200,127.1500,0.0000,5.2700,0.3367,-1
KHAPRETA_510206,312028.860,2624294.200,126.9600,1.1781,5.4600,0.3489,-1
KHAPRETA_510206,312029.860,2624294.200,127.4200,1.4081,5.0000,0.3195,-1
KHAPRETA_510206,312040.860,2624294.200,127.2600,1.8570,5.1600,0.3297,-1
KHAPRETA_510206,312041.860,2624294.200,127.1600,1.5905,5.2600,0.3361,-1
KHAPRETA_510206,312049.860,2624294.200,127.1800,1.8393,5.2400,0.3348,-1
KHAPRETA_510206,312050.860,2624294.200,127.1800,1.2981,5.2400,0.3348,-1
KHAPRETA_510206,312057.860,2624294.200,127.3500,0.0000,5.0700,0.3240,-1
KHAPRETA_510206,312060.860,2624294.200,127.3600,1.2281,5.0600,0.3233,-1
KHAPRETA_510206,312063.860,2624294.200,127.4300,1.1531,4.9900,0.3188,-1
KHAPRETA_510206,312066.860,2624294.200,127.4800,0.0000,4.9400,0.3157,-1
KHAPRETA_510206,312069.860,2624294.200,127.5700,1.1031,4.8500,0.3099,-1
KHAPRETA_510206,312071.860,2624294.200,127.8300,0.0000,4.5900,0.2933,-1
KHAPRETA_510206,312085.860,2624294.200,127.9100,0.9381,4.5100,0.2882,-1
KHAPRETA_510206,312086.860,2624294.200,127.9000,1.3373,4.5200,0.2888,-1
KHAPRETA_510206,312088.860,2624294.200,127.9300,0.9931,4.4900,0.2869,-1
KHAPRETA_510206,312095.860,2624294.200,127.8200,1.0308,4.6000,0.2939,-1
KHAPRETA_510206,312096.860,2624294.200,127.7200,0.9781,4.7000,0.3003,-1
KHAPRETA_510206,312103.860,2624294.200,128.1600,0.8081,4.2600,0.2722,-1
KHAPRETA_510206,312112.860,2624294.200,129.3200,0.2831,3.1000,0.1981,-1
KHAPRETA_510206,312113.860,2624294.200,129.2100,0.2281,3.2100,0.2051,-1
KHAPRETA_510206,312116.860,2624294.200,129.4800,0.0000,2.9400,0.1879,-1
KHAPRETA_510206,312119.860,2624294.200,129.2100,0.1281,3.2100,0.2051,-1
KHAPRETA_510206,312124.860,2624294.200,129.8200,0.0269,2.6000,0.1661,-1
KHAPRETA_510206,312127.860,2624294.200,129.6700,0.0000,2.7500,0.1757,-1
KHAPRETA_510206,312132.860,2624294.200,129.4700,0.2900,2.9500,0.1885,-1
KHAPRETA_510206,312134.860,2624294.200,130.4500,0.6100,1.9700,0.1259,-1
KHAPRETA_510206,312136.860,2624294.200,129.8000,0.0000,2.6200,0.1674,-1
KHAPRETA_510206,312138.860,2624294.200,129.0400,0.0550,3.3800,0.2160,-1
KHAPRETA_510206,312148.860,2624294.200,129.0200,0.3881,3.4000,0.2173,-1
KHAPRETA_510206,312157.860,2624294.200,129.1500,0.2981,3.2700,0.2089,-1
KHAPRETA_510206,312158.860,2624294.200,129.1800,0.4499,3.2400,0.2070,-1
KHAPRETA_510206,312165.860,2624294.200,129.1900,0.3968,3.2300,0.2064,-1
KHAPRETA_510206,312166.860,2624294.200,129.2200,0.2931,3.2000,0.2045,-1
KHAPRETA_510206,312172.860,2624294.200,129.2200,0.0000,3.2000,0.2045,-1
KHAPRETA_510206,312175.860,2624294.200,129.3100,0.3073,3.1100,0.1987,-1
KHAPRETA_510206,312176.860,2624294.200,129.2900,0.0150,3.1300,0.2000,-1
KHAPRETA_510206,312177.860,2624294.200,129.2800,0.2431,3.1400,0.2006,-1
KHAPRETA_510206,312179.860,2624294.200,129.3300,0.0000,3.0900,0.1974,-1
KHAPRETA_510206,312181.860,2624294.200,129.3600,0.0000,3.0600,0.1955,-1
KHAPRETA_510206,312193.860,2624294.200,129.7400,0.0000,2.6800,0.1712,-1
KHAPRETA_510206,312195.860,2624294.200,129.7400,0.0081,2.6800,0.1712,-1
KHAPRETA_510206,312196.860,2624294.200,129.7600,0.0250,2.6600,0.1700,-1
KHAPRETA_510206,312197.860,2624294.200,129.7900,0.0081,2.6300,0.1681,-1
KHAPRETA_510206,312201.860,2624294.200,129.7900,0.0119,2.6300,0.1681,-1
KHAPRETA_510206,312210.860,2624294.200,129.8500,0.0519,2.5700,0.1642,-1
KHAPRETA_510206,312211.860,2624294.200,129.8800,0.0369,2.5400,0.1623,-1
KHAPRETA_510206,312213.860,2624294.200,129.8800,0.0000,2.5400,0.1623,-1
KHAPRETA_510206,312215.860,2624294.200,129.9100,0.0847,2.5100,0.1604,-1
KHAPRETA_510206,312216.860,2624294.200,129.9100,0.0879,2.5100,0.1604,-1
KHAPRETA_510206,312218.860,2624294.200,129.9300,0.1020,2.4900,0.1591,-1
KHAPRETA_510206,312219.860,2624294.200,129.9300,0.0769,2.4900,0.1591,-1
KHAPRETA_510206,312224.860,2624294.200,129.9900,0.0000,2.4300,0.1553,-1
KHAPRETA_510206,312227.860,2624294.200,129.9800,0.0000,2.4400,0.1559,-1
KHAPRETA_510206,312231.860,2624294.200,130.0600,0.0000,2.3600,0.1508,-1
KHAPRETA_510206,312234.860,2624294.200,130.2200,0.1519,2.2000,0.1406,-1
KHAPRETA_510206,312242.860,2624294.200,131.0400,0.0100,1.3800,0.0882,-1
KHAPRETA_510206,312247.860,2624294.200,131.1300,0.9467,1.2900,0.0824,-1
KHAPRETA_510206,312248.860,2624294.200,131.1100,0.6720,1.3100,0.0837,-1
KHAPRETA_510206,312249.860,2624294.200,131.1400,0.6670,1.2800,0.0818,-1
KHAPRETA_510206,312263.860,2624294.200,131.1600,0.6919,1.2600,0.0805,-1
KHAPRETA_510206,312264.860,2624294.200,131.1600,0.0000,1.2600,0.0805,-1
KHAPRETA_510206,312265.860,2624294.200,131.1600,0.6919,1.2600,0.0805,-1
KHAPRETA_510206,312269.860,2624294.200,130.6200,0.0000,1.8000,0.1150,-1
KHAPRETA_510206,312272.860,2624294.200,130.7700,0.7063,1.6500,0.1054,-1
KHAPRETA_510206,312273.860,2624294.200,130.7800,0.0050,1.6400,0.1048,-1
KHAPRETA_510206,312274.860,2624294.200,130.7800,0.5019,1.6400,0.1048,-1
KHAPRETA_510206,312276.860,2624294.200,130.7500,0.0000,1.6700,0.1067,-1
KHAPRETA_510206,312282.860,2624294.200,130.8200,0.0000,1.6000,0.1022,-1
KHAPRETA_510206,312285.860,2624294.200,130.8200,0.5373,1.6000,0.1022,-1
KHAPRETA_510206,312286.860,2624294.200,130.8500,0.5219,1.5700,0.1003,-1
KHAPRETA_510206,312294.860,2624294.200,130.8800,0.7629,1.5400,0.0984,-1
KHAPRETA_510206,312295.860,2624294.200,130.8600,0.5519,1.5600,0.0997,-1
KHAPRETA_510206,312299.860,2624294.200,130.8800,0.0000,1.5400,0.0984,-1
KHAPRETA_510206,312304.860,2624294.200,130.9500,0.5769,1.4700,0.0939,-1
KHAPRETA_510206,312305.860,2624294.200,130.9300,0.0050,1.4900,0.0952,-1
KHAPRETA_510206,312306.860,2624294.200,130.9600,0.5769,1.4600,0.0933,-1
KHAPRETA_510206,312310.860,2624294.200,131.2300,0.0000,1.1900,0.0760,-1
KHAPRETA_510206,312314.860,2624294.200,131.5400,1.2122,0.8800,0.0562,-1
KHAPRETA_510206,312315.860,2624294.200,131.5300,1.1429,0.8900,0.0569,-1
KHAPRETA_510206,312317.860,2624294.200,131.2600,0.7269,1.1600,0.0741,-1
KHAPRETA_510206,312323.860,2624294.200,131.7600,1.0219,0.6600,0.0422,-1
KHAPRETA_510206,312329.860,2624294.200,131.7900,0.8169,0.6300,0.0403,-1
KHAPRETA_510206,312334.860,2624294.200,131.6700,0.0000,0.7500,0.0479,-1
KHAPRETA_510206,312344.860,2624294.200,131.4900,0.0000,0.9300,0.0594,-1
KHAPRETA_510206,312348.860,2624294.200,131.6000,0.8969,0.8200,0.0524,-1
KHAPRETA_510206,312353.860,2624294.200,132.1900,1.0819,0.2300,0.0147,-1
KHAPRETA_510206,312357.860,2624294.200,132.2900,0.0000,0.1300,0.0083,-1
KHAPRETA_510206,311926.860,2624295.200,128.1700,0.8481,4.2500,0.2716,-1
KHAPRETA_510206,311927.860,2624295.200,128.0800,0.8031,4.3400,0.2773,-1
KHAPRETA_510206,311975.860,2624295.200,127.0100,1.9381,5.4100,0.3457,-1
KHAPRETA_510206,311979.860,2624295.200,130.4100,0.2350,2.0100,0.1284,-1
KHAPRETA_510206,311982.860,2624295.200,127.7800,1.3752,4.6400,0.2965,-1
KHAPRETA_510206,311983.860,2624295.200,128.0000,0.9981,4.4200,0.2824,-1
KHAPRETA_510206,311992.860,2624295.200,126.7300,1.9230,5.6900,0.3636,-1
KHAPRETA_510206,311993.860,2624295.200,126.8000,1.5231,5.6200,0.3591,-1
KHAPRETA_510206,311996.860,2624295.200,128.3200,0.0000,4.1000,0.2620,-1
KHAPRETA_510206,311998.860,2624295.200,127.2900,1.1831,5.1300,0.3278,-1
KHAPRETA_510206,312008.860,2624295.200,127.2600,0.0000,5.1600,0.3297,-1
KHAPRETA_510206,312010.860,2624295.200,127.2700,1.8962,5.1500,0.3291,-1
KHAPRETA_510206,312011.860,2624295.200,127.1500,0.0550,5.2700,0.3367,-1
KHAPRETA_510206,312012.860,2624295.200,127.1600,1.8150,5.2600,0.3361,-1
KHAPRETA_510206,312019.860,2624295.200,127.2200,0.0000,5.2000,0.3323,-1
KHAPRETA_510206,312022.860,2624295.200,127.0900,0.0000,5.3300,0.3406,-1
KHAPRETA_510206,312032.860,2624295.200,127.5600,0.0000,4.8600,0.3105,-1
KHAPRETA_510206,312039.860,2624295.200,127.2600,0.0000,5.1600,0.3297,-1
KHAPRETA_510206,312048.860,2624295.200,127.1900,1.3031,5.2300,0.3342,-1
KHAPRETA_510206,312049.860,2624295.200,127.1700,1.8322,5.2500,0.3355,-1
KHAPRETA_510206,312053.860,2624295.200,127.2800,1.2431,5.1400,0.3284,-1
KHAPRETA_510206,312058.860,2624295.200,127.3600,0.0000,5.0600,0.3233,-1
KHAPRETA_510206,312063.860,2624295.200,127.4700,1.1731,4.9500,0.3163,-1
KHAPRETA_510206,312069.860,2624295.200,127.5700,1.1031,4.8500,0.3099,-1
KHAPRETA_510206,312072.860,2624295.200,127.9500,1.3699,4.4700,0.2856,-1
KHAPRETA_510206,312073.860,2624295.200,127.9100,0.9131,4.5100,0.2882,-1
KHAPRETA_510206,312076.860,2624295.200,127.9400,0.8681,4.4800,0.2863,-1
KHAPRETA_510206,312081.860,2624295.200,127.8600,0.9381,4.5600,0.2914,-1
KHAPRETA_510206,312083.860,2624295.200,127.9600,0.0000,4.4600,0.2850,-1
KHAPRETA_510206,312093.860,2624295.200,127.8400,0.0000,4.5800,0.2927,-1
KHAPRETA_510206,312095.860,2624295.200,127.8600,0.9781,4.5600,0.2914,-1
KHAPRETA_510206,312097.860,2624295.200,127.6100,0.9081,4.8100,0.3073,-1
KHAPRETA_510206,312098.860,2624295.200,127.9600,0.2650,4.4600,0.2850,-1
KHAPRETA_510206,312099.860,2624295.200,128.1400,1.3309,4.2800,0.2735,-1
KHAPRETA_510206,312101.860,2624295.200,128.0600,0.8581,4.3600,0.2786,-1
KHAPRETA_510206,312107.860,2624295.200,128.4700,0.6431,3.9500,0.2524,-1
KHAPRETA_510206,312108.860,2624295.200,128.4900,0.8153,3.9300,0.2511,-1
KHAPRETA_510206,312110.860,2624295.200,128.6700,0.3731,3.7500,0.2396,-1
KHAPRETA_510206,312114.860,2624295.200,129.1400,0.1631,3.2800,0.2096,-1
KHAPRETA_510206,312121.860,2624295.200,129.5200,0.0000,2.9000,0.1853,-1
KHAPRETA_510206,312124.860,2624295.200,129.8300,0.0219,2.5900,0.1655,-1
KHAPRETA_510206,312128.860,2624295.200,130.2100,0.1119,2.2100,0.1412,-1
KHAPRETA_510206,312131.860,2624295.200,129.5800,0.0269,2.8400,0.1815,-1
KHAPRETA_510206,312132.860,2624295.200,129.8300,0.1818,2.5900,0.1655,-1
KHAPRETA_510206,312134.860,2624295.200,128.9000,0.4801,3.5200,0.2249,-1
KHAPRETA_510206,312135.860,2624295.200,130.4600,0.4381,1.9600,0.1252,-1
KHAPRETA_510206,312138.860,2624295.200,129.1300,0.3681,3.2900,0.2102,-1
KHAPRETA_510206,312147.860,2624295.200,129.0100,0.3581,3.4100,0.2179,-1
KHAPRETA_510206,312152.860,2624295.200,129.0700,0.0000,3.3500,0.2141,-1
KHAPRETA_510206,312158.860,2624295.200,129.1300,0.2981,3.2900,0.2102,-1
KHAPRETA_510206,312162.860,2624295.200,129.1800,0.2931,3.2400,0.2070,-1
KHAPRETA_510206,312163.860,2624295.200,129.1900,0.2981,3.2300,0.2064,-1
KHAPRETA_510206,312165.860,2624295.200,129.2100,0.2931,3.2100,0.2051,-1
KHAPRETA_510206,312167.860,2624295.200,129.2100,0.0000,3.2100,0.2051,-1
KHAPRETA_510206,312170.860,2624295.200,129.2400,0.2481,3.1800,0.2032,-1
KHAPRETA_510206,312175.860,2624295.200,129.4000,0.2331,3.0200,0.1930,-1
KHAPRETA_510206,312187.860,2624295.200,129.4300,0.1281,2.9900,0.1911,-1
KHAPRETA_510206,312188.860,2624295.200,129.5200,0.1731,2.9000,0.1853,-1
KHAPRETA_510206,312191.860,2624295.200,129.7500,0.0000,2.6700,0.1706,-1
KHAPRETA_510206,312194.860,2624295.200,129.7400,0.0181,2.6800,0.1712,-1
KHAPRETA_510206,312201.860,2624295.200,129.8000,0.0069,2.6200,0.1674,-1
KHAPRETA_510206,312204.860,2624295.200,129.8200,0.0000,2.6000,0.1661,-1
KHAPRETA_510206,312207.860,2624295.200,129.8300,0.0469,2.5900,0.1655,-1
KHAPRETA_510206,312208.860,2624295.200,129.8700,0.0150,2.5500,0.1629,-1
KHAPRETA_510206,312209.860,2624295.200,129.8600,0.0469,2.5600,0.1636,-1
KHAPRETA_510206,312214.860,2624295.200,129.8900,0.0469,2.5300,0.1617,-1
KHAPRETA_510206,312228.860,2624295.200,130.0000,0.0000,2.4200,0.1546,-1
KHAPRETA_510206,312232.860,2624295.200,130.0400,0.1119,2.3800,0.1521,-1
KHAPRETA_510206,312233.860,2624295.200,130.0000,0.0200,2.4200,0.1546,-1
KHAPRETA_510206,312234.860,2624295.200,130.0800,0.2486,2.3400,0.1495,-1
KHAPRETA_510206,312239.860,2624295.200,131.0400,0.8973,1.3800,0.0882,-1
KHAPRETA_510206,312240.860,2624295.200,131.0300,0.6319,1.3900,0.0888,-1
KHAPRETA_510206,312242.860,2624295.200,131.0800,0.6270,1.3400,0.0856,-1
KHAPRETA_510206,312243.860,2624295.200,131.0300,0.6519,1.3900,0.0888,-1
KHAPRETA_510206,312247.860,2624295.200,131.1200,0.9538,1.3000,0.0831,-1
KHAPRETA_510206,312248.860,2624295.200,131.1200,0.6670,1.3000,0.0831,-1
KHAPRETA_510206,312249.860,2624295.200,131.1400,0.9574,1.2800,0.0818,-1
KHAPRETA_510206,312254.860,2624295.200,131.1800,0.0000,1.2400,0.0792,-1
KHAPRETA_510206,312261.860,2624295.200,131.1800,0.0000,1.2400,0.0792,-1
KHAPRETA_510206,312266.860,2624295.200,131.1900,0.7069,1.2300,0.0786,-1
KHAPRETA_510206,312272.860,2624295.200,130.7700,0.4969,1.6500,0.1054,-1
KHAPRETA_510206,312275.860,2624295.200,130.8000,0.0000,1.6200,0.1035,-1
KHAPRETA_510206,312280.860,2624295.200,130.8200,0.0000,1.6000,0.1022,-1
KHAPRETA_510206,312285.860,2624295.200,130.8500,0.0050,1.5700,0.1003,-1
KHAPRETA_510206,312296.860,2624295.200,130.8500,0.5669,1.5700,0.1003,-1
KHAPRETA_510206,312303.860,2624295.200,130.9400,0.0000,1.4800,0.0946,-1
KHAPRETA_510206,312312.860,2624295.200,131.4500,0.0000,0.9700,0.0620,-1
KHAPRETA_510206,312314.860,2624295.200,131.4500,0.8819,0.9700,0.0620,-1
KHAPRETA_510206,312316.860,2624295.200,131.5000,0.0000,0.9200,0.0588,-1
KHAPRETA_510206,312321.860,2624295.200,131.7600,0.9969,0.6600,0.0422,-1
KHAPRETA_510206,312323.860,2624295.200,131.8200,0.9919,0.6000,0.0383,-1
KHAPRETA_510206,312335.860,2624295.200,131.7400,0.0000,0.6800,0.0435,-1
KHAPRETA_510206,312340.860,2624295.200,131.6600,0.0000,0.7600,0.0486,-1
KHAPRETA_510206,312342.860,2624295.200,131.6300,0.0000,0.7900,0.0505,-1
KHAPRETA_510206,312345.860,2624295.200,131.5800,0.0000,0.8400,0.0537,-1
KHAPRETA_510206,312347.860,2624295.200,131.6400,0.0000,0.7800,0.0498,-1
KHAPRETA_510206,312350.860,2624295.200,131.6500,0.0000,0.7700,0.0492,-1
KHAPRETA_510206,312352.860,2624295.200,131.4600,1.3740,0.9600,0.0613,-1
KHAPRETA_510206,312353.860,2624295.200,131.9400,1.4716,0.4800,0.0307,-1
KHAPRETA_510206,311928.860,2624296.200,128.1200,0.0000,4.3000,0.2748,-1
KHAPRETA_510206,311931.860,2624296.200,128.1900,0.8681,4.2300,0.2703,-1
KHAPRETA_510206,311935.860,2624296.200,127.9100,1.0381,4.5100,0.2882,-1
KHAPRETA_510206,311951.860,2624296.200,130.2600,0.1819,2.1600,0.1380,-1
KHAPRETA_510206,311952.860,2624296.200,130.1400,0.3421,2.2800,0.1457,-1
KHAPRETA_510206,311958.860,2624296.200,131.9700,0.2819,0.4500,0.0288,-1
KHAPRETA_510206,311962.860,2624296.200,125.7300,0.0000,6.6900,0.4275,-1
KHAPRETA_510206,311964.860,2624296.200,124.6800,0.0000,7.7400,0.4946,-1
KHAPRETA_510206,311974.860,2624296.200,126.0800,1.9381,6.3400,0.4051,-1
KHAPRETA_510206,311975.860,2624296.200,125.9000,1.3831,6.5200,0.4166,-1
KHAPRETA_510206,311976.860,2624296.200,126.1100,1.4150,6.3100,0.4032,-1
KHAPRETA_510206,311977.860,2624296.200,128.7300,1.7405,3.6900,0.2358,-1
KHAPRETA_510206,311978.860,2624296.200,128.4400,0.0250,3.9800,0.2543,-1
KHAPRETA_510206,311979.860,2624296.200,128.6800,1.3062,3.7400,0.2390,-1
KHAPRETA_510206,311980.860,2624296.200,128.8500,0.5481,3.5700,0.2281,-1
KHAPRETA_510206,311982.860,2624296.200,126.7800,0.1200,5.6400,0.3604,-1
KHAPRETA_510206,311988.860,2624296.200,126.6300,0.0000,5.7900,0.3700,-1
KHAPRETA_510206,311992.860,2624296.200,127.3400,0.4600,5.0800,0.3246,-1
KHAPRETA_510206,311998.860,2624296.200,127.4100,1.8300,5.0100,0.3201,-1
KHAPRETA_510206,311999.860,2624296.200,127.0900,1.1831,5.3300,0.3406,-1
KHAPRETA_510206,312001.860,2624296.200,127.1100,0.0000,5.3100,0.3393,-1
KHAPRETA_510206,312012.860,2624296.200,127.2700,1.3081,5.1500,0.3291,-1
KHAPRETA_510206,312018.860,2624296.200,127.1500,0.0000,5.2700,0.3367,-1
KHAPRETA_510206,312021.860,2624296.200,127.0800,0.0000,5.3400,0.3412,-1
KHAPRETA_510206,312024.860,2624296.200,127.7100,0.0000,4.7100,0.3010,-1
KHAPRETA_510206,312029.860,2624296.200,127.2100,0.0000,5.2100,0.3329,-1
KHAPRETA_510206,312031.860,2624296.200,127.5500,1.2581,4.8700,0.3112,-1
KHAPRETA_510206,312033.860,2624296.200,127.2700,0.0000,5.1500,0.3291,-1
KHAPRETA_510206,312035.860,2624296.200,127.1900,1.3181,5.2300,0.3342,-1
KHAPRETA_510206,312036.860,2624296.200,127.1400,1.2931,5.2800,0.3374,-1
KHAPRETA_510206,312038.860,2624296.200,127.0500,0.0000,5.3700,0.3431,-1
KHAPRETA_510206,312040.860,2624296.200,127.7400,1.2881,4.6800,0.2990,-1
KHAPRETA_510206,312045.860,2624296.200,127.1500,0.0000,5.2700,0.3367,-1
KHAPRETA_510206,312053.860,2624296.200,127.2900,1.2481,5.1300,0.3278,-1
KHAPRETA_510206,312055.860,2624296.200,127.3100,0.0000,5.1100,0.3265,-1
KHAPRETA_510206,312061.860,2624296.200,127.4200,0.0000,5.0000,0.3195,-1
KHAPRETA_510206,312065.860,2624296.200,127.5100,1.5953,4.9100,0.3137,-1
KHAPRETA_510206,312066.860,2624296.200,127.5200,0.0100,4.9000,0.3131,-1
KHAPRETA_510206,312067.860,2624296.200,127.4900,1.5847,4.9300,0.3150,-1
KHAPRETA_510206,312070.860,2624296.200,127.5800,1.0031,4.8400,0.3093,-1
KHAPRETA_510206,312071.860,2624296.200,127.7700,0.0950,4.6500,0.2971,-1
KHAPRETA_510206,312072.860,2624296.200,127.7700,1.3564,4.6500,0.2971,-1
KHAPRETA_510206,312074.860,2624296.200,128.0200,0.0000,4.4000,0.2811,-1
KHAPRETA_510206,312076.860,2624296.200,128.0400,1.3709,4.3800,0.2799,-1
KHAPRETA_510206,312077.860,2624296.200,127.7400,0.8681,4.6800,0.2990,-1
KHAPRETA_510206,312081.860,2624296.200,127.9000,0.9581,4.5200,0.2888,-1
KHAPRETA_510206,312084.860,2624296.200,127.8800,0.9381,4.5400,0.2901,-1
KHAPRETA_510206,312087.860,2624296.200,127.8300,0.9431,4.5900,0.2933,-1
KHAPRETA_510206,312088.860,2624296.200,127.8900,0.9731,4.5300,0.2895,-1
KHAPRETA_510206,312096.860,2624296.200,127.7200,1.0731,4.7000,0.3003,-1
KHAPRETA_510206,312099.860,2624296.200,127.8300,0.8181,4.5900,0.2933,-1
KHAPRETA_510206,312101.860,2624296.200,128.0600,1.2349,4.3600,0.2786,-1
KHAPRETA_510206,312102.860,2624296.200,128.0000,0.0200,4.4200,0.2824,-1
KHAPRETA_510206,312103.860,2624296.200,128.0200,0.8881,4.4000,0.2811,-1
KHAPRETA_510206,312108.860,2624296.200,128.8000,0.0100,3.6200,0.2313,-1
KHAPRETA_510206,312110.860,2624296.200,129.0300,0.5531,3.3900,0.2166,-1
KHAPRETA_510206,312114.860,2624296.200,129.4500,0.3181,2.9700,0.1898,-1
KHAPRETA_510206,312117.860,2624296.200,130.0200,0.0000,2.4000,0.1534,-1
KHAPRETA_510206,312120.860,2624296.200,129.7700,0.0000,2.6500,0.1693,-1
KHAPRETA_510206,312128.860,2624296.200,130.0000,0.2169,2.4200,0.1546,-1
KHAPRETA_510206,312133.860,2624296.200,130.3900,0.3469,2.0300,0.1297,-1
KHAPRETA_510206,312136.860,2624296.200,129.8700,0.0000,2.5500,0.1629,-1
KHAPRETA_510206,312147.860,2624296.200,129.0600,0.3831,3.3600,0.2147,-1
KHAPRETA_510206,312153.860,2624296.200,129.1200,0.0000,3.3000,0.2109,-1
KHAPRETA_510206,312155.860,2624296.200,129.1200,0.3081,3.3000,0.2109,-1
KHAPRETA_510206,312156.860,2624296.200,129.1600,0.3281,3.2600,0.2083,-1
KHAPRETA_510206,312170.860,2624296.200,129.2800,0.3756,3.1400,0.2006,-1
KHAPRETA_510206,312171.860,2624296.200,129.2500,0.2481,3.1700,0.2026,-1
KHAPRETA_510206,312176.860,2624296.200,129.3400,0.2281,3.0800,0.1968,-1
KHAPRETA_510206,312178.860,2624296.200,129.3500,0.0000,3.0700,0.1962,-1
KHAPRETA_510206,312180.860,2624296.200,129.3700,0.0000,3.0500,0.1949,-1
KHAPRETA_510206,312182.860,2624296.200,129.3800,0.2031,3.0400,0.1942,-1
KHAPRETA_510206,312183.860,2624296.200,129.3700,0.0150,3.0500,0.1949,-1
KHAPRETA_510206,312184.860,2624296.200,129.4100,0.0250,3.0100,0.1923,-1
KHAPRETA_510206,312185.860,2624296.200,129.4200,0.1831,3.0000,0.1917,-1
KHAPRETA_510206,312194.860,2624296.200,129.7400,0.0181,2.6800,0.1712,-1
KHAPRETA_510206,312197.860,2624296.200,129.7900,0.0000,2.6300,0.1681,-1
KHAPRETA_510206,312200.860,2624296.200,129.7600,0.0019,2.6600,0.1700,-1
KHAPRETA_510206,312205.860,2624296.200,129.8300,0.0000,2.5900,0.1655,-1
KHAPRETA_510206,312214.860,2624296.200,129.8700,0.0569,2.5500,0.1629,-1
KHAPRETA_510206,312218.860,2624296.200,129.9000,0.0000,2.5200,0.1610,-1
KHAPRETA_510206,312226.860,2624296.200,129.9800,0.0869,2.4400,0.1559,-1
KHAPRETA_510206,312237.860,2624296.200,130.4600,0.0000,1.9600,0.1252,-1
KHAPRETA_510206,312239.860,2624296.200,131.0600,0.6319,1.3600,0.0869,-1
KHAPRETA_510206,312242.860,2624296.200,131.0200,0.0100,1.4000,0.0895,-1
KHAPRETA_510206,312246.860,2624296.200,131.0700,0.6469,1.3500,0.0863,-1
KHAPRETA_510206,312256.860,2624296.200,131.1300,0.6969,1.2900,0.0824,-1
KHAPRETA_510206,312266.860,2624296.200,131.1900,0.7070,1.2300,0.0786,-1
KHAPRETA_510206,312267.860,2624296.200,131.1900,0.0050,1.2300,0.0786,-1
KHAPRETA_510206,312268.860,2624296.200,131.1800,0.9962,1.2400,0.0792,-1
KHAPRETA_510206,312271.860,2624296.200,130.8400,0.5469,1.5800,0.1010,-1
KHAPRETA_510206,312273.860,2624296.200,130.8200,0.0000,1.6000,0.1022,-1
KHAPRETA_510206,312279.860,2624296.200,130.8000,0.0000,1.6200,0.1035,-1
KHAPRETA_510206,312285.860,2624296.200,130.8300,0.5369,1.5900,0.1016,-1
KHAPRETA_510206,312289.860,2624296.200,130.8400,0.0000,1.5800,0.1010,-1
KHAPRETA_510206,312291.860,2624296.200,130.8700,0.5519,1.5500,0.0990,-1
KHAPRETA_510206,312296.860,2624296.200,130.9100,0.5420,1.5100,0.0965,-1
KHAPRETA_510206,312297.860,2624296.200,130.8600,0.5669,1.5600,0.0997,-1
KHAPRETA_510206,312301.860,2624296.200,130.9200,0.0000,1.5000,0.0958,-1
KHAPRETA_510206,312309.860,2624296.200,131.1500,0.0000,1.2700,0.0812,-1
KHAPRETA_510206,312318.860,2624296.200,131.2500,0.0000,1.1700,0.0748,-1
KHAPRETA_510206,312321.860,2624296.200,131.7700,0.9919,0.6500,0.0415,-1
KHAPRETA_510206,312325.860,2624296.200,131.7700,0.0000,0.6500,0.0415,-1
KHAPRETA_510206,312328.860,2624296.200,131.7500,1.0219,0.6700,0.0428,-1
KHAPRETA_510206,312333.860,2624296.200,131.7200,0.0000,0.7000,0.0447,-1
KHAPRETA_510206,312344.860,2624296.200,131.5900,0.0000,0.8300,0.0530,-1
KHAPRETA_510206,312351.860,2624296.200,131.5500,0.8469,0.8700,0.0556,-1
KHAPRETA_510206,312352.860,2624296.200,131.4700,0.8870,0.9500,0.0607,-1
KHAPRETA_510206,311924.860,2624297.200,128.1600,0.0000,4.2600,0.2722,-1
KHAPRETA_510206,311927.860,2624297.200,128.1700,0.0000,4.2500,0.2716,-1
KHAPRETA_510206,311931.860,2624297.200,128.0400,0.0350,4.3800,0.2799,-1
KHAPRETA_510206,311935.860,2624297.200,127.7000,0.9331,4.7200,0.3016,-1
KHAPRETA_510206,311952.860,2624297.200,130.2600,0.1819,2.1600,0.1380,-1
KHAPRETA_510206,311958.860,2624297.200,130.3400,1.0969,2.0800,0.1329,-1
KHAPRETA_510206,311965.860,2624297.200,124.6600,0.0000,7.7600,0.4958,-1
KHAPRETA_510206,311977.860,2624297.200,127.1900,0.5231,5.2300,0.3342,-1
KHAPRETA_510206,311979.860,2624297.200,127.8300,0.5481,4.5900,0.2933,-1
KHAPRETA_510206,311982.860,2624297.200,127.5400,1.0850,4.8800,0.3118,-1
KHAPRETA_510206,311990.860,2624297.200,126.7900,0.0000,5.6300,0.3597,-1
KHAPRETA_510206,311992.860,2624297.200,127.6500,1.9856,4.7700,0.3048,-1
KHAPRETA_510206,311993.860,2624297.200,126.6400,1.7325,5.7800,0.3693,-1
KHAPRETA_510206,312006.860,2624297.200,127.1500,1.2581,5.2700,0.3367,-1
KHAPRETA_510206,312009.860,2624297.200,127.1100,0.0000,5.3100,0.3393,-1
KHAPRETA_510206,312020.860,2624297.200,127.0900,0.0000,5.3300,0.3406,-1
KHAPRETA_510206,312022.860,2624297.200,127.0900,1.8890,5.3300,0.3406,-1
KHAPRETA_510206,312023.860,2624297.200,127.0600,1.3431,5.3600,0.3425,-1
KHAPRETA_510206,312025.860,2624297.200,127.0900,0.0000,5.3300,0.3406,-1
KHAPRETA_510206,312031.860,2624297.200,127.2600,1.2410,5.1600,0.3297,-1
KHAPRETA_510206,312032.860,2624297.200,127.3100,1.2581,5.1100,0.3265,-1
KHAPRETA_510206,312039.860,2624297.200,127.2800,1.2881,5.1400,0.3284,-1
KHAPRETA_510206,312040.860,2624297.200,127.2000,1.6106,5.2200,0.3335,-1
KHAPRETA_510206,312042.860,2624297.200,127.3200,0.0000,5.1000,0.3259,-1
KHAPRETA_510206,312044.860,2624297.200,127.0700,0.0000,5.3500,0.3419,-1
KHAPRETA_510206,312047.860,2624297.200,127.2000,1.2931,5.2200,0.3335,-1
KHAPRETA_510206,312048.860,2624297.200,127.1900,1.2781,5.2300,0.3342,-1
KHAPRETA_510206,312049.860,2624297.200,127.2200,1.2731,5.2000,0.3323,-1
KHAPRETA_510206,312050.860,2624297.200,127.2200,1.8004,5.2000,0.3323,-1
KHAPRETA_510206,312054.860,2624297.200,127.3100,1.2181,5.1100,0.3265,-1
KHAPRETA_510206,312059.860,2624297.200,127.4000,0.0000,5.0200,0.3208,-1
KHAPRETA_510206,312065.860,2624297.200,127.5200,1.1331,4.9000,0.3131,-1
KHAPRETA_510206,312067.860,2624297.200,127.5500,1.1431,4.8700,0.3112,-1
KHAPRETA_510206,312069.860,2624297.200,127.5500,0.0000,4.8700,0.3112,-1
KHAPRETA_510206,312084.860,2624297.200,127.9000,0.9031,4.5200,0.2888,-1
KHAPRETA_510206,312085.860,2624297.200,127.9700,0.9381,4.4500,0.2843,-1
KHAPRETA_510206,312093.860,2624297.200,127.9000,0.0000,4.5200,0.2888,-1
KHAPRETA_510206,312096.860,2624297.200,127.6300,1.0281,4.7900,0.3061,-1
KHAPRETA_510206,312098.860,2624297.200,127.8400,0.0000,4.5800,0.2927,-1
KHAPRETA_510206,312100.860,2624297.200,127.8100,0.0000,4.6100,0.2946,-1
KHAPRETA_510206,312105.860,2624297.200,128.4200,0.5531,4.0000,0.2556,-1
KHAPRETA_510206,312108.860,2624297.200,128.5100,0.2610,3.9100,0.2498,-1
KHAPRETA_510206,312109.860,2624297.200,129.3800,0.6331,3.0400,0.1942,-1
KHAPRETA_510206,312113.860,2624297.200,129.2000,0.1381,3.2200,0.2058,-1
KHAPRETA_510206,312118.860,2624297.200,129.7800,0.0819,2.6400,0.1687,-1
KHAPRETA_510206,312119.860,2624297.200,129.9400,0.1220,2.4800,0.1585,-1
KHAPRETA_510206,312122.860,2624297.200,129.5200,0.3081,2.9000,0.1853,-1
KHAPRETA_510206,312123.860,2624297.200,129.1600,0.1281,3.2600,0.2083,-1
KHAPRETA_510206,312126.860,2624297.200,129.5900,0.0000,2.8300,0.1808,-1
KHAPRETA_510206,312129.860,2624297.200,129.7600,0.0000,2.6600,0.1700,-1
KHAPRETA_510206,312133.860,2624297.200,130.4700,0.3069,1.9500,0.1246,-1
KHAPRETA_510206,312135.860,2624297.200,130.3900,0.0000,2.0300,0.1297,-1
KHAPRETA_510206,312139.860,2624297.200,129.0100,0.4131,3.4100,0.2179,-1
KHAPRETA_510206,312140.860,2624297.200,128.9500,0.3831,3.4700,0.2217,-1
KHAPRETA_510206,312160.860,2624297.200,129.1700,0.2981,3.2500,0.2077,-1
KHAPRETA_510206,312168.860,2624297.200,129.2600,0.0000,3.1600,0.2019,-1
KHAPRETA_510206,312176.860,2624297.200,129.3200,0.2181,3.1000,0.1981,-1
KHAPRETA_510206,312186.860,2624297.200,129.4300,0.1831,2.9900,0.1911,-1
KHAPRETA_510206,312187.860,2624297.200,129.4100,0.1740,3.0100,0.1923,-1
KHAPRETA_510206,312188.860,2624297.200,129.5200,0.2452,2.9000,0.1853,-1
KHAPRETA_510206,312198.860,2624297.200,129.7800,0.0000,2.6400,0.1687,-1
KHAPRETA_510206,312200.860,2624297.200,129.7800,0.0081,2.6400,0.1687,-1
KHAPRETA_510206,312202.860,2624297.200,129.8000,0.0000,2.6200,0.1674,-1
KHAPRETA_510206,312216.860,2624297.200,129.8800,0.0668,2.5400,0.1623,-1
KHAPRETA_510206,312217.860,2624297.200,129.8800,0.0847,2.5400,0.1623,-1
KHAPRETA_510206,312219.860,2624297.200,129.9000,0.0000,2.5200,0.1610,-1
KHAPRETA_510206,312226.860,2624297.200,129.9500,0.1019,2.4700,0.1578,-1
KHAPRETA_510206,312242.860,2624297.200,131.0600,0.8938,1.3600,0.0869,-1
KHAPRETA_510206,312243.860,2624297.200,131.0600,0.9221,1.3600,0.0869,-1
KHAPRETA_510206,312246.860,2624297.200,131.0700,0.6469,1.3500,0.0863,-1
KHAPRETA_510206,312250.860,2624297.200,131.1300,0.6769,1.2900,0.0824,-1
KHAPRETA_510206,312251.860,2624297.200,131.1300,0.9503,1.2900,0.0824,-1
KHAPRETA_510206,312253.860,2624297.200,131.0800,0.0000,1.3400,0.0856,-1
KHAPRETA_510206,312256.860,2624297.200,131.1700,0.0200,1.2500,0.0799,-1
KHAPRETA_510206,312266.860,2624297.200,131.1800,0.7069,1.2400,0.0792,-1
KHAPRETA_510206,312268.860,2624297.200,131.1800,0.7019,1.2400,0.0792,-1
KHAPRETA_510206,312270.860,2624297.200,131.0200,0.8899,1.4000,0.0895,-1
KHAPRETA_510206,312271.860,2624297.200,130.8700,0.5395,1.5500,0.0990,-1
KHAPRETA_510206,312272.860,2624297.200,130.8400,0.7664,1.5800,0.1010,-1
KHAPRETA_510206,312276.860,2624297.200,130.8100,0.5069,1.6100,0.1029,-1
KHAPRETA_510206,312277.860,2624297.200,130.7900,0.5169,1.6300,0.1042,-1
KHAPRETA_510206,312287.860,2624297.200,130.8300,0.0000,1.5900,0.1016,-1
KHAPRETA_510206,312291.860,2624297.200,130.8800,0.5469,1.5400,0.0984,-1
KHAPRETA_510206,312295.860,2624297.200,130.8700,0.5469,1.5500,0.0990,-1
KHAPRETA_510206,312296.860,2624297.200,130.8700,0.7878,1.5500,0.0990,-1
KHAPRETA_510206,312298.860,2624297.200,130.9300,0.0000,1.4900,0.0952,-1
KHAPRETA_510206,312302.860,2624297.200,130.9200,0.5619,1.5000,0.0958,-1
KHAPRETA_510206,312303.860,2624297.200,130.9000,0.5719,1.5200,0.0971,-1
KHAPRETA_510206,312305.860,2624297.200,130.9600,0.5869,1.4600,0.0933,-1
KHAPRETA_510206,312319.860,2624297.200,131.4100,0.0000,1.0100,0.0645,-1
KHAPRETA_510206,312322.860,2624297.200,131.7100,0.0000,0.7100,0.0454,-1
KHAPRETA_510206,312324.860,2624297.200,131.8200,0.0000,0.6000,0.0383,-1
KHAPRETA_510206,312326.860,2624297.200,131.7500,0.0000,0.6700,0.0428,-1
KHAPRETA_510206,312328.860,2624297.200,131.8200,0.9869,0.6000,0.0383,-1
KHAPRETA_510206,312330.860,2624297.200,131.8200,0.0000,0.6000,0.0383,-1
KHAPRETA_510206,312335.860,2624297.200,131.7700,0.9819,0.6500,0.0415,-1
KHAPRETA_510206,312336.860,2624297.200,131.7400,0.9969,0.6800,0.0435,-1
KHAPRETA_510206,312343.860,2624297.200,131.7100,0.9419,0.7100,0.0454,-1
KHAPRETA_510206,312348.860,2624297.200,131.5600,0.8819,0.8600,0.0550,-1
KHAPRETA_510206,312349.860,2624297.200,131.5400,0.8919,0.8800,0.0562,-1
KHAPRETA_510206,312352.860,2624297.200,131.4700,0.8469,0.9500,0.0607,-1
KHAPRETA_510206,311925.860,2624298.200,128.2700,0.0000,4.1500,0.2652,-1
KHAPRETA_510206,311930.860,2624298.200,128.2400,0.8281,4.1800,0.2671,-1
KHAPRETA_510206,311931.860,2624298.200,128.1200,0.7752,4.3000,0.2748,-1
KHAPRETA_510206,311936.860,2624298.200,128.2200,0.0000,4.2000,0.2684,-1
KHAPRETA_510206,311942.860,2624298.200,127.7600,0.0000,4.6600,0.2978,-1
KHAPRETA_510206,311944.860,2624298.200,127.9200,0.0000,4.5000,0.2875,-1
KHAPRETA_510206,311953.860,2624298.200,129.7900,0.0000,2.6300,0.1681,-1
KHAPRETA_510206,311955.860,2624298.200,129.5800,0.4381,2.8400,0.1815,-1
KHAPRETA_510206,311963.860,2624298.200,125.4600,0.0000,6.9600,0.4447,-1
KHAPRETA_510206,311970.860,2624298.200,125.0100,0.0000,7.4100,0.4735,-1
KHAPRETA_510206,311974.860,2624298.200,126.3800,0.0000,6.0400,0.3859,-1
KHAPRETA_510206,311978.860,2624298.200,127.4800,0.0000,4.9400,0.3157,-1
KHAPRETA_510206,311982.860,2624298.200,128.9500,1.1181,3.4700,0.2217,-1
KHAPRETA_510206,311986.860,2624298.200,126.9500,0.0000,5.4700,0.3495,-1
KHAPRETA_510206,311993.860,2624298.200,127.0400,1.5681,5.3800,0.3438,-1
KHAPRETA_510206,311995.860,2624298.200,127.1000,0.0000,5.3200,0.3399,-1
KHAPRETA_510206,311997.860,2624298.200,127.1800,1.7837,5.2400,0.3348,-1
KHAPRETA_510206,311998.860,2624298.200,127.4400,1.8252,4.9800,0.3182,-1
KHAPRETA_510206,312004.860,2624298.200,127.1200,0.0000,5.3000,0.3387,-1
KHAPRETA_510206,312006.860,2624298.200,127.2600,0.0750,5.1600,0.3297,-1
KHAPRETA_510206,312008.860,2624298.200,127.3300,0.0000,5.0900,0.3252,-1
KHAPRETA_510206,312011.860,2624298.200,127.4600,1.2881,4.9600,0.3169,-1
KHAPRETA_510206,312012.860,2624298.200,127.2000,0.1450,5.2200,0.3335,-1
KHAPRETA_510206,312013.860,2624298.200,127.1700,1.8609,5.2500,0.3355,-1
KHAPRETA_510206,312015.860,2624298.200,127.1700,0.0000,5.2500,0.3355,-1
KHAPRETA_510206,312021.860,2624298.200,127.0800,1.3131,5.3400,0.3412,-1
KHAPRETA_510206,312022.860,2624298.200,127.1500,1.9029,5.2700,0.3367,-1
KHAPRETA_510206,312028.860,2624298.200,127.2600,0.0000,5.1600,0.3297,-1
KHAPRETA_510206,312031.860,2624298.200,127.2700,1.2581,5.1500,0.3291,-1
KHAPRETA_510206,312036.860,2624298.200,127.2400,1.8154,5.1800,0.3310,-1
KHAPRETA_510206,312037.860,2624298.200,127.2900,0.0300,5.1300,0.3278,-1
KHAPRETA_510206,312038.860,2624298.200,127.1800,1.2431,5.2400,0.3348,-1
KHAPRETA_510206,312041.860,2624298.200,127.1400,0.0000,5.2800,0.3374,-1
KHAPRETA_510206,312043.860,2624298.200,127.2500,0.0000,5.1700,0.3304,-1
KHAPRETA_510206,312048.860,2624298.200,127.2200,1.8146,5.2000,0.3323,-1
KHAPRETA_510206,312049.860,2624298.200,127.2300,1.2781,5.1900,0.3316,-1
KHAPRETA_510206,312050.860,2624298.200,127.2400,1.8039,5.1800,0.3310,-1
KHAPRETA_510206,312054.860,2624298.200,127.3400,1.2331,5.0800,0.3246,-1
KHAPRETA_510206,312060.860,2624298.200,127.4300,1.1581,4.9900,0.3188,-1
KHAPRETA_510206,312068.860,2624298.200,127.5800,1.0981,4.8400,0.3093,-1
KHAPRETA_510206,312072.860,2624298.200,127.7500,0.0000,4.6700,0.2984,-1
KHAPRETA_510206,312080.860,2624298.200,127.9900,0.0000,4.4300,0.2831,-1
KHAPRETA_510206,312084.860,2624298.200,127.9000,0.9381,4.5200,0.2888,-1
KHAPRETA_510206,312088.860,2624298.200,127.9600,0.0000,4.4600,0.2850,-1
KHAPRETA_510206,312090.860,2624298.200,128.0100,0.0000,4.4100,0.2818,-1
KHAPRETA_510206,312105.860,2624298.200,128.6700,0.0800,3.7500,0.2396,-1
KHAPRETA_510206,312107.860,2624298.200,128.6000,0.6581,3.8200,0.2441,-1
KHAPRETA_510206,312108.860,2624298.200,128.4600,0.8641,3.9600,0.2530,-1
KHAPRETA_510206,312112.860,2624298.200,129.4800,0.1381,2.9400,0.1879,-1
KHAPRETA_510206,312113.860,2624298.200,129.5000,0.3239,2.9200,0.1866,-1
KHAPRETA_510206,312115.860,2624298.200,129.4100,0.0000,3.0100,0.1923,-1
KHAPRETA_510206,312117.860,2624298.200,129.6600,0.0281,2.7600,0.1764,-1
KHAPRETA_510206,312119.860,2624298.200,130.0200,0.0819,2.4000,0.1534,-1
KHAPRETA_510206,312134.860,2624298.200,130.4800,0.0000,1.9400,0.1240,-1
KHAPRETA_510206,312136.860,2624298.200,130.1900,0.0781,2.2300,0.1425,-1
KHAPRETA_510206,312137.860,2624298.200,129.6200,0.5250,2.8000,0.1789,-1
KHAPRETA_510206,312138.860,2624298.200,129.1400,0.0781,3.2800,0.2096,-1
KHAPRETA_510206,312143.860,2624298.200,129.0000,0.0000,3.4200,0.2185,-1
KHAPRETA_510206,312151.860,2624298.200,129.1000,0.0000,3.3200,0.2121,-1
KHAPRETA_510206,312160.860,2624298.200,129.1800,0.4286,3.2400,0.2070,-1
KHAPRETA_510206,312161.860,2624298.200,129.1700,0.2932,3.2500,0.2077,-1
KHAPRETA_510206,312162.860,2624298.200,129.2000,0.0200,3.2200,0.2058,-1
KHAPRETA_510206,312163.860,2624298.200,129.2100,0.2881,3.2100,0.2051,-1
KHAPRETA_510206,312166.860,2624298.200,129.2300,0.0000,3.1900,0.2038,-1
KHAPRETA_510206,312171.860,2624298.200,129.2700,0.2431,3.1500,0.2013,-1
KHAPRETA_510206,312172.860,2624298.200,129.2900,0.2531,3.1300,0.2000,-1
KHAPRETA_510206,312182.860,2624298.200,129.3500,0.0000,3.0700,0.1962,-1
KHAPRETA_510206,312185.860,2624298.200,129.4200,0.0000,3.0000,0.1917,-1
KHAPRETA_510206,312187.860,2624298.200,129.4400,0.2452,2.9800,0.1904,-1
KHAPRETA_510206,312188.860,2624298.200,129.4500,0.1656,2.9700,0.1898,-1
KHAPRETA_510206,312189.860,2624298.200,129.6500,0.2203,2.7700,0.1770,-1
KHAPRETA_510206,312195.860,2624298.200,129.7500,0.0031,2.6700,0.1706,-1
KHAPRETA_510206,312196.860,2624298.200,129.7700,0.0131,2.6500,0.1693,-1
KHAPRETA_510206,312203.860,2624298.200,129.8200,0.0000,2.6000,0.1661,-1
KHAPRETA_510206,312207.860,2624298.200,129.8300,0.0219,2.5900,0.1655,-1
KHAPRETA_510206,312209.860,2624298.200,129.8500,0.0000,2.5700,0.1642,-1
KHAPRETA_510206,312216.860,2624298.200,129.8600,0.0847,2.5600,0.1636,-1
KHAPRETA_510206,312217.860,2624298.200,129.9100,0.0422,2.5100,0.1604,-1
KHAPRETA_510206,312229.860,2624298.200,129.9700,0.0000,2.4500,0.1565,-1
KHAPRETA_510206,312233.860,2624298.200,130.0800,0.0000,2.3400,0.1495,-1
KHAPRETA_510206,312243.860,2624298.200,131.1000,0.9114,1.3200,0.0843,-1
KHAPRETA_510206,312244.860,2624298.200,131.0700,0.6619,1.3500,0.0863,-1
KHAPRETA_510206,312251.860,2624298.200,131.1100,0.9503,1.3100,0.0837,-1
KHAPRETA_510206,312252.860,2624298.200,131.1100,0.6669,1.3100,0.0837,-1
KHAPRETA_510206,312256.860,2624298.200,131.0900,0.6969,1.3300,0.0850,-1
KHAPRETA_510206,312259.860,2624298.200,131.2200,0.0000,1.2000,0.0767,-1
KHAPRETA_510206,312261.860,2624298.200,131.1600,0.6769,1.2600,0.0805,-1
KHAPRETA_510206,312267.860,2624298.200,131.2300,0.0000,1.1900,0.0760,-1
KHAPRETA_510206,312270.860,2624298.200,131.1800,0.0150,1.2400,0.0792,-1
KHAPRETA_510206,312272.860,2624298.200,130.8500,0.7348,1.5700,0.1003,-1
KHAPRETA_510206,312273.860,2624298.200,130.7900,0.0350,1.6300,0.1042,-1
KHAPRETA_510206,312274.860,2624298.200,130.7800,0.7169,1.6400,0.1048,-1
KHAPRETA_510206,312290.860,2624298.200,130.8500,0.0000,1.5700,0.1003,-1
KHAPRETA_510206,312292.860,2624298.200,130.8800,0.0000,1.5400,0.0984,-1
KHAPRETA_510206,312305.860,2624298.200,130.9500,0.0150,1.4700,0.0939,-1
KHAPRETA_510206,312313.860,2624298.200,131.4500,0.0000,0.9700,0.0620,-1
KHAPRETA_510206,312316.860,2624298.200,131.5800,0.9019,0.8400,0.0537,-1
KHAPRETA_510206,312318.860,2624298.200,131.3400,0.0000,1.0800,0.0690,-1
KHAPRETA_510206,312320.860,2624298.200,131.4500,0.0000,0.9700,0.0620,-1
KHAPRETA_510206,312331.860,2624298.200,131.7800,1.0019,0.6400,0.0409,-1
KHAPRETA_510206,312334.860,2624298.200,131.7000,0.0000,0.7200,0.0460,-1
KHAPRETA_510206,312338.860,2624298.200,131.8300,0.9669,0.5900,0.0377,-1
KHAPRETA_510206,312339.860,2624298.200,131.7100,1.0269,0.7100,0.0454,-1
KHAPRETA_510206,312343.860,2624298.200,131.6600,0.9669,0.7600,0.0486,-1
KHAPRETA_510206,311923.860,2624299.200,128.1700,0.0000,4.2500,0.2716,-1
KHAPRETA_510206,311928.860,2624299.200,128.2000,0.8131,4.2200,0.2696,-1
KHAPRETA_510206,311931.860,2624299.200,128.2500,0.8281,4.1700,0.2665,-1
KHAPRETA_510206,311943.860,2624299.200,127.4500,0.0000,4.9700,0.3176,-1
KHAPRETA_510206,311955.860,2624299.200,128.9000,0.0981,3.5200,0.2249,-1
KHAPRETA_510206,311960.860,2624299.200,131.8700,0.0000,0.5500,0.0351,-1
KHAPRETA_510206,311968.860,2624299.200,124.5600,0.0000,7.8600,0.5022,-1
KHAPRETA_510206,311971.860,2624299.200,125.1400,0.0000,7.2800,0.4652,-1
KHAPRETA_510206,311979.860,2624299.200,127.1700,1.1131,5.2500,0.3355,-1
KHAPRETA_510206,311983.860,2624299.200,126.9900,0.0000,5.4300,0.3470,-1
KHAPRETA_510206,311989.860,2624299.200,126.5600,1.2381,5.8600,0.3744,-1
KHAPRETA_510206,311990.860,2624299.200,127.3000,0.4950,5.1200,0.3272,-1
KHAPRETA_510206,311991.860,2624299.200,127.5500,1.6884,4.8700,0.3112,-1
KHAPRETA_510206,311994.860,2624299.200,127.0900,1.0981,5.3300,0.3406,-1
KHAPRETA_510206,311997.860,2624299.200,127.0800,1.8252,5.3400,0.3412,-1
KHAPRETA_510206,311998.860,2624299.200,127.2100,1.3521,5.2100,0.3329,-1
KHAPRETA_510206,312005.860,2624299.200,127.1800,1.2381,5.2400,0.3348,-1
KHAPRETA_510206,312006.860,2624299.200,127.3000,1.2807,5.1200,0.3272,-1
KHAPRETA_510206,312007.860,2624299.200,127.6600,1.8266,4.7600,0.3042,-1
KHAPRETA_510206,312010.860,2624299.200,127.1000,0.0000,5.3200,0.3399,-1
KHAPRETA_510206,312013.860,2624299.200,127.0900,1.3031,5.3300,0.3406,-1
KHAPRETA_510206,312017.860,2624299.200,127.1000,1.0981,5.3200,0.3399,-1
KHAPRETA_510206,312020.860,2624299.200,127.3300,1.3231,5.0900,0.3252,-1
KHAPRETA_510206,312023.860,2624299.200,127.1900,0.0000,5.2300,0.3342,-1
KHAPRETA_510206,312030.860,2624299.200,127.1500,0.0000,5.2700,0.3367,-1
KHAPRETA_510206,312033.860,2624299.200,127.1500,0.0000,5.2700,0.3367,-1
KHAPRETA_510206,312036.860,2624299.200,127.1300,1.2681,5.2900,0.3380,-1
KHAPRETA_510206,312040.860,2624299.200,127.2100,0.0000,5.2100,0.3329,-1
KHAPRETA_510206,312042.860,2624299.200,127.3900,0.0000,5.0300,0.3214,-1
KHAPRETA_510206,312044.860,2624299.200,127.3300,1.3181,5.0900,0.3252,-1
KHAPRETA_510206,312045.860,2624299.200,127.1400,1.0630,5.2800,0.3374,-1
KHAPRETA_510206,312046.860,2624299.200,127.6200,1.8394,4.8000,0.3067,-1
KHAPRETA_510206,312052.860,2624299.200,127.3400,0.0000,5.0800,0.3246,-1
KHAPRETA_510206,312055.860,2624299.200,127.3500,0.0000,5.0700,0.3240,-1
KHAPRETA_510206,312060.860,2624299.200,127.4600,1.1731,4.9600,0.3169,-1
KHAPRETA_510206,312063.860,2624299.200,127.5300,1.1281,4.8900,0.3125,-1
KHAPRETA_510206,312066.860,2624299.200,127.5500,1.0981,4.8700,0.3112,-1
KHAPRETA_510206,312068.860,2624299.200,127.5800,1.5458,4.8400,0.3093,-1
KHAPRETA_510206,312069.860,2624299.200,127.6000,1.0981,4.8200,0.3080,-1
KHAPRETA_510206,312073.860,2624299.200,127.8900,0.0000,4.5300,0.2895,-1
KHAPRETA_510206,312079.860,2624299.200,128.0300,0.8531,4.3900,0.2805,-1
KHAPRETA_510206,312092.860,2624299.200,127.7900,0.0000,4.6300,0.2958,-1
KHAPRETA_510206,312104.860,2624299.200,128.6500,0.5981,3.7700,0.2409,-1
KHAPRETA_510206,312105.860,2624299.200,128.5800,0.6357,3.8400,0.2454,-1
KHAPRETA_510206,312111.860,2624299.200,129.3000,0.1331,3.1200,0.1994,-1
KHAPRETA_510206,312116.860,2624299.200,130.1900,0.0281,2.2300,0.1425,-1
KHAPRETA_510206,312117.860,2624299.200,129.7200,0.2118,2.7000,0.1725,-1
KHAPRETA_510206,312121.860,2624299.200,130.1300,0.1619,2.2900,0.1463,-1
KHAPRETA_510206,312122.860,2624299.200,130.1000,0.1769,2.3200,0.1482,-1
KHAPRETA_510206,312127.860,2624299.200,129.7800,0.0000,2.6400,0.1687,-1
KHAPRETA_510206,312132.860,2624299.200,130.2900,0.3515,2.1300,0.1361,-1
KHAPRETA_510206,312133.860,2624299.200,130.4100,0.2569,2.0100,0.1284,-1
KHAPRETA_510206,312142.860,2624299.200,128.9600,0.3881,3.4600,0.2211,-1
KHAPRETA_510206,312155.860,2624299.200,129.1000,0.0000,3.3200,0.2121,-1
KHAPRETA_510206,312158.860,2624299.200,129.1400,0.0000,3.2800,0.2096,-1
KHAPRETA_510206,312161.860,2624299.200,129.1900,0.3031,3.2300,0.2064,-1
KHAPRETA_510206,312189.860,2624299.200,129.4800,0.0631,2.9400,0.1879,-1
KHAPRETA_510206,312199.860,2624299.200,129.7800,0.0169,2.6400,0.1687,-1
KHAPRETA_510206,312201.860,2624299.200,129.8200,0.0000,2.6000,0.1661,-1
KHAPRETA_510206,312205.860,2624299.200,129.8200,0.0000,2.6000,0.1661,-1
KHAPRETA_510206,312207.860,2624299.200,129.8200,0.0269,2.6000,0.1661,-1
KHAPRETA_510206,312210.860,2624299.200,129.8500,0.0419,2.5700,0.1642,-1
KHAPRETA_510206,312217.860,2624299.200,129.8900,0.0669,2.5300,0.1617,-1
KHAPRETA_510206,312226.860,2624299.200,129.9700,0.0000,2.4500,0.1565,-1
KHAPRETA_510206,312232.860,2624299.200,129.9800,0.0000,2.4400,0.1559,-1
KHAPRETA_510206,312235.860,2624299.200,130.4800,0.0000,1.9400,0.1240,-1
KHAPRETA_510206,312237.860,2624299.200,130.5000,0.4369,1.9200,0.1227,-1
KHAPRETA_510206,312239.860,2624299.200,130.5700,0.0000,1.8500,0.1182,-1
KHAPRETA_510206,312246.860,2624299.200,131.0700,0.0000,1.3500,0.0863,-1
KHAPRETA_510206,312250.860,2624299.200,131.1300,0.7069,1.2900,0.0824,-1
KHAPRETA_510206,312253.860,2624299.200,131.1600,0.6919,1.2600,0.0805,-1
KHAPRETA_510206,312261.860,2624299.200,131.1300,0.6919,1.2900,0.0824,-1
KHAPRETA_510206,312263.860,2624299.200,131.1600,0.6919,1.2600,0.0805,-1
KHAPRETA_510206,312266.860,2624299.200,131.1900,0.0000,1.2300,0.0786,-1
KHAPRETA_510206,312270.860,2624299.200,131.0500,0.8629,1.3700,0.0875,-1
KHAPRETA_510206,312271.860,2624299.200,130.7800,0.6369,1.6400,0.1048,-1
KHAPRETA_510206,312274.860,2624299.200,130.7900,0.7134,1.6300,0.1042,-1
KHAPRETA_510206,312275.860,2624299.200,130.7900,0.5069,1.6300,0.1042,-1
KHAPRETA_510206,312277.860,2624299.200,130.8400,0.7311,1.5800,0.1010,-1
KHAPRETA_510206,312278.860,2624299.200,130.8100,0.7487,1.6100,0.1029,-1
KHAPRETA_510206,312284.860,2624299.200,130.8500,0.7629,1.5700,0.1003,-1
KHAPRETA_510206,312285.860,2624299.200,130.8600,0.0050,1.5600,0.0997,-1
KHAPRETA_510206,312286.860,2624299.200,130.8400,0.5419,1.5800,0.1010,-1
KHAPRETA_510206,312288.860,2624299.200,130.8500,0.5419,1.5700,0.1003,-1
KHAPRETA_510206,312293.860,2624299.200,130.8800,0.7770,1.5400,0.0984,-1
KHAPRETA_510206,312294.860,2624299.200,130.8800,0.5519,1.5400,0.0984,-1
KHAPRETA_510206,312297.860,2624299.200,130.9000,0.5819,1.5200,0.0971,-1
KHAPRETA_510206,312298.860,2624299.200,130.9400,0.5619,1.4800,0.0946,-1
KHAPRETA_510206,312300.860,2624299.200,130.9200,0.0000,1.5000,0.0958,-1
KHAPRETA_510206,312302.860,2624299.200,130.9100,0.5719,1.5100,0.0965,-1
KHAPRETA_510206,312304.860,2624299.200,130.9700,0.6069,1.4500,0.0927,-1
KHAPRETA_510206,312305.860,2624299.200,130.9900,0.8372,1.4300,0.0914,-1
KHAPRETA_510206,312314.860,2624299.200,131.4000,0.0000,1.0200,0.0652,-1
KHAPRETA_510206,312316.860,2624299.200,131.5800,0.9019,0.8400,0.0537,-1
KHAPRETA_510206,312327.860,2624299.200,131.7300,0.0000,0.6900,0.0441,-1
KHAPRETA_510206,312329.860,2624299.200,131.6200,0.0000,0.8000,0.0511,-1
KHAPRETA_510206,312331.860,2624299.200,131.7800,1.4240,0.6400,0.0409,-1
KHAPRETA_510206,312332.860,2624299.200,131.8000,1.3890,0.6200,0.0396,-1
KHAPRETA_510206,312337.860,2624299.200,131.6300,0.0000,0.7900,0.0505,-1
KHAPRETA_510206,312340.860,2624299.200,131.7700,1.0269,0.6500,0.0415,-1
KHAPRETA_510206,312341.860,2624299.200,131.8300,0.9969,0.5900,0.0377,-1
KHAPRETA_510206,312345.860,2624299.200,131.5500,0.0000,0.8700,0.0556,-1
KHAPRETA_510206,311922.860,2624300.200,128.1500,0.0000,4.2700,0.2728,-1
KHAPRETA_510206,311928.860,2624300.200,128.1500,0.0300,4.2700,0.2728,-1
KHAPRETA_510206,311936.860,2624300.200,128.1500,0.0000,4.2700,0.2728,-1
KHAPRETA_510206,311944.860,2624300.200,127.6000,1.0081,4.8200,0.3080,-1
KHAPRETA_510206,311952.860,2624300.200,130.9400,0.0000,1.4800,0.0946,-1
KHAPRETA_510206,311979.860,2624300.200,127.5500,1.3031,4.8700,0.3112,-1
KHAPRETA_510206,311982.860,2624300.200,128.1400,1.3881,4.2800,0.2735,-1
KHAPRETA_510206,311987.860,2624300.200,126.5900,0.0000,5.8300,0.3725,-1
KHAPRETA_510206,311991.860,2624300.200,127.4800,0.1450,4.9400,0.3157,-1
KHAPRETA_510206,311993.860,2624300.200,127.4400,1.6362,4.9800,0.3182,-1
KHAPRETA_510206,311994.860,2624300.200,127.5800,1.3571,4.8400,0.3093,-1
KHAPRETA_510206,311995.860,2624300.200,127.0500,0.2350,5.3700,0.3431,-1
KHAPRETA_510206,311996.860,2624300.200,127.1100,1.9419,5.3100,0.3393,-1
KHAPRETA_510206,311998.860,2624300.200,127.2300,1.2831,5.1900,0.3316,-1
KHAPRETA_510206,312000.860,2624300.200,127.1600,1.8555,5.2600,0.3361,-1
KHAPRETA_510206,312001.860,2624300.200,127.0300,1.3081,5.3900,0.3444,-1
KHAPRETA_510206,312007.860,2624300.200,127.0900,1.2347,5.3300,0.3406,-1
KHAPRETA_510206,312008.860,2624300.200,127.3600,1.3431,5.0600,0.3233,-1
KHAPRETA_510206,312015.860,2624300.200,127.1300,0.0000,5.2900,0.3380,-1
KHAPRETA_510206,312017.860,2624300.200,127.5800,1.3381,4.8400,0.3093,-1
KHAPRETA_510206,312019.860,2624300.200,127.1400,1.8292,5.2800,0.3374,-1
KHAPRETA_510206,312020.860,2624300.200,127.1300,1.7981,5.2900,0.3380,-1
KHAPRETA_510206,312024.860,2624300.200,127.2200,0.0000,5.2000,0.3323,-1
KHAPRETA_510206,312027.860,2624300.200,127.1800,0.0000,5.2400,0.3348,-1
KHAPRETA_510206,312031.860,2624300.200,127.3700,0.0000,5.0500,0.3227,-1
KHAPRETA_510206,312035.860,2624300.200,127.4400,0.0000,4.9800,0.3182,-1
KHAPRETA_510206,312038.860,2624300.200,127.2700,1.2231,5.1500,0.3291,-1
KHAPRETA_510206,312045.860,2624300.200,127.6700,1.8394,4.7500,0.3035,-1
KHAPRETA_510206,312046.860,2624300.200,127.2100,1.5070,5.2100,0.3329,-1
KHAPRETA_510206,312048.860,2624300.200,127.3000,0.0000,5.1200,0.3272,-1
KHAPRETA_510206,312051.860,2624300.200,127.3400,0.0000,5.0800,0.3246,-1
KHAPRETA_510206,312053.860,2624300.200,127.3700,1.2031,5.0500,0.3227,-1
KHAPRETA_510206,312054.860,2624300.200,127.3700,1.2031,5.0500,0.3227,-1
KHAPRETA_510206,312057.860,2624300.200,127.4200,0.0000,5.0000,0.3195,-1
KHAPRETA_510206,312063.860,2624300.200,127.5200,1.1231,4.9000,0.3131,-1
KHAPRETA_510206,312065.860,2624300.200,127.5500,1.0981,4.8700,0.3112,-1
KHAPRETA_510206,312066.860,2624300.200,127.5800,1.5741,4.8400,0.3093,-1
KHAPRETA_510206,312075.860,2624300.200,127.9900,0.0000,4.4300,0.2831,-1
KHAPRETA_510206,312079.860,2624300.200,128.0700,0.8731,4.3500,0.2780,-1
KHAPRETA_510206,312083.860,2624300.200,128.0600,0.0000,4.3600,0.2786,-1
KHAPRETA_510206,312086.860,2624300.200,128.0700,0.0000,4.3500,0.2780,-1
KHAPRETA_510206,312093.860,2624300.200,127.8700,1.3584,4.5500,0.2907,-1
KHAPRETA_510206,312094.860,2624300.200,127.8500,0.0000,4.5700,0.2920,-1
KHAPRETA_510206,312095.860,2624300.200,127.8700,0.0300,4.5500,0.2907,-1
KHAPRETA_510206,312096.860,2624300.200,127.9100,0.8860,4.5100,0.2882,-1
KHAPRETA_510206,312097.860,2624300.200,128.5000,0.8172,3.9200,0.2505,-1
KHAPRETA_510206,312098.860,2624300.200,128.5900,0.9569,3.8300,0.2447,-1
KHAPRETA_510206,312101.860,2624300.200,128.7200,0.8377,3.7000,0.2364,-1
KHAPRETA_510206,312102.860,2624300.200,128.8500,0.5281,3.5700,0.2281,-1
KHAPRETA_510206,312105.860,2624300.200,129.2600,0.3100,3.1600,0.2019,-1
KHAPRETA_510206,312107.860,2624300.200,128.4500,0.0000,3.9700,0.2537,-1
KHAPRETA_510206,312111.860,2624300.200,129.5100,0.0050,2.9100,0.1859,-1
KHAPRETA_510206,312113.860,2624300.200,129.4900,0.0000,2.9300,0.1872,-1
KHAPRETA_510206,312117.860,2624300.200,129.7500,0.0281,2.6700,0.1706,-1
KHAPRETA_510206,312120.860,2624300.200,130.0100,0.1019,2.4100,0.1540,-1
KHAPRETA_510206,312123.860,2624300.200,129.1900,0.0000,3.2300,0.2064,-1
KHAPRETA_510206,312125.860,2624300.200,129.8600,0.1045,2.5600,0.1636,-1
KHAPRETA_510206,312126.860,2624300.200,129.9500,0.0419,2.4700,0.1578,-1
KHAPRETA_510206,312129.860,2624300.200,129.6300,0.0000,2.7900,0.1783,-1
KHAPRETA_510206,312132.860,2624300.200,130.0800,0.2569,2.3400,0.1495,-1
KHAPRETA_510206,312137.860,2624300.200,130.3300,0.0000,2.0900,0.1335,-1
KHAPRETA_510206,312139.860,2624300.200,129.5900,0.0000,2.8300,0.1808,-1
KHAPRETA_510206,312142.860,2624300.200,129.0000,0.5701,3.4200,0.2185,-1
KHAPRETA_510206,312143.860,2624300.200,128.9800,0.3881,3.4400,0.2198,-1
KHAPRETA_510206,312151.860,2624300.200,129.0900,0.4640,3.3300,0.2128,-1
KHAPRETA_510206,312152.860,2624300.200,129.1200,0.0150,3.3000,0.2109,-1
KHAPRETA_510206,312153.860,2624300.200,129.1200,0.3281,3.3000,0.2109,-1
KHAPRETA_510206,312154.860,2624300.200,129.1100,0.4604,3.3100,0.2115,-1
KHAPRETA_510206,312166.860,2624300.200,129.2600,0.0000,3.1600,0.2019,-1
KHAPRETA_510206,312174.860,2624300.200,129.3200,0.0000,3.1000,0.1981,-1
KHAPRETA_510206,312176.860,2624300.200,129.3000,0.2231,3.1200,0.1994,-1
KHAPRETA_510206,312180.860,2624300.200,129.3400,0.2181,3.0800,0.1968,-1
KHAPRETA_510206,312190.860,2624300.200,129.6900,0.0000,2.7300,0.1744,-1
KHAPRETA_510206,312199.860,2624300.200,129.8100,0.0072,2.6100,0.1668,-1
KHAPRETA_510206,312200.860,2624300.200,129.7900,0.0169,2.6300,0.1681,-1
KHAPRETA_510206,312202.860,2624300.200,129.8100,0.0000,2.6100,0.1668,-1
KHAPRETA_510206,312206.860,2624300.200,129.8100,0.0000,2.6100,0.1668,-1
KHAPRETA_510206,312209.860,2624300.200,129.8400,0.0419,2.5800,0.1649,-1
KHAPRETA_510206,312210.860,2624300.200,129.8600,0.0383,2.5600,0.1636,-1
KHAPRETA_510206,312211.860,2624300.200,129.8600,0.0419,2.5600,0.1636,-1
KHAPRETA_510206,312216.860,2624300.200,129.8900,0.0000,2.5300,0.1617,-1
KHAPRETA_510206,312218.860,2624300.200,129.9000,0.0769,2.5200,0.1610,-1
KHAPRETA_510206,312219.860,2624300.200,129.9300,0.1067,2.4900,0.1591,-1
KHAPRETA_510206,312224.860,2624300.200,129.9500,0.0000,2.4700,0.1578,-1
KHAPRETA_510206,312229.860,2624300.200,129.9900,0.3069,2.4300,0.1553,-1
KHAPRETA_510206,312237.860,2624300.200,130.6500,0.3729,1.7700,0.1131,-1
KHAPRETA_510206,312238.860,2624300.200,130.4400,0.4369,1.9800,0.1265,-1
KHAPRETA_510206,312242.860,2624300.200,131.0600,0.6519,1.3600,0.0869,-1
KHAPRETA_510206,312243.860,2624300.200,131.0800,0.6419,1.3400,0.0856,-1
KHAPRETA_510206,312250.860,2624300.200,131.1900,0.6769,1.2300,0.0786,-1
KHAPRETA_510206,312252.860,2624300.200,131.1500,0.6919,1.2700,0.0812,-1
KHAPRETA_510206,312253.860,2624300.200,131.1600,0.9750,1.2600,0.0805,-1
KHAPRETA_510206,312256.860,2624300.200,131.1300,0.0000,1.2900,0.0824,-1
KHAPRETA_510206,312259.860,2624300.200,131.1200,0.4869,1.3000,0.0831,-1
KHAPRETA_510206,312263.860,2624300.200,131.1600,0.9928,1.2600,0.0805,-1
KHAPRETA_510206,312264.860,2624300.200,131.2000,0.6919,1.2200,0.0780,-1
KHAPRETA_510206,312267.860,2624300.200,131.2200,0.7219,1.2000,0.0767,-1
KHAPRETA_510206,312268.860,2624300.200,131.2200,0.0250,1.2000,0.0767,-1
KHAPRETA_510206,312269.860,2624300.200,131.1700,0.7219,1.2500,0.0799,-1
KHAPRETA_510206,312277.860,2624300.200,130.8100,0.7487,1.6100,0.1029,-1
KHAPRETA_510206,312278.860,2624300.200,130.8300,0.7311,1.5900,0.1016,-1
KHAPRETA_510206,312282.860,2624300.200,130.8200,0.0000,1.6000,0.1022,-1
KHAPRETA_510206,312284.860,2624300.200,130.8500,0.5369,1.5700,0.1003,-1
KHAPRETA_510206,312288.860,2624300.200,130.8600,0.5369,1.5600,0.0997,-1
KHAPRETA_510206,312293.860,2624300.200,130.8700,0.5519,1.5500,0.0990,-1
KHAPRETA_510206,312302.860,2624300.200,130.9200,0.0050,1.5000,0.0958,-1
KHAPRETA_510206,312309.860,2624300.200,131.0400,0.0000,1.3800,0.0882,-1
KHAPRETA_510206,312312.860,2624300.200,131.2600,0.8219,1.1600,0.0741,-1
KHAPRETA_510206,312313.860,2624300.200,131.4200,0.7419,1.0000,0.0639,-1
KHAPRETA_510206,312318.860,2624300.200,131.5300,0.0000,0.8900,0.0569,-1
KHAPRETA_510206,312323.860,2624300.200,131.8200,0.0000,0.6000,0.0383,-1
KHAPRETA_510206,312330.860,2624300.200,131.7100,0.0000,0.7100,0.0454,-1
KHAPRETA_510206,312332.860,2624300.200,131.7000,1.0119,0.7200,0.0460,-1
KHAPRETA_510206,312334.860,2624300.200,131.6400,0.9369,0.7800,0.0498,-1
KHAPRETA_510206,312347.860,2624300.200,131.6100,1.3077,0.8100,0.0518,-1
KHAPRETA_510206,312348.860,2624300.200,131.6700,0.9169,0.7500,0.0479,-1
KHAPRETA_510206,312351.860,2624300.200,131.6000,0.0000,0.8200,0.0524,-1
KHAPRETA_510206,312353.860,2624300.200,131.7900,0.0000,0.6300,0.0403,-1
KHAPRETA_510206,311928.860,2624301.200,128.1400,1.1605,4.2800,0.2735,-1
KHAPRETA_510206,311929.860,2624301.200,128.1200,0.8181,4.3000,0.2748,-1
KHAPRETA_510206,311932.860,2624301.200,128.1400,1.2030,4.2800,0.2735,-1
KHAPRETA_510206,311933.860,2624301.200,128.0500,0.0350,4.3700,0.2792,-1
KHAPRETA_510206,311934.860,2624301.200,128.2100,0.0400,4.2100,0.2690,-1
KHAPRETA_510206,311935.860,2624301.200,128.1300,0.7831,4.2900,0.2741,-1
KHAPRETA_510206,311937.860,2624301.200,128.1400,0.0000,4.2800,0.2735,-1
KHAPRETA_510206,311939.860,2624301.200,128.0800,1.3268,4.3400,0.2773,-1
KHAPRETA_510206,311940.860,2624301.200,127.8700,0.8481,4.5500,0.2907,-1
KHAPRETA_510206,311944.860,2624301.200,127.7600,1.4630,4.6600,0.2978,-1
KHAPRETA_510206,311945.860,2624301.200,127.8200,1.1135,4.6000,0.2939,-1
KHAPRETA_510206,311946.860,2624301.200,127.7000,1.4372,4.7200,0.3016,-1
KHAPRETA_510206,311964.860,2624301.200,124.7500,2.6481,7.6700,0.4901,-1
KHAPRETA_510206,311968.860,2624301.200,124.9600,0.0000,7.4600,0.4767,-1
KHAPRETA_510206,311973.860,2624301.200,125.5400,0.0000,6.8800,0.4396,-1
KHAPRETA_510206,311978.860,2624301.200,129.2900,1.1331,3.1300,0.2000,-1
KHAPRETA_510206,311981.860,2624301.200,129.0600,1.9951,3.3600,0.2147,-1
KHAPRETA_510206,311982.860,2624301.200,127.0000,0.5258,5.4200,0.3463,-1
KHAPRETA_510206,311988.860,2624301.200,126.8000,1.4981,5.6200,0.3591,-1
KHAPRETA_510206,311990.860,2624301.200,126.5500,1.2581,5.8700,0.3751,-1
KHAPRETA_510206,311991.860,2624301.200,127.2600,1.9799,5.1600,0.3297,-1
KHAPRETA_510206,311993.860,2624301.200,127.3500,1.1681,5.0700,0.3240,-1
KHAPRETA_510206,311996.860,2624301.200,127.0100,1.3331,5.4100,0.3457,-1
KHAPRETA_510206,312000.860,2624301.200,127.2800,1.3081,5.1400,0.3284,-1
KHAPRETA_510206,312005.860,2624301.200,127.0300,0.0000,5.3900,0.3444,-1
KHAPRETA_510206,312007.860,2624301.200,127.1500,1.3431,5.2700,0.3367,-1
KHAPRETA_510206,312009.860,2624301.200,127.0500,1.2031,5.3700,0.3431,-1
KHAPRETA_510206,312012.860,2624301.200,127.2400,0.0000,5.1800,0.3310,-1
KHAPRETA_510206,312014.860,2624301.200,127.2000,0.0000,5.2200,0.3335,-1
KHAPRETA_510206,312018.860,2624301.200,127.2800,1.2631,5.1400,0.3284,-1
KHAPRETA_510206,312019.860,2624301.200,127.2500,1.8152,5.1700,0.3304,-1
KHAPRETA_510206,312023.860,2624301.200,127.1600,0.0000,5.2600,0.3361,-1
KHAPRETA_510206,312030.860,2624301.200,127.2500,0.0000,5.1700,0.3304,-1
KHAPRETA_510206,312033.860,2624301.200,127.2500,0.0000,5.1700,0.3304,-1
KHAPRETA_510206,312036.860,2624301.200,127.2300,0.0000,5.1900,0.3316,-1
KHAPRETA_510206,312038.860,2624301.200,127.3300,1.7165,5.0900,0.3252,-1
KHAPRETA_510206,312039.860,2624301.200,127.4300,1.2231,4.9900,0.3188,-1
KHAPRETA_510206,312041.860,2624301.200,127.4900,1.1681,4.9300,0.3150,-1
KHAPRETA_510206,312042.860,2624301.200,127.4400,1.5109,4.9800,0.3182,-1
KHAPRETA_510206,312049.860,2624301.200,127.3200,1.2431,5.1000,0.3259,-1
KHAPRETA_510206,312050.860,2624301.200,127.2900,1.2281,5.1300,0.3278,-1
KHAPRETA_510206,312059.860,2624301.200,127.5200,1.1381,4.9000,0.3131,-1
KHAPRETA_510206,312068.860,2624301.200,127.6300,1.0681,4.7900,0.3061,-1
KHAPRETA_510206,312069.860,2624301.200,127.6400,1.5000,4.7800,0.3054,-1
KHAPRETA_510206,312072.860,2624301.200,127.6500,0.9581,4.7700,0.3048,-1
KHAPRETA_510206,312073.860,2624301.200,127.8600,1.0350,4.5600,0.2914,-1
KHAPRETA_510206,312074.860,2624301.200,127.8900,0.9581,4.5300,0.2895,-1
KHAPRETA_510206,312081.860,2624301.200,127.9600,0.8781,4.4600,0.2850,-1
KHAPRETA_510206,312082.860,2624301.200,128.0200,0.9081,4.4000,0.2811,-1
KHAPRETA_510206,312085.860,2624301.200,128.0800,0.0000,4.3400,0.2773,-1
KHAPRETA_510206,312091.860,2624301.200,127.8400,0.0000,4.5800,0.2927,-1
KHAPRETA_510206,312093.860,2624301.200,127.8600,0.9531,4.5600,0.2914,-1
KHAPRETA_510206,312096.860,2624301.200,128.1200,1.1928,4.3000,0.2748,-1
KHAPRETA_510206,312097.860,2624301.200,128.2900,0.1160,4.1300,0.2639,-1
KHAPRETA_510206,312098.860,2624301.200,128.3500,0.2124,4.0700,0.2601,-1
KHAPRETA_510206,312099.860,2624301.200,128.6700,0.8241,3.7500,0.2396,-1
KHAPRETA_510206,312101.860,2624301.200,128.3800,0.5281,4.0400,0.2581,-1
KHAPRETA_510206,312103.860,2624301.200,129.1400,0.4731,3.2800,0.2096,-1
KHAPRETA_510206,312104.860,2624301.200,128.8300,0.0300,3.5900,0.2294,-1
KHAPRETA_510206,312105.860,2624301.200,129.2000,0.5389,3.2200,0.2058,-1
KHAPRETA_510206,312111.860,2624301.200,129.3100,0.1100,3.1100,0.1987,-1
KHAPRETA_510206,312120.860,2624301.200,129.9800,0.1169,2.4400,0.1559,-1
KHAPRETA_510206,312125.860,2624301.200,129.6600,0.0419,2.7600,0.1764,-1
KHAPRETA_510206,312128.860,2624301.200,129.8200,0.0000,2.6000,0.1661,-1
KHAPRETA_510206,312140.860,2624301.200,129.0600,0.0000,3.3600,0.2147,-1
KHAPRETA_510206,312151.860,2624301.200,129.1200,0.0150,3.3000,0.2109,-1
KHAPRETA_510206,312153.860,2624301.200,129.1200,0.3232,3.3000,0.2109,-1
KHAPRETA_510206,312154.860,2624301.200,129.1300,0.3282,3.2900,0.2102,-1
KHAPRETA_510206,312176.860,2624301.200,129.3300,0.2381,3.0900,0.1974,-1
KHAPRETA_510206,312178.860,2624301.200,129.3200,0.2231,3.1000,0.1981,-1
KHAPRETA_510206,312179.860,2624301.200,129.3300,0.0100,3.0900,0.1974,-1
KHAPRETA_510206,312180.860,2624301.200,129.3400,0.2231,3.0800,0.1968,-1
KHAPRETA_510206,312183.860,2624301.200,129.3900,0.0000,3.0300,0.1936,-1
KHAPRETA_510206,312189.860,2624301.200,129.4500,0.0000,2.9700,0.1898,-1
KHAPRETA_510206,312194.860,2624301.200,129.7200,0.0000,2.7000,0.1725,-1
KHAPRETA_510206,312219.860,2624301.200,129.9500,0.1124,2.4700,0.1578,-1
KHAPRETA_510206,312220.860,2624301.200,129.9400,0.0869,2.4800,0.1585,-1
KHAPRETA_510206,312222.860,2624301.200,130.0000,0.1519,2.4200,0.1546,-1
KHAPRETA_510206,312225.860,2624301.200,130.1500,0.0000,2.2700,0.1450,-1
KHAPRETA_510206,312227.860,2624301.200,130.2300,0.3272,2.1900,0.1399,-1
KHAPRETA_510206,312228.860,2624301.200,130.1400,0.0800,2.2800,0.1457,-1
KHAPRETA_510206,312229.860,2624301.200,130.3900,0.2110,2.0300,0.1297,-1
KHAPRETA_510206,312235.860,2624301.200,130.4200,0.5533,2.0000,0.1278,-1
KHAPRETA_510206,312236.860,2624301.200,130.6900,0.4055,1.7300,0.1105,-1
KHAPRETA_510206,312237.860,2624301.200,130.8400,0.6322,1.5800,0.1010,-1
KHAPRETA_510206,312239.860,2624301.200,130.5900,0.0000,1.8300,0.1169,-1
KHAPRETA_510206,312241.860,2624301.200,130.9800,0.0000,1.4400,0.0920,-1
KHAPRETA_510206,312244.860,2624301.200,131.0100,0.0000,1.4100,0.0901,-1
KHAPRETA_510206,312251.860,2624301.200,131.2000,0.0000,1.2200,0.0780,-1
KHAPRETA_510206,312255.860,2624301.200,131.2100,0.0000,1.2100,0.0773,-1
KHAPRETA_510206,312258.860,2624301.200,131.1900,0.4869,1.2300,0.0786,-1
KHAPRETA_510206,312259.860,2624301.200,130.7500,0.7217,1.6700,0.1067,-1
KHAPRETA_510206,312262.860,2624301.200,131.1800,0.0000,1.2400,0.0792,-1
KHAPRETA_510206,312272.860,2624301.200,130.6900,0.0000,1.7300,0.1105,-1
KHAPRETA_510206,312285.860,2624301.200,130.8900,0.5469,1.5300,0.0978,-1
KHAPRETA_510206,312286.860,2624301.200,130.8700,0.0050,1.5500,0.0990,-1
KHAPRETA_510206,312287.860,2624301.200,130.8800,0.5469,1.5400,0.0984,-1
KHAPRETA_510206,312292.860,2624301.200,130.8900,0.0000,1.5300,0.0978,-1
KHAPRETA_510206,312294.860,2624301.200,130.8800,0.0000,1.5400,0.0984,-1
KHAPRETA_510206,312298.860,2624301.200,130.9400,0.5619,1.4800,0.0946,-1
KHAPRETA_510206,312301.860,2624301.200,130.9200,0.5619,1.5000,0.0958,-1
KHAPRETA_510206,312302.860,2624301.200,130.9000,0.8088,1.5200,0.0971,-1
KHAPRETA_510206,312306.860,2624301.200,130.9700,0.0000,1.4500,0.0927,-1
KHAPRETA_510206,312308.860,2624301.200,130.9800,0.0000,1.4400,0.0920,-1
KHAPRETA_510206,312311.860,2624301.200,131.0500,0.0000,1.3700,0.0875,-1
KHAPRETA_510206,312316.860,2624301.200,131.3600,0.0000,1.0600,0.0677,-1
KHAPRETA_510206,312322.860,2624301.200,131.3700,0.0000,1.0500,0.0671,-1
KHAPRETA_510206,312331.860,2624301.200,131.6400,0.0000,0.7800,0.0498,-1
KHAPRETA_510206,312334.860,2624301.200,131.6500,0.0450,0.7700,0.0492,-1
KHAPRETA_510206,312336.860,2624301.200,131.7200,0.0000,0.7000,0.0447,-1
KHAPRETA_510206,312342.860,2624301.200,131.8400,0.0000,0.5800,0.0371,-1
KHAPRETA_510206,312345.860,2624301.200,131.7500,1.2755,0.6700,0.0428,-1
KHAPRETA_510206,312346.860,2624301.200,131.5800,0.0850,0.8400,0.0537,-1
KHAPRETA_510206,312347.860,2624301.200,131.5800,0.9039,0.8400,0.0537,-1
KHAPRETA_510206,312350.860,2624301.200,131.4900,0.0000,0.9300,0.0594,-1
KHAPRETA_510206,312352.860,2624301.200,131.5800,0.0000,0.8400,0.0537,-1
KHAPRETA_510206,312356.860,2624301.200,132.0000,0.0000,0.4200,0.0268,-1
KHAPRETA_510206,311921.860,2624302.200,128.1000,0.0000,4.3200,0.2760,-1
KHAPRETA_510206,311932.860,2624302.200,128.1000,0.8181,4.3200,0.2760,-1
KHAPRETA_510206,311936.860,2624302.200,128.0600,0.0000,4.3600,0.2786,-1
KHAPRETA_510206,311938.860,2624302.200,128.0900,0.9231,4.3300,0.2767,-1
KHAPRETA_510206,311939.860,2624302.200,127.9300,1.1958,4.4900,0.2869,-1
KHAPRETA_510206,311942.860,2624302.200,127.7100,1.4319,4.7100,0.3010,-1
KHAPRETA_510206,311943.860,2624302.200,127.6300,1.0331,4.7900,0.3061,-1
KHAPRETA_510206,311945.860,2624302.200,127.5500,1.4372,4.8700,0.3112,-1
KHAPRETA_510206,311946.860,2624302.200,127.6700,1.5220,4.7500,0.3035,-1
KHAPRETA_510206,311960.860,2624302.200,131.5800,0.3669,0.8400,0.0537,-1
KHAPRETA_510206,311963.860,2624302.200,124.7800,3.5625,7.6400,0.4882,-1
KHAPRETA_510206,311964.860,2624302.200,124.4800,3.5434,7.9400,0.5073,-1
KHAPRETA_510206,311966.860,2624302.200,124.6800,2.5631,7.7400,0.4946,-1
KHAPRETA_510206,311978.860,2624302.200,127.5100,1.4306,4.9100,0.3137,-1
KHAPRETA_510206,311979.860,2624302.200,127.7700,0.0000,4.6500,0.2971,-1
KHAPRETA_510206,311980.860,2624302.200,127.5100,0.4300,4.9100,0.3137,-1
KHAPRETA_510206,311981.860,2624302.200,126.9100,0.3648,5.5100,0.3521,-1
KHAPRETA_510206,311982.860,2624302.200,127.3700,1.9951,5.0500,0.3227,-1
KHAPRETA_510206,311986.860,2624302.200,126.7800,0.0000,5.6400,0.3604,-1
KHAPRETA_510206,311988.860,2624302.200,126.7800,1.3489,5.6400,0.3604,-1
KHAPRETA_510206,311989.860,2624302.200,127.2400,2.0491,5.1800,0.3310,-1
KHAPRETA_510206,311995.860,2624302.200,127.0500,1.3481,5.3700,0.3431,-1
KHAPRETA_510206,312008.860,2624302.200,127.1800,1.7846,5.2400,0.3348,-1
KHAPRETA_510206,312009.860,2624302.200,127.3700,1.8823,5.0500,0.3227,-1
KHAPRETA_510206,312020.860,2624302.200,127.4900,1.2931,4.9300,0.3150,-1
KHAPRETA_510206,312021.860,2624302.200,127.1900,1.1431,5.2300,0.3342,-1
KHAPRETA_510206,312031.860,2624302.200,127.2800,0.0000,5.1400,0.3284,-1
KHAPRETA_510206,312037.860,2624302.200,127.7800,0.0000,4.6400,0.2965,-1
KHAPRETA_510206,312042.860,2624302.200,127.8000,1.1681,4.6200,0.2952,-1
KHAPRETA_510206,312046.860,2624302.200,127.1200,0.0000,5.3000,0.3387,-1
KHAPRETA_510206,312051.860,2624302.200,127.3300,0.0000,5.0900,0.3252,-1
KHAPRETA_510206,312058.860,2624302.200,127.4700,1.6201,4.9500,0.3163,-1
KHAPRETA_510206,312059.860,2624302.200,127.5000,1.6131,4.9200,0.3144,-1
KHAPRETA_510206,312061.860,2624302.200,127.5600,0.0000,4.8600,0.3105,-1
KHAPRETA_510206,312063.860,2624302.200,127.5600,0.0000,4.8600,0.3105,-1
KHAPRETA_510206,312066.860,2624302.200,127.6100,0.0000,4.8100,0.3073,-1
KHAPRETA_510206,312069.860,2624302.200,127.6800,1.0681,4.7400,0.3029,-1
KHAPRETA_510206,312071.860,2624302.200,127.6900,1.0431,4.7300,0.3022,-1
KHAPRETA_510206,312073.860,2624302.200,127.7200,0.9581,4.7000,0.3003,-1
KHAPRETA_510206,312075.860,2624302.200,128.0400,0.8131,4.3800,0.2799,-1
KHAPRETA_510206,312076.860,2624302.200,128.1500,0.8688,4.2700,0.2728,-1
KHAPRETA_510206,312077.860,2624302.200,128.1100,0.8131,4.3100,0.2754,-1
KHAPRETA_510206,312087.860,2624302.200,128.0500,0.0000,4.3700,0.2792,-1
KHAPRETA_510206,312094.860,2624302.200,128.3500,0.0000,4.0700,0.2601,-1
KHAPRETA_510206,312097.860,2624302.200,128.4700,0.8945,3.9500,0.2524,-1
KHAPRETA_510206,312098.860,2624302.200,128.7800,0.7524,3.6400,0.2326,-1
KHAPRETA_510206,312099.860,2624302.200,128.9500,0.7443,3.4700,0.2217,-1
KHAPRETA_510206,312106.860,2624302.200,129.3000,0.6627,3.1200,0.1994,-1
KHAPRETA_510206,312107.860,2624302.200,128.4600,0.1000,3.9600,0.2530,-1
KHAPRETA_510206,312108.860,2624302.200,129.1000,0.5500,3.3200,0.2121,-1
KHAPRETA_510206,312109.860,2624302.200,129.5600,0.3481,2.8600,0.1827,-1
KHAPRETA_510206,312111.860,2624302.200,129.7300,0.2586,2.6900,0.1719,-1
KHAPRETA_510206,312112.860,2624302.200,130.0000,0.0800,2.4200,0.1546,-1
KHAPRETA_510206,312113.860,2624302.200,129.8900,0.1119,2.5300,0.1617,-1
KHAPRETA_510206,312119.860,2624302.200,129.8000,0.0000,2.6200,0.1674,-1
KHAPRETA_510206,312124.860,2624302.200,129.9500,0.0000,2.4700,0.1578,-1
KHAPRETA_510206,312126.860,2624302.200,129.7300,0.1231,2.6900,0.1719,-1
KHAPRETA_510206,312127.860,2624302.200,129.5300,0.0231,2.8900,0.1847,-1
KHAPRETA_510206,312132.860,2624302.200,129.6100,0.0219,2.8100,0.1796,-1
KHAPRETA_510206,312135.860,2624302.200,130.3600,0.0000,2.0600,0.1316,-1
KHAPRETA_510206,312137.860,2624302.200,129.7600,0.0000,2.6600,0.1700,-1
KHAPRETA_510206,312147.860,2624302.200,129.0800,0.0000,3.3400,0.2134,-1
KHAPRETA_510206,312149.860,2624302.200,129.1100,0.0000,3.3100,0.2115,-1
KHAPRETA_510206,312151.860,2624302.200,129.1200,0.3131,3.3000,0.2109,-1
KHAPRETA_510206,312152.860,2624302.200,129.1500,0.0100,3.2700,0.2089,-1
KHAPRETA_510206,312153.860,2624302.200,129.1400,0.0180,3.2800,0.2096,-1
KHAPRETA_510206,312154.860,2624302.200,129.1300,0.4534,3.2900,0.2102,-1
KHAPRETA_510206,312157.860,2624302.200,129.1700,0.3231,3.2500,0.2077,-1
KHAPRETA_510206,312158.860,2624302.200,129.1300,0.3031,3.2900,0.2102,-1
KHAPRETA_510206,312163.860,2624302.200,129.2300,0.2731,3.1900,0.2038,-1
KHAPRETA_510206,312166.860,2624302.200,129.2600,0.0000,3.1600,0.2019,-1
KHAPRETA_510206,312170.860,2624302.200,129.2800,0.2281,3.1400,0.2006,-1
KHAPRETA_510206,312171.860,2624302.200,129.3200,0.2481,3.1000,0.1981,-1
KHAPRETA_510206,312174.860,2624302.200,129.3300,0.0000,3.0900,0.1974,-1
KHAPRETA_510206,312180.860,2624302.200,129.3500,0.2181,3.0700,0.1962,-1
KHAPRETA_510206,312184.860,2624302.200,129.3800,0.0000,3.0400,0.1942,-1
KHAPRETA_510206,312187.860,2624302.200,129.4400,0.0000,2.9800,0.1904,-1
KHAPRETA_510206,312207.860,2624302.200,129.8100,0.0000,2.6100,0.1668,-1
KHAPRETA_510206,312216.860,2624302.200,129.9300,0.0969,2.4900,0.1591,-1
KHAPRETA_510206,312217.860,2624302.200,129.9700,0.0769,2.4500,0.1565,-1
KHAPRETA_510206,312222.860,2624302.200,130.0800,0.1450,2.3400,0.1495,-1
KHAPRETA_510206,312224.860,2624302.200,130.2800,0.2469,2.1400,0.1367,-1
KHAPRETA_510206,312226.860,2624302.200,130.1900,0.2719,2.2300,0.1425,-1
KHAPRETA_510206,312227.860,2624302.200,130.3200,0.2155,2.1000,0.1342,-1
KHAPRETA_510206,312231.860,2624302.200,130.4200,0.3219,2.0000,0.1278,-1
KHAPRETA_510206,312233.860,2624302.200,130.3300,0.0000,2.0900,0.1335,-1
KHAPRETA_510206,312235.860,2624302.200,130.4000,0.4733,2.0200,0.1291,-1
KHAPRETA_510206,312236.860,2624302.200,130.4700,0.5533,1.9500,0.1246,-1
KHAPRETA_510206,312242.860,2624302.200,131.0800,0.6269,1.3400,0.0856,-1
KHAPRETA_510206,312243.860,2624302.200,131.0300,0.6519,1.3900,0.0888,-1
KHAPRETA_510206,312246.860,2624302.200,131.1100,0.6619,1.3100,0.0837,-1
KHAPRETA_510206,312249.860,2624302.200,131.1100,0.0000,1.3100,0.0837,-1
KHAPRETA_510206,312253.860,2624302.200,131.1100,0.0000,1.3100,0.0837,-1
KHAPRETA_510206,312259.860,2624302.200,130.8300,0.4869,1.5900,0.1016,-1
KHAPRETA_510206,312266.860,2624302.200,131.2000,0.7119,1.2200,0.0780,-1
KHAPRETA_510206,312275.860,2624302.200,130.8100,0.5119,1.6100,0.1029,-1
KHAPRETA_510206,312282.860,2624302.200,130.8400,0.5319,1.5800,0.1010,-1
KHAPRETA_510206,312290.860,2624302.200,130.8600,0.5619,1.5600,0.0997,-1
KHAPRETA_510206,312291.860,2624302.200,130.9000,0.5419,1.5200,0.0971,-1
KHAPRETA_510206,312298.860,2624302.200,130.9000,0.5819,1.5200,0.0971,-1
KHAPRETA_510206,312307.860,2624302.200,131.0300,0.0000,1.3900,0.0888,-1
KHAPRETA_510206,312314.860,2624302.200,131.3200,0.0000,1.1000,0.0703,-1
KHAPRETA_510206,312317.860,2624302.200,131.3600,0.8619,1.0600,0.0677,-1
KHAPRETA_510206,312318.860,2624302.200,131.5000,1.2040,0.9200,0.0588,-1
KHAPRETA_510206,312326.860,2624302.200,131.7300,1.0619,0.6900,0.0441,-1
KHAPRETA_510206,312327.860,2624302.200,131.9000,1.4503,0.5200,0.0332,-1
KHAPRETA_510206,312329.860,2624302.200,131.8000,0.0000,0.6200,0.0396,-1
KHAPRETA_510206,312334.860,2624302.200,131.7300,0.9278,0.6900,0.0441,-1
KHAPRETA_510206,312335.860,2624302.200,131.6300,0.9769,0.7900,0.0505,-1
KHAPRETA_510206,312339.860,2624302.200,131.6700,0.0000,0.7500,0.0479,-1
KHAPRETA_510206,312345.860,2624302.200,131.5800,0.9869,0.8400,0.0537,-1
KHAPRETA_510206,312347.860,2624302.200,131.4900,0.9019,0.9300,0.0594,-1
KHAPRETA_510206,312353.860,2624302.200,131.8800,1.0419,0.5400,0.0345,-1
KHAPRETA_510206,311922.860,2624303.200,128.2200,0.0000,4.2000,0.2684,-1
KHAPRETA_510206,311924.860,2624303.200,128.2000,0.8131,4.2200,0.2696,-1
KHAPRETA_510206,311925.860,2624303.200,128.1500,0.7881,4.2700,0.2728,-1
KHAPRETA_510206,311931.860,2624303.200,128.0900,0.8481,4.3300,0.2767,-1
KHAPRETA_510206,311937.860,2624303.200,128.0400,0.0000,4.3800,0.2799,-1
KHAPRETA_510206,311942.860,2624303.200,127.8800,1.0331,4.5400,0.2901,-1
KHAPRETA_510206,311960.860,2624303.200,130.5100,0.9019,1.9100,0.1220,-1
KHAPRETA_510206,311963.860,2624303.200,125.0100,0.0850,7.4100,0.4735,-1
KHAPRETA_510206,311966.860,2624303.200,124.6500,2.5481,7.7700,0.4965,-1
KHAPRETA_510206,311969.860,2624303.200,125.2100,0.0000,7.2100,0.4607,-1
KHAPRETA_510206,311978.860,2624303.200,127.2500,1.1331,5.1700,0.3304,-1
KHAPRETA_510206,311983.860,2624303.200,127.4900,1.1731,4.9300,0.3150,-1
KHAPRETA_510206,311984.860,2624303.200,127.4300,1.0585,4.9900,0.3188,-1
KHAPRETA_510206,311985.860,2624303.200,126.5900,1.1731,5.8300,0.3725,-1
KHAPRETA_510206,311987.860,2624303.200,127.2300,1.5749,5.1900,0.3316,-1
KHAPRETA_510206,311988.860,2624303.200,127.7200,1.5033,4.7000,0.3003,-1
KHAPRETA_510206,311989.860,2624303.200,126.9800,1.0483,5.4400,0.3476,-1
KHAPRETA_510206,311991.860,2624303.200,127.8100,1.2531,4.6100,0.2946,-1
KHAPRETA_510206,311992.860,2624303.200,127.2700,1.5229,5.1500,0.3291,-1
KHAPRETA_510206,311995.860,2624303.200,127.0800,1.3631,5.3400,0.3412,-1
KHAPRETA_510206,312008.860,2624303.200,127.1400,1.2981,5.2800,0.3374,-1
KHAPRETA_510206,312011.860,2624303.200,127.1300,1.2031,5.2900,0.3380,-1
KHAPRETA_510206,312012.860,2624303.200,127.3700,1.8430,5.0500,0.3227,-1
KHAPRETA_510206,312018.860,2624303.200,127.1700,0.0000,5.2500,0.3355,-1
KHAPRETA_510206,312022.860,2624303.200,127.0800,1.3081,5.3400,0.3412,-1
KHAPRETA_510206,312023.860,2624303.200,127.1600,1.8889,5.2600,0.3361,-1
KHAPRETA_510206,312025.860,2624303.200,127.1900,0.0000,5.2300,0.3342,-1
KHAPRETA_510206,312029.860,2624303.200,127.2400,0.0000,5.1800,0.3310,-1
KHAPRETA_510206,312032.860,2624303.200,127.1700,1.2531,5.2500,0.3355,-1
KHAPRETA_510206,312039.860,2624303.200,127.2800,0.0000,5.1400,0.3284,-1
KHAPRETA_510206,312045.860,2624303.200,127.8500,0.0000,4.5700,0.2920,-1
KHAPRETA_510206,312048.860,2624303.200,127.3300,1.2181,5.0900,0.3252,-1
KHAPRETA_510206,312052.860,2624303.200,127.3800,1.1931,5.0400,0.3220,-1
KHAPRETA_510206,312053.860,2624303.200,127.3900,1.1981,5.0300,0.3214,-1
KHAPRETA_510206,312058.860,2624303.200,127.4700,1.1531,4.9500,0.3163,-1
KHAPRETA_510206,312071.860,2624303.200,127.6900,1.4751,4.7300,0.3022,-1
KHAPRETA_510206,312072.860,2624303.200,127.6900,1.0431,4.7300,0.3022,-1
KHAPRETA_510206,312076.860,2624303.200,128.0400,0.8131,4.3800,0.2799,-1
KHAPRETA_510206,312081.860,2624303.200,128.1100,0.0000,4.3100,0.2754,-1
KHAPRETA_510206,312084.860,2624303.200,127.9200,0.0000,4.5000,0.2875,-1
KHAPRETA_510206,312095.860,2624303.200,128.4200,0.0000,4.0000,0.2556,-1
KHAPRETA_510206,312101.860,2624303.200,128.7100,0.2790,3.7100,0.2371,-1
KHAPRETA_510206,312102.860,2624303.200,129.5900,0.5331,2.8300,0.1808,-1
KHAPRETA_510206,312104.860,2624303.200,129.5900,0.0319,2.8300,0.1808,-1
KHAPRETA_510206,312106.860,2624303.200,129.6200,0.2381,2.8000,0.1789,-1
KHAPRETA_510206,312109.860,2624303.200,129.6100,0.1356,2.8100,0.1796,-1
KHAPRETA_510206,312110.860,2624303.200,129.9400,0.1403,2.4800,0.1585,-1
KHAPRETA_510206,312114.860,2624303.200,129.9300,0.0884,2.4900,0.1591,-1
KHAPRETA_510206,312115.860,2624303.200,129.9400,0.1669,2.4800,0.1585,-1
KHAPRETA_510206,312121.860,2624303.200,129.3600,0.0000,3.0600,0.1955,-1
KHAPRETA_510206,312132.860,2624303.200,129.8200,0.0831,2.6000,0.1661,-1
KHAPRETA_510206,312142.860,2624303.200,129.0200,0.0000,3.4000,0.2173,-1
KHAPRETA_510206,312144.860,2624303.200,129.0200,0.0000,3.4000,0.2173,-1
KHAPRETA_510206,312150.860,2624303.200,129.1200,0.4499,3.3000,0.2109,-1
KHAPRETA_510206,312151.860,2624303.200,129.1300,0.4640,3.2900,0.2102,-1
KHAPRETA_510206,312153.860,2624303.200,129.1500,0.3181,3.2700,0.2089,-1
KHAPRETA_510206,312163.860,2624303.200,129.2300,0.2731,3.1900,0.2038,-1
KHAPRETA_510206,312165.860,2624303.200,129.2600,0.0000,3.1600,0.2019,-1
KHAPRETA_510206,312168.860,2624303.200,129.2700,0.2531,3.1500,0.2013,-1
KHAPRETA_510206,312172.860,2624303.200,129.3300,0.2231,3.0900,0.1974,-1
KHAPRETA_510206,312190.860,2624303.200,129.4200,0.1982,3.0000,0.1917,-1
KHAPRETA_510206,312191.860,2624303.200,129.7900,0.1925,2.6300,0.1681,-1
KHAPRETA_510206,312195.860,2624303.200,129.7600,0.0000,2.6600,0.1700,-1
KHAPRETA_510206,312197.860,2624303.200,129.7600,0.0000,2.6600,0.1700,-1
KHAPRETA_510206,312203.860,2624303.200,129.8300,0.0000,2.5900,0.1655,-1
KHAPRETA_510206,312214.860,2624303.200,129.9900,0.0000,2.4300,0.1553,-1
KHAPRETA_510206,312219.860,2624303.200,130.3000,0.0000,2.1200,0.1355,-1
KHAPRETA_510206,312222.860,2624303.200,130.2900,0.1519,2.1300,0.1361,-1
KHAPRETA_510206,312224.860,2624303.200,130.2700,0.0000,2.1500,0.1374,-1
KHAPRETA_510206,312227.860,2624303.200,130.3500,0.2719,2.0700,0.1323,-1
KHAPRETA_510206,312229.860,2624303.200,130.4200,0.0000,2.0000,0.1278,-1
KHAPRETA_510206,312231.860,2624303.200,130.4200,0.0100,2.0000,0.1278,-1
KHAPRETA_510206,312244.860,2624303.200,131.0700,0.0000,1.3500,0.0863,-1
KHAPRETA_510206,312246.860,2624303.200,131.1000,0.6669,1.3200,0.0843,-1
KHAPRETA_510206,312255.860,2624303.200,131.1800,0.9998,1.2400,0.0792,-1
KHAPRETA_510206,312256.860,2624303.200,131.1800,0.7019,1.2400,0.0792,-1
KHAPRETA_510206,312260.860,2624303.200,131.1200,0.6669,1.3000,0.0831,-1
KHAPRETA_510206,312261.860,2624303.200,131.1100,0.6719,1.3100,0.0837,-1
KHAPRETA_510206,312266.860,2624303.200,131.2000,0.7271,1.2200,0.0780,-1
KHAPRETA_510206,312267.860,2624303.200,131.2300,1.0104,1.1900,0.0760,-1
KHAPRETA_510206,312271.860,2624303.200,131.0900,0.0000,1.3300,0.0850,-1
KHAPRETA_510206,312274.860,2624303.200,130.9200,0.5119,1.5000,0.0958,-1
KHAPRETA_510206,312275.860,2624303.200,130.8000,0.7709,1.6200,0.1035,-1
KHAPRETA_510206,312277.860,2624303.200,130.8200,0.0000,1.6000,0.1022,-1
KHAPRETA_510206,312282.860,2624303.200,130.8400,0.0050,1.5800,0.1010,-1
KHAPRETA_510206,312295.860,2624303.200,130.9100,0.0000,1.5100,0.0965,-1
KHAPRETA_510206,312303.860,2624303.200,130.9500,0.6019,1.4700,0.0939,-1
KHAPRETA_510206,312312.860,2624303.200,131.2800,0.0000,1.1400,0.0728,-1
KHAPRETA_510206,312316.860,2624303.200,131.5000,0.0000,0.9200,0.0588,-1
KHAPRETA_510206,312318.860,2624303.200,131.5900,0.8619,0.8300,0.0530,-1
KHAPRETA_510206,312327.860,2624303.200,131.9200,0.0850,0.5000,0.0319,-1
KHAPRETA_510206,312333.860,2624303.200,131.8300,0.9769,0.5900,0.0377,-1
KHAPRETA_510206,312334.860,2624303.200,131.7300,1.4174,0.6900,0.0441,-1
KHAPRETA_510206,312340.860,2624303.200,131.6700,0.0000,0.7500,0.0479,-1
KHAPRETA_510206,312350.860,2624303.200,131.8700,0.0000,0.5500,0.0351,-1
KHAPRETA_510206,312353.860,2624303.200,131.8600,1.0519,0.5600,0.0358,-1
KHAPRETA_510206,311920.860,2624304.200,128.2300,0.0000,4.1900,0.2677,-1
KHAPRETA_510206,311931.860,2624304.200,128.0800,0.8431,4.3400,0.2773,-1
KHAPRETA_510206,311934.860,2624304.200,128.0900,0.0000,4.3300,0.2767,-1
KHAPRETA_510206,311943.860,2624304.200,127.8400,1.4016,4.5800,0.2927,-1
KHAPRETA_510206,311944.860,2624304.200,127.7300,0.9681,4.6900,0.2997,-1
KHAPRETA_510206,311963.860,2624304.200,124.6100,3.7443,7.8100,0.4990,-1
KHAPRETA_510206,311964.860,2624304.200,124.0000,2.5831,8.4200,0.5380,-1
KHAPRETA_510206,311968.860,2624304.200,125.1800,0.0000,7.2400,0.4626,-1
KHAPRETA_510206,311979.860,2624304.200,127.4500,1.3169,4.9700,0.3176,-1
KHAPRETA_510206,311980.860,2624304.200,127.4400,1.1758,4.9800,0.3182,-1
KHAPRETA_510206,311981.860,2624304.200,127.2900,1.1681,5.1300,0.3278,-1
KHAPRETA_510206,311984.860,2624304.200,127.8600,1.1731,4.5600,0.2914,-1
KHAPRETA_510206,311987.860,2624304.200,127.3900,1.2731,5.0300,0.3214,-1
KHAPRETA_510206,311989.860,2624304.200,127.6500,1.3981,4.7700,0.3048,-1
KHAPRETA_510206,311992.860,2624304.200,127.4500,1.1286,4.9700,0.3176,-1
KHAPRETA_510206,311993.860,2624304.200,127.5200,1.1631,4.9000,0.3131,-1
KHAPRETA_510206,311997.860,2624304.200,127.1700,0.0000,5.2500,0.3355,-1
KHAPRETA_510206,312000.860,2624304.200,127.0700,1.3231,5.3500,0.3419,-1
KHAPRETA_510206,312001.860,2624304.200,127.1300,1.3318,5.2900,0.3380,-1
KHAPRETA_510206,312002.860,2624304.200,127.2700,1.3231,5.1500,0.3291,-1
KHAPRETA_510206,312012.860,2624304.200,127.2100,0.0650,5.2100,0.3329,-1
KHAPRETA_510206,312016.860,2624304.200,127.4100,1.3381,5.0100,0.3201,-1
KHAPRETA_510206,312017.860,2624304.200,127.1000,1.1831,5.3200,0.3399,-1
KHAPRETA_510206,312023.860,2624304.200,127.1300,0.0350,5.2900,0.3380,-1
KHAPRETA_510206,312026.860,2624304.200,127.4100,0.0000,5.0100,0.3201,-1
KHAPRETA_510206,312031.860,2624304.200,127.2900,1.2531,5.1300,0.3278,-1
KHAPRETA_510206,312032.860,2624304.200,127.2700,1.3031,5.1500,0.3291,-1
KHAPRETA_510206,312033.860,2624304.200,127.3000,0.0050,5.1200,0.3272,-1
KHAPRETA_510206,312034.860,2624304.200,127.2600,0.0950,5.1600,0.3297,-1
KHAPRETA_510206,312035.860,2624304.200,127.1100,1.2581,5.3100,0.3393,-1
KHAPRETA_510206,312037.860,2624304.200,127.4700,1.2631,4.9500,0.3163,-1
KHAPRETA_510206,312038.860,2624304.200,127.2500,1.1531,5.1700,0.3304,-1
KHAPRETA_510206,312040.860,2624304.200,127.5700,0.0000,4.8500,0.3099,-1
KHAPRETA_510206,312044.860,2624304.200,127.2700,1.2381,5.1500,0.3291,-1
KHAPRETA_510206,312047.860,2624304.200,127.0800,1.2181,5.3400,0.3412,-1
KHAPRETA_510206,312048.860,2624304.200,127.3400,1.2294,5.0800,0.3246,-1
KHAPRETA_510206,312049.860,2624304.200,127.3300,1.6704,5.0900,0.3252,-1
KHAPRETA_510206,312054.860,2624304.200,127.4500,0.0000,4.9700,0.3176,-1
KHAPRETA_510206,312061.860,2624304.200,127.5400,0.0000,4.8800,0.3118,-1
KHAPRETA_510206,312064.860,2624304.200,127.5900,1.0881,4.8300,0.3086,-1
KHAPRETA_510206,312067.860,2624304.200,127.6700,0.0000,4.7500,0.3035,-1
KHAPRETA_510206,312069.860,2624304.200,127.6900,0.0000,4.7300,0.3022,-1
KHAPRETA_510206,312082.860,2624304.200,127.8100,0.9781,4.6100,0.2946,-1
KHAPRETA_510206,312083.860,2624304.200,127.8200,0.9831,4.6000,0.2939,-1
KHAPRETA_510206,312099.860,2624304.200,128.4200,0.7231,4.0000,0.2556,-1
KHAPRETA_510206,312101.860,2624304.200,129.2500,0.0000,3.1700,0.2026,-1
KHAPRETA_510206,312104.860,2624304.200,129.8400,0.0931,2.5800,0.1649,-1
KHAPRETA_510206,312110.860,2624304.200,129.5500,0.0819,2.8700,0.1834,-1
KHAPRETA_510206,312114.860,2624304.200,129.7100,0.2217,2.7100,0.1732,-1
KHAPRETA_510206,312115.860,2624304.200,129.4800,0.2522,2.9400,0.1879,-1
KHAPRETA_510206,312118.860,2624304.200,129.6900,0.0000,2.7300,0.1744,-1
KHAPRETA_510206,312122.860,2624304.200,129.5700,0.0000,2.8500,0.1821,-1
KHAPRETA_510206,312126.860,2624304.200,129.8100,0.0000,2.6100,0.1668,-1
KHAPRETA_510206,312135.860,2624304.200,130.0700,0.2719,2.3500,0.1502,-1
KHAPRETA_510206,312136.860,2624304.200,130.3200,0.1469,2.1000,0.1342,-1
KHAPRETA_510206,312138.860,2624304.200,128.9100,0.6024,3.5100,0.2243,-1
KHAPRETA_510206,312139.860,2624304.200,129.0700,0.1200,3.3500,0.2141,-1
KHAPRETA_510206,312140.860,2624304.200,129.1500,0.3531,3.2700,0.2089,-1
KHAPRETA_510206,312150.860,2624304.200,129.1500,0.3281,3.2700,0.2089,-1
KHAPRETA_510206,312156.860,2624304.200,129.1700,0.0000,3.2500,0.2077,-1
KHAPRETA_510206,312159.860,2624304.200,129.1600,0.2881,3.2600,0.2083,-1
KHAPRETA_510206,312160.860,2624304.200,129.2000,0.3081,3.2200,0.2058,-1
KHAPRETA_510206,312166.860,2624304.200,129.2700,0.0000,3.1500,0.2013,-1
KHAPRETA_510206,312168.860,2624304.200,129.2700,0.2531,3.1500,0.2013,-1
KHAPRETA_510206,312170.860,2624304.200,129.2800,0.2381,3.1400,0.2006,-1
KHAPRETA_510206,312172.860,2624304.200,129.3300,0.2231,3.0900,0.1974,-1
KHAPRETA_510206,312175.860,2624304.200,129.3400,0.2181,3.0800,0.1968,-1
KHAPRETA_510206,312176.860,2624304.200,129.3400,0.0200,3.0800,0.1968,-1
KHAPRETA_510206,312177.860,2624304.200,129.3000,0.3084,3.1200,0.1994,-1
KHAPRETA_510206,312179.860,2624304.200,129.3500,0.2131,3.0700,0.1962,-1
KHAPRETA_510206,312187.860,2624304.200,129.4000,0.1781,3.0200,0.1930,-1
KHAPRETA_510206,312188.860,2624304.200,129.4200,0.1881,3.0000,0.1917,-1
KHAPRETA_510206,312190.860,2624304.200,129.3800,0.0731,3.0400,0.1942,-1
KHAPRETA_510206,312191.860,2624304.200,129.6300,0.1982,2.7900,0.1783,-1
KHAPRETA_510206,312196.860,2624304.200,129.7800,0.0081,2.6400,0.1687,-1
KHAPRETA_510206,312202.860,2624304.200,129.8300,0.0000,2.5900,0.1655,-1
KHAPRETA_510206,312209.860,2624304.200,129.9200,0.1419,2.5000,0.1597,-1
KHAPRETA_510206,312210.860,2624304.200,130.0600,0.1416,2.3600,0.1508,-1
KHAPRETA_510206,312212.860,2624304.200,129.9800,0.0769,2.4400,0.1559,-1
KHAPRETA_510206,312223.860,2624304.200,130.1700,0.2519,2.2500,0.1438,-1
KHAPRETA_510206,312224.860,2624304.200,130.2800,0.3159,2.1400,0.1367,-1
KHAPRETA_510206,312226.860,2624304.200,130.3200,0.0000,2.1000,0.1342,-1
KHAPRETA_510206,312231.860,2624304.200,130.4000,0.3219,2.0200,0.1291,-1
KHAPRETA_510206,312235.860,2624304.200,130.4300,0.4770,1.9900,0.1272,-1
KHAPRETA_510206,312236.860,2624304.200,130.4200,0.3269,2.0000,0.1278,-1
KHAPRETA_510206,312242.860,2624304.200,130.9000,0.0000,1.5200,0.0971,-1
KHAPRETA_510206,312245.860,2624304.200,131.0800,0.0000,1.3400,0.0856,-1
KHAPRETA_510206,312250.860,2624304.200,131.1400,0.6719,1.2800,0.0818,-1
KHAPRETA_510206,312251.860,2624304.200,131.1200,0.6819,1.3000,0.0831,-1
KHAPRETA_510206,312253.860,2624304.200,131.1400,0.0000,1.2800,0.0818,-1
KHAPRETA_510206,312255.860,2624304.200,131.2000,0.7019,1.2200,0.0780,-1
KHAPRETA_510206,312257.860,2624304.200,131.1700,0.0000,1.2500,0.0799,-1
KHAPRETA_510206,312266.860,2624304.200,131.1700,0.7169,1.2500,0.0799,-1
KHAPRETA_510206,312267.860,2624304.200,131.2100,0.7000,1.2100,0.0773,-1
KHAPRETA_510206,312269.860,2624304.200,131.1800,0.7119,1.2400,0.0792,-1
KHAPRETA_510206,312272.860,2624304.200,131.1300,0.0000,1.2900,0.0824,-1
KHAPRETA_510206,312276.860,2624304.200,130.8200,0.0000,1.6000,0.1022,-1
KHAPRETA_510206,312281.860,2624304.200,130.8300,0.5369,1.5900,0.1016,-1
KHAPRETA_510206,312282.860,2624304.200,130.8500,0.0206,1.5700,0.1003,-1
KHAPRETA_510206,312283.860,2624304.200,130.8700,0.5369,1.5500,0.0990,-1
KHAPRETA_510206,312287.860,2624304.200,130.8700,0.0000,1.5500,0.0990,-1
KHAPRETA_510206,312290.860,2624304.200,130.9000,0.5519,1.5200,0.0971,-1
KHAPRETA_510206,312296.860,2624304.200,130.9100,0.5669,1.5100,0.0965,-1
KHAPRETA_510206,312303.860,2624304.200,130.9800,0.0050,1.4400,0.0920,-1
KHAPRETA_510206,312310.860,2624304.200,131.0200,0.6269,1.4000,0.0895,-1
KHAPRETA_510206,312320.860,2624304.200,131.6100,0.0000,0.8100,0.0518,-1
KHAPRETA_510206,312322.860,2624304.200,131.3600,0.0000,1.0600,0.0677,-1
KHAPRETA_510206,312325.860,2624304.200,131.8800,0.0000,0.5400,0.0345,-1
KHAPRETA_510206,312327.860,2624304.200,131.7300,1.0719,0.6900,0.0441,-1
KHAPRETA_510206,312330.860,2624304.200,131.8400,1.0319,0.5800,0.0371,-1
KHAPRETA_510206,312331.860,2624304.200,131.8400,1.4629,0.5800,0.0371,-1
KHAPRETA_510206,312335.860,2624304.200,131.8500,0.0000,0.5700,0.0364,-1
KHAPRETA_510206,312338.860,2624304.200,131.8300,0.0000,0.5900,0.0377,-1
KHAPRETA_510206,312356.860,2624304.200,131.9300,0.0000,0.4900,0.0313,-1
KHAPRETA_510206,311924.860,2624305.200,128.2600,0.0000,4.1600,0.2658,-1
KHAPRETA_510206,311926.860,2624305.200,128.0800,0.8131,4.3400,0.2773,-1
KHAPRETA_510206,311928.860,2624305.200,128.0700,0.0000,4.3500,0.2780,-1
KHAPRETA_510206,311932.860,2624305.200,128.0200,0.8781,4.4000,0.2811,-1
KHAPRETA_510206,311933.860,2624305.200,128.0200,1.2207,4.4000,0.2811,-1
KHAPRETA_510206,311937.860,2624305.200,127.8800,0.8531,4.5400,0.2901,-1
KHAPRETA_510206,311939.860,2624305.200,127.9100,0.0000,4.5100,0.2882,-1
KHAPRETA_510206,311941.860,2624305.200,127.6100,0.9081,4.8100,0.3073,-1
KHAPRETA_510206,311942.860,2624305.200,127.9600,0.1250,4.4600,0.2850,-1
KHAPRETA_510206,311943.860,2624305.200,127.8600,1.3273,4.5600,0.2914,-1
KHAPRETA_510206,311959.860,2624305.200,126.1200,1.2231,6.3000,0.4026,-1
KHAPRETA_510206,311960.860,2624305.200,127.3300,0.4400,5.0900,0.3252,-1
KHAPRETA_510206,311961.860,2624305.200,127.0000,1.2231,5.4200,0.3463,-1
KHAPRETA_510206,311966.860,2624305.200,125.2000,0.0000,7.2200,0.4613,-1
KHAPRETA_510206,311972.860,2624305.200,128.8200,0.0000,3.6000,0.2300,-1
KHAPRETA_510206,311979.860,2624305.200,128.5600,1.6639,3.8600,0.2466,-1
KHAPRETA_510206,311980.860,2624305.200,127.4300,1.3169,4.9900,0.3188,-1
KHAPRETA_510206,311983.860,2624305.200,127.9200,0.0000,4.5000,0.2875,-1
KHAPRETA_510206,311990.860,2624305.200,127.8500,1.0181,4.5700,0.2920,-1
KHAPRETA_510206,311991.860,2624305.200,127.7400,0.3250,4.6800,0.2990,-1
KHAPRETA_510206,311992.860,2624305.200,127.2000,1.5457,5.2200,0.3335,-1
KHAPRETA_510206,312001.860,2624305.200,127.1200,1.3231,5.3000,0.3387,-1
KHAPRETA_510206,312009.860,2624305.200,127.0800,0.0000,5.3400,0.3412,-1
KHAPRETA_510206,312011.860,2624305.200,127.2600,1.7604,5.1600,0.3297,-1
KHAPRETA_510206,312012.860,2624305.200,127.5000,1.7969,4.9200,0.3144,-1
KHAPRETA_510206,312019.860,2624305.200,127.3000,1.1431,5.1200,0.3272,-1
KHAPRETA_510206,312023.860,2624305.200,127.0900,1.3231,5.3300,0.3406,-1
KHAPRETA_510206,312027.860,2624305.200,127.1700,1.6370,5.2500,0.3355,-1
KHAPRETA_510206,312028.860,2624305.200,127.6000,0.0750,4.8200,0.3080,-1
KHAPRETA_510206,312029.860,2624305.200,127.3200,1.0881,5.1000,0.3259,-1
KHAPRETA_510206,312039.860,2624305.200,127.2000,1.2731,5.2200,0.3335,-1
KHAPRETA_510206,312044.860,2624305.200,127.3000,1.2531,5.1200,0.3272,-1
KHAPRETA_510206,312046.860,2624305.200,127.4800,1.1331,4.9400,0.3157,-1
KHAPRETA_510206,312049.860,2624305.200,127.4900,1.2231,4.9300,0.3150,-1
KHAPRETA_510206,312052.860,2624305.200,127.3700,0.0000,5.0500,0.3227,-1
KHAPRETA_510206,312059.860,2624305.200,127.5200,0.0000,4.9000,0.3131,-1
KHAPRETA_510206,312062.860,2624305.200,127.5500,1.0931,4.8700,0.3112,-1
KHAPRETA_510206,312064.860,2624305.200,127.6000,1.0931,4.8200,0.3080,-1
KHAPRETA_510206,312068.860,2624305.200,127.6800,0.0000,4.7400,0.3029,-1
KHAPRETA_510206,312071.860,2624305.200,127.7300,1.0281,4.6900,0.2997,-1
KHAPRETA_510206,312072.860,2624305.200,127.7200,1.0231,4.7000,0.3003,-1
KHAPRETA_510206,312076.860,2624305.200,129.3900,0.0000,3.0300,0.1936,-1
KHAPRETA_510206,312089.860,2624305.200,128.6600,0.0000,3.7600,0.2403,-1
KHAPRETA_510206,312091.860,2624305.200,128.7300,0.0000,3.6900,0.2358,-1
KHAPRETA_510206,312099.860,2624305.200,128.3300,0.6781,4.0900,0.2613,-1
KHAPRETA_510206,312101.860,2624305.200,128.7100,0.2631,3.7100,0.2371,-1
KHAPRETA_510206,312103.860,2624305.200,129.1200,0.0000,3.3000,0.2109,-1
KHAPRETA_510206,312107.860,2624305.200,129.6800,0.0181,2.7400,0.1751,-1
KHAPRETA_510206,312108.860,2624305.200,129.7400,0.1941,2.6800,0.1712,-1
KHAPRETA_510206,312112.860,2624305.200,129.7600,0.0000,2.6600,0.1700,-1
KHAPRETA_510206,312114.860,2624305.200,129.6000,0.1681,2.8200,0.1802,-1
KHAPRETA_510206,312115.860,2624305.200,129.4400,0.1612,2.9800,0.1904,-1
KHAPRETA_510206,312117.860,2624305.200,129.5300,0.0000,2.8900,0.1847,-1
KHAPRETA_510206,312119.860,2624305.200,129.7200,0.1019,2.7000,0.1725,-1
KHAPRETA_510206,312124.860,2624305.200,130.1800,0.0469,2.2400,0.1431,-1
KHAPRETA_510206,312128.860,2624305.200,130.2000,0.0469,2.2200,0.1419,-1
KHAPRETA_510206,312130.860,2624305.200,129.7100,0.0000,2.7100,0.1732,-1
KHAPRETA_510206,312137.860,2624305.200,129.6500,0.4881,2.7700,0.1770,-1
KHAPRETA_510206,312138.860,2624305.200,128.8000,0.4376,3.6200,0.2313,-1
KHAPRETA_510206,312147.860,2624305.200,129.0800,0.0000,3.3400,0.2134,-1
KHAPRETA_510206,312153.860,2624305.200,129.1800,0.0000,3.2400,0.2070,-1
KHAPRETA_510206,312161.860,2624305.200,129.2100,0.0000,3.2100,0.2051,-1
KHAPRETA_510206,312170.860,2624305.200,129.3000,0.0150,3.1200,0.1994,-1
KHAPRETA_510206,312173.860,2624305.200,129.3100,0.3054,3.1100,0.1987,-1
KHAPRETA_510206,312174.860,2624305.200,129.3200,0.2331,3.1000,0.1981,-1
KHAPRETA_510206,312177.860,2624305.200,129.3400,0.2381,3.0800,0.1968,-1
KHAPRETA_510206,312179.860,2624305.200,129.3500,0.3013,3.0700,0.1962,-1
KHAPRETA_510206,312180.860,2624305.200,129.3500,0.3049,3.0700,0.1962,-1
KHAPRETA_510206,312183.860,2624305.200,129.4000,0.1981,3.0200,0.1930,-1
KHAPRETA_510206,312190.860,2624305.200,129.4200,0.0150,3.0000,0.1917,-1
KHAPRETA_510206,312195.860,2624305.200,129.7700,0.0081,2.6500,0.1693,-1
KHAPRETA_510206,312196.860,2624305.200,129.7600,0.0036,2.6600,0.1700,-1
KHAPRETA_510206,312203.860,2624305.200,129.8700,0.1199,2.5500,0.1629,-1
KHAPRETA_510206,312204.860,2624305.200,129.9600,0.0755,2.4600,0.1572,-1
KHAPRETA_510206,312205.860,2624305.200,129.9400,0.0919,2.4800,0.1585,-1
KHAPRETA_510206,312210.860,2624305.200,130.0200,0.1591,2.4000,0.1534,-1
KHAPRETA_510206,312211.860,2624305.200,129.9200,0.0450,2.5000,0.1597,-1
KHAPRETA_510206,312212.860,2624305.200,129.9300,0.1248,2.4900,0.1591,-1
KHAPRETA_510206,312216.860,2624305.200,129.9100,0.0919,2.5100,0.1604,-1
KHAPRETA_510206,312221.860,2624305.200,130.2900,0.0000,2.1300,0.1361,-1
KHAPRETA_510206,312235.860,2624305.200,130.4800,0.0500,1.9400,0.1240,-1
KHAPRETA_510206,312238.860,2624305.200,130.3600,0.0000,2.0600,0.1316,-1
KHAPRETA_510206,312247.860,2624305.200,131.1200,0.6719,1.3000,0.0831,-1
KHAPRETA_510206,312254.860,2624305.200,131.1400,0.0000,1.2800,0.0818,-1
KHAPRETA_510206,312259.860,2624305.200,131.1400,0.0000,1.2800,0.0818,-1
KHAPRETA_510206,312261.860,2624305.200,130.8500,0.6369,1.5700,0.1003,-1
KHAPRETA_510206,312262.860,2624305.200,131.0500,0.5369,1.3700,0.0875,-1
KHAPRETA_510206,312266.860,2624305.200,131.2000,0.9612,1.2200,0.0780,-1
KHAPRETA_510206,312267.860,2624305.200,131.1000,1.0104,1.3200,0.0843,-1
KHAPRETA_510206,312269.860,2624305.200,131.2000,0.7019,1.2200,0.0780,-1
KHAPRETA_510206,312271.860,2624305.200,131.2400,0.7069,1.1800,0.0754,-1
KHAPRETA_510206,312277.860,2624305.200,130.8200,0.7381,1.6000,0.1022,-1
KHAPRETA_510206,312278.860,2624305.200,130.8200,0.7488,1.6000,0.1022,-1
KHAPRETA_510206,312282.860,2624305.200,130.8300,0.5369,1.5900,0.1016,-1
KHAPRETA_510206,312290.860,2624305.200,130.8800,0.7912,1.5400,0.0984,-1
KHAPRETA_510206,312291.860,2624305.200,130.8900,0.5519,1.5300,0.0978,-1
KHAPRETA_510206,312293.860,2624305.200,130.9200,0.5619,1.5000,0.0958,-1
KHAPRETA_510206,312296.860,2624305.200,130.9100,0.5669,1.5100,0.0965,-1
KHAPRETA_510206,312300.860,2624305.200,130.9200,0.0000,1.5000,0.0958,-1
KHAPRETA_510206,312303.860,2624305.200,130.9400,0.6019,1.4800,0.0946,-1
KHAPRETA_510206,312310.860,2624305.200,131.0300,0.0100,1.3900,0.0888,-1
KHAPRETA_510206,312313.860,2624305.200,132.0600,1.0219,0.3600,0.0230,-1
KHAPRETA_510206,312314.860,2624305.200,131.8200,0.4150,0.6000,0.0383,-1
KHAPRETA_510206,312315.860,2624305.200,131.2300,1.0219,1.1900,0.0760,-1
KHAPRETA_510206,312317.860,2624305.200,131.4900,0.8219,0.9300,0.0594,-1
KHAPRETA_510206,312318.860,2624305.200,131.4200,0.8569,1.0000,0.0639,-1
KHAPRETA_510206,312331.860,2624305.200,131.8500,1.4736,0.5700,0.0364,-1
KHAPRETA_510206,312332.860,2624305.200,131.8800,1.0369,0.5400,0.0345,-1
KHAPRETA_510206,312334.860,2624305.200,131.8500,0.0000,0.5700,0.0364,-1
KHAPRETA_510206,312343.860,2624305.200,131.6500,0.0000,0.7700,0.0492,-1
KHAPRETA_510206,312346.860,2624305.200,131.5900,1.0169,0.8300,0.0530,-1
KHAPRETA_510206,312347.860,2624305.200,131.8100,0.1050,0.6100,0.0390,-1
KHAPRETA_510206,312348.860,2624305.200,131.8000,0.0050,0.6200,0.0396,-1
KHAPRETA_510206,312349.860,2624305.200,131.8200,0.0150,0.6000,0.0383,-1
KHAPRETA_510206,312350.860,2624305.200,131.8300,1.0219,0.5900,0.0377,-1
KHAPRETA_510206,311922.860,2624306.200,128.1600,0.0000,4.2600,0.2722,-1
KHAPRETA_510206,311926.860,2624306.200,128.1500,0.8481,4.2700,0.2728,-1
KHAPRETA_510206,311933.860,2624306.200,128.0800,0.8781,4.3400,0.2773,-1
KHAPRETA_510206,311937.860,2624306.200,128.0700,0.9481,4.3500,0.2780,-1
KHAPRETA_510206,311947.860,2624306.200,127.6600,0.0000,4.7600,0.3042,-1
KHAPRETA_510206,311965.860,2624306.200,124.8900,0.0000,7.5300,0.4812,-1
KHAPRETA_510206,311973.860,2624306.200,129.4000,0.2193,3.0200,0.1930,-1
KHAPRETA_510206,311974.860,2624306.200,129.4200,0.1881,3.0000,0.1917,-1
KHAPRETA_510206,311979.860,2624306.200,129.8100,0.4000,2.6100,0.1668,-1
KHAPRETA_510206,311981.860,2624306.200,127.6100,0.8781,4.8100,0.3073,-1
KHAPRETA_510206,311986.860,2624306.200,127.1400,1.5992,5.2800,0.3374,-1
KHAPRETA_510206,311987.860,2624306.200,127.5600,0.1850,4.8600,0.3105,-1
KHAPRETA_510206,311988.860,2624306.200,127.5100,0.0550,4.9100,0.3137,-1
KHAPRETA_510206,311989.860,2624306.200,127.6700,1.5503,4.7500,0.3035,-1
KHAPRETA_510206,311998.860,2624306.200,127.6600,0.0000,4.7600,0.3042,-1
KHAPRETA_510206,312003.860,2624306.200,127.6000,1.2881,4.8200,0.3080,-1
KHAPRETA_510206,312004.860,2624306.200,127.2000,1.0881,5.2200,0.3335,-1
KHAPRETA_510206,312011.860,2624306.200,127.0900,1.2581,5.3300,0.3406,-1
KHAPRETA_510206,312016.860,2624306.200,127.2400,1.8287,5.1800,0.3310,-1
KHAPRETA_510206,312017.860,2624306.200,127.2100,1.7687,5.2100,0.3329,-1
KHAPRETA_510206,312019.860,2624306.200,127.4900,1.2381,4.9300,0.3150,-1
KHAPRETA_510206,312022.860,2624306.200,127.1000,0.0000,5.3200,0.3399,-1
KHAPRETA_510206,312026.860,2624306.200,127.2700,1.2231,5.1500,0.3291,-1
KHAPRETA_510206,312027.860,2624306.200,127.3300,1.8078,5.0900,0.3252,-1
KHAPRETA_510206,312034.860,2624306.200,127.3500,0.0000,5.0700,0.3240,-1
KHAPRETA_510206,312038.860,2624306.200,127.4000,1.2731,5.0200,0.3208,-1
KHAPRETA_510206,312039.860,2624306.200,127.2300,1.1883,5.1900,0.3316,-1
KHAPRETA_510206,312041.860,2624306.200,127.5700,0.0000,4.8500,0.3099,-1
KHAPRETA_510206,312046.860,2624306.200,127.5100,1.5278,4.9100,0.3137,-1
KHAPRETA_510206,312047.860,2624306.200,127.7600,1.1331,4.6600,0.2978,-1
KHAPRETA_510206,312050.860,2624306.200,127.5400,1.1731,4.8800,0.3118,-1
KHAPRETA_510206,312051.860,2624306.200,127.4300,1.1181,4.9900,0.3188,-1
KHAPRETA_510206,312053.860,2624306.200,127.4500,0.0000,4.9700,0.3176,-1
KHAPRETA_510206,312060.860,2624306.200,127.5500,1.1131,4.8700,0.3112,-1
KHAPRETA_510206,312062.860,2624306.200,127.5900,1.1131,4.8300,0.3086,-1
KHAPRETA_510206,312067.860,2624306.200,127.6600,1.0531,4.7600,0.3042,-1
KHAPRETA_510206,312070.860,2624306.200,127.7100,1.0231,4.7100,0.3010,-1
KHAPRETA_510206,312077.860,2624306.200,129.4700,0.0000,2.9500,0.1885,-1
KHAPRETA_510206,312093.860,2624306.200,128.6800,0.5431,3.7400,0.2390,-1
KHAPRETA_510206,312095.860,2624306.200,128.7600,0.0000,3.6600,0.2339,-1
KHAPRETA_510206,312104.860,2624306.200,129.9500,0.0000,2.4700,0.1578,-1
KHAPRETA_510206,312108.860,2624306.200,129.4000,0.0181,3.0200,0.1930,-1
KHAPRETA_510206,312110.860,2624306.200,129.7700,0.0381,2.6500,0.1693,-1
KHAPRETA_510206,312111.860,2624306.200,129.7000,0.0031,2.7200,0.1738,-1
KHAPRETA_510206,312114.860,2624306.200,129.7000,0.0199,2.7200,0.1738,-1
KHAPRETA_510206,312115.860,2624306.200,129.7500,0.1723,2.6700,0.1706,-1
KHAPRETA_510206,312119.860,2624306.200,129.9800,0.0281,2.4400,0.1559,-1
KHAPRETA_510206,312121.860,2624306.200,130.1900,0.1919,2.2300,0.1425,-1
KHAPRETA_510206,312122.860,2624306.200,130.1600,0.2069,2.2600,0.1444,-1
KHAPRETA_510206,312124.860,2624306.200,129.8700,0.2019,2.5500,0.1629,-1
KHAPRETA_510206,312128.860,2624306.200,129.8700,0.0700,2.5500,0.1629,-1
KHAPRETA_510206,312133.860,2624306.200,129.6100,0.2331,2.8100,0.1796,-1
KHAPRETA_510206,312134.860,2624306.200,129.7700,0.1600,2.6500,0.1693,-1
KHAPRETA_510206,312135.860,2624306.200,129.2900,0.2350,3.1300,0.2000,-1
KHAPRETA_510206,312136.860,2624306.200,129.7100,0.3012,2.7100,0.1732,-1
KHAPRETA_510206,312137.860,2624306.200,129.7900,0.0712,2.6300,0.1681,-1
KHAPRETA_510206,312139.860,2624306.200,129.1900,0.1581,3.2300,0.2064,-1
KHAPRETA_510206,312142.860,2624306.200,129.0600,0.0000,3.3600,0.2147,-1
KHAPRETA_510206,312145.860,2624306.200,129.0500,0.0000,3.3700,0.2153,-1
KHAPRETA_510206,312148.860,2624306.200,129.1000,0.0000,3.3200,0.2121,-1
KHAPRETA_510206,312150.860,2624306.200,129.1200,0.3031,3.3000,0.2109,-1
KHAPRETA_510206,312151.860,2624306.200,129.1700,0.3281,3.2500,0.2077,-1
KHAPRETA_510206,312163.860,2624306.200,129.2800,0.2381,3.1400,0.2006,-1
KHAPRETA_510206,312164.860,2624306.200,129.3000,0.2481,3.1200,0.1994,-1
KHAPRETA_510206,312166.860,2624306.200,129.2700,0.0000,3.1500,0.2013,-1
KHAPRETA_510206,312170.860,2624306.200,129.3100,0.2381,3.1100,0.1987,-1
KHAPRETA_510206,312172.860,2624306.200,129.3300,0.2031,3.0900,0.1974,-1
KHAPRETA_510206,312173.860,2624306.200,129.3700,0.2231,3.0500,0.1949,-1
KHAPRETA_510206,312176.860,2624306.200,129.3300,0.0000,3.0900,0.1974,-1
KHAPRETA_510206,312178.860,2624306.200,129.3500,0.0000,3.0700,0.1962,-1
KHAPRETA_510206,312180.860,2624306.200,129.3400,0.2131,3.0800,0.1968,-1
KHAPRETA_510206,312183.860,2624306.200,129.3800,0.1881,3.0400,0.1942,-1
KHAPRETA_510206,312186.860,2624306.200,129.4100,0.2663,3.0100,0.1923,-1
KHAPRETA_510206,312187.860,2624306.200,129.3800,0.1831,3.0400,0.1942,-1
KHAPRETA_510206,312189.860,2624306.200,129.4000,0.1831,3.0200,0.1930,-1
KHAPRETA_510206,312190.860,2624306.200,129.4100,0.1806,3.0100,0.1923,-1
KHAPRETA_510206,312191.860,2624306.200,129.4600,0.2323,2.9600,0.1891,-1
KHAPRETA_510206,312200.860,2624306.200,129.9100,0.0000,2.5100,0.1604,-1
KHAPRETA_510206,312203.860,2624306.200,129.9300,0.0818,2.4900,0.1591,-1
KHAPRETA_510206,312204.860,2624306.200,129.9100,0.1199,2.5100,0.1604,-1
KHAPRETA_510206,312206.860,2624306.200,129.9400,0.1069,2.4800,0.1585,-1
KHAPRETA_510206,312213.860,2624306.200,129.9200,0.0000,2.5000,0.1597,-1
KHAPRETA_510206,312216.860,2624306.200,129.9600,0.0669,2.4600,0.1572,-1
KHAPRETA_510206,312219.860,2624306.200,130.3000,0.2569,2.1200,0.1355,-1
KHAPRETA_510206,312227.860,2624306.200,130.3600,0.0000,2.0600,0.1316,-1
KHAPRETA_510206,312231.860,2624306.200,130.3800,0.0000,2.0400,0.1304,-1
KHAPRETA_510206,312235.860,2624306.200,130.3300,0.2203,2.0900,0.1335,-1
KHAPRETA_510206,312236.860,2624306.200,130.2000,0.2769,2.2200,0.1419,-1
KHAPRETA_510206,312247.860,2624306.200,131.1200,0.6719,1.3000,0.0831,-1
KHAPRETA_510206,312251.860,2624306.200,131.1400,0.0000,1.2800,0.0818,-1
KHAPRETA_510206,312253.860,2624306.200,131.1500,0.7069,1.2700,0.0812,-1
KHAPRETA_510206,312263.860,2624306.200,131.0900,0.0000,1.3300,0.0850,-1
KHAPRETA_510206,312271.860,2624306.200,131.1900,0.7319,1.2300,0.0786,-1
KHAPRETA_510206,312275.860,2624306.200,130.8600,0.0000,1.5600,0.0997,-1
KHAPRETA_510206,312277.860,2624306.200,130.8200,0.5370,1.6000,0.1022,-1
KHAPRETA_510206,312278.860,2624306.200,130.8500,0.5220,1.5700,0.1003,-1
KHAPRETA_510206,312285.860,2624306.200,130.8500,0.0000,1.5700,0.1003,-1
KHAPRETA_510206,312287.860,2624306.200,130.8800,0.5469,1.5400,0.0984,-1
KHAPRETA_510206,312288.860,2624306.200,130.8700,0.5519,1.5500,0.0990,-1
KHAPRETA_510206,312293.860,2624306.200,130.9000,0.5719,1.5200,0.0971,-1
KHAPRETA_510206,312302.860,2624306.200,130.9400,0.0000,1.4800,0.0946,-1
KHAPRETA_510206,312304.860,2624306.200,130.9700,0.0000,1.4500,0.0927,-1
KHAPRETA_510206,312307.860,2624306.200,130.9800,0.0000,1.4400,0.0920,-1
KHAPRETA_510206,312309.860,2624306.200,131.0000,0.6319,1.4200,0.0907,-1
KHAPRETA_510206,312310.860,2624306.200,131.0400,0.6270,1.3800,0.0882,-1
KHAPRETA_510206,312311.860,2624306.200,131.0200,0.6319,1.4000,0.0895,-1
KHAPRETA_510206,312321.860,2624306.200,131.3900,0.0000,1.0300,0.0658,-1
KHAPRETA_510206,312336.860,2624306.200,131.6500,0.0000,0.7700,0.0492,-1
KHAPRETA_510206,312339.860,2624306.200,131.7600,0.0000,0.6600,0.0422,-1
KHAPRETA_510206,312341.860,2624306.200,131.6900,0.9369,0.7300,0.0466,-1
KHAPRETA_510206,312351.860,2624306.200,131.9000,0.0000,0.5200,0.0332,-1
KHAPRETA_510206,312353.860,2624306.200,131.9500,0.0000,0.4700,0.0300,-1
KHAPRETA_510206,311918.860,2624307.200,128.2400,0.7381,4.1800,0.2671,-1
KHAPRETA_510206,311919.860,2624307.200,128.3000,0.7681,4.1200,0.2633,-1
KHAPRETA_510206,311929.860,2624307.200,128.0900,0.0000,4.3300,0.2767,-1
KHAPRETA_510206,311931.860,2624307.200,128.0100,0.0000,4.4100,0.2818,-1
KHAPRETA_510206,311938.860,2624307.200,127.8600,1.0881,4.5600,0.2914,-1
KHAPRETA_510206,311939.860,2624307.200,127.6000,0.9581,4.8200,0.3080,-1
KHAPRETA_510206,311941.860,2624307.200,127.5200,0.0000,4.9000,0.3131,-1
KHAPRETA_510206,311960.860,2624307.200,126.6900,0.2981,5.7300,0.3661,-1
KHAPRETA_510206,311962.860,2624307.200,124.3900,2.6381,8.0300,0.5131,-1
KHAPRETA_510206,311964.860,2624307.200,124.8600,2.4681,7.5600,0.4831,-1
KHAPRETA_510206,311966.860,2624307.200,125.5800,0.0000,6.8400,0.4371,-1
KHAPRETA_510206,311969.860,2624307.200,128.6300,0.0000,3.7900,0.2422,-1
KHAPRETA_510206,311973.860,2624307.200,129.5200,0.1881,2.9000,0.1853,-1
KHAPRETA_510206,311975.860,2624307.200,130.2900,0.0281,2.1300,0.1361,-1
KHAPRETA_510206,311979.860,2624307.200,127.7600,0.7350,4.6600,0.2978,-1
KHAPRETA_510206,311981.860,2624307.200,128.0200,0.9995,4.4000,0.2811,-1
KHAPRETA_510206,311982.860,2624307.200,127.9000,0.8781,4.5200,0.2888,-1
KHAPRETA_510206,311986.860,2624307.200,127.4700,1.3181,4.9500,0.3163,-1
KHAPRETA_510206,311989.860,2624307.200,127.6600,1.0531,4.7600,0.3042,-1
KHAPRETA_510206,311991.860,2624307.200,127.6700,1.2031,4.7500,0.3035,-1
KHAPRETA_510206,311992.860,2624307.200,127.3700,1.6832,5.0500,0.3227,-1
KHAPRETA_510206,311996.860,2624307.200,127.1400,0.0000,5.2800,0.3374,-1
KHAPRETA_510206,312005.860,2624307.200,127.2700,0.0000,5.1500,0.3291,-1
KHAPRETA_510206,312013.860,2624307.200,127.2300,1.3031,5.1900,0.3316,-1
KHAPRETA_510206,312016.860,2624307.200,127.1700,1.7687,5.2500,0.3355,-1
KHAPRETA_510206,312017.860,2624307.200,127.3100,1.8287,5.1100,0.3265,-1
KHAPRETA_510206,312025.860,2624307.200,127.1900,0.0000,5.2300,0.3342,-1
KHAPRETA_510206,312029.860,2624307.200,127.1900,1.3181,5.2300,0.3342,-1
KHAPRETA_510206,312031.860,2624307.200,127.3100,0.0000,5.1100,0.3265,-1
KHAPRETA_510206,312035.860,2624307.200,127.5200,1.2331,4.9000,0.3131,-1
KHAPRETA_510206,312036.860,2624307.200,127.3100,1.1281,5.1100,0.3265,-1
KHAPRETA_510206,312039.860,2624307.200,127.2500,1.7863,5.1700,0.3304,-1
KHAPRETA_510206,312040.860,2624307.200,127.2700,1.6223,5.1500,0.3291,-1
KHAPRETA_510206,312044.860,2624307.200,127.8100,1.2331,4.6100,0.2946,-1
KHAPRETA_510206,312045.860,2624307.200,127.3100,1.5344,5.1100,0.3265,-1
KHAPRETA_510206,312049.860,2624307.200,127.5900,0.0000,4.8300,0.3086,-1
KHAPRETA_510206,312054.860,2624307.200,127.4500,0.0000,4.9700,0.3176,-1
KHAPRETA_510206,312057.860,2624307.200,127.5200,0.0000,4.9000,0.3131,-1
KHAPRETA_510206,312060.860,2624307.200,127.5500,1.1131,4.8700,0.3112,-1
KHAPRETA_510206,312066.860,2624307.200,127.6600,1.0531,4.7600,0.3042,-1
KHAPRETA_510206,312067.860,2624307.200,127.6700,1.0581,4.7500,0.3035,-1
KHAPRETA_510206,312068.860,2624307.200,127.6800,1.4822,4.7400,0.3029,-1
KHAPRETA_510206,312070.860,2624307.200,127.7300,1.0331,4.6900,0.2997,-1
KHAPRETA_510206,312072.860,2624307.200,127.7100,1.0131,4.7100,0.3010,-1
KHAPRETA_510206,312073.860,2624307.200,127.7500,1.0331,4.6700,0.2984,-1
KHAPRETA_510206,312075.860,2624307.200,128.1600,0.6331,4.2600,0.2722,-1
KHAPRETA_510206,312076.860,2624307.200,128.5100,0.8081,3.9100,0.2498,-1
KHAPRETA_510206,312080.860,2624307.200,128.5100,0.5181,3.9100,0.2498,-1
KHAPRETA_510206,312081.860,2624307.200,128.7400,0.6331,3.6800,0.2351,-1
KHAPRETA_510206,312084.860,2624307.200,128.6000,0.5331,3.8200,0.2441,-1
KHAPRETA_510206,312088.860,2624307.200,128.6900,0.0000,3.7300,0.2383,-1
KHAPRETA_510206,312093.860,2624307.200,128.6900,0.0250,3.7300,0.2383,-1
KHAPRETA_510206,312099.860,2624307.200,129.4300,0.2431,2.9900,0.1911,-1
KHAPRETA_510206,312100.860,2624307.200,129.2900,0.5986,3.1300,0.2000,-1
KHAPRETA_510206,312102.860,2624307.200,129.0700,0.0000,3.3500,0.2141,-1
KHAPRETA_510206,312105.860,2624307.200,129.8300,0.3090,2.5900,0.1655,-1
KHAPRETA_510206,312106.860,2624307.200,130.0000,0.0269,2.4200,0.1546,-1
KHAPRETA_510206,312113.860,2624307.200,129.2900,0.1356,3.1300,0.2000,-1
KHAPRETA_510206,312114.860,2624307.200,129.5700,0.2460,2.8500,0.1821,-1
KHAPRETA_510206,312122.860,2624307.200,129.7800,0.1919,2.6400,0.1687,-1
KHAPRETA_510206,312125.860,2624307.200,130.0700,0.0000,2.3500,0.1502,-1
KHAPRETA_510206,312128.860,2624307.200,130.0600,0.1543,2.3600,0.1508,-1
KHAPRETA_510206,312129.860,2624307.200,130.0700,0.1419,2.3500,0.1502,-1
KHAPRETA_510206,312131.860,2624307.200,129.4800,0.0000,2.9400,0.1879,-1
KHAPRETA_510206,312133.860,2624307.200,129.3100,0.3950,3.1100,0.1987,-1
KHAPRETA_510206,312135.860,2624307.200,129.3100,0.2320,3.1100,0.1987,-1
KHAPRETA_510206,312136.860,2624307.200,129.4400,0.2481,2.9800,0.1904,-1
KHAPRETA_510206,312139.860,2624307.200,129.4600,0.3103,2.9600,0.1891,-1
KHAPRETA_510206,312140.860,2624307.200,129.9800,0.2693,2.4400,0.1559,-1
KHAPRETA_510206,312153.860,2624307.200,129.2300,0.0000,3.1900,0.2038,-1
KHAPRETA_510206,312155.860,2624307.200,129.2100,0.0000,3.2100,0.2051,-1
KHAPRETA_510206,312158.860,2624307.200,129.2500,0.0000,3.1700,0.2026,-1
KHAPRETA_510206,312162.860,2624307.200,129.2300,0.0000,3.1900,0.2038,-1
KHAPRETA_510206,312165.860,2624307.200,129.2700,0.0000,3.1500,0.2013,-1
KHAPRETA_510206,312173.860,2624307.200,129.3200,0.2031,3.1000,0.1981,-1
KHAPRETA_510206,312175.860,2624307.200,129.3600,0.0000,3.0600,0.1955,-1
KHAPRETA_510206,312184.860,2624307.200,129.4100,0.0000,3.0100,0.1923,-1
KHAPRETA_510206,312186.860,2624307.200,129.4200,0.1500,3.0000,0.1917,-1
KHAPRETA_510206,312188.860,2624307.200,129.5200,0.0000,2.9000,0.1853,-1
KHAPRETA_510206,312191.860,2624307.200,129.4900,0.1600,2.9300,0.1872,-1
KHAPRETA_510206,312197.860,2624307.200,129.8700,0.0000,2.5500,0.1629,-1
KHAPRETA_510206,312206.860,2624307.200,129.9900,0.0819,2.4300,0.1553,-1
KHAPRETA_510206,312208.860,2624307.200,129.9100,0.0000,2.5100,0.1604,-1
KHAPRETA_510206,312212.860,2624307.200,129.9300,0.0000,2.4900,0.1591,-1
KHAPRETA_510206,312219.860,2624307.200,130.2900,0.4112,2.1300,0.1361,-1
KHAPRETA_510206,312220.860,2624307.200,130.4100,0.2569,2.0100,0.1284,-1
KHAPRETA_510206,312225.860,2624307.200,130.3400,0.2719,2.0800,0.1329,-1
KHAPRETA_510206,312226.860,2624307.200,130.3200,0.2819,2.1000,0.1342,-1
KHAPRETA_510206,312235.860,2624307.200,130.3600,0.2769,2.0600,0.1316,-1
KHAPRETA_510206,312237.860,2624307.200,130.2300,0.2269,2.1900,0.1399,-1
KHAPRETA_510206,312239.860,2624307.200,130.3800,0.0000,2.0400,0.1304,-1
KHAPRETA_510206,312242.860,2624307.200,130.5200,0.3969,1.9000,0.1214,-1
KHAPRETA_510206,312243.860,2624307.200,130.5700,0.3719,1.8500,0.1182,-1
KHAPRETA_510206,312245.860,2624307.200,131.0200,0.0000,1.4000,0.0895,-1
KHAPRETA_510206,312248.860,2624307.200,131.0400,0.0000,1.3800,0.0882,-1
KHAPRETA_510206,312252.860,2624307.200,131.1400,0.9583,1.2800,0.0818,-1
KHAPRETA_510206,312253.860,2624307.200,131.1900,0.9679,1.2300,0.0786,-1
KHAPRETA_510206,312257.860,2624307.200,131.1000,0.0000,1.3200,0.0843,-1
KHAPRETA_510206,312260.860,2624307.200,131.1600,0.5869,1.2600,0.0805,-1
KHAPRETA_510206,312261.860,2624307.200,130.9500,0.6919,1.4700,0.0939,-1
KHAPRETA_510206,312269.860,2624307.200,131.1800,0.0000,1.2400,0.0792,-1
KHAPRETA_510206,312276.860,2624307.200,130.9300,0.5169,1.4900,0.0952,-1
KHAPRETA_510206,312277.860,2624307.200,130.8100,0.5243,1.6100,0.1029,-1
KHAPRETA_510206,312278.860,2624307.200,130.8300,0.5169,1.5900,0.1016,-1
KHAPRETA_510206,312281.860,2624307.200,130.8500,0.0000,1.5700,0.1003,-1
KHAPRETA_510206,312283.860,2624307.200,130.8700,0.0000,1.5500,0.0990,-1
KHAPRETA_510206,312318.860,2624307.200,131.5300,0.0000,0.8900,0.0569,-1
KHAPRETA_510206,312324.860,2624307.200,131.4600,0.0000,0.9600,0.0613,-1
KHAPRETA_510206,312329.860,2624307.200,131.9600,0.0000,0.4600,0.0294,-1
KHAPRETA_510206,312332.860,2624307.200,131.9000,1.4912,0.5200,0.0332,-1
KHAPRETA_510206,312333.860,2624307.200,131.8900,0.0150,0.5300,0.0339,-1
KHAPRETA_510206,312334.860,2624307.200,131.8700,1.4947,0.5500,0.0351,-1
KHAPRETA_510206,312341.860,2624307.200,131.6500,0.9569,0.7700,0.0492,-1
KHAPRETA_510206,312349.860,2624307.200,131.9500,0.0000,0.4700,0.0300,-1
KHAPRETA_510206,312352.860,2624307.200,131.9500,0.0000,0.4700,0.0300,-1
KHAPRETA_510206,312354.860,2624307.200,132.0100,1.5374,0.4100,0.0262,-1
KHAPRETA_510206,312355.860,2624307.200,131.9100,1.1169,0.5100,0.0326,-1
KHAPRETA_510206,311915.860,2624308.200,128.2700,0.0000,4.1500,0.2652,-1
KHAPRETA_510206,311924.860,2624308.200,128.1100,0.8431,4.3100,0.2754,-1
KHAPRETA_510206,311927.860,2624308.200,128.1000,0.0000,4.3200,0.2760,-1
KHAPRETA_510206,311933.860,2624308.200,128.0300,0.0000,4.3900,0.2805,-1
KHAPRETA_510206,311935.860,2624308.200,127.9900,0.8631,4.4300,0.2831,-1
KHAPRETA_510206,311940.860,2624308.200,127.6400,0.0000,4.7800,0.3054,-1
KHAPRETA_510206,311959.860,2624308.200,125.6500,0.2981,6.7700,0.4326,-1
KHAPRETA_510206,311960.860,2624308.200,129.1800,2.2548,3.2400,0.2070,-1
KHAPRETA_510206,311962.860,2624308.200,124.5000,2.6931,7.9200,0.5061,-1
KHAPRETA_510206,311964.860,2624308.200,124.8400,3.4341,7.5800,0.4843,-1
KHAPRETA_510206,311965.860,2624308.200,124.9800,2.4681,7.4400,0.4754,-1
KHAPRETA_510206,311968.860,2624308.200,125.7900,2.2281,6.6300,0.4236,-1
KHAPRETA_510206,311971.860,2624308.200,127.9900,0.0000,4.4300,0.2831,-1
KHAPRETA_510206,311974.860,2624308.200,129.6000,0.0281,2.8200,0.1802,-1
KHAPRETA_510206,311975.860,2624308.200,129.7200,0.7928,2.7000,0.1725,-1
KHAPRETA_510206,311976.860,2624308.200,131.1000,0.6925,1.3200,0.0843,-1
KHAPRETA_510206,311979.860,2624308.200,128.3400,1.0081,4.0800,0.2607,-1
KHAPRETA_510206,311981.860,2624308.200,128.3000,0.8781,4.1200,0.2633,-1
KHAPRETA_510206,311985.860,2624308.200,127.6400,0.0000,4.7800,0.3054,-1
KHAPRETA_510206,311990.860,2624308.200,127.1000,1.2981,5.3200,0.3399,-1
KHAPRETA_510206,311992.860,2624308.200,127.1500,1.2031,5.2700,0.3367,-1
KHAPRETA_510206,312000.860,2624308.200,127.6400,1.1031,4.7800,0.3054,-1
KHAPRETA_510206,312004.860,2624308.200,127.6900,0.0000,4.7300,0.3022,-1
KHAPRETA_510206,312006.860,2624308.200,127.6700,0.0000,4.7500,0.3035,-1
KHAPRETA_510206,312009.860,2624308.200,127.1500,1.8817,5.2700,0.3367,-1
KHAPRETA_510206,312010.860,2624308.200,127.1200,0.1200,5.3000,0.3387,-1
KHAPRETA_510206,312011.860,2624308.200,127.3900,1.3281,5.0300,0.3214,-1
KHAPRETA_510206,312013.860,2624308.200,127.1700,1.2731,5.2500,0.3355,-1
KHAPRETA_510206,312018.860,2624308.200,127.1900,1.2731,5.2300,0.3342,-1
KHAPRETA_510206,312019.860,2624308.200,127.2300,1.2931,5.1900,0.3316,-1
KHAPRETA_510206,312029.860,2624308.200,127.1400,1.2931,5.2800,0.3374,-1
KHAPRETA_510206,312033.860,2624308.200,127.4200,1.2181,5.0000,0.3195,-1
KHAPRETA_510206,312034.860,2624308.200,127.3400,1.1781,5.0800,0.3246,-1
KHAPRETA_510206,312038.860,2624308.200,127.2400,0.0000,5.1800,0.3310,-1
KHAPRETA_510206,312040.860,2624308.200,127.7400,1.2531,4.6800,0.2990,-1
KHAPRETA_510206,312043.860,2624308.200,127.3200,0.0000,5.1000,0.3259,-1
KHAPRETA_510206,312045.860,2624308.200,127.4200,1.7795,5.0000,0.3195,-1
KHAPRETA_510206,312046.860,2624308.200,127.2100,1.1781,5.2100,0.3329,-1
KHAPRETA_510206,312052.860,2624308.200,127.4600,1.1631,4.9600,0.3169,-1
KHAPRETA_510206,312053.860,2624308.200,127.4500,1.1581,4.9700,0.3176,-1
KHAPRETA_510206,312063.860,2624308.200,127.6000,0.0000,4.8200,0.3080,-1
KHAPRETA_510206,312068.860,2624308.200,127.6900,0.0000,4.7300,0.3022,-1
KHAPRETA_510206,312071.860,2624308.200,127.7500,0.0000,4.6700,0.2984,-1
KHAPRETA_510206,312079.860,2624308.200,128.5800,0.0000,3.8400,0.2454,-1
KHAPRETA_510206,312084.860,2624308.200,128.7100,0.0500,3.7100,0.2371,-1
KHAPRETA_510206,312090.860,2624308.200,128.8000,0.5581,3.6200,0.2313,-1
KHAPRETA_510206,312091.860,2624308.200,128.6600,0.4881,3.7600,0.2403,-1
KHAPRETA_510206,312093.860,2624308.200,128.7300,0.7751,3.6900,0.2358,-1
KHAPRETA_510206,312094.860,2624308.200,128.6700,0.5231,3.7500,0.2396,-1
KHAPRETA_510206,312100.860,2624308.200,128.6300,0.2900,3.7900,0.2422,-1
KHAPRETA_510206,312104.860,2624308.200,129.5700,0.4995,2.8500,0.1821,-1
KHAPRETA_510206,312105.860,2624308.200,129.2000,0.3362,3.2200,0.2058,-1
KHAPRETA_510206,312113.860,2624308.200,129.6000,0.2431,2.8200,0.1802,-1
KHAPRETA_510206,312119.860,2624308.200,129.7300,0.0000,2.6900,0.1719,-1
KHAPRETA_510206,312123.860,2624308.200,129.6500,0.0000,2.7700,0.1770,-1
KHAPRETA_510206,312132.860,2624308.200,129.4200,0.5581,3.0000,0.1917,-1
KHAPRETA_510206,312133.860,2624308.200,128.8200,0.2933,3.6000,0.2300,-1
KHAPRETA_510206,312135.860,2624308.200,129.6100,0.1354,2.8100,0.1796,-1
KHAPRETA_510206,312136.860,2624308.200,129.8800,0.1875,2.5400,0.1623,-1
KHAPRETA_510206,312140.860,2624308.200,129.3400,0.3388,3.0800,0.1968,-1
KHAPRETA_510206,312141.860,2624308.200,129.1300,0.2181,3.2900,0.2102,-1
KHAPRETA_510206,312148.860,2624308.200,129.1300,0.3081,3.2900,0.2102,-1
KHAPRETA_510206,312150.860,2624308.200,129.1700,0.0000,3.2500,0.2077,-1
KHAPRETA_510206,312156.860,2624308.200,129.2700,0.2681,3.1500,0.2013,-1
KHAPRETA_510206,312157.860,2624308.200,129.2400,0.2531,3.1800,0.2032,-1
KHAPRETA_510206,312160.860,2624308.200,129.2400,0.2631,3.1800,0.2032,-1
KHAPRETA_510206,312161.860,2624308.200,129.2500,0.3791,3.1700,0.2026,-1
KHAPRETA_510206,312163.860,2624308.200,129.2600,0.0000,3.1600,0.2019,-1
KHAPRETA_510206,312166.860,2624308.200,129.2900,0.2481,3.1300,0.2000,-1
KHAPRETA_510206,312168.860,2624308.200,129.3100,0.2431,3.1100,0.1987,-1
KHAPRETA_510206,312169.860,2624308.200,129.2900,0.2331,3.1300,0.2000,-1
KHAPRETA_510206,312174.860,2624308.200,129.2900,0.0000,3.1300,0.2000,-1
KHAPRETA_510206,312176.860,2624308.200,129.3100,0.0000,3.1100,0.1987,-1
KHAPRETA_510206,312180.860,2624308.200,129.3600,0.0000,3.0600,0.1955,-1
KHAPRETA_510206,312185.860,2624308.200,129.7500,0.0331,2.6700,0.1706,-1
KHAPRETA_510206,312186.860,2624308.200,129.7100,0.1785,2.7100,0.1732,-1
KHAPRETA_510206,312191.860,2624308.200,129.7800,0.1431,2.6400,0.1687,-1
KHAPRETA_510206,312198.860,2624308.200,129.8700,0.0000,2.5500,0.1629,-1
KHAPRETA_510206,312203.860,2624308.200,129.9400,0.0719,2.4800,0.1585,-1
KHAPRETA_510206,312204.860,2624308.200,129.9200,0.0970,2.5000,0.1597,-1
KHAPRETA_510206,312211.860,2624308.200,129.9900,0.0000,2.4300,0.1553,-1
KHAPRETA_510206,312214.860,2624308.200,129.9300,0.1265,2.4900,0.1591,-1
KHAPRETA_510206,312215.860,2624308.200,129.9600,0.0769,2.4600,0.1572,-1
KHAPRETA_510206,312217.860,2624308.200,130.0800,0.0000,2.3400,0.1495,-1
KHAPRETA_510206,312229.860,2624308.200,130.3600,0.0000,2.0600,0.1316,-1
KHAPRETA_510206,312231.860,2624308.200,130.3600,0.3269,2.0600,0.1316,-1
KHAPRETA_510206,312232.860,2624308.200,130.4300,0.2919,1.9900,0.1272,-1
KHAPRETA_510206,312234.860,2624308.200,130.4300,0.0000,1.9900,0.1272,-1
KHAPRETA_510206,312237.860,2624308.200,130.2300,0.2269,2.1900,0.1399,-1
KHAPRETA_510206,312241.860,2624308.200,130.5100,0.0000,1.9100,0.1220,-1
KHAPRETA_510206,312252.860,2624308.200,131.0700,0.6819,1.3500,0.0863,-1
KHAPRETA_510206,312268.860,2624308.200,131.1800,0.0000,1.2400,0.0792,-1
KHAPRETA_510206,312270.860,2624308.200,131.1900,0.6519,1.2300,0.0786,-1
KHAPRETA_510206,312274.860,2624308.200,131.0700,0.0000,1.3500,0.0863,-1
KHAPRETA_510206,312278.860,2624308.200,130.8500,0.7523,1.5700,0.1003,-1
KHAPRETA_510206,312279.860,2624308.200,130.8500,0.5369,1.5700,0.1003,-1
KHAPRETA_510206,312284.860,2624308.200,130.8900,0.0000,1.5300,0.0978,-1
KHAPRETA_510206,312292.860,2624308.200,130.9200,0.5769,1.5000,0.0958,-1
KHAPRETA_510206,312295.860,2624308.200,130.8900,0.8230,1.5300,0.0978,-1
KHAPRETA_510206,312296.860,2624308.200,130.9400,0.7947,1.4800,0.0946,-1
KHAPRETA_510206,312300.860,2624308.200,130.9600,0.5819,1.4600,0.0933,-1
KHAPRETA_510206,312301.860,2624308.200,130.9400,0.5919,1.4800,0.0946,-1
KHAPRETA_510206,312303.860,2624308.200,130.9600,0.5869,1.4600,0.0933,-1
KHAPRETA_510206,312313.860,2624308.200,131.5900,0.0000,0.8300,0.0530,-1
KHAPRETA_510206,312316.860,2624308.200,132.2300,0.0000,0.1900,0.0121,-1
KHAPRETA_510206,312320.860,2624308.200,131.6100,1.2084,0.8100,0.0518,-1
KHAPRETA_510206,312321.860,2624308.200,131.4800,0.9169,0.9400,0.0601,-1
KHAPRETA_510206,312325.860,2624308.200,131.4600,0.0000,0.9600,0.0613,-1
KHAPRETA_510206,312330.860,2624308.200,131.8900,0.0000,0.5300,0.0339,-1
KHAPRETA_510206,312332.860,2624308.200,131.8800,1.0619,0.5400,0.0345,-1
KHAPRETA_510206,312334.860,2624308.200,131.8900,1.0469,0.5300,0.0339,-1
KHAPRETA_510206,312338.860,2624308.200,131.7000,0.0000,0.7200,0.0460,-1
KHAPRETA_510206,312344.860,2624308.200,131.6000,1.0319,0.8200,0.0524,-1
KHAPRETA_510206,312345.860,2624308.200,131.8400,1.4265,0.5800,0.0371,-1
KHAPRETA_510206,312347.860,2624308.200,132.0600,0.0000,0.3600,0.0230,-1
KHAPRETA_510206,312354.860,2624308.200,131.9900,1.1169,0.4300,0.0275,-1
KHAPRETA_510206,312356.860,2624308.200,131.9800,1.1269,0.4400,0.0281,-1
KHAPRETA_510206,312357.860,2624308.200,132.0300,1.1019,0.3900,0.0249,-1
KHAPRETA_510206,311918.860,2624309.200,128.2700,0.7031,4.1500,0.2652,-1
KHAPRETA_510206,311924.860,2624309.200,128.0900,0.0200,4.3300,0.2767,-1
KHAPRETA_510206,311929.860,2624309.200,128.0600,0.0000,4.3600,0.2786,-1
KHAPRETA_510206,311934.860,2624309.200,128.0900,0.8631,4.3300,0.2767,-1
KHAPRETA_510206,311935.860,2624309.200,128.0500,1.2281,4.3700,0.2792,-1
KHAPRETA_510206,311937.860,2624309.200,128.0000,0.9381,4.4200,0.2824,-1
KHAPRETA_510206,311939.860,2624309.200,127.6100,1.0981,4.8100,0.3073,-1
KHAPRETA_510206,311942.860,2624309.200,127.2600,1.4531,5.1600,0.3297,-1
KHAPRETA_510206,311951.860,2624309.200,131.4600,0.0000,0.9600,0.0613,-1
KHAPRETA_510206,311958.860,2624309.200,132.1300,0.0000,0.2900,0.0185,-1
KHAPRETA_510206,311960.860,2624309.200,124.8700,0.2981,7.5500,0.4824,-1
KHAPRETA_510206,311963.860,2624309.200,124.6200,0.0000,7.8000,0.4984,-1
KHAPRETA_510206,311968.860,2624309.200,125.3200,1.9931,7.1000,0.4537,-1
KHAPRETA_510206,311972.860,2624309.200,128.6300,0.2031,3.7900,0.2422,-1
KHAPRETA_510206,311976.860,2624309.200,131.1600,0.6619,1.2600,0.0805,-1
KHAPRETA_510206,311982.860,2624309.200,128.1500,0.0000,4.2700,0.2728,-1
KHAPRETA_510206,311987.860,2624309.200,127.5700,1.1931,4.8500,0.3099,-1
KHAPRETA_510206,311988.860,2624309.200,127.3900,0.0050,5.0300,0.3214,-1
KHAPRETA_510206,311989.860,2624309.200,127.5600,0.1050,4.8600,0.3105,-1
KHAPRETA_510206,311990.860,2624309.200,127.1800,1.3434,5.2400,0.3348,-1
KHAPRETA_510206,311991.860,2624309.200,127.3200,1.6970,5.1000,0.3259,-1
KHAPRETA_510206,311997.860,2624309.200,127.1500,0.0000,5.2700,0.3367,-1
KHAPRETA_510206,311999.860,2624309.200,127.7200,1.5045,4.7000,0.3003,-1
KHAPRETA_510206,312000.860,2624309.200,127.5700,1.4825,4.8500,0.3099,-1
KHAPRETA_510206,312003.860,2624309.200,127.1700,0.0000,5.2500,0.3355,-1
KHAPRETA_510206,312009.860,2624309.200,127.1100,0.0100,5.3100,0.3393,-1
KHAPRETA_510206,312015.860,2624309.200,127.1500,0.0000,5.2700,0.3367,-1
KHAPRETA_510206,312017.860,2624309.200,127.2000,0.0000,5.2200,0.3335,-1
KHAPRETA_510206,312020.860,2624309.200,127.1500,0.0000,5.2700,0.3367,-1
KHAPRETA_510206,312032.860,2624309.200,127.2900,0.0000,5.1300,0.3278,-1
KHAPRETA_510206,312036.860,2624309.200,127.2100,1.0281,5.2100,0.3329,-1
KHAPRETA_510206,312041.860,2624309.200,127.1900,0.0000,5.2300,0.3342,-1
KHAPRETA_510206,312044.860,2624309.200,127.5600,0.0000,4.8600,0.3105,-1
KHAPRETA_510206,312048.860,2624309.200,128.1800,1.7014,4.2400,0.2709,-1
KHAPRETA_510206,312049.860,2624309.200,127.3700,1.2623,5.0500,0.3227,-1
KHAPRETA_510206,312054.860,2624309.200,127.4600,1.1431,4.9600,0.3169,-1
KHAPRETA_510206,312059.860,2624309.200,127.5700,1.5458,4.8500,0.3099,-1
KHAPRETA_510206,312060.860,2624309.200,127.6000,1.1031,4.8200,0.3080,-1
KHAPRETA_510206,312066.860,2624309.200,127.6500,1.0481,4.7700,0.3048,-1
KHAPRETA_510206,312068.860,2624309.200,127.6800,1.0431,4.7400,0.3029,-1
KHAPRETA_510206,312080.860,2624309.200,128.6500,0.0000,3.7700,0.2409,-1
KHAPRETA_510206,312084.860,2624309.200,128.7000,0.5386,3.7200,0.2377,-1
KHAPRETA_510206,312085.860,2624309.200,128.7000,0.5381,3.7200,0.2377,-1
KHAPRETA_510206,312099.860,2624309.200,128.7800,0.5331,3.6400,0.2326,-1
KHAPRETA_510206,312100.860,2624309.200,128.7100,0.5911,3.7100,0.2371,-1
KHAPRETA_510206,312101.860,2624309.200,129.0700,0.5331,3.3500,0.2141,-1
KHAPRETA_510206,312103.860,2624309.200,129.3400,0.4081,3.0800,0.1968,-1
KHAPRETA_510206,312104.860,2624309.200,128.9600,0.5452,3.4600,0.2211,-1
KHAPRETA_510206,312105.860,2624309.200,129.1900,0.4995,3.2300,0.2064,-1
KHAPRETA_510206,312109.860,2624309.200,129.6500,0.1731,2.7700,0.1770,-1
KHAPRETA_510206,312110.860,2624309.200,129.4300,0.0737,2.9900,0.1911,-1
KHAPRETA_510206,312114.860,2624309.200,129.4200,0.0363,3.0000,0.1917,-1
KHAPRETA_510206,312115.860,2624309.200,129.7300,0.6096,2.6900,0.1719,-1
KHAPRETA_510206,312118.860,2624309.200,129.4900,0.0000,2.9300,0.1872,-1
KHAPRETA_510206,312121.860,2624309.200,130.1800,0.1119,2.2400,0.1431,-1
KHAPRETA_510206,312122.860,2624309.200,130.0000,0.2333,2.4200,0.1546,-1
KHAPRETA_510206,312125.860,2624309.200,129.7300,0.1645,2.6900,0.1719,-1
KHAPRETA_510206,312126.860,2624309.200,129.6500,0.1290,2.7700,0.1770,-1
KHAPRETA_510206,312132.860,2624309.200,129.2000,0.2100,3.2200,0.2058,-1
KHAPRETA_510206,312134.860,2624309.200,129.4300,0.1081,2.9900,0.1911,-1
KHAPRETA_510206,312135.860,2624309.200,129.5600,0.2570,2.8600,0.1827,-1
KHAPRETA_510206,312137.860,2624309.200,129.3700,0.0931,3.0500,0.1949,-1
KHAPRETA_510206,312139.860,2624309.200,129.1200,0.4881,3.3000,0.2109,-1
KHAPRETA_510206,312148.860,2624309.200,129.1600,0.3231,3.2600,0.2083,-1
KHAPRETA_510206,312158.860,2624309.200,129.2300,0.0000,3.1900,0.2038,-1
KHAPRETA_510206,312161.860,2624309.200,129.2400,0.2631,3.1800,0.2032,-1
KHAPRETA_510206,312166.860,2624309.200,129.2800,0.2431,3.1400,0.2006,-1
KHAPRETA_510206,312173.860,2624309.200,129.4700,0.0000,2.9500,0.1885,-1
KHAPRETA_510206,312178.860,2624309.200,129.6700,0.0000,2.7500,0.1757,-1
KHAPRETA_510206,312181.860,2624309.200,129.6900,0.0369,2.7300,0.1744,-1
KHAPRETA_510206,312182.860,2624309.200,129.8500,0.0500,2.5700,0.1642,-1
KHAPRETA_510206,312183.860,2624309.200,129.7900,0.0369,2.6300,0.1681,-1
KHAPRETA_510206,312190.860,2624309.200,129.8500,0.0369,2.5700,0.1642,-1
KHAPRETA_510206,312193.860,2624309.200,129.6100,0.1581,2.8100,0.1796,-1
KHAPRETA_510206,312194.860,2624309.200,129.4600,0.0831,2.9600,0.1891,-1
KHAPRETA_510206,312196.860,2624309.200,129.7900,0.0000,2.6300,0.1681,-1
KHAPRETA_510206,312199.860,2624309.200,129.8800,0.0000,2.5400,0.1623,-1
KHAPRETA_510206,312204.860,2624309.200,129.8800,0.0949,2.5400,0.1623,-1
KHAPRETA_510206,312205.860,2624309.200,129.9000,0.0808,2.5200,0.1610,-1
KHAPRETA_510206,312208.860,2624309.200,129.9500,0.1069,2.4700,0.1578,-1
KHAPRETA_510206,312209.860,2624309.200,129.9900,0.1229,2.4300,0.1553,-1
KHAPRETA_510206,312214.860,2624309.200,129.9500,0.0769,2.4700,0.1578,-1
KHAPRETA_510206,312216.860,2624309.200,129.9700,0.0000,2.4500,0.1565,-1
KHAPRETA_510206,312224.860,2624309.200,130.2400,0.2319,2.1800,0.1393,-1
KHAPRETA_510206,312225.860,2624309.200,130.2400,0.2319,2.1800,0.1393,-1
KHAPRETA_510206,312230.860,2624309.200,130.3400,0.2869,2.0800,0.1329,-1
KHAPRETA_510206,312233.860,2624309.200,130.4200,0.0000,2.0000,0.1278,-1
KHAPRETA_510206,312238.860,2624309.200,130.3000,0.0000,2.1200,0.1355,-1
KHAPRETA_510206,312246.860,2624309.200,130.9300,0.5919,1.4900,0.0952,-1
KHAPRETA_510206,312249.860,2624309.200,131.1100,0.0000,1.3100,0.0837,-1
KHAPRETA_510206,312260.860,2624309.200,131.1200,0.0000,1.3000,0.0831,-1
KHAPRETA_510206,312269.860,2624309.200,131.1200,0.9398,1.3000,0.0831,-1
KHAPRETA_510206,312270.860,2624309.200,131.0800,0.9753,1.3400,0.0856,-1
KHAPRETA_510206,312276.860,2624309.200,131.0500,0.6519,1.3700,0.0875,-1
KHAPRETA_510206,312287.860,2624309.200,130.8900,0.0000,1.5300,0.0978,-1
KHAPRETA_510206,312290.860,2624309.200,130.8700,0.5619,1.5500,0.0990,-1
KHAPRETA_510206,312291.860,2624309.200,130.9000,0.0300,1.5200,0.0971,-1
KHAPRETA_510206,312292.860,2624309.200,130.9300,0.8018,1.4900,0.0952,-1
KHAPRETA_510206,312295.860,2624309.200,130.9400,0.5670,1.4800,0.0946,-1
KHAPRETA_510206,312296.860,2624309.200,130.9100,0.5821,1.5100,0.0965,-1
KHAPRETA_510206,312297.860,2624309.200,130.9100,0.8018,1.5100,0.0965,-1
KHAPRETA_510206,312299.860,2624309.200,130.9400,0.0000,1.4800,0.0946,-1
KHAPRETA_510206,312303.860,2624309.200,130.9500,0.5919,1.4700,0.0939,-1
KHAPRETA_510206,312308.860,2624309.200,130.9500,0.0000,1.4700,0.0939,-1
KHAPRETA_510206,312320.860,2624309.200,131.4900,0.9169,0.9300,0.0594,-1
KHAPRETA_510206,312322.860,2624309.200,131.5300,0.0000,0.8900,0.0569,-1
KHAPRETA_510206,312327.860,2624309.200,131.7200,0.0000,0.7000,0.0447,-1
KHAPRETA_510206,312335.860,2624309.200,131.9900,1.1119,0.4300,0.0275,-1
KHAPRETA_510206,312343.860,2624309.200,131.8100,0.0000,0.6100,0.0390,-1
KHAPRETA_510206,312345.860,2624309.200,131.9700,0.1000,0.4500,0.0288,-1
KHAPRETA_510206,312348.860,2624309.200,132.0100,1.5937,0.4100,0.0262,-1
KHAPRETA_510206,312349.860,2624309.200,132.0200,0.0600,0.4000,0.0256,-1
KHAPRETA_510206,312350.860,2624309.200,131.8900,1.1219,0.5300,0.0339,-1
KHAPRETA_510206,312353.860,2624309.200,132.0400,1.1069,0.3800,0.0243,-1
KHAPRETA_510206,311918.860,2624310.200,128.3700,1.0936,4.0500,0.2588,-1
KHAPRETA_510206,311919.860,2624310.200,128.1900,0.7031,4.2300,0.2703,-1
KHAPRETA_510206,311924.860,2624310.200,128.1500,0.0600,4.2700,0.2728,-1
KHAPRETA_510206,311928.860,2624310.200,128.0800,0.0000,4.3400,0.2773,-1
KHAPRETA_510206,311937.860,2624310.200,127.9000,0.8881,4.5200,0.2888,-1
KHAPRETA_510206,311939.860,2624310.200,127.5800,0.1400,4.8400,0.3093,-1
KHAPRETA_510206,311942.860,2624310.200,126.8700,1.9107,5.5500,0.3546,-1
KHAPRETA_510206,311943.860,2624310.200,126.9000,1.4531,5.5200,0.3527,-1
KHAPRETA_510206,311948.860,2624310.200,130.4100,0.5419,2.0100,0.1284,-1
KHAPRETA_510206,311961.860,2624310.200,124.8900,0.0000,7.5300,0.4812,-1
KHAPRETA_510206,311967.860,2624310.200,125.1700,2.3081,7.2500,0.4633,-1
KHAPRETA_510206,311969.860,2624310.200,125.5200,2.0631,6.9000,0.4409,-1
KHAPRETA_510206,311972.860,2624310.200,129.3700,0.5906,3.0500,0.1949,-1
KHAPRETA_510206,311973.860,2624310.200,129.4900,0.2031,2.9300,0.1872,-1
KHAPRETA_510206,311977.860,2624310.200,130.9800,0.0000,1.4400,0.0920,-1
KHAPRETA_510206,311979.860,2624310.200,128.1900,0.7831,4.2300,0.2703,-1
KHAPRETA_510206,311980.860,2624310.200,128.2100,1.1251,4.2100,0.2690,-1
KHAPRETA_510206,311984.860,2624310.200,127.7900,0.8331,4.6300,0.2958,-1
KHAPRETA_510206,311986.860,2624310.200,127.5500,1.0231,4.8700,0.3112,-1
KHAPRETA_510206,311991.860,2624310.200,127.5900,0.0350,4.8300,0.3086,-1
KHAPRETA_510206,311994.860,2624310.200,127.1400,1.3081,5.2800,0.3374,-1
KHAPRETA_510206,311995.860,2624310.200,127.1600,1.8499,5.2600,0.3361,-1
KHAPRETA_510206,311999.860,2624310.200,127.7300,1.0281,4.6900,0.2997,-1
KHAPRETA_510206,312002.860,2624310.200,127.2600,1.2831,5.1600,0.3297,-1
KHAPRETA_510206,312005.860,2624310.200,127.5400,1.2431,4.8800,0.3118,-1
KHAPRETA_510206,312006.860,2624310.200,127.2900,1.1181,5.1300,0.3278,-1
KHAPRETA_510206,312009.860,2624310.200,127.1700,0.1300,5.2500,0.3355,-1
KHAPRETA_510206,312011.860,2624310.200,127.2700,0.0000,5.1500,0.3291,-1
KHAPRETA_510206,312013.860,2624310.200,127.1800,0.0000,5.2400,0.3348,-1
KHAPRETA_510206,312016.860,2624310.200,127.3700,0.0000,5.0500,0.3227,-1
KHAPRETA_510206,312022.860,2624310.200,127.2600,1.2881,5.1600,0.3297,-1
KHAPRETA_510206,312028.860,2624310.200,127.3400,0.0000,5.0800,0.3246,-1
KHAPRETA_510206,312036.860,2624310.200,127.7200,1.2831,4.7000,0.3003,-1
KHAPRETA_510206,312046.860,2624310.200,127.9500,1.5074,4.4700,0.2856,-1
KHAPRETA_510206,312047.860,2624310.200,127.3400,0.2900,5.0800,0.3246,-1
KHAPRETA_510206,312048.860,2624310.200,127.3700,0.8334,5.0500,0.3227,-1
KHAPRETA_510206,312049.860,2624310.200,127.8200,1.2031,4.6000,0.2939,-1
KHAPRETA_510206,312051.860,2624310.200,127.6800,0.0000,4.7400,0.3029,-1
KHAPRETA_510206,312054.860,2624310.200,127.4900,0.0250,4.9300,0.3150,-1
KHAPRETA_510206,312059.860,2624310.200,127.5800,1.1031,4.8400,0.3093,-1
KHAPRETA_510206,312065.860,2624310.200,127.6900,1.0481,4.7300,0.3022,-1
KHAPRETA_510206,312066.860,2624310.200,127.6800,1.0432,4.7400,0.3029,-1
KHAPRETA_510206,312070.860,2624310.200,128.1500,0.8910,4.2700,0.2728,-1
KHAPRETA_510206,312071.860,2624310.200,128.6200,0.1550,3.8000,0.2428,-1
KHAPRETA_510206,312072.860,2624310.200,128.4600,0.5781,3.9600,0.2530,-1
KHAPRETA_510206,312077.860,2624310.200,128.4900,0.0000,3.9300,0.2511,-1
KHAPRETA_510206,312081.860,2624310.200,128.6000,0.0000,3.8200,0.2441,-1
KHAPRETA_510206,312083.860,2624310.200,128.6900,0.7316,3.7300,0.2383,-1
KHAPRETA_510206,312084.860,2624310.200,128.6600,0.7645,3.7600,0.2403,-1
KHAPRETA_510206,312092.860,2624310.200,128.6900,0.0000,3.7300,0.2383,-1
KHAPRETA_510206,312104.860,2624310.200,128.4900,0.4081,3.9300,0.2511,-1
KHAPRETA_510206,312110.860,2624310.200,129.7000,0.1825,2.7200,0.1738,-1
KHAPRETA_510206,312111.860,2624310.200,129.6600,0.0381,2.7600,0.1764,-1
KHAPRETA_510206,312114.860,2624310.200,129.7200,0.6096,2.7000,0.1725,-1
KHAPRETA_510206,312115.860,2624310.200,128.6100,0.1184,3.8100,0.2435,-1
KHAPRETA_510206,312117.860,2624310.200,129.7900,0.0000,2.6300,0.1681,-1
KHAPRETA_510206,312119.860,2624310.200,129.6700,0.0000,2.7500,0.1757,-1
KHAPRETA_510206,312122.860,2624310.200,130.0100,0.1119,2.4100,0.1540,-1
KHAPRETA_510206,312125.860,2624310.200,130.0800,0.1290,2.3400,0.1495,-1
KHAPRETA_510206,312126.860,2624310.200,130.0300,0.1673,2.3900,0.1527,-1
KHAPRETA_510206,312131.860,2624310.200,129.2100,0.0319,3.2100,0.2051,-1
KHAPRETA_510206,312132.860,2624310.200,129.8400,0.3225,2.5800,0.1649,-1
KHAPRETA_510206,312133.860,2624310.200,128.9200,0.3246,3.5000,0.2236,-1
KHAPRETA_510206,312135.860,2624310.200,129.2300,0.1081,3.1900,0.2038,-1
KHAPRETA_510206,312137.860,2624310.200,129.5900,0.2600,2.8300,0.1808,-1
KHAPRETA_510206,312139.860,2624310.200,128.8000,0.3281,3.6200,0.2313,-1
KHAPRETA_510206,312144.860,2624310.200,129.0500,0.3681,3.3700,0.2153,-1
KHAPRETA_510206,312149.860,2624310.200,129.1700,0.0000,3.2500,0.2077,-1
KHAPRETA_510206,312153.860,2624310.200,129.1700,0.0000,3.2500,0.2077,-1
KHAPRETA_510206,312157.860,2624310.200,129.2000,0.0000,3.2200,0.2058,-1
KHAPRETA_510206,312172.860,2624310.200,129.8300,0.0000,2.5900,0.1655,-1
KHAPRETA_510206,312177.860,2624310.200,129.7800,0.0000,2.6400,0.1687,-1
KHAPRETA_510206,312189.860,2624310.200,129.9500,0.0369,2.4700,0.1578,-1
KHAPRETA_510206,312190.860,2624310.200,129.8500,0.0663,2.5700,0.1642,-1
KHAPRETA_510206,312191.860,2624310.200,129.8400,0.0250,2.5800,0.1649,-1
KHAPRETA_510206,312192.860,2624310.200,129.9000,0.0387,2.5200,0.1610,-1
KHAPRETA_510206,312200.860,2624310.200,129.9100,0.0619,2.5100,0.1604,-1
KHAPRETA_510206,312202.860,2624310.200,129.9000,0.0000,2.5200,0.1610,-1
KHAPRETA_510206,312205.860,2624310.200,129.9000,0.0619,2.5200,0.1610,-1
KHAPRETA_510206,312207.860,2624310.200,129.9500,0.0000,2.4700,0.1578,-1
KHAPRETA_510206,312209.860,2624310.200,129.9500,0.0100,2.4700,0.1578,-1
KHAPRETA_510206,312211.860,2624310.200,129.9500,0.0000,2.4700,0.1578,-1
KHAPRETA_510206,312213.860,2624310.200,129.9700,0.0000,2.4500,0.1565,-1
KHAPRETA_510206,312215.860,2624310.200,129.9700,0.0969,2.4500,0.1565,-1
KHAPRETA_510206,312219.860,2624310.200,130.1000,0.1669,2.3200,0.1482,-1
KHAPRETA_510206,312220.860,2624310.200,130.1100,0.1619,2.3100,0.1476,-1
KHAPRETA_510206,312223.860,2624310.200,130.3000,0.0000,2.1200,0.1355,-1
KHAPRETA_510206,312227.860,2624310.200,130.2900,0.2919,2.1300,0.1361,-1
KHAPRETA_510206,312228.860,2624310.200,130.3600,0.2569,2.0600,0.1316,-1
KHAPRETA_510206,312230.860,2624310.200,130.3500,0.3952,2.0700,0.1323,-1
KHAPRETA_510206,312231.860,2624310.200,130.3300,0.2869,2.0900,0.1335,-1
KHAPRETA_510206,312236.860,2624310.200,130.3800,0.3119,2.0400,0.1304,-1
KHAPRETA_510206,312246.860,2624310.200,130.9600,0.1050,1.4600,0.0933,-1
KHAPRETA_510206,312254.860,2624310.200,131.1700,0.0000,1.2500,0.0799,-1
KHAPRETA_510206,312269.860,2624310.200,131.1300,0.6719,1.2900,0.0824,-1
KHAPRETA_510206,312271.860,2624310.200,131.2200,0.0000,1.2000,0.0767,-1
KHAPRETA_510206,312275.860,2624310.200,130.9800,0.6519,1.4400,0.0920,-1
KHAPRETA_510206,312276.860,2624310.200,131.0800,0.8764,1.3400,0.0856,-1
KHAPRETA_510206,312282.860,2624310.200,130.8500,0.0000,1.5700,0.1003,-1
KHAPRETA_510206,312285.860,2624310.200,130.8600,0.0000,1.5600,0.0997,-1
KHAPRETA_510206,312289.860,2624310.200,130.8900,0.0000,1.5300,0.0978,-1
KHAPRETA_510206,312293.860,2624310.200,130.9000,0.0000,1.5200,0.0971,-1
KHAPRETA_510206,312295.860,2624310.200,130.9100,0.5819,1.5100,0.0965,-1
KHAPRETA_510206,312297.860,2624310.200,130.9100,0.0050,1.5100,0.0965,-1
KHAPRETA_510206,312300.860,2624310.200,130.9100,0.5719,1.5100,0.0965,-1
KHAPRETA_510206,312301.860,2624310.200,130.9200,0.7982,1.5000,0.0958,-1
KHAPRETA_510206,312311.860,2624310.200,131.3900,0.0000,1.0300,0.0658,-1
KHAPRETA_510206,312314.860,2624310.200,131.4700,0.0000,0.9500,0.0607,-1
KHAPRETA_510206,312323.860,2624310.200,131.4600,0.8519,0.9600,0.0613,-1
KHAPRETA_510206,312325.860,2624310.200,131.4600,0.0000,0.9600,0.0613,-1
KHAPRETA_510206,312334.860,2624310.200,131.9300,1.1119,0.4900,0.0313,-1
KHAPRETA_510206,312335.860,2624310.200,132.0000,1.5444,0.4200,0.0268,-1
KHAPRETA_510206,312341.860,2624310.200,131.8700,1.0669,0.5500,0.0351,-1
KHAPRETA_510206,312345.860,2624310.200,132.0400,1.0969,0.3800,0.0243,-1
KHAPRETA_510206,312348.860,2624310.200,132.0400,0.0400,0.3800,0.0243,-1
KHAPRETA_510206,312353.860,2624310.200,131.9900,1.5762,0.4300,0.0275,-1
KHAPRETA_510206,312354.860,2624310.200,131.9700,1.1069,0.4500,0.0288,-1
KHAPRETA_510206,312356.860,2624310.200,131.8500,1.0719,0.5700,0.0364,-1
KHAPRETA_510206,311913.860,2624311.200,128.3100,0.7531,4.1100,0.2626,-1
KHAPRETA_510206,311914.860,2624311.200,128.2700,1.0297,4.1500,0.2652,-1
KHAPRETA_510206,311917.860,2624311.200,128.1900,0.7331,4.2300,0.2703,-1
KHAPRETA_510206,311920.860,2624311.200,128.2900,0.7931,4.1300,0.2639,-1
KHAPRETA_510206,311923.860,2624311.200,128.1200,0.7831,4.3000,0.2748,-1
KHAPRETA_510206,311924.860,2624311.200,128.2100,0.8288,4.2100,0.2690,-1
KHAPRETA_510206,311926.860,2624311.200,128.1500,0.0000,4.2700,0.2728,-1
KHAPRETA_510206,311935.860,2624311.200,127.9100,0.0000,4.5100,0.2882,-1
KHAPRETA_510206,311939.860,2624311.200,127.3300,1.7155,5.0900,0.3252,-1
KHAPRETA_510206,311940.860,2624311.200,127.1400,1.2231,5.2800,0.3374,-1
KHAPRETA_510206,311948.860,2624311.200,130.8600,0.3169,1.5600,0.0997,-1
KHAPRETA_510206,311960.860,2624311.200,125.2800,0.0000,7.1400,0.4562,-1
KHAPRETA_510206,311964.860,2624311.200,124.8700,0.0000,7.5500,0.4824,-1
KHAPRETA_510206,311966.860,2624311.200,125.1200,3.2925,7.3000,0.4665,-1
KHAPRETA_510206,311967.860,2624311.200,125.1600,3.2747,7.2600,0.4639,-1
KHAPRETA_510206,311969.860,2624311.200,125.6500,2.1281,6.7700,0.4326,-1
KHAPRETA_510206,311974.860,2624311.200,130.1400,0.0000,2.2800,0.1457,-1
KHAPRETA_510206,311980.860,2624311.200,128.1800,0.1300,4.2400,0.2709,-1
KHAPRETA_510206,311984.860,2624311.200,128.1100,1.2835,4.3100,0.2754,-1
KHAPRETA_510206,311985.860,2624311.200,128.1500,0.9228,4.2700,0.2728,-1
KHAPRETA_510206,311986.860,2624311.200,127.7300,0.8134,4.6900,0.2997,-1
KHAPRETA_510206,311990.860,2624311.200,127.3800,1.2631,5.0400,0.3220,-1
KHAPRETA_510206,311991.860,2624311.200,127.2500,1.6218,5.1700,0.3304,-1
KHAPRETA_510206,311995.860,2624311.200,127.1800,1.3081,5.2400,0.3348,-1
KHAPRETA_510206,312002.860,2624311.200,127.2100,1.2581,5.2100,0.3329,-1
KHAPRETA_510206,312008.860,2624311.200,127.2500,1.2031,5.1700,0.3304,-1
KHAPRETA_510206,312009.860,2624311.200,127.3700,1.3038,5.0500,0.3227,-1
KHAPRETA_510206,312010.860,2624311.200,127.3400,1.2031,5.0800,0.3246,-1
KHAPRETA_510206,312012.860,2624311.200,127.2300,0.0000,5.1900,0.3316,-1
KHAPRETA_510206,312022.860,2624311.200,127.2000,1.2581,5.2200,0.3335,-1
KHAPRETA_510206,312024.860,2624311.200,127.2000,0.0000,5.2200,0.3335,-1
KHAPRETA_510206,312026.860,2624311.200,127.3900,0.0000,5.0300,0.3214,-1
KHAPRETA_510206,312030.860,2624311.200,127.2600,0.0000,5.1600,0.3297,-1
KHAPRETA_510206,312032.860,2624311.200,127.5300,0.0000,4.8900,0.3125,-1
KHAPRETA_510206,312037.860,2624311.200,127.5900,0.0000,4.8300,0.3086,-1
KHAPRETA_510206,312046.860,2624311.200,128.0000,0.9131,4.4200,0.2824,-1
KHAPRETA_510206,312049.860,2624311.200,127.3900,0.2600,5.0300,0.3214,-1
KHAPRETA_510206,312053.860,2624311.200,127.5100,1.1331,4.9100,0.3137,-1
KHAPRETA_510206,312054.860,2624311.200,127.5100,1.1332,4.9100,0.3137,-1
KHAPRETA_510206,312056.860,2624311.200,127.5300,1.1131,4.8900,0.3125,-1
KHAPRETA_510206,312057.860,2624311.200,127.5500,1.5882,4.8700,0.3112,-1
KHAPRETA_510206,312062.860,2624311.200,127.6400,0.0000,4.7800,0.3054,-1
KHAPRETA_510206,312066.860,2624311.200,127.6800,1.0481,4.7400,0.3029,-1
KHAPRETA_510206,312070.860,2624311.200,128.4200,0.8131,4.0000,0.2556,-1
KHAPRETA_510206,312082.860,2624311.200,128.5700,0.4731,3.8500,0.2460,-1
KHAPRETA_510206,312083.860,2624311.200,128.8300,0.6038,3.5900,0.2294,-1
KHAPRETA_510206,312097.860,2624311.200,128.8600,0.0000,3.5600,0.2275,-1
KHAPRETA_510206,312107.860,2624311.200,129.4700,0.0000,2.9500,0.1885,-1
KHAPRETA_510206,312109.860,2624311.200,129.6100,0.0000,2.8100,0.1796,-1
KHAPRETA_510206,312112.860,2624311.200,129.4400,0.0532,2.9800,0.1904,-1
KHAPRETA_510206,312113.860,2624311.200,129.6700,0.1681,2.7500,0.1757,-1
KHAPRETA_510206,312115.860,2624311.200,129.9600,0.6336,2.4600,0.1572,-1
KHAPRETA_510206,312116.860,2624311.200,129.2800,0.1144,3.1400,0.2006,-1
KHAPRETA_510206,312126.860,2624311.200,129.7900,0.2050,2.6300,0.1681,-1
KHAPRETA_510206,312133.860,2624311.200,129.1300,0.4281,3.2900,0.2102,-1
KHAPRETA_510206,312137.860,2624311.200,128.8500,0.4919,3.5700,0.2281,-1
KHAPRETA_510206,312138.860,2624311.200,128.8100,0.6549,3.6100,0.2307,-1
KHAPRETA_510206,312144.860,2624311.200,129.0400,0.3631,3.3800,0.2160,-1
KHAPRETA_510206,312146.860,2624311.200,129.1100,0.0000,3.3100,0.2115,-1
KHAPRETA_510206,312154.860,2624311.200,129.1700,0.0000,3.2500,0.2077,-1
KHAPRETA_510206,312161.860,2624311.200,129.3600,0.0081,3.0600,0.1955,-1
KHAPRETA_510206,312162.860,2624311.200,129.7600,0.2081,2.6600,0.1700,-1
KHAPRETA_510206,312165.860,2624311.200,129.7800,0.0069,2.6400,0.1687,-1
KHAPRETA_510206,312174.860,2624311.200,129.7700,0.0000,2.6500,0.1693,-1
KHAPRETA_510206,312179.860,2624311.200,129.8400,0.0000,2.5800,0.1649,-1
KHAPRETA_510206,312181.860,2624311.200,129.8500,0.0169,2.5700,0.1642,-1
KHAPRETA_510206,312185.860,2624311.200,129.8900,0.0000,2.5300,0.1617,-1
KHAPRETA_510206,312187.860,2624311.200,129.8300,0.0519,2.5900,0.1655,-1
KHAPRETA_510206,312188.860,2624311.200,129.8800,0.0269,2.5400,0.1623,-1
KHAPRETA_510206,312192.860,2624311.200,129.8200,0.0619,2.6000,0.1661,-1
KHAPRETA_510206,312198.860,2624311.200,129.8900,0.0000,2.5300,0.1617,-1
KHAPRETA_510206,312200.860,2624311.200,129.9000,0.0569,2.5200,0.1610,-1
KHAPRETA_510206,312201.860,2624311.200,129.8900,0.0619,2.5300,0.1617,-1
KHAPRETA_510206,312208.860,2624311.200,129.9500,0.0969,2.4700,0.1578,-1
KHAPRETA_510206,312209.860,2624311.200,129.9700,0.1229,2.4500,0.1565,-1
KHAPRETA_510206,312214.860,2624311.200,129.9900,0.0969,2.4300,0.1553,-1
KHAPRETA_510206,312215.860,2624311.200,129.9700,0.1443,2.4500,0.1565,-1
KHAPRETA_510206,312217.860,2624311.200,129.9900,0.0000,2.4300,0.1553,-1
KHAPRETA_510206,312224.860,2624311.200,130.2400,0.2619,2.1800,0.1393,-1
KHAPRETA_510206,312229.860,2624311.200,130.3700,0.0000,2.0500,0.1310,-1
KHAPRETA_510206,312235.860,2624311.200,130.4000,0.3119,2.0200,0.1291,-1
KHAPRETA_510206,312236.860,2624311.200,130.4000,0.3121,2.0200,0.1291,-1
KHAPRETA_510206,312240.860,2624311.200,132.3400,0.0000,0.0800,0.0051,-1
KHAPRETA_510206,312244.860,2624311.200,130.9100,0.7469,1.5100,0.0965,-1
KHAPRETA_510206,312246.860,2624311.200,130.7200,0.1800,1.7000,0.1086,-1
KHAPRETA_510206,312249.860,2624311.200,131.0500,0.6619,1.3700,0.0875,-1
KHAPRETA_510206,312250.860,2624311.200,131.1000,0.8628,1.3200,0.0843,-1
KHAPRETA_510206,312253.860,2624311.200,131.1500,0.0000,1.2700,0.0812,-1
KHAPRETA_510206,312256.860,2624311.200,131.1200,0.0000,1.3000,0.0831,-1
KHAPRETA_510206,312262.860,2624311.200,131.1400,0.0000,1.2800,0.0818,-1
KHAPRETA_510206,312264.860,2624311.200,131.1100,0.6669,1.3100,0.0837,-1
KHAPRETA_510206,312265.860,2624311.200,131.1100,0.6669,1.3100,0.0837,-1
KHAPRETA_510206,312286.860,2624311.200,130.9000,0.0000,1.5200,0.0971,-1
KHAPRETA_510206,312292.860,2624311.200,130.8900,0.5769,1.5300,0.0978,-1
KHAPRETA_510206,312297.860,2624311.200,130.9200,0.5669,1.5000,0.0958,-1
KHAPRETA_510206,312301.860,2624311.200,130.9000,0.5719,1.5200,0.0971,-1
KHAPRETA_510206,312309.860,2624311.200,131.9200,0.9119,0.5000,0.0319,-1
KHAPRETA_510206,312312.860,2624311.200,131.2400,0.0000,1.1800,0.0754,-1
KHAPRETA_510206,312315.860,2624311.200,131.3300,1.7529,1.0900,0.0696,-1
KHAPRETA_510206,312316.860,2624311.200,132.2300,0.1000,0.1900,0.0121,-1
KHAPRETA_510206,312317.860,2624311.200,131.5300,1.2269,0.8900,0.0569,-1
KHAPRETA_510206,312319.860,2624311.200,131.4800,0.8919,0.9400,0.0601,-1
KHAPRETA_510206,312320.860,2624311.200,131.5600,0.8457,0.8600,0.0550,-1
KHAPRETA_510206,312321.860,2624311.200,131.6400,0.8919,0.7800,0.0498,-1
KHAPRETA_510206,312323.860,2624311.200,131.4800,0.0150,0.9400,0.0601,-1
KHAPRETA_510206,312327.860,2624311.200,131.5800,0.0000,0.8400,0.0537,-1
KHAPRETA_510206,312330.860,2624311.200,131.8400,0.0000,0.5800,0.0371,-1
KHAPRETA_510206,312332.860,2624311.200,131.9700,0.0000,0.4500,0.0288,-1
KHAPRETA_510206,312337.860,2624311.200,131.7300,0.0000,0.6900,0.0441,-1
KHAPRETA_510206,312340.860,2624311.200,131.8900,1.0669,0.5300,0.0339,-1
KHAPRETA_510206,312341.860,2624311.200,131.9100,0.0335,0.5100,0.0326,-1
KHAPRETA_510206,312342.860,2624311.200,131.9500,0.0400,0.4700,0.0300,-1
KHAPRETA_510206,312343.860,2624311.200,131.9900,1.0869,0.4300,0.0275,-1
KHAPRETA_510206,312347.860,2624311.200,132.0200,1.0769,0.4000,0.0256,-1
KHAPRETA_510206,312348.860,2624311.200,131.9300,1.5937,0.4900,0.0313,-1
KHAPRETA_510206,312352.860,2624311.200,132.0500,1.1469,0.3700,0.0236,-1
KHAPRETA_510206,312355.860,2624311.200,131.8400,1.0719,0.5800,0.0371,-1
KHAPRETA_510206,312356.860,2624311.200,131.9200,1.0371,0.5000,0.0319,-1
KHAPRETA_510206,312357.860,2624311.200,131.8700,1.5054,0.5500,0.0351,-1
KHAPRETA_510206,312375.860,2624311.200,132.3900,0.0000,0.0300,0.0019,-1
KHAPRETA_510206,312377.860,2624311.200,132.3800,0.0000,0.0400,0.0026,-1
KHAPRETA_510206,311911.860,2624312.200,128.3000,0.0000,4.1200,0.2633,-1
KHAPRETA_510206,311914.860,2624312.200,128.3300,0.7531,4.0900,0.2613,-1
KHAPRETA_510206,311917.860,2624312.200,128.3100,0.7931,4.1100,0.2626,-1
KHAPRETA_510206,311919.860,2624312.200,128.2000,0.7931,4.2200,0.2696,-1
KHAPRETA_510206,311920.860,2624312.200,128.1900,0.7888,4.2300,0.2703,-1
KHAPRETA_510206,311922.860,2624312.200,128.1800,0.0000,4.2400,0.2709,-1
KHAPRETA_510206,311924.860,2624312.200,128.2200,0.7831,4.2000,0.2684,-1
KHAPRETA_510206,311927.860,2624312.200,128.1200,0.0000,4.3000,0.2748,-1
KHAPRETA_510206,311931.860,2624312.200,128.0900,1.2347,4.3300,0.2767,-1
KHAPRETA_510206,311932.860,2624312.200,128.0300,0.8431,4.3900,0.2805,-1
KHAPRETA_510206,311937.860,2624312.200,127.7900,1.5852,4.6300,0.2958,-1
KHAPRETA_510206,311938.860,2624312.200,127.5900,0.9931,4.8300,0.3086,-1
KHAPRETA_510206,311941.860,2624312.200,127.1300,0.0000,5.2900,0.3380,-1
KHAPRETA_510206,311947.860,2624312.200,130.1100,0.0000,2.3100,0.1476,-1
KHAPRETA_510206,311952.860,2624312.200,131.9400,0.0000,0.4800,0.0307,-1
KHAPRETA_510206,311958.860,2624312.200,126.0500,1.8781,6.3700,0.4070,-1
KHAPRETA_510206,311959.860,2624312.200,126.0200,1.8631,6.4000,0.4089,-1
KHAPRETA_510206,311961.860,2624312.200,125.0400,3.4975,7.3800,0.4716,-1
KHAPRETA_510206,311962.860,2624312.200,124.8000,2.4935,7.6200,0.4869,-1
KHAPRETA_510206,311963.860,2624312.200,124.7100,2.4881,7.7100,0.4927,-1
KHAPRETA_510206,311966.860,2624312.200,125.0800,2.3281,7.3400,0.4690,-1
KHAPRETA_510206,311968.860,2624312.200,125.2200,0.0000,7.2000,0.4601,-1
KHAPRETA_510206,311980.860,2624312.200,127.9500,0.7931,4.4700,0.2856,-1
KHAPRETA_510206,311981.860,2624312.200,128.1900,0.9131,4.2300,0.2703,-1
KHAPRETA_510206,311983.860,2624312.200,127.9400,0.0000,4.4800,0.2863,-1
KHAPRETA_510206,311985.860,2624312.200,127.9700,1.3583,4.4500,0.2843,-1
KHAPRETA_510206,311986.860,2624312.200,127.6000,1.3646,4.8200,0.3080,-1
KHAPRETA_510206,311988.860,2624312.200,127.6400,1.7087,4.7800,0.3054,-1
KHAPRETA_510206,311989.860,2624312.200,127.3200,1.6427,5.1000,0.3259,-1
KHAPRETA_510206,311992.860,2624312.200,127.1800,0.0000,5.2400,0.3348,-1
KHAPRETA_510206,311994.860,2624312.200,127.1700,0.0000,5.2500,0.3355,-1
KHAPRETA_510206,312020.860,2624312.200,127.2000,0.0000,5.2200,0.3335,-1
KHAPRETA_510206,312025.860,2624312.200,127.2600,1.2631,5.1600,0.3297,-1
KHAPRETA_510206,312029.860,2624312.200,127.3700,1.1031,5.0500,0.3227,-1
KHAPRETA_510206,312035.860,2624312.200,127.7200,0.0000,4.7000,0.3003,-1
KHAPRETA_510206,312039.860,2624312.200,127.6600,1.0231,4.7600,0.3042,-1
KHAPRETA_510206,312040.860,2624312.200,127.7300,1.4963,4.6900,0.2997,-1
KHAPRETA_510206,312042.860,2624312.200,127.6500,0.0000,4.7700,0.3048,-1
KHAPRETA_510206,312047.860,2624312.200,127.8900,0.0000,4.5300,0.2895,-1
KHAPRETA_510206,312049.860,2624312.200,127.3000,1.6732,5.1200,0.3272,-1
KHAPRETA_510206,312050.860,2624312.200,127.4300,1.2381,4.9900,0.3188,-1
KHAPRETA_510206,312054.860,2624312.200,127.5300,0.0250,4.8900,0.3125,-1
KHAPRETA_510206,312057.860,2624312.200,127.5300,1.5565,4.8900,0.3125,-1
KHAPRETA_510206,312058.860,2624312.200,127.6000,1.1231,4.8200,0.3080,-1
KHAPRETA_510206,312065.860,2624312.200,127.6800,0.0000,4.7400,0.3029,-1
KHAPRETA_510206,312071.860,2624312.200,128.3100,0.0000,4.1100,0.2626,-1
KHAPRETA_510206,312076.860,2624312.200,128.6400,0.0000,3.7800,0.2415,-1
KHAPRETA_510206,312083.860,2624312.200,128.6300,0.0950,3.7900,0.2422,-1
KHAPRETA_510206,312085.860,2624312.200,128.6100,0.0000,3.8100,0.2435,-1
KHAPRETA_510206,312093.860,2624312.200,128.7500,0.0000,3.6700,0.2345,-1
KHAPRETA_510206,312096.860,2624312.200,128.7900,0.0000,3.6300,0.2319,-1
KHAPRETA_510206,312101.860,2624312.200,129.2800,0.3431,3.1400,0.2006,-1
KHAPRETA_510206,312103.860,2624312.200,128.9200,0.3481,3.5000,0.2236,-1
KHAPRETA_510206,312111.860,2624312.200,129.9100,0.0031,2.5100,0.1604,-1
KHAPRETA_510206,312112.860,2624312.200,129.7700,0.0699,2.6500,0.1693,-1
KHAPRETA_510206,312114.860,2624312.200,129.9300,0.0000,2.4900,0.1591,-1
KHAPRETA_510206,312116.860,2624312.200,129.6400,0.0700,2.7800,0.1776,-1
KHAPRETA_510206,312118.860,2624312.200,129.2900,0.0000,3.1300,0.2000,-1
KHAPRETA_510206,312120.860,2624312.200,129.7200,0.2381,2.7000,0.1725,-1
KHAPRETA_510206,312124.860,2624312.200,129.8300,0.0000,2.5900,0.1655,-1
KHAPRETA_510206,312126.860,2624312.200,129.6200,0.0734,2.8000,0.1789,-1
KHAPRETA_510206,312127.860,2624312.200,129.6300,0.0781,2.7900,0.1783,-1
KHAPRETA_510206,312129.860,2624312.200,128.9500,0.3681,3.4700,0.2217,-1
KHAPRETA_510206,312138.860,2624312.200,128.8500,0.4831,3.5700,0.2281,-1
KHAPRETA_510206,312141.860,2624312.200,128.9000,0.0000,3.5200,0.2249,-1
KHAPRETA_510206,312147.860,2624312.200,129.1400,0.3181,3.2800,0.2096,-1
KHAPRETA_510206,312149.860,2624312.200,129.1400,0.0000,3.2800,0.2096,-1
KHAPRETA_510206,312165.860,2624312.200,129.7900,0.0625,2.6300,0.1681,-1
KHAPRETA_510206,312166.860,2624312.200,129.6800,0.0251,2.7400,0.1751,-1
KHAPRETA_510206,312167.860,2624312.200,129.8400,0.0481,2.5800,0.1649,-1
KHAPRETA_510206,312172.860,2624312.200,129.8200,0.0000,2.6000,0.1661,-1
KHAPRETA_510206,312181.860,2624312.200,129.8100,0.0369,2.6100,0.1668,-1
KHAPRETA_510206,312193.860,2624312.200,129.9400,0.0669,2.4800,0.1585,-1
KHAPRETA_510206,312200.860,2624312.200,129.9100,0.0619,2.5100,0.1604,-1
KHAPRETA_510206,312213.860,2624312.200,129.9700,0.0000,2.4500,0.1565,-1
KHAPRETA_510206,312218.860,2624312.200,129.9700,0.0000,2.4500,0.1565,-1
KHAPRETA_510206,312222.860,2624312.200,130.2800,0.0000,2.1400,0.1367,-1
KHAPRETA_510206,312224.860,2624312.200,130.3000,0.2319,2.1200,0.1355,-1
KHAPRETA_510206,312230.860,2624312.200,130.4000,0.0000,2.0200,0.1291,-1
KHAPRETA_510206,312233.860,2624312.200,130.3600,0.4447,2.0600,0.1316,-1
KHAPRETA_510206,312234.860,2624312.200,130.4100,0.2919,2.0100,0.1284,-1
KHAPRETA_510206,312236.860,2624312.200,130.4000,0.3119,2.0200,0.1291,-1
KHAPRETA_510206,312241.860,2624312.200,130.7500,0.8058,1.6700,0.1067,-1
KHAPRETA_510206,312242.860,2624312.200,130.4500,0.5677,1.9700,0.1259,-1
KHAPRETA_510206,312244.860,2624312.200,131.2700,0.1650,1.1500,0.0735,-1
KHAPRETA_510206,312246.860,2624312.200,130.6000,0.4719,1.8200,0.1163,-1
KHAPRETA_510206,312250.860,2624312.200,130.9400,0.6722,1.4800,0.0946,-1
KHAPRETA_510206,312251.860,2624312.200,131.0200,0.5819,1.4000,0.0895,-1
KHAPRETA_510206,312260.860,2624312.200,131.1200,0.0000,1.3000,0.0831,-1
KHAPRETA_510206,312268.860,2624312.200,131.1700,0.0000,1.2500,0.0799,-1
KHAPRETA_510206,312272.860,2624312.200,131.2300,0.7319,1.1900,0.0760,-1
KHAPRETA_510206,312273.860,2624312.200,131.2400,0.7269,1.1800,0.0754,-1
KHAPRETA_510206,312280.860,2624312.200,130.8200,0.0000,1.6000,0.1022,-1
KHAPRETA_510206,312284.860,2624312.200,130.8800,0.5569,1.5400,0.0984,-1
KHAPRETA_510206,312285.860,2624312.200,130.8900,0.5519,1.5300,0.0978,-1
KHAPRETA_510206,312287.860,2624312.200,130.9000,0.5769,1.5200,0.0971,-1
KHAPRETA_510206,312288.860,2624312.200,130.9300,0.5619,1.4900,0.0952,-1
KHAPRETA_510206,312292.860,2624312.200,130.9300,0.5569,1.4900,0.0952,-1
KHAPRETA_510206,312295.860,2624312.200,130.8800,0.5669,1.5400,0.0984,-1
KHAPRETA_510206,312296.860,2624312.200,130.9100,0.7877,1.5100,0.0965,-1
KHAPRETA_510206,312300.860,2624312.200,130.9100,0.0000,1.5100,0.0965,-1
KHAPRETA_510206,312303.860,2624312.200,130.9400,0.0000,1.4800,0.0946,-1
KHAPRETA_510206,312305.860,2624312.200,131.1600,0.0000,1.2600,0.0805,-1
KHAPRETA_510206,312307.860,2624312.200,131.3100,0.0000,1.1100,0.0709,-1
KHAPRETA_510206,312309.860,2624312.200,131.6000,1.0719,0.8200,0.0524,-1
KHAPRETA_510206,312314.860,2624312.200,131.3900,1.2519,1.0300,0.0658,-1
KHAPRETA_510206,312315.860,2624312.200,132.2800,1.1202,0.1400,0.0089,-1
KHAPRETA_510206,312320.860,2624312.200,131.4600,0.8919,0.9600,0.0613,-1
KHAPRETA_510206,312323.860,2624312.200,131.4300,0.0350,0.9900,0.0633,-1
KHAPRETA_510206,312325.860,2624312.200,131.4600,0.7869,0.9600,0.0613,-1
KHAPRETA_510206,312326.860,2624312.200,131.3500,1.2085,1.0700,0.0684,-1
KHAPRETA_510206,312328.860,2624312.200,131.5300,0.8869,0.8900,0.0569,-1
KHAPRETA_510206,312331.860,2624312.200,132.0100,0.0000,0.4100,0.0262,-1
KHAPRETA_510206,312333.860,2624312.200,131.9600,0.0000,0.4600,0.0294,-1
KHAPRETA_510206,312335.860,2624312.200,131.7100,0.9569,0.7100,0.0454,-1
KHAPRETA_510206,312336.860,2624312.200,131.6900,0.9669,0.7300,0.0466,-1
KHAPRETA_510206,312341.860,2624312.200,131.9000,1.0669,0.5200,0.0332,-1
KHAPRETA_510206,312344.860,2624312.200,132.0100,1.0869,0.4100,0.0262,-1
KHAPRETA_510206,312352.860,2624312.200,132.0700,1.1369,0.3500,0.0224,-1
KHAPRETA_510206,312357.860,2624312.200,131.8900,1.0469,0.5300,0.0339,-1
KHAPRETA_510206,311912.860,2624313.200,128.2100,0.0000,4.2100,0.2690,-1
KHAPRETA_510206,311920.860,2624313.200,128.2200,0.7931,4.2000,0.2684,-1
KHAPRETA_510206,311931.860,2624313.200,128.0300,0.8431,4.3900,0.2805,-1
KHAPRETA_510206,311936.860,2624313.200,127.9800,1.1481,4.4400,0.2837,-1
KHAPRETA_510206,311937.860,2624313.200,127.4800,0.8990,4.9400,0.3157,-1
KHAPRETA_510206,311961.860,2624313.200,124.8600,3.4348,7.5600,0.4831,-1
KHAPRETA_510206,311962.860,2624313.200,124.8000,3.4975,7.6200,0.4869,-1
KHAPRETA_510206,311964.860,2624313.200,124.8600,0.0000,7.5600,0.4831,-1
KHAPRETA_510206,311975.860,2624313.200,131.5200,0.0000,0.9000,0.0575,-1
KHAPRETA_510206,311977.860,2624313.200,127.7900,0.0000,4.6300,0.2958,-1
KHAPRETA_510206,311980.860,2624313.200,128.1600,0.2750,4.2600,0.2722,-1
KHAPRETA_510206,311982.860,2624313.200,128.3500,0.0000,4.0700,0.2601,-1
KHAPRETA_510206,311984.860,2624313.200,127.9600,0.9281,4.4600,0.2850,-1
KHAPRETA_510206,311987.860,2624313.200,127.6100,1.1881,4.8100,0.3073,-1
KHAPRETA_510206,311988.860,2624313.200,127.4000,1.0807,5.0200,0.3208,-1
KHAPRETA_510206,311989.860,2624313.200,127.2800,1.7087,5.1400,0.3284,-1
KHAPRETA_510206,311998.860,2624313.200,127.1600,1.3031,5.2600,0.3361,-1
KHAPRETA_510206,312002.860,2624313.200,127.6100,0.0000,4.8100,0.3073,-1
KHAPRETA_510206,312014.860,2624313.200,127.2600,0.0000,5.1600,0.3297,-1
KHAPRETA_510206,312016.860,2624313.200,127.1800,0.0000,5.2400,0.3348,-1
KHAPRETA_510206,312025.860,2624313.200,127.2500,1.2581,5.1700,0.3304,-1
KHAPRETA_510206,312029.860,2624313.200,127.5700,1.2031,4.8500,0.3099,-1
KHAPRETA_510206,312036.860,2624313.200,127.7200,1.2031,4.7000,0.3003,-1
KHAPRETA_510206,312037.860,2624313.200,127.3700,1.0281,5.0500,0.3227,-1
KHAPRETA_510206,312040.860,2624313.200,127.6600,0.9865,4.7600,0.3042,-1
KHAPRETA_510206,312041.860,2624313.200,127.8400,1.4274,4.5800,0.2927,-1
KHAPRETA_510206,312044.860,2624313.200,127.3700,0.0000,5.0500,0.3227,-1
KHAPRETA_510206,312046.860,2624313.200,127.8000,0.0000,4.6200,0.2952,-1
KHAPRETA_510206,312052.860,2624313.200,127.7100,0.0000,4.7100,0.3010,-1
KHAPRETA_510206,312054.860,2624313.200,127.5600,1.1231,4.8600,0.3105,-1
KHAPRETA_510206,312059.860,2624313.200,127.6400,0.0000,4.7800,0.3054,-1
KHAPRETA_510206,312063.860,2624313.200,127.6600,0.9131,4.7600,0.3042,-1
KHAPRETA_510206,312064.860,2624313.200,127.9500,1.0581,4.4700,0.2856,-1
KHAPRETA_510206,312066.860,2624313.200,128.3600,0.0000,4.0600,0.2594,-1
KHAPRETA_510206,312079.860,2624313.200,128.7200,0.0000,3.7000,0.2364,-1
KHAPRETA_510206,312083.860,2624313.200,128.6400,0.7827,3.7800,0.2415,-1
KHAPRETA_510206,312084.860,2624313.200,128.7100,0.5681,3.7100,0.2371,-1
KHAPRETA_510206,312086.860,2624313.200,128.6900,0.5731,3.7300,0.2383,-1
KHAPRETA_510206,312088.860,2624313.200,128.7000,0.0000,3.7200,0.2377,-1
KHAPRETA_510206,312091.860,2624313.200,128.6800,0.0000,3.7400,0.2390,-1
KHAPRETA_510206,312101.860,2624313.200,129.0900,0.0050,3.3300,0.2128,-1
KHAPRETA_510206,312103.860,2624313.200,129.0800,0.4281,3.3400,0.2134,-1
KHAPRETA_510206,312105.860,2624313.200,129.3500,0.0000,3.0700,0.1962,-1
KHAPRETA_510206,312107.860,2624313.200,128.9500,0.5281,3.4700,0.2217,-1
KHAPRETA_510206,312108.860,2624313.200,128.7200,0.5867,3.7000,0.2364,-1
KHAPRETA_510206,312109.860,2624313.200,129.5700,0.7191,2.8500,0.1821,-1
KHAPRETA_510206,312112.860,2624313.200,129.4800,0.0200,2.9400,0.1879,-1
KHAPRETA_510206,312115.860,2624313.200,129.9000,0.1781,2.5200,0.1610,-1
KHAPRETA_510206,312116.860,2624313.200,129.4200,0.0920,3.0000,0.1917,-1
KHAPRETA_510206,312119.860,2624313.200,129.5900,0.2381,2.8300,0.1808,-1
KHAPRETA_510206,312120.860,2624313.200,129.3000,0.0972,3.1200,0.1994,-1
KHAPRETA_510206,312123.860,2624313.200,129.0400,0.0000,3.3800,0.2160,-1
KHAPRETA_510206,312125.860,2624313.200,129.6500,0.0000,2.7700,0.1770,-1
KHAPRETA_510206,312128.860,2624313.200,128.8900,0.3681,3.5300,0.2256,-1
KHAPRETA_510206,312129.860,2624313.200,129.0400,0.4438,3.3800,0.2160,-1
KHAPRETA_510206,312131.860,2624313.200,128.9900,0.0000,3.4300,0.2192,-1
KHAPRETA_510206,312133.860,2624313.200,128.9000,0.0000,3.5200,0.2249,-1
KHAPRETA_510206,312142.860,2624313.200,129.0800,0.4381,3.3400,0.2134,-1
KHAPRETA_510206,312144.860,2624313.200,129.0700,0.0000,3.3500,0.2141,-1
KHAPRETA_510206,312147.860,2624313.200,129.1400,0.4393,3.2800,0.2096,-1
KHAPRETA_510206,312148.860,2624313.200,129.1700,0.3181,3.2500,0.2077,-1
KHAPRETA_510206,312154.860,2624313.200,129.4000,0.0000,3.0200,0.1930,-1
KHAPRETA_510206,312161.860,2624313.200,129.7900,0.0131,2.6300,0.1681,-1
KHAPRETA_510206,312162.860,2624313.200,129.7500,0.0164,2.6700,0.1706,-1
KHAPRETA_510206,312163.860,2624313.200,129.7700,0.0300,2.6500,0.1693,-1
KHAPRETA_510206,312164.860,2624313.200,129.8100,0.0350,2.6100,0.1668,-1
KHAPRETA_510206,312165.860,2624313.200,129.7000,0.0165,2.7200,0.1738,-1
KHAPRETA_510206,312166.860,2624313.200,129.7800,0.0797,2.6400,0.1687,-1
KHAPRETA_510206,312190.860,2624313.200,129.9600,0.0819,2.4600,0.1572,-1
KHAPRETA_510206,312191.860,2624313.200,129.9400,0.0919,2.4800,0.1585,-1
KHAPRETA_510206,312193.860,2624313.200,129.9100,0.0819,2.5100,0.1604,-1
KHAPRETA_510206,312196.860,2624313.200,129.8800,0.0519,2.5400,0.1623,-1
KHAPRETA_510206,312197.860,2624313.200,129.8800,0.0519,2.5400,0.1623,-1
KHAPRETA_510206,312203.860,2624313.200,129.9700,0.1119,2.4500,0.1565,-1
KHAPRETA_510206,312207.860,2624313.200,129.8900,0.1308,2.5300,0.1617,-1
KHAPRETA_510206,312208.860,2624313.200,129.9800,0.0569,2.4400,0.1559,-1
KHAPRETA_510206,312216.860,2624313.200,129.9700,0.0000,2.4500,0.1565,-1
KHAPRETA_510206,312220.860,2624313.200,130.1200,0.1619,2.3000,0.1470,-1
KHAPRETA_510206,312221.860,2624313.200,130.1000,0.1719,2.3200,0.1482,-1
KHAPRETA_510206,312226.860,2624313.200,130.2300,0.3292,2.1900,0.1399,-1
KHAPRETA_510206,312227.860,2624313.200,130.2800,0.2269,2.1400,0.1367,-1
KHAPRETA_510206,312231.860,2624313.200,130.3700,0.0000,2.0500,0.1310,-1
KHAPRETA_510206,312233.860,2624313.200,130.4000,0.0400,2.0200,0.1291,-1
KHAPRETA_510206,312240.860,2624313.200,131.4100,0.7319,1.0100,0.0645,-1
KHAPRETA_510206,312241.860,2624313.200,131.2400,0.7161,1.1800,0.0754,-1
KHAPRETA_510206,312242.860,2624313.200,130.3600,0.7363,2.0600,0.1316,-1
KHAPRETA_510206,312244.860,2624313.200,130.5800,0.8075,1.8400,0.1176,-1
KHAPRETA_510206,312245.860,2624313.200,130.3900,0.4019,2.0300,0.1297,-1
KHAPRETA_510206,312248.860,2624313.200,130.5200,0.0000,1.9000,0.1214,-1
KHAPRETA_510206,312250.860,2624313.200,130.5900,0.5819,1.8300,0.1169,-1
KHAPRETA_510206,312258.860,2624313.200,130.7400,0.0000,1.6800,0.1073,-1
KHAPRETA_510206,312266.860,2624313.200,131.2100,0.0000,1.2100,0.0773,-1
KHAPRETA_510206,312270.860,2624313.200,131.3100,0.0000,1.1100,0.0709,-1
KHAPRETA_510206,312281.860,2624313.200,130.8300,0.0000,1.5900,0.1016,-1
KHAPRETA_510206,312286.860,2624313.200,130.9200,0.5819,1.5000,0.0958,-1
KHAPRETA_510206,312290.860,2624313.200,130.8600,0.0000,1.5600,0.0997,-1
KHAPRETA_510206,312296.860,2624313.200,130.9000,0.5669,1.5200,0.0971,-1
KHAPRETA_510206,312308.860,2624313.200,131.4800,0.0000,0.9400,0.0601,-1
KHAPRETA_510206,312310.860,2624313.200,131.5600,1.3572,0.8600,0.0550,-1
KHAPRETA_510206,312311.860,2624313.200,131.7400,1.3640,0.6800,0.0435,-1
KHAPRETA_510206,312317.860,2624313.200,132.3700,0.0000,0.0500,0.0032,-1
KHAPRETA_510206,312323.860,2624313.200,131.5500,0.0900,0.8700,0.0556,-1
KHAPRETA_510206,312326.860,2624313.200,131.5100,0.7869,0.9100,0.0581,-1
KHAPRETA_510206,312328.860,2624313.200,131.5500,0.8769,0.8700,0.0556,-1
KHAPRETA_510206,312330.860,2624313.200,131.8200,0.0000,0.6000,0.0383,-1
KHAPRETA_510206,312332.860,2624313.200,131.9500,0.0000,0.4700,0.0300,-1
KHAPRETA_510206,312334.860,2624313.200,131.6400,0.0000,0.7800,0.0498,-1
KHAPRETA_510206,312342.860,2624313.200,132.0300,1.5833,0.3900,0.0249,-1
KHAPRETA_510206,312343.860,2624313.200,131.9800,0.0400,0.4400,0.0281,-1
KHAPRETA_510206,312344.860,2624313.200,131.9500,1.1025,0.4700,0.0300,-1
KHAPRETA_510206,312350.860,2624313.200,132.0000,1.1019,0.4200,0.0268,-1
KHAPRETA_510206,312353.860,2624313.200,132.0100,1.0619,0.4100,0.0262,-1
KHAPRETA_510206,312359.860,2624313.200,131.9300,0.0000,0.4900,0.0313,-1
KHAPRETA_510206,311910.860,2624314.200,128.2600,0.0000,4.1600,0.2658,-1
KHAPRETA_510206,311913.860,2624314.200,128.2800,0.0000,4.1400,0.2645,-1
KHAPRETA_510206,311916.860,2624314.200,128.2400,0.0000,4.1800,0.2671,-1
KHAPRETA_510206,311918.860,2624314.200,128.2600,0.0000,4.1600,0.2658,-1
KHAPRETA_510206,311922.860,2624314.200,128.1200,0.0000,4.3000,0.2748,-1
KHAPRETA_510206,311928.860,2624314.200,128.0300,0.0000,4.3900,0.2805,-1
KHAPRETA_510206,311933.860,2624314.200,127.9800,0.0000,4.4400,0.2837,-1
KHAPRETA_510206,311937.860,2624314.200,127.8700,1.1481,4.5500,0.2907,-1
KHAPRETA_510206,311944.860,2624314.200,126.7200,0.0000,5.7000,0.3642,-1
KHAPRETA_510206,311956.860,2624314.200,127.5600,1.7631,4.8600,0.3105,-1
KHAPRETA_510206,311957.860,2624314.200,126.2500,1.1081,6.1700,0.3942,-1
KHAPRETA_510206,311959.860,2624314.200,125.7500,0.0000,6.6700,0.4262,-1
KHAPRETA_510206,311968.860,2624314.200,124.9700,0.0000,7.4500,0.4760,-1
KHAPRETA_510206,311978.860,2624314.200,128.0200,0.0000,4.4000,0.2811,-1
KHAPRETA_510206,311980.860,2624314.200,128.5000,1.0549,3.9200,0.2505,-1
KHAPRETA_510206,311981.860,2624314.200,128.4200,0.9947,4.0000,0.2556,-1
KHAPRETA_510206,311984.860,2624314.200,127.9200,1.3420,4.5000,0.2875,-1
KHAPRETA_510206,311985.860,2624314.200,127.8000,1.2606,4.6200,0.2952,-1
KHAPRETA_510206,311991.860,2624314.200,127.1500,0.0000,5.2700,0.3367,-1
KHAPRETA_510206,311998.860,2624314.200,127.1700,0.0250,5.2500,0.3355,-1
KHAPRETA_510206,312000.860,2624314.200,127.2100,0.0000,5.2100,0.3329,-1
KHAPRETA_510206,312004.860,2624314.200,127.2800,1.7933,5.1400,0.3284,-1
KHAPRETA_510206,312005.860,2624314.200,127.2300,1.2481,5.1900,0.3316,-1
KHAPRETA_510206,312008.860,2624314.200,127.4000,1.6349,5.0200,0.3208,-1
KHAPRETA_510206,312009.860,2624314.200,127.5300,1.2382,4.8900,0.3125,-1
KHAPRETA_510206,312010.860,2624314.200,127.4400,1.2724,4.9800,0.3182,-1
KHAPRETA_510206,312011.860,2624314.200,127.7400,1.1681,4.6800,0.2990,-1
KHAPRETA_510206,312013.860,2624314.200,127.3100,0.9581,5.1100,0.3265,-1
KHAPRETA_510206,312023.860,2624314.200,127.2800,0.0000,5.1400,0.3284,-1
KHAPRETA_510206,312027.860,2624314.200,127.3500,0.0000,5.0700,0.3240,-1
KHAPRETA_510206,312033.860,2624314.200,127.2700,1.2081,5.1500,0.3291,-1
KHAPRETA_510206,312040.860,2624314.200,127.3500,0.9655,5.0700,0.3240,-1
KHAPRETA_510206,312041.860,2624314.200,127.8600,0.0427,4.5600,0.2914,-1
KHAPRETA_510206,312042.860,2624314.200,127.2700,0.9581,5.1500,0.3291,-1
KHAPRETA_510206,312061.860,2624314.200,127.6500,1.0531,4.7700,0.3048,-1
KHAPRETA_510206,312062.860,2624314.200,127.6700,1.0631,4.7500,0.3035,-1
KHAPRETA_510206,312073.860,2624314.200,128.3700,0.9802,4.0500,0.2588,-1
KHAPRETA_510206,312074.860,2624314.200,128.3700,0.7187,4.0500,0.2588,-1
KHAPRETA_510206,312075.860,2624314.200,128.5500,0.7031,3.8700,0.2473,-1
KHAPRETA_510206,312086.860,2624314.200,128.6300,0.5431,3.7900,0.2422,-1
KHAPRETA_510206,312096.860,2624314.200,128.8400,0.0000,3.5800,0.2288,-1
KHAPRETA_510206,312098.860,2624314.200,128.8400,0.0000,3.5800,0.2288,-1
KHAPRETA_510206,312101.860,2624314.200,129.2900,0.4644,3.1300,0.2000,-1
KHAPRETA_510206,312102.860,2624314.200,129.1500,0.2431,3.2700,0.2089,-1
KHAPRETA_510206,312108.860,2624314.200,128.7800,0.7191,3.6400,0.2326,-1
KHAPRETA_510206,312109.860,2624314.200,128.8000,0.5840,3.6200,0.2313,-1
KHAPRETA_510206,312112.860,2624314.200,129.8100,0.1200,2.6100,0.1668,-1
KHAPRETA_510206,312114.860,2624314.200,129.4500,0.0000,2.9700,0.1898,-1
KHAPRETA_510206,312117.860,2624314.200,129.6100,0.2081,2.8100,0.1796,-1
KHAPRETA_510206,312121.860,2624314.200,129.2500,0.0000,3.1700,0.2026,-1
KHAPRETA_510206,312129.860,2624314.200,128.9000,0.3681,3.5200,0.2249,-1
KHAPRETA_510206,312134.860,2624314.200,128.8700,0.4731,3.5500,0.2268,-1
KHAPRETA_510206,312135.860,2624314.200,128.8300,0.4531,3.5900,0.2294,-1
KHAPRETA_510206,312141.860,2624314.200,128.8200,0.6338,3.6000,0.2300,-1
KHAPRETA_510206,312142.860,2624314.200,128.9000,0.5913,3.5200,0.2249,-1
KHAPRETA_510206,312150.860,2624314.200,129.6300,0.0000,2.7900,0.1783,-1
KHAPRETA_510206,312158.860,2624314.200,129.7700,0.0169,2.6500,0.1693,-1
KHAPRETA_510206,312159.860,2624314.200,129.8100,0.0031,2.6100,0.1668,-1
KHAPRETA_510206,312162.860,2624314.200,129.7500,0.0131,2.6700,0.1706,-1
KHAPRETA_510206,312166.860,2624314.200,129.8200,0.0320,2.6000,0.1661,-1
KHAPRETA_510206,312167.860,2624314.200,129.8400,0.0219,2.5800,0.1649,-1
KHAPRETA_510206,312169.860,2624314.200,129.8800,0.0569,2.5400,0.1623,-1
KHAPRETA_510206,312171.860,2624314.200,129.8800,0.0000,2.5400,0.1623,-1
KHAPRETA_510206,312173.860,2624314.200,129.8900,0.0000,2.5300,0.1617,-1
KHAPRETA_510206,312177.860,2624314.200,129.8200,0.0000,2.6000,0.1661,-1
KHAPRETA_510206,312186.860,2624314.200,129.9600,0.0000,2.4600,0.1572,-1
KHAPRETA_510206,312198.860,2624314.200,129.9100,0.0000,2.5100,0.1604,-1
KHAPRETA_510206,312203.860,2624314.200,130.0000,0.0969,2.4200,0.1546,-1
KHAPRETA_510206,312207.860,2624314.200,129.9400,0.0569,2.4800,0.1585,-1
KHAPRETA_510206,312211.860,2624314.200,129.9600,0.0919,2.4600,0.1572,-1
KHAPRETA_510206,312212.860,2624314.200,129.9600,0.0919,2.4600,0.1572,-1
KHAPRETA_510206,312217.860,2624314.200,130.0100,0.0000,2.4100,0.1540,-1
KHAPRETA_510206,312219.860,2624314.200,130.1300,0.0000,2.2900,0.1463,-1
KHAPRETA_510206,312226.860,2624314.200,130.2000,0.2269,2.2200,0.1419,-1
KHAPRETA_510206,312232.860,2624314.200,130.3900,0.4624,2.0300,0.1297,-1
KHAPRETA_510206,312233.860,2624314.200,130.4400,0.3119,1.9800,0.1265,-1
KHAPRETA_510206,312234.860,2624314.200,130.3900,0.3319,2.0300,0.1297,-1
KHAPRETA_510206,312236.860,2624314.200,130.4400,0.3519,1.9800,0.1265,-1
KHAPRETA_510206,312239.860,2624314.200,130.3700,0.0000,2.0500,0.1310,-1
KHAPRETA_510206,312242.860,2624314.200,130.2900,0.2919,2.1300,0.1361,-1
KHAPRETA_510206,312246.860,2624314.200,130.7900,0.5019,1.6300,0.1042,-1
KHAPRETA_510206,312251.860,2624314.200,130.6800,0.3769,1.7400,0.1112,-1
KHAPRETA_510206,312252.860,2624314.200,130.5300,0.4519,1.8900,0.1208,-1
KHAPRETA_510206,312256.860,2624314.200,130.8900,0.0000,1.5300,0.0978,-1
KHAPRETA_510206,312259.860,2624314.200,130.8000,0.0000,1.6200,0.1035,-1
KHAPRETA_510206,312264.860,2624314.200,131.1800,0.0000,1.2400,0.0792,-1
KHAPRETA_510206,312272.860,2624314.200,131.1700,0.0000,1.2500,0.0799,-1
KHAPRETA_510206,312277.860,2624314.200,131.1400,0.6169,1.2800,0.0818,-1
KHAPRETA_510206,312280.860,2624314.200,130.9200,0.0000,1.5000,0.0958,-1
KHAPRETA_510206,312286.860,2624314.200,130.9400,0.5719,1.4800,0.0946,-1
KHAPRETA_510206,312294.860,2624314.200,130.9400,0.0000,1.4800,0.0946,-1
KHAPRETA_510206,312299.860,2624314.200,130.9600,0.0000,1.4600,0.0933,-1
KHAPRETA_510206,312301.860,2624314.200,130.9900,0.0000,1.4300,0.0914,-1
KHAPRETA_510206,312307.860,2624314.200,131.4900,0.0000,0.9300,0.0594,-1
KHAPRETA_510206,312309.860,2624314.200,131.5500,1.3464,0.8700,0.0556,-1
KHAPRETA_510206,312310.860,2624314.200,131.6500,0.9036,0.7700,0.0492,-1
KHAPRETA_510206,312311.860,2624314.200,131.8400,0.9370,0.5800,0.0371,-1
KHAPRETA_510206,312313.860,2624314.200,131.3900,0.9569,1.0300,0.0658,-1
KHAPRETA_510206,312315.860,2624314.200,131.9200,1.2469,0.5000,0.0319,-1
KHAPRETA_510206,312316.860,2624314.200,132.2700,1.0719,0.1500,0.0096,-1
KHAPRETA_510206,312323.860,2624314.200,131.6100,0.8869,0.8100,0.0518,-1
KHAPRETA_510206,312325.860,2624314.200,131.5800,0.0000,0.8400,0.0537,-1
KHAPRETA_510206,312327.860,2624314.200,131.6000,0.0000,0.8200,0.0524,-1
KHAPRETA_510206,312338.860,2624314.200,131.9400,1.1269,0.4800,0.0307,-1
KHAPRETA_510206,312342.860,2624314.200,132.0500,0.0150,0.3700,0.0236,-1
KHAPRETA_510206,312344.860,2624314.200,131.9400,1.0869,0.4800,0.0307,-1
KHAPRETA_510206,312346.860,2624314.200,131.9500,1.5764,0.4700,0.0300,-1
KHAPRETA_510206,312347.860,2624314.200,131.9600,0.0150,0.4600,0.0294,-1
KHAPRETA_510206,312348.860,2624314.200,131.9800,1.0919,0.4400,0.0281,-1
KHAPRETA_510206,312350.860,2624314.200,131.9800,1.5690,0.4400,0.0281,-1
KHAPRETA_510206,312351.860,2624314.200,131.9900,1.1019,0.4300,0.0275,-1
KHAPRETA_510206,312353.860,2624314.200,131.9000,1.1169,0.5200,0.0332,-1
KHAPRETA_510206,312360.860,2624314.200,132.0900,0.0000,0.3300,0.0211,-1
KHAPRETA_510206,312365.860,2624314.200,132.2500,1.2919,0.1700,0.0109,-1
KHAPRETA_510206,311908.860,2624315.200,128.2300,0.0000,4.1900,0.2677,-1
KHAPRETA_510206,311912.860,2624315.200,128.3200,0.8131,4.1000,0.2620,-1
KHAPRETA_510206,311920.860,2624315.200,128.1900,0.0000,4.2300,0.2703,-1
KHAPRETA_510206,311924.860,2624315.200,128.1900,0.8381,4.2300,0.2703,-1
KHAPRETA_510206,311927.860,2624315.200,128.0600,0.7531,4.3600,0.2786,-1
KHAPRETA_510206,311934.860,2624315.200,128.0400,0.9081,4.3800,0.2799,-1
KHAPRETA_510206,311935.860,2624315.200,127.9600,0.8681,4.4600,0.2850,-1
KHAPRETA_510206,311943.860,2624315.200,128.0400,0.0000,4.3800,0.2799,-1
KHAPRETA_510206,311950.860,2624315.200,132.0000,1.5405,0.4200,0.0268,-1
KHAPRETA_510206,311951.860,2624315.200,132.1500,1.1119,0.2700,0.0173,-1
KHAPRETA_510206,311954.860,2624315.200,131.7200,1.9081,0.7000,0.0447,-1
KHAPRETA_510206,311958.860,2624315.200,126.0300,0.0000,6.3900,0.4083,-1
KHAPRETA_510206,311960.860,2624315.200,125.7600,2.9840,6.6600,0.4256,-1
KHAPRETA_510206,311961.860,2624315.200,125.3800,2.0081,7.0400,0.4498,-1
KHAPRETA_510206,311975.860,2624315.200,131.7900,0.8569,0.6300,0.0403,-1
KHAPRETA_510206,311981.860,2624315.200,128.2500,0.6781,4.1700,0.2665,-1
KHAPRETA_510206,311985.860,2624315.200,128.0700,1.3763,4.3500,0.2780,-1
KHAPRETA_510206,311986.860,2624315.200,127.8600,0.1100,4.5600,0.2914,-1
KHAPRETA_510206,311987.860,2624315.200,127.8500,0.9581,4.5700,0.2920,-1
KHAPRETA_510206,311990.860,2624315.200,127.2300,0.0000,5.1900,0.3316,-1
KHAPRETA_510206,311993.860,2624315.200,127.1400,0.0000,5.2800,0.3374,-1
KHAPRETA_510206,311996.860,2624315.200,127.1900,0.0000,5.2300,0.3342,-1
KHAPRETA_510206,311998.860,2624315.200,127.2100,1.3031,5.2100,0.3329,-1
KHAPRETA_510206,312004.860,2624315.200,127.2500,1.2481,5.1700,0.3304,-1
KHAPRETA_510206,312006.860,2624315.200,127.2200,1.2681,5.2000,0.3323,-1
KHAPRETA_510206,312007.860,2624315.200,127.2400,1.2663,5.1800,0.3310,-1
KHAPRETA_510206,312008.860,2624315.200,127.4000,0.1140,5.0200,0.3208,-1
KHAPRETA_510206,312009.860,2624315.200,127.3000,1.1259,5.1200,0.3272,-1
KHAPRETA_510206,312010.860,2624315.200,127.2400,1.7021,5.1800,0.3310,-1
KHAPRETA_510206,312013.860,2624315.200,127.8600,1.2331,4.5600,0.2914,-1
KHAPRETA_510206,312018.860,2624315.200,127.2600,1.2681,5.1600,0.3297,-1
KHAPRETA_510206,312020.860,2624315.200,127.6000,1.7235,4.8200,0.3080,-1
KHAPRETA_510206,312021.860,2624315.200,127.2600,0.1600,5.1600,0.3297,-1
KHAPRETA_510206,312022.860,2624315.200,127.2800,1.2581,5.1400,0.3284,-1
KHAPRETA_510206,312024.860,2624315.200,127.9300,0.0000,4.4900,0.2869,-1
KHAPRETA_510206,312031.860,2624315.200,127.3500,0.0000,5.0700,0.3240,-1
KHAPRETA_510206,312033.860,2624315.200,127.3600,1.7440,5.0600,0.3233,-1
KHAPRETA_510206,312034.860,2624315.200,127.3500,1.2081,5.0700,0.3240,-1
KHAPRETA_510206,312037.860,2624315.200,127.5600,1.1531,4.8600,0.3105,-1
KHAPRETA_510206,312039.860,2624315.200,127.5800,1.5735,4.8400,0.3093,-1
KHAPRETA_510206,312040.860,2624315.200,127.4200,1.2185,5.0000,0.3195,-1
KHAPRETA_510206,312041.860,2624315.200,127.8100,1.5185,4.6100,0.2946,-1
KHAPRETA_510206,312045.860,2624315.200,127.3600,0.0000,5.0600,0.3233,-1
KHAPRETA_510206,312057.860,2624315.200,127.5900,1.0981,4.8300,0.3086,-1
KHAPRETA_510206,312058.860,2624315.200,127.5800,1.0931,4.8400,0.3093,-1
KHAPRETA_510206,312060.860,2624315.200,127.5900,1.0681,4.8300,0.3086,-1
KHAPRETA_510206,312064.860,2624315.200,128.4500,0.6531,3.9700,0.2537,-1
KHAPRETA_510206,312070.860,2624315.200,128.4900,0.0000,3.9300,0.2511,-1
KHAPRETA_510206,312073.860,2624315.200,128.4100,1.0014,4.0100,0.2562,-1
KHAPRETA_510206,312074.860,2624315.200,128.3500,0.9802,4.0700,0.2601,-1
KHAPRETA_510206,312090.860,2624315.200,128.7300,0.0000,3.6900,0.2358,-1
KHAPRETA_510206,312097.860,2624315.200,128.7700,0.0000,3.6500,0.2332,-1
KHAPRETA_510206,312106.860,2624315.200,129.2300,0.3481,3.1900,0.2038,-1
KHAPRETA_510206,312109.860,2624315.200,128.9600,0.4881,3.4600,0.2211,-1
KHAPRETA_510206,312111.860,2624315.200,129.8100,0.0281,2.6100,0.1668,-1
KHAPRETA_510206,312112.860,2624315.200,129.7200,0.0240,2.7000,0.1725,-1
KHAPRETA_510206,312117.860,2624315.200,129.3600,0.2666,3.0600,0.1955,-1
KHAPRETA_510206,312118.860,2624315.200,129.3000,0.5329,3.1200,0.1994,-1
KHAPRETA_510206,312119.860,2624315.200,129.6100,0.2381,2.8100,0.1796,-1
KHAPRETA_510206,312125.860,2624315.200,129.3500,0.0000,3.0700,0.1962,-1
KHAPRETA_510206,312128.860,2624315.200,128.8900,0.0000,3.5300,0.2256,-1
KHAPRETA_510206,312139.860,2624315.200,128.8100,0.0000,3.6100,0.2307,-1
KHAPRETA_510206,312141.860,2624315.200,128.8600,0.4781,3.5600,0.2275,-1
KHAPRETA_510206,312145.860,2624315.200,129.2900,0.1031,3.1300,0.2000,-1
KHAPRETA_510206,312152.860,2624315.200,129.7100,0.0000,2.7100,0.1732,-1
KHAPRETA_510206,312155.860,2624315.200,129.7900,0.0219,2.6300,0.1681,-1
KHAPRETA_510206,312168.860,2624315.200,129.8400,0.0574,2.5800,0.1649,-1
KHAPRETA_510206,312169.860,2624315.200,129.8900,0.0610,2.5300,0.1617,-1
KHAPRETA_510206,312172.860,2624315.200,129.8400,0.0000,2.5800,0.1649,-1
KHAPRETA_510206,312174.860,2624315.200,129.8800,0.0000,2.5400,0.1623,-1
KHAPRETA_510206,312178.860,2624315.200,129.8100,0.0610,2.6100,0.1668,-1
KHAPRETA_510206,312179.860,2624315.200,129.8400,0.0169,2.5800,0.1649,-1
KHAPRETA_510206,312182.860,2624315.200,129.9000,0.0000,2.5200,0.1610,-1
KHAPRETA_510206,312202.860,2624315.200,129.9000,0.0669,2.5200,0.1610,-1
KHAPRETA_510206,312205.860,2624315.200,129.9400,0.0969,2.4800,0.1585,-1
KHAPRETA_510206,312206.860,2624315.200,129.9700,0.1195,2.4500,0.1565,-1
KHAPRETA_510206,312208.860,2624315.200,129.9500,0.0000,2.4700,0.1578,-1
KHAPRETA_510206,312210.860,2624315.200,129.9900,0.0000,2.4300,0.1553,-1
KHAPRETA_510206,312213.860,2624315.200,130.0000,0.1219,2.4200,0.1546,-1
KHAPRETA_510206,312214.860,2624315.200,130.0200,0.1119,2.4000,0.1534,-1
KHAPRETA_510206,312216.860,2624315.200,129.9900,0.0000,2.4300,0.1553,-1
KHAPRETA_510206,312221.860,2624315.200,130.1400,0.0000,2.2800,0.1457,-1
KHAPRETA_510206,312229.860,2624315.200,130.2200,0.0000,2.2000,0.1406,-1
KHAPRETA_510206,312232.860,2624315.200,130.4200,0.3069,2.0000,0.1278,-1
KHAPRETA_510206,312236.860,2624315.200,130.4800,0.0150,1.9400,0.1240,-1
KHAPRETA_510206,312238.860,2624315.200,130.3800,0.0000,2.0400,0.1304,-1
KHAPRETA_510206,312246.860,2624315.200,130.7800,0.5069,1.6400,0.1048,-1
KHAPRETA_510206,312250.860,2624315.200,130.8900,0.5319,1.5300,0.0978,-1
KHAPRETA_510206,312254.860,2624315.200,130.8800,0.0000,1.5400,0.0984,-1
KHAPRETA_510206,312257.860,2624315.200,130.9100,0.7599,1.5100,0.0965,-1
KHAPRETA_510206,312258.860,2624315.200,130.8900,0.5669,1.5300,0.0978,-1
KHAPRETA_510206,312265.860,2624315.200,130.7900,0.0000,1.6300,0.1042,-1
KHAPRETA_510206,312269.860,2624315.200,130.9500,0.0000,1.4700,0.0939,-1
KHAPRETA_510206,312277.860,2624315.200,131.0100,0.9230,1.4100,0.0901,-1
KHAPRETA_510206,312278.860,2624315.200,131.0200,0.0250,1.4000,0.0895,-1
KHAPRETA_510206,312279.860,2624315.200,130.9600,0.6219,1.4600,0.0933,-1
KHAPRETA_510206,312281.860,2624315.200,130.8300,0.0000,1.5900,0.1016,-1
KHAPRETA_510206,312287.860,2624315.200,130.8900,0.0000,1.5300,0.0978,-1
KHAPRETA_510206,312297.860,2624315.200,130.7800,0.8972,1.6400,0.1048,-1
KHAPRETA_510206,312298.860,2624315.200,131.0400,0.5019,1.3800,0.0882,-1
KHAPRETA_510206,312302.860,2624315.200,131.0100,0.6419,1.4100,0.0901,-1
KHAPRETA_510206,312309.860,2624315.200,131.7100,0.8869,0.7100,0.0454,-1
KHAPRETA_510206,312311.860,2624315.200,131.7200,1.0319,0.7000,0.0447,-1
KHAPRETA_510206,312313.860,2624315.200,131.6900,1.3457,0.7300,0.0466,-1
KHAPRETA_510206,312314.860,2624315.200,131.9300,1.2680,0.4900,0.0313,-1
KHAPRETA_510206,312320.860,2624315.200,131.5100,0.0000,0.9100,0.0581,-1
KHAPRETA_510206,312331.860,2624315.200,131.6500,1.3074,0.7700,0.0492,-1
KHAPRETA_510206,312332.860,2624315.200,131.6100,0.9369,0.8100,0.0518,-1
KHAPRETA_510206,312336.860,2624315.200,131.9000,0.0000,0.5200,0.0332,-1
KHAPRETA_510206,312338.860,2624315.200,132.0300,1.0819,0.3900,0.0249,-1
KHAPRETA_510206,312342.860,2624315.200,132.0000,1.1369,0.4200,0.0268,-1
KHAPRETA_510206,312345.860,2624315.200,132.1200,1.1369,0.3000,0.0192,-1
KHAPRETA_510206,312346.860,2624315.200,132.0500,1.5984,0.3700,0.0236,-1
KHAPRETA_510206,312365.860,2624315.200,132.3600,1.2369,0.0600,0.0038,-1
KHAPRETA_510206,312368.860,2624315.200,132.3300,0.0000,0.0900,0.0058,-1
KHAPRETA_510206,311912.860,2624316.200,128.1500,0.7281,4.2700,0.2728,-1
KHAPRETA_510206,311917.860,2624316.200,128.2600,0.0000,4.1600,0.2658,-1
KHAPRETA_510206,311924.860,2624316.200,128.1000,0.7931,4.3200,0.2760,-1
KHAPRETA_510206,311927.860,2624316.200,128.2700,0.8581,4.1500,0.2652,-1
KHAPRETA_510206,311930.860,2624316.200,128.0100,0.9081,4.4100,0.2818,-1
KHAPRETA_510206,311931.860,2624316.200,127.9600,0.8831,4.4600,0.2850,-1
KHAPRETA_510206,311941.860,2624316.200,127.0400,0.0000,5.3800,0.3438,-1
KHAPRETA_510206,311950.860,2624316.200,131.7400,1.1119,0.6800,0.0435,-1
KHAPRETA_510206,311954.860,2624316.200,125.9600,0.9719,6.4600,0.4128,-1
KHAPRETA_510206,311960.860,2624316.200,125.7400,2.0081,6.6800,0.4268,-1
KHAPRETA_510206,311962.860,2624316.200,125.3000,0.0000,7.1200,0.4550,-1
KHAPRETA_510206,311970.860,2624316.200,130.6700,1.1396,1.7500,0.1118,-1
KHAPRETA_510206,311971.860,2624316.200,130.5500,1.1938,1.8700,0.1195,-1
KHAPRETA_510206,311975.860,2624316.200,131.4900,1.0069,0.9300,0.0594,-1
KHAPRETA_510206,311977.860,2624316.200,130.2700,0.9936,2.1500,0.1374,-1
KHAPRETA_510206,311978.860,2624316.200,129.8400,1.2547,2.5800,0.1649,-1
KHAPRETA_510206,311979.860,2624316.200,127.8300,0.8986,4.5900,0.2933,-1
KHAPRETA_510206,311984.860,2624316.200,128.0600,0.8881,4.3600,0.2786,-1
KHAPRETA_510206,311988.860,2624316.200,127.2700,1.2531,5.1500,0.3291,-1
KHAPRETA_510206,311989.860,2624316.200,127.2700,1.2531,5.1500,0.3291,-1
KHAPRETA_510206,311995.860,2624316.200,127.1600,0.0000,5.2600,0.3361,-1
KHAPRETA_510206,312000.860,2624316.200,127.1800,0.0000,5.2400,0.3348,-1
KHAPRETA_510206,312002.860,2624316.200,127.5600,0.0000,4.8600,0.3105,-1
KHAPRETA_510206,312007.860,2624316.200,127.2500,1.6644,5.1700,0.3304,-1
KHAPRETA_510206,312008.860,2624316.200,127.6200,1.2647,4.8000,0.3067,-1
KHAPRETA_510206,312012.860,2624316.200,127.4700,0.0000,4.9500,0.3163,-1
KHAPRETA_510206,312014.860,2624316.200,127.4200,1.2331,5.0000,0.3195,-1
KHAPRETA_510206,312018.860,2624316.200,127.2400,1.2581,5.1800,0.3310,-1
KHAPRETA_510206,312020.860,2624316.200,127.4200,1.0881,5.0000,0.3195,-1
KHAPRETA_510206,312023.860,2624316.200,127.3800,0.0000,5.0400,0.3220,-1
KHAPRETA_510206,312026.860,2624316.200,127.3600,0.0000,5.0600,0.3233,-1
KHAPRETA_510206,312030.860,2624316.200,127.5500,0.0000,4.8700,0.3112,-1
KHAPRETA_510206,312037.860,2624316.200,127.4700,1.6319,4.9500,0.3163,-1
KHAPRETA_510206,312038.860,2624316.200,127.3800,0.1100,5.0400,0.3220,-1
KHAPRETA_510206,312039.860,2624316.200,127.6900,1.6251,4.7300,0.3022,-1
KHAPRETA_510206,312043.860,2624316.200,127.5200,1.0781,4.9000,0.3131,-1
KHAPRETA_510206,312047.860,2624316.200,128.0000,1.2281,4.4200,0.2824,-1
KHAPRETA_510206,312048.860,2624316.200,127.3200,0.8881,5.1000,0.3259,-1
KHAPRETA_510206,312050.860,2624316.200,127.3400,0.0000,5.0800,0.3246,-1
KHAPRETA_510206,312054.860,2624316.200,127.7300,0.0000,4.6900,0.2997,-1
KHAPRETA_510206,312056.860,2624316.200,127.5600,1.1031,4.8600,0.3105,-1
KHAPRETA_510206,312060.860,2624316.200,127.6400,0.2350,4.7800,0.3054,-1
KHAPRETA_510206,312064.860,2624316.200,128.4700,0.9484,3.9500,0.2524,-1
KHAPRETA_510206,312065.860,2624316.200,128.4200,0.6531,4.0000,0.2556,-1
KHAPRETA_510206,312067.860,2624316.200,128.4700,0.6331,3.9500,0.2524,-1
KHAPRETA_510206,312071.860,2624316.200,128.4400,0.0000,3.9800,0.2543,-1
KHAPRETA_510206,312075.860,2624316.200,128.4400,0.0000,3.9800,0.2543,-1
KHAPRETA_510206,312077.860,2624316.200,128.5600,0.0000,3.8600,0.2466,-1
KHAPRETA_510206,312082.860,2624316.200,128.6200,0.0000,3.8000,0.2428,-1
KHAPRETA_510206,312085.860,2624316.200,128.7400,0.5581,3.6800,0.2351,-1
KHAPRETA_510206,312086.860,2624316.200,128.6600,0.5181,3.7600,0.2403,-1
KHAPRETA_510206,312091.860,2624316.200,128.8200,0.0000,3.6000,0.2300,-1
KHAPRETA_510206,312093.860,2624316.200,128.8000,0.0000,3.6200,0.2313,-1
KHAPRETA_510206,312099.860,2624316.200,128.8800,0.0000,3.5400,0.2262,-1
KHAPRETA_510206,312102.860,2624316.200,128.6200,0.4231,3.8000,0.2428,-1
KHAPRETA_510206,312104.860,2624316.200,129.3500,0.0000,3.0700,0.1962,-1
KHAPRETA_510206,312106.860,2624316.200,129.0800,0.2731,3.3400,0.2134,-1
KHAPRETA_510206,312108.860,2624316.200,128.9000,0.3881,3.5200,0.2249,-1
KHAPRETA_510206,312117.860,2624316.200,129.3700,0.5380,3.0500,0.1949,-1
KHAPRETA_510206,312118.860,2624316.200,128.7400,0.3129,3.6800,0.2351,-1
KHAPRETA_510206,312127.860,2624316.200,128.7700,0.0000,3.6500,0.2332,-1
KHAPRETA_510206,312131.860,2624316.200,128.8500,0.4931,3.5700,0.2281,-1
KHAPRETA_510206,312132.860,2624316.200,128.7900,0.0200,3.6300,0.2319,-1
KHAPRETA_510206,312133.860,2624316.200,128.8100,0.4931,3.6100,0.2307,-1
KHAPRETA_510206,312138.860,2624316.200,128.8100,0.0000,3.6100,0.2307,-1
KHAPRETA_510206,312145.860,2624316.200,129.5700,0.2431,2.8500,0.1821,-1
KHAPRETA_510206,312154.860,2624316.200,129.7800,0.0230,2.6400,0.1687,-1
KHAPRETA_510206,312155.860,2624316.200,129.8200,0.0069,2.6000,0.1661,-1
KHAPRETA_510206,312156.860,2624316.200,129.7800,0.0430,2.6400,0.1687,-1
KHAPRETA_510206,312159.860,2624316.200,129.8300,0.0131,2.5900,0.1655,-1
KHAPRETA_510206,312161.860,2624316.200,129.8200,0.0000,2.6000,0.1661,-1
KHAPRETA_510206,312167.860,2624316.200,129.8200,0.0069,2.6000,0.1661,-1
KHAPRETA_510206,312168.860,2624316.200,129.7900,0.0387,2.6300,0.1681,-1
KHAPRETA_510206,312177.860,2624316.200,129.8800,0.0519,2.5400,0.1623,-1
KHAPRETA_510206,312178.860,2624316.200,129.8800,0.0546,2.5400,0.1623,-1
KHAPRETA_510206,312180.860,2624316.200,129.9300,0.0000,2.4900,0.1591,-1
KHAPRETA_510206,312186.860,2624316.200,129.9700,0.0000,2.4500,0.1565,-1
KHAPRETA_510206,312188.860,2624316.200,130.0100,0.1667,2.4100,0.1540,-1
KHAPRETA_510206,312189.860,2624316.200,130.0400,0.0050,2.3800,0.1521,-1
KHAPRETA_510206,312190.860,2624316.200,130.0000,0.1319,2.4200,0.1546,-1
KHAPRETA_510206,312192.860,2624316.200,130.0100,0.0000,2.4100,0.1540,-1
KHAPRETA_510206,312196.860,2624316.200,129.6900,0.0619,2.7300,0.1744,-1
KHAPRETA_510206,312197.860,2624316.200,129.9000,0.0431,2.5200,0.1610,-1
KHAPRETA_510206,312201.860,2624316.200,129.9500,0.1347,2.4700,0.1578,-1
KHAPRETA_510206,312202.860,2624316.200,129.9100,0.1067,2.5100,0.1604,-1
KHAPRETA_510206,312204.860,2624316.200,129.9800,0.0000,2.4400,0.1559,-1
KHAPRETA_510206,312206.860,2624316.200,129.9500,0.0969,2.4700,0.1578,-1
KHAPRETA_510206,312209.860,2624316.200,129.9600,0.0000,2.4600,0.1572,-1
KHAPRETA_510206,312212.860,2624316.200,129.9800,0.0000,2.4400,0.1559,-1
KHAPRETA_510206,312215.860,2624316.200,129.9600,0.0000,2.4600,0.1572,-1
KHAPRETA_510206,312218.860,2624316.200,129.9700,0.0000,2.4500,0.1565,-1
KHAPRETA_510206,312224.860,2624316.200,130.3700,0.2919,2.0500,0.1310,-1
KHAPRETA_510206,312225.860,2624316.200,130.3600,0.2969,2.0600,0.1316,-1
KHAPRETA_510206,312227.860,2624316.200,130.1800,0.0000,2.2400,0.1431,-1
KHAPRETA_510206,312231.860,2624316.200,130.4500,0.0000,1.9700,0.1259,-1
KHAPRETA_510206,312234.860,2624316.200,130.4400,0.0000,1.9800,0.1265,-1
KHAPRETA_510206,312236.860,2624316.200,130.4700,0.3519,1.9500,0.1246,-1
KHAPRETA_510206,312240.860,2624316.200,130.3700,0.0000,2.0500,0.1310,-1
KHAPRETA_510206,312247.860,2624316.200,130.8600,0.5069,1.5600,0.0997,-1
KHAPRETA_510206,312248.860,2624316.200,130.7900,0.7664,1.6300,0.1042,-1
KHAPRETA_510206,312250.860,2624316.200,130.8400,0.5569,1.5800,0.1010,-1
KHAPRETA_510206,312252.860,2624316.200,130.8400,0.5319,1.5800,0.1010,-1
KHAPRETA_510206,312253.860,2624316.200,130.8400,0.5319,1.5800,0.1010,-1
KHAPRETA_510206,312257.860,2624316.200,130.8100,0.5669,1.6100,0.1029,-1
KHAPRETA_510206,312261.860,2624316.200,130.8000,0.7697,1.6200,0.1035,-1
KHAPRETA_510206,312262.860,2624316.200,130.7600,0.5119,1.6600,0.1061,-1
KHAPRETA_510206,312267.860,2624316.200,130.7100,0.0000,1.7100,0.1093,-1
KHAPRETA_510206,312270.860,2624316.200,130.7500,0.4919,1.6700,0.1067,-1
KHAPRETA_510206,312271.860,2624316.200,130.7600,0.4869,1.6600,0.1061,-1
KHAPRETA_510206,312293.860,2624316.200,131.0000,0.5919,1.4200,0.0907,-1
KHAPRETA_510206,312297.860,2624316.200,131.0500,0.1300,1.3700,0.0875,-1
KHAPRETA_510206,312302.860,2624316.200,131.0600,0.0550,1.3600,0.0869,-1
KHAPRETA_510206,312304.860,2624316.200,131.0600,0.0000,1.3600,0.0869,-1
KHAPRETA_510206,312307.860,2624316.200,131.5100,0.8469,0.9100,0.0581,-1
KHAPRETA_510206,312314.860,2624316.200,131.4400,1.0769,0.9800,0.0626,-1
KHAPRETA_510206,312323.860,2624316.200,131.5500,0.0000,0.8700,0.0556,-1
KHAPRETA_510206,312331.860,2624316.200,131.6400,0.9369,0.7800,0.0498,-1
KHAPRETA_510206,312334.860,2624316.200,132.0000,1.4912,0.4200,0.0268,-1
KHAPRETA_510206,312335.860,2624316.200,131.9000,1.1119,0.5200,0.0332,-1
KHAPRETA_510206,311915.860,2624317.200,128.3000,0.0000,4.1200,0.2633,-1
KHAPRETA_510206,311918.860,2624317.200,128.1800,0.0000,4.2400,0.2709,-1
KHAPRETA_510206,311923.860,2624317.200,128.1500,0.0000,4.2700,0.2728,-1
KHAPRETA_510206,311940.860,2624317.200,127.2800,0.0000,5.1400,0.3284,-1
KHAPRETA_510206,311942.860,2624317.200,127.0800,0.0000,5.3400,0.3412,-1
KHAPRETA_510206,311951.860,2624317.200,132.1200,2.0612,0.3000,0.0192,-1
KHAPRETA_510206,311952.860,2624317.200,132.3300,3.4800,0.0900,0.0058,-1
KHAPRETA_510206,311953.860,2624317.200,126.2100,1.5547,6.2100,0.3968,-1
KHAPRETA_510206,311956.860,2624317.200,126.0800,1.8631,6.3400,0.4051,-1
KHAPRETA_510206,311970.860,2624317.200,131.9200,1.1938,0.5000,0.0319,-1
KHAPRETA_510206,311971.860,2624317.200,131.9900,1.1396,0.4300,0.0275,-1
KHAPRETA_510206,311974.860,2624317.200,131.6100,0.0000,0.8100,0.0518,-1
KHAPRETA_510206,311977.860,2624317.200,127.7900,0.3832,4.6300,0.2958,-1
KHAPRETA_510206,311978.860,2624317.200,129.1900,0.8752,3.2300,0.2064,-1
KHAPRETA_510206,311979.860,2624317.200,127.9800,1.0162,4.4400,0.2837,-1
KHAPRETA_510206,311984.860,2624317.200,128.0000,0.8581,4.4200,0.2824,-1
KHAPRETA_510206,311986.860,2624317.200,127.1400,1.3381,5.2800,0.3374,-1
KHAPRETA_510206,311997.860,2624317.200,127.2100,1.1731,5.2100,0.3329,-1
KHAPRETA_510206,312008.860,2624317.200,127.2700,0.1800,5.1500,0.3291,-1
KHAPRETA_510206,312010.860,2624317.200,127.3000,0.0000,5.1200,0.3272,-1
KHAPRETA_510206,312013.860,2624317.200,127.3000,1.2331,5.1200,0.3272,-1
KHAPRETA_510206,312014.860,2624317.200,127.3100,1.7090,5.1100,0.3265,-1
KHAPRETA_510206,312017.860,2624317.200,127.2400,1.2031,5.1800,0.3310,-1
KHAPRETA_510206,312019.860,2624317.200,127.3200,0.0000,5.1000,0.3259,-1
KHAPRETA_510206,312022.860,2624317.200,127.4100,0.0000,5.0100,0.3201,-1
KHAPRETA_510206,312028.860,2624317.200,127.4500,0.0000,4.9700,0.3176,-1
KHAPRETA_510206,312043.860,2624317.200,127.6200,0.0900,4.8000,0.3067,-1
KHAPRETA_510206,312056.860,2624317.200,127.5700,1.1081,4.8500,0.3099,-1
KHAPRETA_510206,312059.860,2624317.200,127.7600,1.1351,4.6600,0.2978,-1
KHAPRETA_510206,312060.860,2624317.200,128.0600,1.1067,4.3600,0.2786,-1
KHAPRETA_510206,312061.860,2624317.200,128.3400,1.1125,4.0800,0.2607,-1
KHAPRETA_510206,312067.860,2624317.200,128.5100,0.6531,3.9100,0.2498,-1
KHAPRETA_510206,312080.860,2624317.200,128.6000,0.0000,3.8200,0.2441,-1
KHAPRETA_510206,312089.860,2624317.200,128.7900,0.0000,3.6300,0.2319,-1
KHAPRETA_510206,312092.860,2624317.200,128.8100,0.0000,3.6100,0.2307,-1
KHAPRETA_510206,312100.860,2624317.200,128.8500,0.0000,3.5700,0.2281,-1
KHAPRETA_510206,312102.860,2624317.200,128.9300,0.6127,3.4900,0.2230,-1
KHAPRETA_510206,312103.860,2624317.200,129.3700,0.4693,3.0500,0.1949,-1
KHAPRETA_510206,312108.860,2624317.200,129.0000,0.7333,3.4200,0.2185,-1
KHAPRETA_510206,312109.860,2624317.200,128.6000,0.3881,3.8200,0.2441,-1
KHAPRETA_510206,312112.860,2624317.200,129.9800,0.0000,2.4400,0.1559,-1
KHAPRETA_510206,312114.860,2624317.200,129.5400,0.1481,2.8800,0.1840,-1
KHAPRETA_510206,312115.860,2624317.200,129.4800,0.2054,2.9400,0.1879,-1
KHAPRETA_510206,312117.860,2624317.200,129.0700,0.2031,3.3500,0.2141,-1
KHAPRETA_510206,312121.860,2624317.200,129.6500,0.4731,2.7700,0.1770,-1
KHAPRETA_510206,312122.860,2624317.200,128.8300,0.0631,3.5900,0.2294,-1
KHAPRETA_510206,312126.860,2624317.200,128.8100,0.0000,3.6100,0.2307,-1
KHAPRETA_510206,312128.860,2624317.200,128.8400,0.0000,3.5800,0.2288,-1
KHAPRETA_510206,312137.860,2624317.200,128.8300,0.0000,3.5900,0.2294,-1
KHAPRETA_510206,312143.860,2624317.200,129.1300,0.0000,3.2900,0.2102,-1
KHAPRETA_510206,312146.860,2624317.200,129.6800,0.0000,2.7400,0.1751,-1
KHAPRETA_510206,312149.860,2624317.200,129.7300,0.0081,2.6900,0.1719,-1
KHAPRETA_510206,312150.860,2624317.200,129.7600,0.0250,2.6600,0.1700,-1
KHAPRETA_510206,312151.860,2624317.200,129.6800,0.0081,2.7400,0.1751,-1
KHAPRETA_510206,312154.860,2624317.200,129.7900,0.0019,2.6300,0.1681,-1
KHAPRETA_510206,312156.860,2624317.200,129.8500,0.0351,2.5700,0.1642,-1
KHAPRETA_510206,312157.860,2624317.200,129.7700,0.0369,2.6500,0.1693,-1
KHAPRETA_510206,312159.860,2624317.200,129.7500,0.0372,2.6700,0.1706,-1
KHAPRETA_510206,312160.860,2624317.200,129.8200,0.0131,2.6000,0.1661,-1
KHAPRETA_510206,312163.860,2624317.200,129.8000,0.0319,2.6200,0.1674,-1
KHAPRETA_510206,312170.860,2624317.200,129.8800,0.0000,2.5400,0.1623,-1
KHAPRETA_510206,312172.860,2624317.200,129.9100,0.0000,2.5100,0.1604,-1
KHAPRETA_510206,312174.860,2624317.200,129.9200,0.0000,2.5000,0.1597,-1
KHAPRETA_510206,312181.860,2624317.200,129.9100,0.0000,2.5100,0.1604,-1
KHAPRETA_510206,312188.860,2624317.200,129.9800,0.1169,2.4400,0.1559,-1
KHAPRETA_510206,312200.860,2624317.200,129.9700,0.1169,2.4500,0.1565,-1
KHAPRETA_510206,312201.860,2624317.200,130.0100,0.1302,2.4100,0.1540,-1
KHAPRETA_510206,312205.860,2624317.200,130.0000,0.1169,2.4200,0.1546,-1
KHAPRETA_510206,312207.860,2624317.200,129.9500,0.0000,2.4700,0.1578,-1
KHAPRETA_510206,312213.860,2624317.200,129.9900,0.0000,2.4300,0.1553,-1
KHAPRETA_510206,312221.860,2624317.200,130.1600,0.0000,2.2600,0.1444,-1
KHAPRETA_510206,312226.860,2624317.200,130.2900,0.2369,2.1300,0.1361,-1
KHAPRETA_510206,312232.860,2624317.200,130.4600,0.3169,1.9600,0.1252,-1
KHAPRETA_510206,312233.860,2624317.200,130.4100,0.3419,2.0100,0.1284,-1
KHAPRETA_510206,312239.860,2624317.200,130.3800,0.0000,2.0400,0.1304,-1
KHAPRETA_510206,312242.860,2624317.200,130.7600,0.0000,1.6600,0.1061,-1
KHAPRETA_510206,312245.860,2624317.200,130.8400,0.5419,1.5800,0.1010,-1
KHAPRETA_510206,312246.860,2624317.200,130.8600,0.5319,1.5600,0.0997,-1
KHAPRETA_510206,312248.860,2624317.200,130.8600,0.5069,1.5600,0.0997,-1
KHAPRETA_510206,312256.860,2624317.200,130.8800,0.0000,1.5400,0.0984,-1
KHAPRETA_510206,312258.860,2624317.200,130.8400,0.0000,1.5800,0.1010,-1
KHAPRETA_510206,312261.860,2624317.200,130.9600,0.0600,1.4600,0.0933,-1
KHAPRETA_510206,312269.860,2624317.200,130.5700,0.0000,1.8500,0.1182,-1
KHAPRETA_510206,312272.860,2624317.200,130.7500,0.0000,1.6700,0.1067,-1
KHAPRETA_510206,312274.860,2624317.200,130.8000,0.5069,1.6200,0.1035,-1
KHAPRETA_510206,312277.860,2624317.200,130.8200,0.5319,1.6000,0.1022,-1
KHAPRETA_510206,312278.860,2624317.200,130.8400,0.0200,1.5800,0.1010,-1
KHAPRETA_510206,312279.860,2624317.200,130.8600,0.7630,1.5600,0.0997,-1
KHAPRETA_510206,312281.860,2624317.200,130.8300,0.0000,1.5900,0.1016,-1
KHAPRETA_510206,312284.860,2624317.200,130.8900,0.0000,1.5300,0.0978,-1
KHAPRETA_510206,312286.860,2624317.200,130.9000,0.5469,1.5200,0.0971,-1
KHAPRETA_510206,312292.860,2624317.200,130.9800,0.5919,1.4400,0.0920,-1
KHAPRETA_510206,312293.860,2624317.200,130.9600,0.8584,1.4600,0.0933,-1
KHAPRETA_510206,312296.860,2624317.200,131.0400,0.6319,1.3800,0.0882,-1
KHAPRETA_510206,312297.860,2624317.200,131.0400,0.8972,1.3800,0.0882,-1
KHAPRETA_510206,312299.860,2624317.200,131.0800,0.6469,1.3400,0.0856,-1
KHAPRETA_510206,312300.860,2624317.200,131.0700,0.9255,1.3500,0.0863,-1
KHAPRETA_510206,312302.860,2624317.200,131.1200,0.9257,1.3000,0.0831,-1
KHAPRETA_510206,312303.860,2624317.200,131.1100,0.9432,1.3100,0.0837,-1
KHAPRETA_510206,312307.860,2624317.200,131.4700,1.1708,0.9500,0.0607,-1
KHAPRETA_510206,312308.860,2624317.200,131.3500,1.1527,1.0700,0.0684,-1
KHAPRETA_510206,312310.860,2624317.200,131.9400,1.0269,0.4800,0.0307,-1
KHAPRETA_510206,312311.860,2624317.200,131.8300,1.0819,0.5900,0.0377,-1
KHAPRETA_510206,312324.860,2624317.200,131.5400,0.0000,0.8800,0.0562,-1
KHAPRETA_510206,312327.860,2624317.200,131.7300,1.0569,0.6900,0.0441,-1
KHAPRETA_510206,312328.860,2624317.200,131.8900,0.9769,0.5300,0.0339,-1
KHAPRETA_510206,312334.860,2624317.200,131.8700,1.1119,0.5500,0.0351,-1
KHAPRETA_510206,312343.860,2624317.200,132.0800,0.0000,0.3400,0.0217,-1
KHAPRETA_510206,312345.860,2624317.200,132.1800,0.0000,0.2400,0.0153,-1
KHAPRETA_510206,312355.860,2624317.200,132.0200,0.0000,0.4000,0.0256,-1
KHAPRETA_510206,312357.860,2624317.200,132.0400,1.1169,0.3800,0.0243,-1
KHAPRETA_510206,312358.860,2624317.200,132.0100,0.0000,0.4100,0.0262,-1
KHAPRETA_510206,312359.860,2624317.200,132.0400,1.1272,0.3800,0.0243,-1
KHAPRETA_510206,312360.860,2624317.200,132.0600,1.1319,0.3600,0.0230,-1
KHAPRETA_510206,311909.860,2624318.200,128.3700,0.0000,4.0500,0.2588,-1
KHAPRETA_510206,311913.860,2624318.200,128.1400,0.0000,4.2800,0.2735,-1
KHAPRETA_510206,311924.860,2624318.200,128.1400,0.7931,4.2800,0.2735,-1
KHAPRETA_510206,311925.860,2624318.200,128.1900,0.0150,4.2300,0.2703,-1
KHAPRETA_510206,311926.860,2624318.200,128.1100,0.7931,4.3100,0.2754,-1
KHAPRETA_510206,311938.860,2624318.200,129.8000,0.0000,2.6200,0.1674,-1
KHAPRETA_510206,311951.860,2624318.200,126.5400,1.9871,5.8800,0.3757,-1
KHAPRETA_510206,311952.860,2624318.200,126.1000,2.8117,6.3200,0.4038,-1
KHAPRETA_510206,311953.860,2624318.200,131.5500,2.5608,0.8700,0.0556,-1
KHAPRETA_510206,311956.860,2624318.200,126.0500,0.0950,6.3700,0.4070,-1
KHAPRETA_510206,311959.860,2624318.200,126.1200,0.0000,6.3000,0.4026,-1
KHAPRETA_510206,311963.860,2624318.200,124.7800,0.0000,7.6400,0.4882,-1
KHAPRETA_510206,311968.860,2624318.200,131.4500,0.0000,0.9700,0.0620,-1
KHAPRETA_510206,311978.860,2624318.200,128.1000,0.5600,4.3200,0.2760,-1
KHAPRETA_510206,311986.860,2624318.200,127.1000,1.3181,5.3200,0.3399,-1
KHAPRETA_510206,311996.860,2624318.200,127.4500,1.1731,4.9700,0.3176,-1
KHAPRETA_510206,311997.860,2624318.200,127.4300,1.7318,4.9900,0.3188,-1
KHAPRETA_510206,312002.860,2624318.200,127.2200,1.0231,5.2000,0.3323,-1
KHAPRETA_510206,312003.860,2624318.200,127.7300,1.2781,4.6900,0.2997,-1
KHAPRETA_510206,312005.860,2624318.200,127.7300,1.5419,4.6900,0.2997,-1
KHAPRETA_510206,312006.860,2624318.200,127.4600,1.0231,4.9600,0.3169,-1
KHAPRETA_510206,312008.860,2624318.200,127.2600,1.7721,5.1600,0.3297,-1
KHAPRETA_510206,312009.860,2624318.200,127.2700,1.2581,5.1500,0.3291,-1
KHAPRETA_510206,312017.860,2624318.200,127.3700,1.2413,5.0500,0.3227,-1
KHAPRETA_510206,312018.860,2624318.200,127.3000,1.2031,5.1200,0.3272,-1
KHAPRETA_510206,312020.860,2624318.200,127.3300,1.4978,5.0900,0.3252,-1
KHAPRETA_510206,312021.860,2624318.200,128.0900,1.7121,4.3300,0.2767,-1
KHAPRETA_510206,312025.860,2624318.200,127.4600,0.0000,4.9600,0.3169,-1
KHAPRETA_510206,312030.860,2624318.200,127.3700,1.2131,5.0500,0.3227,-1
KHAPRETA_510206,312032.860,2624318.200,127.3900,0.0000,5.0300,0.3214,-1
KHAPRETA_510206,312038.860,2624318.200,127.4900,0.0000,4.9300,0.3150,-1
KHAPRETA_510206,312040.860,2624318.200,127.6200,1.1831,4.8000,0.3067,-1
KHAPRETA_510206,312043.860,2624318.200,127.7000,1.4828,4.7200,0.3016,-1
KHAPRETA_510206,312044.860,2624318.200,127.7400,1.0381,4.6800,0.2990,-1
KHAPRETA_510206,312046.860,2624318.200,127.2200,1.1731,5.2000,0.3323,-1
KHAPRETA_510206,312050.860,2624318.200,127.4600,1.5236,4.9600,0.3169,-1
KHAPRETA_510206,312051.860,2624318.200,127.7500,0.0950,4.6700,0.2984,-1
KHAPRETA_510206,312052.860,2624318.200,127.2700,1.1370,5.1500,0.3291,-1
KHAPRETA_510206,312053.860,2624318.200,127.9400,1.1662,4.4800,0.2863,-1
KHAPRETA_510206,312054.860,2624318.200,127.4400,0.9181,4.9800,0.3182,-1
KHAPRETA_510206,312059.860,2624318.200,128.2900,0.3150,4.1300,0.2639,-1
KHAPRETA_510206,312061.860,2624318.200,128.3600,0.7181,4.0600,0.2594,-1
KHAPRETA_510206,312063.860,2624318.200,128.4500,0.0000,3.9700,0.2537,-1
KHAPRETA_510206,312068.860,2624318.200,128.4300,0.0000,3.9900,0.2550,-1
KHAPRETA_510206,312077.860,2624318.200,128.5400,0.0000,3.8800,0.2479,-1
KHAPRETA_510206,312079.860,2624318.200,128.6800,0.0000,3.7400,0.2390,-1
KHAPRETA_510206,312082.860,2624318.200,128.6900,0.0000,3.7300,0.2383,-1
KHAPRETA_510206,312086.860,2624318.200,128.7000,0.0000,3.7200,0.2377,-1
KHAPRETA_510206,312088.860,2624318.200,128.7100,0.0000,3.7100,0.2371,-1
KHAPRETA_510206,312097.860,2624318.200,128.7600,0.0000,3.6600,0.2339,-1
KHAPRETA_510206,312101.860,2624318.200,128.8000,0.4781,3.6200,0.2313,-1
KHAPRETA_510206,312103.860,2624318.200,129.3700,0.1644,3.0500,0.1949,-1
KHAPRETA_510206,312104.860,2624318.200,129.4700,0.1700,2.9500,0.1885,-1
KHAPRETA_510206,312105.860,2624318.200,129.0300,0.6028,3.3900,0.2166,-1
KHAPRETA_510206,312111.860,2624318.200,129.3000,0.0000,3.1200,0.1994,-1
KHAPRETA_510206,312115.860,2624318.200,129.4400,0.1481,2.9800,0.1904,-1
KHAPRETA_510206,312119.860,2624318.200,129.9300,0.5131,2.4900,0.1591,-1
KHAPRETA_510206,312140.860,2624318.200,128.8500,0.3881,3.5700,0.2281,-1
KHAPRETA_510206,312141.860,2624318.200,129.0000,0.5590,3.4200,0.2185,-1
KHAPRETA_510206,312153.860,2624318.200,129.7700,0.0000,2.6500,0.1693,-1
KHAPRETA_510206,312156.860,2624318.200,129.8500,0.0369,2.5700,0.1642,-1
KHAPRETA_510206,312159.860,2624318.200,129.7700,0.0131,2.6500,0.1693,-1
KHAPRETA_510206,312163.860,2624318.200,129.8400,0.0123,2.5800,0.1649,-1
KHAPRETA_510206,312164.860,2624318.200,129.7700,0.0319,2.6500,0.1693,-1
KHAPRETA_510206,312166.860,2624318.200,129.7800,0.0484,2.6400,0.1687,-1
KHAPRETA_510206,312167.860,2624318.200,129.8000,0.0019,2.6200,0.1674,-1
KHAPRETA_510206,312176.860,2624318.200,129.8900,0.1097,2.5300,0.1617,-1
KHAPRETA_510206,312177.860,2624318.200,129.9100,0.0707,2.5100,0.1604,-1
KHAPRETA_510206,312183.860,2624318.200,129.9300,0.0000,2.4900,0.1591,-1
KHAPRETA_510206,312195.860,2624318.200,130.0800,0.0000,2.3400,0.1495,-1
KHAPRETA_510206,312205.860,2624318.200,130.0100,0.1119,2.4100,0.1540,-1
KHAPRETA_510206,312217.860,2624318.200,130.0200,0.0000,2.4000,0.1534,-1
KHAPRETA_510206,312222.860,2624318.200,130.1900,0.1969,2.2300,0.1425,-1
KHAPRETA_510206,312226.860,2624318.200,130.2500,0.2569,2.1700,0.1387,-1
KHAPRETA_510206,312236.860,2624318.200,130.5000,0.0000,1.9200,0.1227,-1
KHAPRETA_510206,312238.860,2624318.200,130.4100,0.0000,2.0100,0.1284,-1
KHAPRETA_510206,312240.860,2624318.200,130.3900,0.3069,2.0300,0.1297,-1
KHAPRETA_510206,312247.860,2624318.200,130.9000,0.0000,1.5200,0.0971,-1
KHAPRETA_510206,312253.860,2624318.200,130.9500,0.0000,1.4700,0.0939,-1
KHAPRETA_510206,312255.860,2624318.200,130.9200,0.0000,1.5000,0.0958,-1
KHAPRETA_510206,312261.860,2624318.200,130.9200,0.5919,1.5000,0.0958,-1
KHAPRETA_510206,312266.860,2624318.200,130.6600,0.0000,1.7600,0.1125,-1
KHAPRETA_510206,312273.860,2624318.200,130.7800,0.5069,1.6400,0.1048,-1
KHAPRETA_510206,312274.860,2624318.200,130.7900,0.5120,1.6300,0.1042,-1
KHAPRETA_510206,312275.860,2624318.200,130.8000,0.0000,1.6200,0.1035,-1
KHAPRETA_510206,312276.860,2624318.200,130.7900,0.7170,1.6300,0.1042,-1
KHAPRETA_510206,312279.860,2624318.200,130.8700,0.5419,1.5500,0.0990,-1
KHAPRETA_510206,312286.860,2624318.200,130.8700,0.5619,1.5500,0.0990,-1
KHAPRETA_510206,312298.860,2624318.200,131.0500,0.0000,1.3700,0.0875,-1
KHAPRETA_510206,312300.860,2624318.200,131.0900,0.0050,1.3300,0.0850,-1
KHAPRETA_510206,312303.860,2624318.200,131.1000,0.6669,1.3200,0.0843,-1
KHAPRETA_510206,312305.860,2624318.200,131.1200,0.0000,1.3000,0.0831,-1
KHAPRETA_510206,312308.860,2624318.200,131.3400,0.7869,1.0800,0.0690,-1
KHAPRETA_510206,312312.860,2624318.200,131.6000,0.0000,0.8200,0.0524,-1
KHAPRETA_510206,312329.860,2624318.200,131.8100,1.5375,0.6100,0.0390,-1
KHAPRETA_510206,312330.860,2624318.200,131.7900,1.0169,0.6300,0.0403,-1
KHAPRETA_510206,312359.860,2624318.200,132.0300,1.1319,0.3900,0.0249,-1
KHAPRETA_510206,312362.860,2624318.200,132.1300,0.0000,0.2900,0.0185,-1
KHAPRETA_510206,311912.860,2624319.200,128.1100,0.0000,4.3100,0.2754,-1
KHAPRETA_510206,311916.860,2624319.200,128.2800,0.0000,4.1400,0.2645,-1
KHAPRETA_510206,311919.860,2624319.200,128.2400,0.7781,4.1800,0.2671,-1
KHAPRETA_510206,311920.860,2624319.200,128.2200,0.0600,4.2000,0.2684,-1
KHAPRETA_510206,311921.860,2624319.200,128.1200,0.0250,4.3000,0.2748,-1
KHAPRETA_510206,311922.860,2624319.200,128.2700,0.8281,4.1500,0.2652,-1
KHAPRETA_510206,311931.860,2624319.200,127.9400,0.8981,4.4800,0.2863,-1
KHAPRETA_510206,311932.860,2624319.200,127.9800,0.9181,4.4400,0.2837,-1
KHAPRETA_510206,311935.860,2624319.200,127.8900,0.0000,4.5300,0.2895,-1
KHAPRETA_510206,311937.860,2624319.200,128.0800,0.0000,4.3400,0.2773,-1
KHAPRETA_510206,311939.860,2624319.200,127.4400,0.0000,4.9800,0.3182,-1
KHAPRETA_510206,311946.860,2624319.200,129.9100,0.0069,2.5100,0.1604,-1
KHAPRETA_510206,311947.860,2624319.200,129.7900,0.4322,2.6300,0.1681,-1
KHAPRETA_510206,311951.860,2624319.200,130.6100,1.6181,1.8100,0.1157,-1
KHAPRETA_510206,311956.860,2624319.200,125.8900,1.8631,6.5300,0.4173,-1
KHAPRETA_510206,311960.860,2624319.200,125.6900,0.0000,6.7300,0.4300,-1
KHAPRETA_510206,311974.860,2624319.200,131.2700,0.5281,1.1500,0.0735,-1
KHAPRETA_510206,311975.860,2624319.200,128.7200,1.1300,3.7000,0.2364,-1
KHAPRETA_510206,311976.860,2624319.200,129.0100,0.0300,3.4100,0.2179,-1
KHAPRETA_510206,311977.860,2624319.200,128.6600,0.4700,3.7600,0.2403,-1
KHAPRETA_510206,311978.860,2624319.200,128.0700,1.0069,4.3500,0.2780,-1
KHAPRETA_510206,311982.860,2624319.200,127.9600,0.9881,4.4600,0.2850,-1
KHAPRETA_510206,311983.860,2624319.200,127.8000,0.1800,4.6200,0.2952,-1
KHAPRETA_510206,311984.860,2624319.200,128.3200,1.0393,4.1000,0.2620,-1
KHAPRETA_510206,311985.860,2624319.200,127.2200,0.7281,5.2000,0.3323,-1
KHAPRETA_510206,311989.860,2624319.200,127.2200,0.0000,5.2000,0.3323,-1
KHAPRETA_510206,311999.860,2624319.200,127.3100,0.0000,5.1100,0.3265,-1
KHAPRETA_510206,312005.860,2624319.200,127.7400,1.0231,4.6800,0.2990,-1
KHAPRETA_510206,312012.860,2624319.200,127.2900,0.0000,5.1300,0.3278,-1
KHAPRETA_510206,312017.860,2624319.200,127.4200,1.2031,5.0000,0.3195,-1
KHAPRETA_510206,312020.860,2624319.200,127.3000,1.7121,5.1200,0.3272,-1
KHAPRETA_510206,312021.860,2624319.200,127.3800,1.4978,5.0400,0.3220,-1
KHAPRETA_510206,312023.860,2624319.200,127.3700,0.0000,5.0500,0.3227,-1
KHAPRETA_510206,312030.860,2624319.200,127.3500,1.7014,5.0700,0.3240,-1
KHAPRETA_510206,312031.860,2624319.200,127.3700,1.7085,5.0500,0.3227,-1
KHAPRETA_510206,312034.860,2624319.200,127.5400,0.0000,4.8800,0.3118,-1
KHAPRETA_510206,312036.860,2624319.200,127.4400,0.0000,4.9800,0.3182,-1
KHAPRETA_510206,312040.860,2624319.200,127.4100,1.5676,5.0100,0.3201,-1
KHAPRETA_510206,312041.860,2624319.200,127.5000,0.0400,4.9200,0.3144,-1
KHAPRETA_510206,312042.860,2624319.200,127.3300,1.1381,5.0900,0.3252,-1
KHAPRETA_510206,312045.860,2624319.200,127.6500,1.5114,4.7700,0.3048,-1
KHAPRETA_510206,312046.860,2624319.200,127.4300,1.2847,4.9900,0.3188,-1
KHAPRETA_510206,312047.860,2624319.200,127.3900,1.6554,5.0300,0.3214,-1
KHAPRETA_510206,312049.860,2624319.200,127.6900,1.1381,4.7300,0.3022,-1
KHAPRETA_510206,312050.860,2624319.200,127.5000,1.0438,4.9200,0.3144,-1
KHAPRETA_510206,312052.860,2624319.200,127.5100,1.7096,4.9100,0.3137,-1
KHAPRETA_510206,312053.860,2624319.200,127.4500,1.1684,4.9700,0.3176,-1
KHAPRETA_510206,312055.860,2624319.200,127.4900,0.0000,4.9300,0.3150,-1
KHAPRETA_510206,312059.860,2624319.200,128.3900,0.0400,4.0300,0.2575,-1
KHAPRETA_510206,312071.860,2624319.200,128.4500,0.6681,3.9700,0.2537,-1
KHAPRETA_510206,312072.860,2624319.200,128.4400,0.0050,3.9800,0.2543,-1
KHAPRETA_510206,312073.860,2624319.200,128.4400,0.6681,3.9800,0.2543,-1
KHAPRETA_510206,312078.860,2624319.200,128.5900,0.6181,3.8300,0.2447,-1
KHAPRETA_510206,312080.860,2624319.200,128.7200,0.5581,3.7000,0.2364,-1
KHAPRETA_510206,312085.860,2624319.200,128.7100,0.0000,3.7100,0.2371,-1
KHAPRETA_510206,312087.860,2624319.200,128.6400,0.0000,3.7800,0.2415,-1
KHAPRETA_510206,312091.860,2624319.200,128.8400,0.0000,3.5800,0.2288,-1
KHAPRETA_510206,312093.860,2624319.200,128.7900,0.0000,3.6300,0.2319,-1
KHAPRETA_510206,312096.860,2624319.200,128.7900,0.0000,3.6300,0.2319,-1
KHAPRETA_510206,312101.860,2624319.200,128.8200,0.4881,3.6000,0.2300,-1
KHAPRETA_510206,312103.860,2624319.200,129.2500,0.2031,3.1700,0.2026,-1
KHAPRETA_510206,312105.860,2624319.200,128.6100,0.5659,3.8100,0.2435,-1
KHAPRETA_510206,312106.860,2624319.200,128.6700,0.5831,3.7500,0.2396,-1
KHAPRETA_510206,312110.860,2624319.200,129.0600,0.0000,3.3600,0.2147,-1
KHAPRETA_510206,312112.860,2624319.200,129.6700,0.0631,2.7500,0.1757,-1
KHAPRETA_510206,312119.860,2624319.200,128.7500,0.0769,3.6700,0.2345,-1
KHAPRETA_510206,312123.860,2624319.200,128.7700,0.0000,3.6500,0.2332,-1
KHAPRETA_510206,312131.860,2624319.200,128.8000,0.4781,3.6200,0.2313,-1
KHAPRETA_510206,312132.860,2624319.200,128.8200,0.4881,3.6000,0.2300,-1
KHAPRETA_510206,312135.860,2624319.200,129.1300,0.4681,3.2900,0.2102,-1
KHAPRETA_510206,312138.860,2624319.200,128.8300,0.0000,3.5900,0.2294,-1
KHAPRETA_510206,312141.860,2624319.200,129.1500,0.3881,3.2700,0.2089,-1
KHAPRETA_510206,312145.860,2624319.200,129.3900,0.2695,3.0300,0.1936,-1
KHAPRETA_510206,312146.860,2624319.200,129.7200,0.2345,2.7000,0.1725,-1
KHAPRETA_510206,312150.860,2624319.200,129.6600,0.0000,2.7600,0.1764,-1
KHAPRETA_510206,312166.860,2624319.200,129.8700,0.0019,2.5500,0.1629,-1
KHAPRETA_510206,312168.860,2624319.200,129.8900,0.0000,2.5300,0.1617,-1
KHAPRETA_510206,312170.860,2624319.200,129.8600,0.0000,2.5600,0.1636,-1
KHAPRETA_510206,312176.860,2624319.200,129.9500,0.0707,2.4700,0.1578,-1
KHAPRETA_510206,312177.860,2624319.200,129.8600,0.1097,2.5600,0.1636,-1
KHAPRETA_510206,312186.860,2624319.200,129.9600,0.0000,2.4600,0.1572,-1
KHAPRETA_510206,312190.860,2624319.200,130.0200,0.1419,2.4000,0.1534,-1
KHAPRETA_510206,312192.860,2624319.200,130.0300,0.0000,2.3900,0.1527,-1
KHAPRETA_510206,312198.860,2624319.200,129.9600,0.0000,2.4600,0.1572,-1
KHAPRETA_510206,312207.860,2624319.200,129.9600,0.0000,2.4600,0.1572,-1
KHAPRETA_510206,312218.860,2624319.200,129.9900,0.1655,2.4300,0.1553,-1
KHAPRETA_510206,312219.860,2624319.200,130.0000,0.0600,2.4200,0.1546,-1
KHAPRETA_510206,312220.860,2624319.200,130.1100,0.1119,2.3100,0.1476,-1
KHAPRETA_510206,312222.860,2624319.200,130.1700,0.2069,2.2500,0.1438,-1
KHAPRETA_510206,312224.860,2624319.200,130.4000,0.0000,2.0200,0.1291,-1
KHAPRETA_510206,312227.860,2624319.200,130.2400,0.2219,2.1800,0.1393,-1
KHAPRETA_510206,312235.860,2624319.200,130.4200,0.0000,2.0000,0.1278,-1
KHAPRETA_510206,312239.860,2624319.200,130.3900,0.4448,2.0300,0.1297,-1
KHAPRETA_510206,312240.860,2624319.200,130.3900,0.3073,2.0300,0.1297,-1
KHAPRETA_510206,312242.860,2624319.200,130.4200,0.4469,2.0000,0.1278,-1
KHAPRETA_510206,312243.860,2624319.200,130.6700,0.3219,1.7500,0.1118,-1
KHAPRETA_510206,312249.860,2624319.200,130.8900,0.0000,1.5300,0.0978,-1
KHAPRETA_510206,312257.860,2624319.200,130.9400,0.5619,1.4800,0.0946,-1
KHAPRETA_510206,312260.860,2624319.200,130.9800,0.0000,1.4400,0.0920,-1
KHAPRETA_510206,312262.860,2624319.200,130.9600,0.0000,1.4600,0.0933,-1
KHAPRETA_510206,312272.860,2624319.200,130.7700,0.0000,1.6500,0.1054,-1
KHAPRETA_510206,312276.860,2624319.200,130.7800,0.7169,1.6400,0.1048,-1
KHAPRETA_510206,312277.860,2624319.200,130.7900,0.7170,1.6300,0.1042,-1
KHAPRETA_510206,312280.860,2624319.200,130.8300,0.5569,1.5900,0.1016,-1
KHAPRETA_510206,312281.860,2624319.200,130.8900,0.0100,1.5300,0.0978,-1
KHAPRETA_510206,312282.860,2624319.200,130.8500,0.0200,1.5700,0.1003,-1
KHAPRETA_510206,312283.860,2624319.200,130.8500,0.5369,1.5700,0.1003,-1
KHAPRETA_510206,312296.860,2624319.200,131.0300,0.6319,1.3900,0.0888,-1
KHAPRETA_510206,312297.860,2624319.200,131.0400,0.6269,1.3800,0.0882,-1
KHAPRETA_510206,312300.860,2624319.200,131.0600,0.9326,1.3600,0.0869,-1
KHAPRETA_510206,312301.860,2624319.200,131.1000,0.0300,1.3200,0.0843,-1
KHAPRETA_510206,312302.860,2624319.200,131.1200,0.6619,1.3000,0.0831,-1
KHAPRETA_510206,312304.860,2624319.200,131.1100,0.0000,1.3100,0.0837,-1
KHAPRETA_510206,312309.860,2624319.200,131.3500,1.1269,1.0700,0.0684,-1
KHAPRETA_510206,312310.860,2624319.200,132.0300,1.1895,0.3900,0.0249,-1
KHAPRETA_510206,312324.860,2624319.200,131.6400,1.3923,0.7800,0.0498,-1
KHAPRETA_510206,312325.860,2624319.200,131.7200,0.9319,0.7000,0.0447,-1
KHAPRETA_510206,312327.860,2624319.200,131.8300,1.2069,0.5900,0.0377,-1
KHAPRETA_510206,312328.860,2624319.200,132.1900,0.1350,0.2300,0.0147,-1
KHAPRETA_510206,312329.860,2624319.200,132.1000,1.5782,0.3200,0.0204,-1
KHAPRETA_510206,312337.860,2624319.200,132.2600,1.3169,0.1600,0.0102,-1
KHAPRETA_510206,312346.860,2624319.200,132.1600,1.1519,0.2600,0.0166,-1
KHAPRETA_510206,312349.860,2624319.200,132.2200,0.0000,0.2000,0.0128,-1
KHAPRETA_510206,312351.860,2624319.200,132.0300,1.1819,0.3900,0.0249,-1
KHAPRETA_510206,312352.860,2624319.200,132.1400,1.6659,0.2800,0.0179,-1
KHAPRETA_510206,311909.860,2624320.200,128.3300,0.0000,4.0900,0.2613,-1
KHAPRETA_510206,311938.860,2624320.200,128.0800,0.0000,4.3400,0.2773,-1
KHAPRETA_510206,311940.860,2624320.200,127.5500,0.0000,4.8700,0.3112,-1
KHAPRETA_510206,311945.860,2624320.200,128.7300,0.0000,3.6900,0.2358,-1
KHAPRETA_510206,311947.860,2624320.200,130.6300,0.5470,1.7900,0.1144,-1
KHAPRETA_510206,311948.860,2624320.200,130.8700,0.6073,1.5500,0.0990,-1
KHAPRETA_510206,311952.860,2624320.200,126.1100,0.5419,6.3100,0.4032,-1
KHAPRETA_510206,311961.860,2624320.200,125.6300,0.0000,6.7900,0.4339,-1
KHAPRETA_510206,311980.860,2624320.200,128.4600,0.0000,3.9600,0.2530,-1
KHAPRETA_510206,311984.860,2624320.200,127.7800,0.2050,4.6400,0.2965,-1
KHAPRETA_510206,311991.860,2624320.200,127.1300,1.3281,5.2900,0.3380,-1
KHAPRETA_510206,311993.860,2624320.200,127.1600,0.0000,5.2600,0.3361,-1
KHAPRETA_510206,312002.860,2624320.200,127.2200,0.0000,5.2000,0.3323,-1
KHAPRETA_510206,312006.860,2624320.200,127.7200,0.0000,4.7000,0.3003,-1
KHAPRETA_510206,312008.860,2624320.200,127.2900,0.0000,5.1300,0.3278,-1
KHAPRETA_510206,312014.860,2624320.200,127.3000,0.9981,5.1200,0.3272,-1
KHAPRETA_510206,312015.860,2624320.200,127.7800,1.2381,4.6400,0.2965,-1
KHAPRETA_510206,312019.860,2624320.200,127.4400,0.0000,4.9800,0.3182,-1
KHAPRETA_510206,312029.860,2624320.200,127.3800,0.0000,5.0400,0.3220,-1
KHAPRETA_510206,312031.860,2624320.200,127.3700,1.2031,5.0500,0.3227,-1
KHAPRETA_510206,312033.860,2624320.200,127.6300,0.0000,4.7900,0.3061,-1
KHAPRETA_510206,312039.860,2624320.200,127.3700,0.0000,5.0500,0.3227,-1
KHAPRETA_510206,312043.860,2624320.200,127.4900,1.1681,4.9300,0.3150,-1
KHAPRETA_510206,312045.860,2624320.200,127.8700,1.0631,4.5500,0.2907,-1
KHAPRETA_510206,312047.860,2624320.200,127.4400,1.1931,4.9800,0.3182,-1
KHAPRETA_510206,312050.860,2624320.200,127.5400,1.2165,4.8800,0.3118,-1
KHAPRETA_510206,312051.860,2624320.200,127.3700,1.1181,5.0500,0.3227,-1
KHAPRETA_510206,312053.860,2624320.200,127.3700,1.4694,5.0500,0.3227,-1
KHAPRETA_510206,312054.860,2624320.200,127.9800,1.2031,4.4400,0.2837,-1
KHAPRETA_510206,312059.860,2624320.200,128.3700,0.0200,4.0500,0.2588,-1
KHAPRETA_510206,312070.860,2624320.200,128.3700,0.0000,4.0500,0.2588,-1
KHAPRETA_510206,312078.860,2624320.200,128.5400,0.5931,3.8800,0.2479,-1
KHAPRETA_510206,312080.860,2624320.200,128.6600,0.5281,3.7600,0.2403,-1
KHAPRETA_510206,312082.860,2624320.200,128.5500,0.5381,3.8700,0.2473,-1
KHAPRETA_510206,312083.860,2624320.200,128.7000,0.6131,3.7200,0.2377,-1
KHAPRETA_510206,312088.860,2624320.200,128.7300,0.0000,3.6900,0.2358,-1
KHAPRETA_510206,312099.860,2624320.200,128.7700,0.0000,3.6500,0.2332,-1
KHAPRETA_510206,312102.860,2624320.200,128.8000,0.0000,3.6200,0.2313,-1
KHAPRETA_510206,312104.860,2624320.200,129.0300,0.2531,3.3900,0.2166,-1
KHAPRETA_510206,312105.860,2624320.200,129.2700,0.6922,3.1500,0.2013,-1
KHAPRETA_510206,312109.860,2624320.200,129.7800,0.0000,2.6400,0.1687,-1
KHAPRETA_510206,312112.860,2624320.200,129.6500,0.0531,2.7700,0.1770,-1
KHAPRETA_510206,312114.860,2624320.200,129.0600,0.0000,3.3600,0.2147,-1
KHAPRETA_510206,312117.860,2624320.200,128.8000,0.0000,3.6200,0.2313,-1
KHAPRETA_510206,312120.860,2624320.200,128.7700,0.0000,3.6500,0.2332,-1
KHAPRETA_510206,312135.860,2624320.200,128.8400,0.3231,3.5800,0.2288,-1
KHAPRETA_510206,312137.860,2624320.200,129.1500,0.2481,3.2700,0.2089,-1
KHAPRETA_510206,312142.860,2624320.200,129.2300,0.0000,3.1900,0.2038,-1
KHAPRETA_510206,312145.860,2624320.200,129.2400,0.2345,3.1800,0.2032,-1
KHAPRETA_510206,312146.860,2624320.200,129.5100,0.2703,2.9100,0.1859,-1
KHAPRETA_510206,312148.860,2624320.200,129.6700,0.0031,2.7500,0.1757,-1
KHAPRETA_510206,312149.860,2624320.200,129.7700,0.0531,2.6500,0.1693,-1
KHAPRETA_510206,312156.860,2624320.200,129.8400,0.0000,2.5800,0.1649,-1
KHAPRETA_510206,312160.860,2624320.200,129.8500,0.0269,2.5700,0.1642,-1
KHAPRETA_510206,312167.860,2624320.200,129.7700,0.0000,2.6500,0.1693,-1
KHAPRETA_510206,312172.860,2624320.200,129.8800,0.0369,2.5400,0.1623,-1
KHAPRETA_510206,312179.860,2624320.200,129.9300,0.0869,2.4900,0.1591,-1
KHAPRETA_510206,312182.860,2624320.200,129.8900,0.0000,2.5300,0.1617,-1
KHAPRETA_510206,312190.860,2624320.200,130.0600,0.0050,2.3600,0.1508,-1
KHAPRETA_510206,312195.860,2624320.200,130.0300,0.0000,2.3900,0.1527,-1
KHAPRETA_510206,312197.860,2624320.200,129.7700,0.0000,2.6500,0.1693,-1
KHAPRETA_510206,312200.860,2624320.200,130.0100,0.0000,2.4100,0.1540,-1
KHAPRETA_510206,312202.860,2624320.200,130.0300,0.0000,2.3900,0.1527,-1
KHAPRETA_510206,312204.860,2624320.200,130.0100,0.0000,2.4100,0.1540,-1
KHAPRETA_510206,312208.860,2624320.200,129.9600,0.0000,2.4600,0.1572,-1
KHAPRETA_510206,312211.860,2624320.200,129.9600,0.1319,2.4600,0.1572,-1
KHAPRETA_510206,312212.860,2624320.200,130.0400,0.1236,2.3800,0.1521,-1
KHAPRETA_510206,312213.860,2624320.200,130.0000,0.1319,2.4200,0.1546,-1
KHAPRETA_510206,312218.860,2624320.200,130.0200,0.1069,2.4000,0.1534,-1
KHAPRETA_510206,312221.860,2624320.200,130.1800,0.0000,2.2400,0.1431,-1
KHAPRETA_510206,312227.860,2624320.200,130.2200,0.2319,2.2000,0.1406,-1
KHAPRETA_510206,312230.860,2624320.200,130.2400,0.2319,2.1800,0.1393,-1
KHAPRETA_510206,312239.860,2624320.200,130.4200,0.4448,2.0000,0.1278,-1
KHAPRETA_510206,312240.860,2624320.200,130.4200,0.4448,2.0000,0.1278,-1
KHAPRETA_510206,312248.860,2624320.200,130.8800,0.0000,1.5400,0.0984,-1
KHAPRETA_510206,312250.860,2624320.200,130.8900,0.0000,1.5300,0.0978,-1
KHAPRETA_510206,312253.860,2624320.200,130.8400,0.0000,1.5800,0.1010,-1
KHAPRETA_510206,312255.860,2624320.200,130.8600,0.0000,1.5600,0.0997,-1
KHAPRETA_510206,312257.860,2624320.200,130.9000,0.5819,1.5200,0.0971,-1
KHAPRETA_510206,312271.860,2624320.200,130.7800,0.0000,1.6400,0.1048,-1
KHAPRETA_510206,312273.860,2624320.200,130.7900,0.0000,1.6300,0.1042,-1
KHAPRETA_510206,312277.860,2624320.200,130.8000,0.0050,1.6200,0.1035,-1
KHAPRETA_510206,312287.860,2624320.200,130.8900,0.0000,1.5300,0.0978,-1
KHAPRETA_510206,312289.860,2624320.200,130.9500,0.0000,1.4700,0.0939,-1
KHAPRETA_510206,312292.860,2624320.200,130.9700,0.0000,1.4500,0.0927,-1
KHAPRETA_510206,312295.860,2624320.200,131.0300,0.0000,1.3900,0.0888,-1
KHAPRETA_510206,312310.860,2624320.200,131.5600,0.1850,0.8600,0.0550,-1
KHAPRETA_510206,312314.860,2624320.200,131.3600,0.9069,1.0600,0.0677,-1
KHAPRETA_510206,312315.860,2624320.200,131.5900,1.1890,0.8300,0.0530,-1
KHAPRETA_510206,312324.860,2624320.200,131.7700,0.0850,0.6500,0.0415,-1
KHAPRETA_510206,312335.860,2624320.200,131.9100,0.0000,0.5100,0.0326,-1
KHAPRETA_510206,312337.860,2624320.200,132.4100,1.2419,0.0100,0.0006,-1
KHAPRETA_510206,312344.860,2624320.200,132.1600,0.0000,0.2600,0.0166,-1
KHAPRETA_510206,312346.860,2624320.200,132.0800,1.6999,0.3400,0.0217,-1
KHAPRETA_510206,312347.860,2624320.200,132.2000,1.1519,0.2200,0.0141,-1
KHAPRETA_510206,312350.860,2624320.200,132.1700,0.0000,0.2500,0.0160,-1
KHAPRETA_510206,312352.860,2624320.200,132.2300,0.0200,0.1900,0.0121,-1
KHAPRETA_510206,312354.860,2624320.200,131.9900,0.0000,0.4300,0.0275,-1
KHAPRETA_510206,312358.860,2624320.200,132.0000,1.2719,0.4200,0.0268,-1
KHAPRETA_510206,312359.860,2624320.200,132.3200,1.1119,0.1000,0.0064,-1
KHAPRETA_510206,312361.860,2624320.200,132.4200,0.0000,0.0000,0.0000,-1
KHAPRETA_510206,311917.860,2624321.200,128.1400,0.7731,4.2800,0.2735,-1
KHAPRETA_510206,311919.860,2624321.200,128.2100,0.0000,4.2100,0.2690,-1
KHAPRETA_510206,311933.860,2624321.200,127.8500,0.0000,4.5700,0.2920,-1
KHAPRETA_510206,311937.860,2624321.200,127.5900,0.0000,4.8300,0.3086,-1
KHAPRETA_510206,311941.860,2624321.200,127.5200,0.9931,4.9000,0.3131,-1
KHAPRETA_510206,311948.860,2624321.200,130.6400,0.1050,1.7800,0.1137,-1
KHAPRETA_510206,311951.860,2624321.200,131.4200,0.5419,1.0000,0.0639,-1
KHAPRETA_510206,311952.860,2624321.200,130.8600,2.0089,1.5600,0.0997,-1
KHAPRETA_510206,311954.860,2624321.200,126.0900,0.0000,6.3300,0.4045,-1
KHAPRETA_510206,311958.860,2624321.200,125.8400,2.0331,6.5800,0.4204,-1
KHAPRETA_510206,311977.860,2624321.200,128.7800,0.6681,3.6400,0.2326,-1
KHAPRETA_510206,311978.860,2624321.200,128.4400,0.0300,3.9800,0.2543,-1
KHAPRETA_510206,311979.860,2624321.200,128.7200,0.6681,3.7000,0.2364,-1
KHAPRETA_510206,311984.860,2624321.200,127.9100,0.1200,4.5100,0.2882,-1
KHAPRETA_510206,311991.860,2624321.200,127.1200,1.3231,5.3000,0.3387,-1
KHAPRETA_510206,312001.860,2624321.200,127.2400,0.0000,5.1800,0.3310,-1
KHAPRETA_510206,312003.860,2624321.200,127.2500,1.2631,5.1700,0.3304,-1
KHAPRETA_510206,312004.860,2624321.200,127.2500,1.2481,5.1700,0.3304,-1
KHAPRETA_510206,312005.860,2624321.200,127.2700,1.2631,5.1500,0.3291,-1
KHAPRETA_510206,312007.860,2624321.200,127.6300,0.0000,4.7900,0.3061,-1
KHAPRETA_510206,312009.860,2624321.200,127.3200,1.2081,5.1000,0.3259,-1
KHAPRETA_510206,312011.860,2624321.200,127.3400,0.0000,5.0800,0.3246,-1
KHAPRETA_510206,312020.860,2624321.200,127.3600,0.0000,5.0600,0.3233,-1
KHAPRETA_510206,312024.860,2624321.200,127.5000,1.4553,4.9200,0.3144,-1
KHAPRETA_510206,312025.860,2624321.200,128.0400,1.5745,4.3800,0.2799,-1
KHAPRETA_510206,312030.860,2624321.200,127.6600,0.0000,4.7600,0.3042,-1
KHAPRETA_510206,312035.860,2624321.200,127.4200,1.1931,5.0000,0.3195,-1
KHAPRETA_510206,312038.860,2624321.200,127.3900,1.1581,5.0300,0.3214,-1
KHAPRETA_510206,312042.860,2624321.200,128.0700,1.1681,4.3500,0.2780,-1
KHAPRETA_510206,312043.860,2624321.200,127.4400,1.2094,4.9800,0.3182,-1
KHAPRETA_510206,312044.860,2624321.200,127.2800,1.6590,5.1400,0.3284,-1
KHAPRETA_510206,312050.860,2624321.200,127.8600,1.1181,4.5600,0.2914,-1
KHAPRETA_510206,312052.860,2624321.200,128.1200,0.0000,4.3000,0.2748,-1
KHAPRETA_510206,312055.860,2624321.200,127.7500,0.8631,4.6700,0.2984,-1
KHAPRETA_510206,312057.860,2624321.200,128.3300,0.0000,4.0900,0.2613,-1
KHAPRETA_510206,312059.860,2624321.200,128.4300,0.7031,3.9900,0.2550,-1
KHAPRETA_510206,312063.860,2624321.200,128.3400,0.0000,4.0800,0.2607,-1
KHAPRETA_510206,312065.860,2624321.200,128.4800,0.0000,3.9400,0.2518,-1
KHAPRETA_510206,312067.860,2624321.200,128.4100,0.0000,4.0100,0.2562,-1
KHAPRETA_510206,312071.860,2624321.200,128.4400,0.6431,3.9800,0.2543,-1
KHAPRETA_510206,312072.860,2624321.200,128.4900,0.0050,3.9300,0.2511,-1
KHAPRETA_510206,312073.860,2624321.200,128.4500,0.6431,3.9700,0.2537,-1
KHAPRETA_510206,312075.860,2624321.200,128.4200,0.6781,4.0000,0.2556,-1
KHAPRETA_510206,312076.860,2624321.200,128.4200,0.6781,4.0000,0.2556,-1
KHAPRETA_510206,312085.860,2624321.200,128.7600,0.0000,3.6600,0.2339,-1
KHAPRETA_510206,312092.860,2624321.200,128.7700,0.5331,3.6500,0.2332,-1
KHAPRETA_510206,312093.860,2624321.200,128.7100,0.0000,3.7100,0.2371,-1
KHAPRETA_510206,312094.860,2624321.200,128.7700,0.5331,3.6500,0.2332,-1
KHAPRETA_510206,312098.860,2624321.200,128.7800,0.0000,3.6400,0.2326,-1
KHAPRETA_510206,312111.860,2624321.200,129.3600,0.5331,3.0600,0.1955,-1
KHAPRETA_510206,312116.860,2624321.200,128.7500,0.0000,3.6700,0.2345,-1
KHAPRETA_510206,312121.860,2624321.200,128.7300,0.7326,3.6900,0.2358,-1
KHAPRETA_510206,312122.860,2624321.200,128.7400,0.5231,3.6800,0.2351,-1
KHAPRETA_510206,312124.860,2624321.200,128.8000,0.0000,3.6200,0.2313,-1
KHAPRETA_510206,312126.860,2624321.200,128.7700,0.5031,3.6500,0.2332,-1
KHAPRETA_510206,312133.860,2624321.200,129.6000,0.0981,2.8200,0.1802,-1
KHAPRETA_510206,312134.860,2624321.200,129.7700,0.0881,2.6500,0.1693,-1
KHAPRETA_510206,312137.860,2624321.200,129.2800,0.3138,3.1400,0.2006,-1
KHAPRETA_510206,312138.860,2624321.200,129.1600,0.0250,3.2600,0.2083,-1
KHAPRETA_510206,312139.860,2624321.200,129.2300,0.3081,3.1900,0.2038,-1
KHAPRETA_510206,312144.860,2624321.200,128.9700,0.0000,3.4500,0.2204,-1
KHAPRETA_510206,312146.860,2624321.200,129.6500,0.0050,2.7700,0.1770,-1
KHAPRETA_510206,312151.860,2624321.200,129.8200,0.0000,2.6000,0.1661,-1
KHAPRETA_510206,312153.860,2624321.200,129.8500,0.0000,2.5700,0.1642,-1
KHAPRETA_510206,312157.860,2624321.200,129.8100,0.0000,2.6100,0.1668,-1
KHAPRETA_510206,312160.860,2624321.200,129.8300,0.0369,2.5900,0.1655,-1
KHAPRETA_510206,312162.860,2624321.200,129.8300,0.0319,2.5900,0.1655,-1
KHAPRETA_510206,312165.860,2624321.200,129.8700,0.0000,2.5500,0.1629,-1
KHAPRETA_510206,312172.860,2624321.200,129.8500,0.0519,2.5700,0.1642,-1
KHAPRETA_510206,312174.860,2624321.200,129.9500,0.1400,2.4700,0.1578,-1
KHAPRETA_510206,312175.860,2624321.200,129.9300,0.1047,2.4900,0.1591,-1
KHAPRETA_510206,312176.860,2624321.200,129.8500,0.0150,2.5700,0.1642,-1
KHAPRETA_510206,312177.860,2624321.200,129.9600,0.0750,2.4600,0.1572,-1
KHAPRETA_510206,312178.860,2624321.200,130.0000,0.0971,2.4200,0.1546,-1
KHAPRETA_510206,312179.860,2624321.200,129.9500,0.1358,2.4700,0.1578,-1
KHAPRETA_510206,312187.860,2624321.200,129.9800,0.0000,2.4400,0.1559,-1
KHAPRETA_510206,312189.860,2624321.200,130.0500,0.1269,2.3700,0.1514,-1
KHAPRETA_510206,312190.860,2624321.200,130.0300,0.1373,2.3900,0.1527,-1
KHAPRETA_510206,312194.860,2624321.200,130.0700,0.1719,2.3500,0.1502,-1
KHAPRETA_510206,312198.860,2624321.200,130.0100,0.0969,2.4100,0.1540,-1
KHAPRETA_510206,312199.860,2624321.200,129.9700,0.1689,2.4500,0.1565,-1
KHAPRETA_510206,312212.860,2624321.200,130.0200,0.1319,2.4000,0.1534,-1
KHAPRETA_510206,312214.860,2624321.200,130.0000,0.0000,2.4200,0.1546,-1
KHAPRETA_510206,312216.860,2624321.200,130.0400,0.0000,2.3800,0.1521,-1
KHAPRETA_510206,312224.860,2624321.200,130.1900,0.0000,2.2300,0.1425,-1
KHAPRETA_510206,312230.860,2624321.200,130.2400,0.2319,2.1800,0.1393,-1
KHAPRETA_510206,312237.860,2624321.200,130.2900,0.0000,2.1300,0.1361,-1
KHAPRETA_510206,312243.860,2624321.200,130.6300,0.0000,1.7900,0.1144,-1
KHAPRETA_510206,312245.860,2624321.200,130.8900,0.0000,1.5300,0.0978,-1
KHAPRETA_510206,312247.860,2624321.200,130.8900,0.5519,1.5300,0.0978,-1
KHAPRETA_510206,312251.860,2624321.200,130.8400,0.0000,1.5800,0.1010,-1
KHAPRETA_510206,312254.860,2624321.200,130.8300,0.0000,1.5900,0.1016,-1
KHAPRETA_510206,312256.860,2624321.200,130.9000,0.0000,1.5200,0.0971,-1
KHAPRETA_510206,312260.860,2624321.200,130.8800,0.0000,1.5400,0.0984,-1
KHAPRETA_510206,312269.860,2624321.200,130.8000,0.0000,1.6200,0.1035,-1
KHAPRETA_510206,312277.860,2624321.200,130.8000,0.5119,1.6200,0.1035,-1
KHAPRETA_510206,312288.860,2624321.200,130.9200,0.0000,1.5000,0.0958,-1
KHAPRETA_510206,312291.860,2624321.200,131.0000,0.0000,1.4200,0.0907,-1
KHAPRETA_510206,312301.860,2624321.200,131.0800,0.0000,1.3400,0.0856,-1
KHAPRETA_510206,312304.860,2624321.200,131.1300,0.9614,1.2900,0.0824,-1
KHAPRETA_510206,312305.860,2624321.200,131.1800,0.6769,1.2400,0.0792,-1
KHAPRETA_510206,312310.860,2624321.200,131.6600,1.3082,0.7600,0.0486,-1
KHAPRETA_510206,312311.860,2624321.200,131.6900,0.9419,0.7300,0.0466,-1
KHAPRETA_510206,312313.860,2624321.200,131.5300,0.0000,0.8900,0.0569,-1
KHAPRETA_510206,312315.860,2624321.200,131.5500,1.2581,0.8700,0.0556,-1
KHAPRETA_510206,312316.860,2624321.200,131.5200,0.8773,0.9000,0.0575,-1
KHAPRETA_510206,312317.860,2624321.200,131.6000,1.2983,0.8200,0.0524,-1
KHAPRETA_510206,312324.860,2624321.200,131.8100,1.4348,0.6100,0.0390,-1
KHAPRETA_510206,312325.860,2624321.200,131.8400,0.1450,0.5800,0.0371,-1
KHAPRETA_510206,312326.860,2624321.200,132.1000,1.0319,0.3200,0.0204,-1
KHAPRETA_510206,312328.860,2624321.200,131.9200,1.0919,0.5000,0.0319,-1
KHAPRETA_510206,312330.860,2624321.200,131.8200,1.2519,0.6000,0.0383,-1
KHAPRETA_510206,312338.860,2624321.200,132.3700,1.1969,0.0500,0.0032,-1
KHAPRETA_510206,312352.860,2624321.200,132.1000,1.2269,0.3200,0.0204,-1
KHAPRETA_510206,312357.860,2624321.200,132.2400,0.0000,0.1800,0.0115,-1
KHAPRETA_510206,311915.860,2624322.200,128.3500,0.0000,4.0700,0.2601,-1
KHAPRETA_510206,311917.860,2624322.200,128.2300,1.1119,4.1900,0.2677,-1
KHAPRETA_510206,311918.860,2624322.200,128.2700,0.7731,4.1500,0.2652,-1
KHAPRETA_510206,311921.860,2624322.200,128.1100,0.8231,4.3100,0.2754,-1
KHAPRETA_510206,311922.860,2624322.200,128.1300,0.8331,4.2900,0.2741,-1
KHAPRETA_510206,311924.860,2624322.200,128.2000,0.0000,4.2200,0.2696,-1
KHAPRETA_510206,311927.860,2624322.200,128.0700,1.1995,4.3500,0.2780,-1
KHAPRETA_510206,311928.860,2624322.200,128.0500,0.8531,4.3700,0.2792,-1
KHAPRETA_510206,311932.860,2624322.200,127.9900,0.0000,4.4300,0.2831,-1
KHAPRETA_510206,311941.860,2624322.200,127.7900,1.1281,4.6300,0.2958,-1
KHAPRETA_510206,311948.860,2624322.200,130.6600,0.6200,1.7600,0.1125,-1
KHAPRETA_510206,311953.860,2624322.200,126.0300,0.0000,6.3900,0.4083,-1
KHAPRETA_510206,311957.860,2624322.200,125.8400,2.8576,6.5800,0.4204,-1
KHAPRETA_510206,311958.860,2624322.200,125.7100,1.9908,6.7100,0.4288,-1
KHAPRETA_510206,311959.860,2624322.200,125.2400,2.0331,7.1800,0.4588,-1
KHAPRETA_510206,311984.860,2624322.200,127.5400,0.0350,4.8800,0.3118,-1
KHAPRETA_510206,311987.860,2624322.200,127.2400,0.0000,5.1800,0.3310,-1
KHAPRETA_510206,311989.860,2624322.200,127.1400,0.0000,5.2800,0.3374,-1
KHAPRETA_510206,311993.860,2624322.200,127.1400,0.0000,5.2800,0.3374,-1
KHAPRETA_510206,311999.860,2624322.200,127.4600,0.0000,4.9600,0.3169,-1
KHAPRETA_510206,312004.860,2624322.200,127.2800,1.2631,5.1400,0.3284,-1
KHAPRETA_510206,312009.860,2624322.200,127.3600,1.2281,5.0600,0.3233,-1
KHAPRETA_510206,312012.860,2624322.200,127.4600,1.1831,4.9600,0.3169,-1
KHAPRETA_510206,312013.860,2624322.200,127.4100,1.1581,5.0100,0.3201,-1
KHAPRETA_510206,312016.860,2624322.200,127.5000,1.1481,4.9200,0.3144,-1
KHAPRETA_510206,312018.860,2624322.200,127.4400,0.0000,4.9800,0.3182,-1
KHAPRETA_510206,312022.860,2624322.200,127.3800,1.1381,5.0400,0.3220,-1
KHAPRETA_510206,312023.860,2624322.200,127.5000,0.0300,4.9200,0.3144,-1
KHAPRETA_510206,312024.860,2624322.200,127.4400,1.1392,4.9800,0.3182,-1
KHAPRETA_510206,312025.860,2624322.200,127.6000,0.8686,4.8200,0.3080,-1
KHAPRETA_510206,312026.860,2624322.200,127.3800,1.0881,5.0400,0.3220,-1
KHAPRETA_510206,312028.860,2624322.200,127.5800,0.0000,4.8400,0.3093,-1
KHAPRETA_510206,312032.860,2624322.200,127.6600,0.0000,4.7600,0.3042,-1
KHAPRETA_510206,312035.860,2624322.200,127.3900,1.1781,5.0300,0.3214,-1
KHAPRETA_510206,312038.860,2624322.200,127.4600,1.1931,4.9600,0.3169,-1
KHAPRETA_510206,312041.860,2624322.200,127.4500,0.0000,4.9700,0.3176,-1
KHAPRETA_510206,312044.860,2624322.200,127.4200,0.5100,5.0000,0.3195,-1
KHAPRETA_510206,312046.860,2624322.200,127.9400,0.0000,4.4800,0.2863,-1
KHAPRETA_510206,312051.860,2624322.200,128.0100,1.1681,4.4100,0.2818,-1
KHAPRETA_510206,312053.860,2624322.200,127.6600,0.8981,4.7600,0.3042,-1
KHAPRETA_510206,312054.860,2624322.200,127.9800,0.7200,4.4400,0.2837,-1
KHAPRETA_510206,312055.860,2624322.200,128.0500,1.3538,4.3700,0.2792,-1
KHAPRETA_510206,312058.860,2624322.200,128.3400,0.0000,4.0800,0.2607,-1
KHAPRETA_510206,312062.860,2624322.200,128.4800,0.6781,3.9400,0.2518,-1
KHAPRETA_510206,312074.860,2624322.200,128.4400,0.0000,3.9800,0.2543,-1
KHAPRETA_510206,312077.860,2624322.200,128.4100,0.0000,4.0100,0.2562,-1
KHAPRETA_510206,312086.860,2624322.200,128.7000,0.0000,3.7200,0.2377,-1
KHAPRETA_510206,312090.860,2624322.200,128.7700,0.0000,3.6500,0.2332,-1
KHAPRETA_510206,312096.860,2624322.200,128.6800,0.7403,3.7400,0.2390,-1
KHAPRETA_510206,312097.860,2624322.200,128.7700,0.5481,3.6500,0.2332,-1
KHAPRETA_510206,312103.860,2624322.200,128.8100,0.0000,3.6100,0.2307,-1
KHAPRETA_510206,312106.860,2624322.200,129.3500,0.5281,3.0700,0.1962,-1
KHAPRETA_510206,312108.860,2624322.200,129.9100,0.5715,2.5100,0.1604,-1
KHAPRETA_510206,312109.860,2624322.200,129.4200,0.5650,3.0000,0.1917,-1
KHAPRETA_510206,312110.860,2624322.200,128.7800,0.3550,3.6400,0.2326,-1
KHAPRETA_510206,312111.860,2624322.200,128.7100,0.5398,3.7100,0.2371,-1
KHAPRETA_510206,312114.860,2624322.200,128.7600,0.5031,3.6600,0.2339,-1
KHAPRETA_510206,312117.860,2624322.200,128.7100,0.5331,3.7100,0.2371,-1
KHAPRETA_510206,312118.860,2624322.200,128.7100,0.0100,3.7100,0.2371,-1
KHAPRETA_510206,312119.860,2624322.200,128.6900,0.7503,3.7300,0.2383,-1
KHAPRETA_510206,312121.860,2624322.200,128.7400,0.5231,3.6800,0.2351,-1
KHAPRETA_510206,312126.860,2624322.200,128.7700,0.6940,3.6500,0.2332,-1
KHAPRETA_510206,312127.860,2624322.200,128.8200,0.0200,3.6000,0.2300,-1
KHAPRETA_510206,312128.860,2624322.200,128.8100,0.4781,3.6100,0.2307,-1
KHAPRETA_510206,312130.860,2624322.200,129.2300,0.0000,3.1900,0.2038,-1
KHAPRETA_510206,312133.860,2624322.200,129.5800,0.0881,2.8400,0.1815,-1
KHAPRETA_510206,312137.860,2624322.200,129.2700,0.2481,3.1500,0.2013,-1
KHAPRETA_510206,312143.860,2624322.200,129.2400,0.1931,3.1800,0.2032,-1
KHAPRETA_510206,312146.860,2624322.200,129.5000,0.1518,2.9200,0.1866,-1
KHAPRETA_510206,312147.860,2624322.200,129.7300,0.1381,2.6900,0.1719,-1
KHAPRETA_510206,312154.860,2624322.200,129.8000,0.0369,2.6200,0.1674,-1
KHAPRETA_510206,312156.860,2624322.200,129.7800,0.0319,2.6400,0.1687,-1
KHAPRETA_510206,312161.860,2624322.200,129.8700,0.0319,2.5500,0.1629,-1
KHAPRETA_510206,312162.860,2624322.200,129.8400,0.0541,2.5800,0.1649,-1
KHAPRETA_510206,312167.860,2624322.200,129.8900,0.0988,2.5300,0.1617,-1
KHAPRETA_510206,312168.860,2624322.200,129.9300,0.0569,2.4900,0.1591,-1
KHAPRETA_510206,312170.860,2624322.200,129.9000,0.0000,2.5200,0.1610,-1
KHAPRETA_510206,312174.860,2624322.200,130.0100,0.1265,2.4100,0.1540,-1
KHAPRETA_510206,312175.860,2624322.200,129.9600,0.1174,2.4600,0.1572,-1
KHAPRETA_510206,312178.860,2624322.200,129.9700,0.1119,2.4500,0.1565,-1
KHAPRETA_510206,312183.860,2624322.200,130.0000,0.1300,2.4200,0.1546,-1
KHAPRETA_510206,312184.860,2624322.200,129.9600,0.1583,2.4600,0.1572,-1
KHAPRETA_510206,312190.860,2624322.200,130.0400,0.1269,2.3800,0.1521,-1
KHAPRETA_510206,312192.860,2624322.200,130.0500,0.1469,2.3700,0.1514,-1
KHAPRETA_510206,312194.860,2624322.200,130.1200,0.0250,2.3000,0.1470,-1
KHAPRETA_510206,312199.860,2624322.200,130.0200,0.1481,2.4000,0.1534,-1
KHAPRETA_510206,312200.860,2624322.200,130.0000,0.1219,2.4200,0.1546,-1
KHAPRETA_510206,312203.860,2624322.200,130.0300,0.1308,2.3900,0.1527,-1
KHAPRETA_510206,312204.860,2624322.200,129.9800,0.0200,2.4400,0.1559,-1
KHAPRETA_510206,312205.860,2624322.200,129.9900,0.1019,2.4300,0.1553,-1
KHAPRETA_510206,312208.860,2624322.200,129.9900,0.1269,2.4300,0.1553,-1
KHAPRETA_510206,312210.860,2624322.200,130.0300,0.0000,2.3900,0.1527,-1
KHAPRETA_510206,312217.860,2624322.200,130.0400,0.1369,2.3800,0.1521,-1
KHAPRETA_510206,312218.860,2624322.200,130.0500,0.1902,2.3700,0.1514,-1
KHAPRETA_510206,312220.860,2624322.200,130.0400,0.2198,2.3800,0.1521,-1
KHAPRETA_510206,312221.860,2624322.200,130.1200,0.1319,2.3000,0.1470,-1
KHAPRETA_510206,312233.860,2624322.200,130.4800,0.5048,1.9400,0.1240,-1
KHAPRETA_510206,312234.860,2624322.200,130.4900,0.0150,1.9300,0.1233,-1
KHAPRETA_510206,312235.860,2624322.200,130.4500,0.3597,1.9700,0.1259,-1
KHAPRETA_510206,312236.860,2624322.200,130.3000,0.3369,2.1200,0.1355,-1
KHAPRETA_510206,312240.860,2624322.200,130.4900,0.0000,1.9300,0.1233,-1
KHAPRETA_510206,312244.860,2624322.200,130.8800,0.0000,1.5400,0.0984,-1
KHAPRETA_510206,312247.860,2624322.200,130.8800,0.7771,1.5400,0.0984,-1
KHAPRETA_510206,312248.860,2624322.200,130.8600,0.0550,1.5600,0.0997,-1
KHAPRETA_510206,312249.860,2624322.200,130.7700,0.5419,1.6500,0.1054,-1
KHAPRETA_510206,312253.860,2624322.200,130.8800,0.0000,1.5400,0.0984,-1
KHAPRETA_510206,312259.860,2624322.200,130.9300,0.0000,1.4900,0.0952,-1
KHAPRETA_510206,312268.860,2624322.200,131.0300,0.0000,1.3900,0.0888,-1
KHAPRETA_510206,312270.860,2624322.200,130.8000,0.0000,1.6200,0.1035,-1
KHAPRETA_510206,312272.860,2624322.200,130.8100,0.5219,1.6100,0.1029,-1
KHAPRETA_510206,312273.860,2624322.200,130.8200,0.5169,1.6000,0.1022,-1
KHAPRETA_510206,312280.860,2624322.200,130.8500,0.5419,1.5700,0.1003,-1
KHAPRETA_510206,312287.860,2624322.200,130.9100,0.0000,1.5100,0.0965,-1
KHAPRETA_510206,312289.860,2624322.200,130.9200,0.6019,1.5000,0.0958,-1
KHAPRETA_510206,312292.860,2624322.200,131.0100,0.6219,1.4100,0.0901,-1
KHAPRETA_510206,312293.860,2624322.200,131.0200,0.8976,1.4000,0.0895,-1
KHAPRETA_510206,312298.860,2624322.200,131.0800,0.0000,1.3400,0.0856,-1
KHAPRETA_510206,312302.860,2624322.200,131.1300,0.6669,1.2900,0.0824,-1
KHAPRETA_510206,312303.860,2624322.200,131.1100,0.0200,1.3100,0.0837,-1
KHAPRETA_510206,312304.860,2624322.200,131.0900,0.9503,1.3300,0.0850,-1
KHAPRETA_510206,312307.860,2624322.200,131.5900,0.0000,0.8300,0.0530,-1
KHAPRETA_510206,312316.860,2624322.200,131.5300,1.2983,0.8900,0.0569,-1
KHAPRETA_510206,312317.860,2624322.200,131.7000,0.8790,0.7200,0.0460,-1
KHAPRETA_510206,312323.860,2624322.200,131.9300,0.0000,0.4900,0.0313,-1
KHAPRETA_510206,312328.860,2624322.200,131.9600,0.0450,0.4600,0.0294,-1
KHAPRETA_510206,312330.860,2624322.200,132.2800,0.1650,0.1400,0.0089,-1
KHAPRETA_510206,312333.860,2624322.200,131.9600,0.0000,0.4600,0.0294,-1
KHAPRETA_510206,312338.860,2624322.200,132.1700,1.8341,0.2500,0.0160,-1
KHAPRETA_510206,312339.860,2624322.200,132.3700,1.1969,0.0500,0.0032,-1
KHAPRETA_510206,312348.860,2624322.200,131.9900,1.1069,0.4300,0.0275,-1
KHAPRETA_510206,312349.860,2624322.200,131.9900,1.1069,0.4300,0.0275,-1
KHAPRETA_510206,311910.860,2624323.200,128.3200,0.0000,4.1000,0.2620,-1
KHAPRETA_510206,311913.860,2624323.200,128.3700,0.7681,4.0500,0.2588,-1
KHAPRETA_510206,311914.860,2624323.200,128.2400,0.7031,4.1800,0.2671,-1
KHAPRETA_510206,311927.860,2624323.200,128.1100,0.8531,4.3100,0.2754,-1
KHAPRETA_510206,311929.860,2624323.200,128.0200,0.8781,4.4000,0.2811,-1
KHAPRETA_510206,311930.860,2624323.200,128.0200,0.8781,4.4000,0.2811,-1
KHAPRETA_510206,311937.860,2624323.200,127.5700,0.0000,4.8500,0.3099,-1
KHAPRETA_510206,311942.860,2624323.200,127.8000,1.0181,4.6200,0.2952,-1
KHAPRETA_510206,311943.860,2624323.200,127.7400,0.9881,4.6800,0.2990,-1
KHAPRETA_510206,311948.860,2624323.200,129.4000,0.4419,3.0200,0.1930,-1
KHAPRETA_510206,311950.860,2624323.200,130.6800,0.0000,1.7400,0.1112,-1
KHAPRETA_510206,311957.860,2624323.200,125.7600,0.0100,6.6600,0.4256,-1
KHAPRETA_510206,311977.860,2624323.200,128.8100,0.0000,3.6100,0.2307,-1
KHAPRETA_510206,311981.860,2624323.200,127.7900,1.3513,4.6300,0.2958,-1
KHAPRETA_510206,311982.860,2624323.200,128.1600,1.2493,4.2600,0.2722,-1
KHAPRETA_510206,311984.860,2624323.200,127.9800,1.1129,4.4400,0.2837,-1
KHAPRETA_510206,311985.860,2624323.200,127.6300,0.8981,4.7900,0.3061,-1
KHAPRETA_510206,311991.860,2624323.200,127.1600,1.3081,5.2600,0.3361,-1
KHAPRETA_510206,311992.860,2624323.200,127.1600,1.3081,5.2600,0.3361,-1
KHAPRETA_510206,311996.860,2624323.200,127.2100,0.0000,5.2100,0.3329,-1
KHAPRETA_510206,312000.860,2624323.200,127.3900,0.0000,5.0300,0.3214,-1
KHAPRETA_510206,312008.860,2624323.200,127.5300,0.0000,4.8900,0.3125,-1
KHAPRETA_510206,312014.860,2624323.200,127.3300,1.2031,5.0900,0.3252,-1
KHAPRETA_510206,312016.860,2624323.200,127.4800,1.1381,4.9400,0.3157,-1
KHAPRETA_510206,312019.860,2624323.200,127.4400,1.2181,4.9800,0.3182,-1
KHAPRETA_510206,312021.860,2624323.200,127.4000,0.0000,5.0200,0.3208,-1
KHAPRETA_510206,312031.860,2624323.200,127.4000,0.0000,5.0200,0.3208,-1
KHAPRETA_510206,312034.860,2624323.200,127.5700,1.0581,4.8500,0.3099,-1
KHAPRETA_510206,312037.860,2624323.200,127.3500,0.0000,5.0700,0.3240,-1
KHAPRETA_510206,312042.860,2624323.200,127.3800,1.6519,5.0400,0.3220,-1
KHAPRETA_510206,312043.860,2624323.200,127.4600,0.9957,4.9600,0.3169,-1
KHAPRETA_510206,312044.860,2624323.200,128.3000,1.1786,4.1200,0.2633,-1
KHAPRETA_510206,312045.860,2624323.200,127.5300,0.7381,4.8900,0.3125,-1
KHAPRETA_510206,312051.860,2624323.200,127.4400,0.2750,4.9800,0.3182,-1
KHAPRETA_510206,312054.860,2624323.200,128.3900,0.1000,4.0300,0.2575,-1
KHAPRETA_510206,312059.860,2624323.200,128.5300,0.0000,3.8900,0.2486,-1
KHAPRETA_510206,312062.860,2624323.200,128.4200,0.6481,4.0000,0.2556,-1
KHAPRETA_510206,312064.860,2624323.200,128.4300,0.6431,3.9900,0.2550,-1
KHAPRETA_510206,312065.860,2624323.200,128.4900,0.6731,3.9300,0.2511,-1
KHAPRETA_510206,312067.860,2624323.200,128.4100,0.0000,4.0100,0.2562,-1
KHAPRETA_510206,312069.860,2624323.200,128.4100,0.0000,4.0100,0.2562,-1
KHAPRETA_510206,312071.860,2624323.200,128.4800,0.0000,3.9400,0.2518,-1
KHAPRETA_510206,312073.860,2624323.200,128.4400,0.0000,3.9800,0.2543,-1
KHAPRETA_510206,312079.860,2624323.200,128.4700,0.5081,3.9500,0.2524,-1
KHAPRETA_510206,312080.860,2624323.200,128.7600,0.6522,3.6600,0.2339,-1
KHAPRETA_510206,312081.860,2624323.200,128.7400,0.5081,3.6800,0.2351,-1
KHAPRETA_510206,312096.860,2624323.200,128.6900,0.0550,3.7300,0.2383,-1
KHAPRETA_510206,312104.860,2624323.200,129.3200,0.0531,3.1000,0.1981,-1
KHAPRETA_510206,312105.860,2624323.200,129.6700,0.3000,2.7500,0.1757,-1
KHAPRETA_510206,312106.860,2624323.200,128.7200,0.3244,3.7000,0.2364,-1
KHAPRETA_510206,312108.860,2624323.200,128.6900,0.6150,3.7300,0.2383,-1
KHAPRETA_510206,312114.860,2624323.200,128.7700,0.5081,3.6500,0.2332,-1
KHAPRETA_510206,312116.860,2624323.200,128.6800,0.0000,3.7400,0.2390,-1
KHAPRETA_510206,312119.860,2624323.200,128.7200,0.5431,3.7000,0.2364,-1
KHAPRETA_510206,312139.860,2624323.200,129.2700,0.0000,3.1500,0.2013,-1
KHAPRETA_510206,312143.860,2624323.200,129.3900,0.3062,3.0300,0.1936,-1
KHAPRETA_510206,312144.860,2624323.200,129.1800,0.1050,3.2400,0.2070,-1
KHAPRETA_510206,312145.860,2624323.200,129.1800,0.3534,3.2400,0.2070,-1
KHAPRETA_510206,312146.860,2624323.200,129.3500,0.3285,3.0700,0.1962,-1
KHAPRETA_510206,312154.860,2624323.200,129.8500,0.0150,2.5700,0.1642,-1
KHAPRETA_510206,312156.860,2624323.200,129.8400,0.0250,2.5800,0.1649,-1
KHAPRETA_510206,312165.860,2624323.200,129.9400,0.0569,2.4800,0.1585,-1
KHAPRETA_510206,312167.860,2624323.200,129.9000,0.0569,2.5200,0.1610,-1
KHAPRETA_510206,312172.860,2624323.200,129.9300,0.0769,2.4900,0.1591,-1
KHAPRETA_510206,312173.860,2624323.200,129.9300,0.0769,2.4900,0.1591,-1
KHAPRETA_510206,312175.860,2624323.200,129.9100,0.0919,2.5100,0.1604,-1
KHAPRETA_510206,312180.860,2624323.200,130.0200,0.0000,2.4000,0.1534,-1
KHAPRETA_510206,312183.860,2624323.200,129.9600,0.1583,2.4600,0.1572,-1
KHAPRETA_510206,312184.860,2624323.200,130.0000,0.1300,2.4200,0.1546,-1
KHAPRETA_510206,312191.860,2624323.200,130.0700,0.1469,2.3500,0.1502,-1
KHAPRETA_510206,312192.860,2624323.200,130.0700,0.2009,2.3500,0.1502,-1
KHAPRETA_510206,312194.860,2624323.200,130.1200,0.1719,2.3000,0.1470,-1
KHAPRETA_510206,312198.860,2624323.200,129.9900,0.0369,2.4300,0.1553,-1
KHAPRETA_510206,312201.860,2624323.200,130.0200,0.0919,2.4000,0.1534,-1
KHAPRETA_510206,312202.860,2624323.200,129.9600,0.0400,2.4600,0.1572,-1
KHAPRETA_510206,312203.860,2624323.200,129.9400,0.1567,2.4800,0.1585,-1
KHAPRETA_510206,312208.860,2624323.200,130.0300,0.1069,2.3900,0.1527,-1
KHAPRETA_510206,312212.860,2624323.200,130.0600,0.0000,2.3600,0.1508,-1
KHAPRETA_510206,312218.860,2624323.200,130.0500,0.0100,2.3700,0.1514,-1
KHAPRETA_510206,312220.860,2624323.200,130.0500,0.1319,2.3700,0.1514,-1
KHAPRETA_510206,312224.860,2624323.200,130.1600,0.2369,2.2600,0.1444,-1
KHAPRETA_510206,312225.860,2624323.200,130.2500,0.1919,2.1700,0.1387,-1
KHAPRETA_510206,312233.860,2624323.200,130.4900,0.3519,1.9300,0.1233,-1
KHAPRETA_510206,312235.860,2624323.200,130.4700,0.3369,1.9500,0.1246,-1
KHAPRETA_510206,312238.860,2624323.200,130.3600,0.4468,2.0600,0.1316,-1
KHAPRETA_510206,312239.860,2624323.200,130.5000,0.3990,1.9200,0.1227,-1
KHAPRETA_510206,312250.860,2624323.200,130.8000,0.5519,1.6200,0.1035,-1
KHAPRETA_510206,312251.860,2624323.200,130.8800,0.7491,1.5400,0.0984,-1
KHAPRETA_510206,312254.860,2624323.200,130.8300,0.0000,1.5900,0.1016,-1
KHAPRETA_510206,312257.860,2624323.200,130.9400,0.5969,1.4800,0.0946,-1
KHAPRETA_510206,312262.860,2624323.200,130.9800,0.8654,1.4400,0.0920,-1
KHAPRETA_510206,312263.860,2624323.200,131.0000,0.8442,1.4200,0.0907,-1
KHAPRETA_510206,312280.860,2624323.200,130.8600,0.5321,1.5600,0.0997,-1
KHAPRETA_510206,312281.860,2624323.200,130.8400,0.5419,1.5800,0.1010,-1
KHAPRETA_510206,312289.860,2624323.200,130.9800,0.5719,1.4400,0.0920,-1
KHAPRETA_510206,312291.860,2624323.200,131.0400,0.0000,1.3800,0.0882,-1
KHAPRETA_510206,312293.860,2624323.200,131.0800,0.6219,1.3400,0.0856,-1
KHAPRETA_510206,312312.860,2624323.200,131.6700,0.0000,0.7500,0.0479,-1
KHAPRETA_510206,312317.860,2624323.200,131.7200,0.9619,0.7000,0.0447,-1
KHAPRETA_510206,312322.860,2624323.200,131.9900,0.0000,0.4300,0.0275,-1
KHAPRETA_510206,312325.860,2624323.200,132.1200,0.0000,0.3000,0.0192,-1
KHAPRETA_510206,312328.860,2624323.200,131.8300,0.0050,0.5900,0.0377,-1
KHAPRETA_510206,312330.860,2624323.200,132.1500,1.2876,0.2700,0.0173,-1
KHAPRETA_510206,312331.860,2624323.200,132.3500,1.1869,0.0700,0.0045,-1
KHAPRETA_510206,312346.860,2624323.200,132.0600,0.0000,0.3600,0.0230,-1
KHAPRETA_510206,311915.860,2624324.200,128.2700,0.0000,4.1500,0.2652,-1
KHAPRETA_510206,311926.860,2624324.200,128.1500,0.0000,4.2700,0.2728,-1
KHAPRETA_510206,311936.860,2624324.200,127.7200,0.9781,4.7000,0.3003,-1
KHAPRETA_510206,311938.860,2624324.200,127.9100,0.0000,4.5100,0.2882,-1
KHAPRETA_510206,311945.860,2624324.200,127.2600,1.8047,5.1600,0.3297,-1
KHAPRETA_510206,311946.860,2624324.200,127.1500,0.0900,5.2700,0.3367,-1
KHAPRETA_510206,311947.860,2624324.200,127.4400,1.3131,4.9800,0.3182,-1
KHAPRETA_510206,311956.860,2624324.200,125.8200,1.9781,6.6000,0.4217,-1
KHAPRETA_510206,311957.860,2624324.200,125.8200,2.0084,6.6000,0.4217,-1
KHAPRETA_510206,311958.860,2624324.200,125.8900,2.1061,6.5300,0.4173,-1
KHAPRETA_510206,311959.860,2624324.200,125.2700,2.9076,7.1500,0.4569,-1
KHAPRETA_510206,311974.860,2624324.200,127.2600,1.3181,5.1600,0.3297,-1
KHAPRETA_510206,311976.860,2624324.200,127.6200,0.0000,4.8000,0.3067,-1
KHAPRETA_510206,311978.860,2624324.200,128.3500,0.6431,4.0700,0.2601,-1
KHAPRETA_510206,311979.860,2624324.200,128.4900,1.4723,3.9300,0.2511,-1
KHAPRETA_510206,311981.860,2624324.200,127.6100,0.8209,4.8100,0.3073,-1
KHAPRETA_510206,311982.860,2624324.200,128.2600,1.3513,4.1600,0.2658,-1
KHAPRETA_510206,311984.860,2624324.200,128.1300,0.2600,4.2900,0.2741,-1
KHAPRETA_510206,311986.860,2624324.200,127.2300,1.3231,5.1900,0.3316,-1
KHAPRETA_510206,311988.860,2624324.200,127.1500,1.2981,5.2700,0.3367,-1
KHAPRETA_510206,311993.860,2624324.200,127.1500,1.2981,5.2700,0.3367,-1
KHAPRETA_510206,312007.860,2624324.200,127.9200,0.0000,4.5000,0.2875,-1
KHAPRETA_510206,312012.860,2624324.200,127.3600,0.0000,5.0600,0.3233,-1
KHAPRETA_510206,312014.860,2624324.200,127.3700,0.1350,5.0500,0.3227,-1
KHAPRETA_510206,312019.860,2624324.200,127.3400,1.6204,5.0800,0.3246,-1
KHAPRETA_510206,312020.860,2624324.200,127.5300,1.2181,4.8900,0.3125,-1
KHAPRETA_510206,312025.860,2624324.200,127.5400,0.0000,4.8800,0.3118,-1
KHAPRETA_510206,312028.860,2624324.200,127.4800,0.0000,4.9400,0.3157,-1
KHAPRETA_510206,312033.860,2624324.200,127.4700,1.0581,4.9500,0.3163,-1
KHAPRETA_510206,312034.860,2624324.200,127.6600,1.1549,4.7600,0.3042,-1
KHAPRETA_510206,312038.860,2624324.200,127.3300,0.0000,5.0900,0.3252,-1
KHAPRETA_510206,312042.860,2624324.200,127.4200,1.4883,5.0000,0.3195,-1
KHAPRETA_510206,312043.860,2624324.200,128.0100,1.6519,4.4100,0.2818,-1
KHAPRETA_510206,312046.860,2624324.200,128.0500,0.0000,4.3700,0.2792,-1
KHAPRETA_510206,312049.860,2624324.200,127.6600,1.1881,4.7600,0.3042,-1
KHAPRETA_510206,312051.860,2624324.200,127.4600,1.5929,4.9600,0.3169,-1
KHAPRETA_510206,312052.860,2624324.200,127.6100,1.4093,4.8100,0.3073,-1
KHAPRETA_510206,312054.860,2624324.200,127.7800,1.2631,4.6400,0.2965,-1
KHAPRETA_510206,312055.860,2624324.200,127.3800,0.9981,5.0400,0.3220,-1
KHAPRETA_510206,312060.860,2624324.200,128.5200,0.0000,3.9000,0.2492,-1
KHAPRETA_510206,312066.860,2624324.200,128.5000,0.0000,3.9200,0.2505,-1
KHAPRETA_510206,312068.860,2624324.200,128.4300,0.0000,3.9900,0.2550,-1
KHAPRETA_510206,312070.860,2624324.200,128.4400,0.0000,3.9800,0.2543,-1
KHAPRETA_510206,312074.860,2624324.200,128.5100,0.0000,3.9100,0.2498,-1
KHAPRETA_510206,312080.860,2624324.200,128.5000,0.5081,3.9200,0.2505,-1
KHAPRETA_510206,312088.860,2624324.200,128.8200,0.5081,3.6000,0.2300,-1
KHAPRETA_510206,312089.860,2624324.200,128.7600,0.0100,3.6600,0.2339,-1
KHAPRETA_510206,312090.860,2624324.200,128.8400,0.7473,3.5800,0.2288,-1
KHAPRETA_510206,312094.860,2624324.200,128.7500,0.7150,3.6700,0.2345,-1
KHAPRETA_510206,312095.860,2624324.200,128.7600,0.0200,3.6600,0.2339,-1
KHAPRETA_510206,312096.860,2624324.200,128.7900,0.7437,3.6300,0.2319,-1
KHAPRETA_510206,312101.860,2624324.200,128.8200,0.4031,3.6000,0.2300,-1
KHAPRETA_510206,312106.860,2624324.200,128.7100,0.7611,3.7100,0.2371,-1
KHAPRETA_510206,312107.860,2624324.200,128.6800,0.0150,3.7400,0.2390,-1
KHAPRETA_510206,312108.860,2624324.200,128.6800,0.7716,3.7400,0.2390,-1
KHAPRETA_510206,312117.860,2624324.200,128.9400,0.0000,3.4800,0.2224,-1
KHAPRETA_510206,312125.860,2624324.200,128.8200,0.0000,3.6000,0.2300,-1
KHAPRETA_510206,312129.860,2624324.200,129.0000,0.0000,3.4200,0.2185,-1
KHAPRETA_510206,312133.860,2624324.200,129.5400,0.2581,2.8800,0.1840,-1
KHAPRETA_510206,312136.860,2624324.200,129.2900,0.0000,3.1300,0.2000,-1
KHAPRETA_510206,312143.860,2624324.200,129.3800,0.1931,3.0400,0.1942,-1
KHAPRETA_510206,312145.860,2624324.200,129.0900,0.2981,3.3300,0.2128,-1
KHAPRETA_510206,312148.860,2624324.200,129.6900,0.0381,2.7300,0.1744,-1
KHAPRETA_510206,312154.860,2624324.200,129.8300,0.0369,2.5900,0.1655,-1
KHAPRETA_510206,312156.860,2624324.200,129.7300,0.0319,2.6900,0.1719,-1
KHAPRETA_510206,312161.860,2624324.200,129.8700,0.0000,2.5500,0.1629,-1
KHAPRETA_510206,312163.860,2624324.200,129.9100,0.0000,2.5100,0.1604,-1
KHAPRETA_510206,312165.860,2624324.200,129.8900,0.0819,2.5300,0.1617,-1
KHAPRETA_510206,312170.860,2624324.200,129.9000,0.0000,2.5200,0.1610,-1
KHAPRETA_510206,312176.860,2624324.200,129.9000,0.0000,2.5200,0.1610,-1
KHAPRETA_510206,312179.860,2624324.200,129.9900,0.0000,2.4300,0.1553,-1
KHAPRETA_510206,312182.860,2624324.200,130.0200,0.0000,2.4000,0.1534,-1
KHAPRETA_510206,312188.860,2624324.200,130.0500,0.0000,2.3700,0.1514,-1
KHAPRETA_510206,312193.860,2624324.200,130.1300,0.0000,2.2900,0.1463,-1
KHAPRETA_510206,312196.860,2624324.200,130.0300,0.0000,2.3900,0.1527,-1
KHAPRETA_510206,312198.860,2624324.200,129.8500,0.1069,2.5700,0.1642,-1
KHAPRETA_510206,312205.860,2624324.200,129.9700,0.1119,2.4500,0.1565,-1
KHAPRETA_510206,312206.860,2624324.200,130.0000,0.1481,2.4200,0.1546,-1
KHAPRETA_510206,312214.860,2624324.200,130.0300,0.0000,2.3900,0.1527,-1
KHAPRETA_510206,312218.860,2624324.200,130.0700,0.1902,2.3500,0.1502,-1
KHAPRETA_510206,312219.860,2624324.200,130.0400,0.1469,2.3800,0.1521,-1
KHAPRETA_510206,312223.860,2624324.200,130.2500,0.0000,2.1700,0.1387,-1
KHAPRETA_510206,312230.860,2624324.200,130.2800,0.3179,2.1400,0.1367,-1
KHAPRETA_510206,312231.860,2624324.200,130.2500,0.2519,2.1700,0.1387,-1
KHAPRETA_510206,312236.860,2624324.200,130.2900,0.2669,2.1300,0.1361,-1
KHAPRETA_510206,312237.860,2624324.200,130.3100,0.0050,2.1100,0.1348,-1
KHAPRETA_510206,312238.860,2624324.200,130.3000,0.2920,2.1200,0.1355,-1
KHAPRETA_510206,312239.860,2624324.200,130.3200,0.2804,2.1000,0.1342,-1
KHAPRETA_510206,312245.860,2624324.200,130.9200,0.0000,1.5000,0.0958,-1
KHAPRETA_510206,312251.860,2624324.200,130.8700,0.5519,1.5500,0.0990,-1
KHAPRETA_510206,312257.860,2624324.200,130.9700,0.0850,1.4500,0.0927,-1
KHAPRETA_510206,312262.860,2624324.200,131.0000,0.8442,1.4200,0.0907,-1
KHAPRETA_510206,312263.860,2624324.200,130.9600,0.6120,1.4600,0.0933,-1
KHAPRETA_510206,312267.860,2624324.200,130.9700,0.5969,1.4500,0.0927,-1
KHAPRETA_510206,312276.860,2624324.200,130.8400,0.0000,1.5800,0.1010,-1
KHAPRETA_510206,312279.860,2624324.200,130.8500,0.7524,1.5700,0.1003,-1
KHAPRETA_510206,312280.860,2624324.200,130.8200,0.5370,1.6000,0.1022,-1
KHAPRETA_510206,312286.860,2624324.200,130.9100,0.0000,1.5100,0.0965,-1
KHAPRETA_510206,312292.860,2624324.200,131.0200,0.0000,1.4000,0.0895,-1
KHAPRETA_510206,312296.860,2624324.200,131.0800,0.0000,1.3400,0.0856,-1
KHAPRETA_510206,312303.860,2624324.200,131.1200,0.0000,1.3000,0.0831,-1
KHAPRETA_510206,312307.860,2624324.200,131.4100,0.0000,1.0100,0.0645,-1
KHAPRETA_510206,312327.860,2624324.200,131.9600,1.0869,0.4600,0.0294,-1
KHAPRETA_510206,312328.860,2624324.200,131.9500,0.1221,0.4700,0.0300,-1
KHAPRETA_510206,312329.860,2624324.200,132.1000,0.1250,0.3200,0.0204,-1
KHAPRETA_510206,312330.860,2624324.200,132.2000,1.6610,0.2200,0.0141,-1
KHAPRETA_510206,311911.860,2624325.200,128.2900,0.0000,4.1300,0.2639,-1
KHAPRETA_510206,311920.860,2624325.200,128.1500,0.7831,4.2700,0.2728,-1
KHAPRETA_510206,311927.860,2624325.200,127.7100,0.0000,4.7100,0.3010,-1
KHAPRETA_510206,311930.860,2624325.200,128.0700,0.0000,4.3500,0.2780,-1
KHAPRETA_510206,311932.860,2624325.200,128.0300,0.8781,4.3900,0.2805,-1
KHAPRETA_510206,311935.860,2624325.200,127.8500,0.9781,4.5700,0.2920,-1
KHAPRETA_510206,311936.860,2624325.200,127.8200,0.0934,4.6000,0.2939,-1
KHAPRETA_510206,311937.860,2624325.200,127.6700,0.9781,4.7500,0.3035,-1
KHAPRETA_510206,311940.860,2624325.200,129.1500,0.4560,3.2700,0.2089,-1
KHAPRETA_510206,311941.860,2624325.200,129.3900,0.3700,3.0300,0.1936,-1
KHAPRETA_510206,311942.860,2624325.200,128.4100,0.7450,4.0100,0.2562,-1
KHAPRETA_510206,311943.860,2624325.200,127.9000,1.1431,4.5200,0.2888,-1
KHAPRETA_510206,311944.860,2624325.200,128.4200,1.3274,4.0000,0.2556,-1
KHAPRETA_510206,311945.860,2624325.200,127.3000,1.4292,5.1200,0.3272,-1
KHAPRETA_510206,311952.860,2624325.200,126.1000,0.0000,6.3200,0.4038,-1
KHAPRETA_510206,311955.860,2624325.200,125.9400,0.0000,6.4800,0.4141,-1
KHAPRETA_510206,311958.860,2624325.200,125.6000,2.9076,6.8200,0.4358,-1
KHAPRETA_510206,311959.860,2624325.200,125.4500,3.0719,6.9700,0.4454,-1
KHAPRETA_510206,311974.860,2624325.200,127.1400,0.0200,5.2800,0.3374,-1
KHAPRETA_510206,311979.860,2624325.200,127.2000,0.3850,5.2200,0.3335,-1
KHAPRETA_510206,311981.860,2624325.200,128.4200,0.2900,4.0000,0.2556,-1
KHAPRETA_510206,311983.860,2624325.200,128.5500,0.6381,3.8700,0.2473,-1
KHAPRETA_510206,311984.860,2624325.200,128.5000,0.7474,3.9200,0.2505,-1
KHAPRETA_510206,311985.860,2624325.200,127.4300,0.6850,4.9900,0.3188,-1
KHAPRETA_510206,311986.860,2624325.200,127.1300,1.1758,5.2900,0.3380,-1
KHAPRETA_510206,311988.860,2624325.200,127.1800,0.0500,5.2400,0.3348,-1
KHAPRETA_510206,311993.860,2624325.200,127.1800,1.3131,5.2400,0.3348,-1
KHAPRETA_510206,311998.860,2624325.200,127.4500,1.6244,4.9700,0.3176,-1
KHAPRETA_510206,311999.860,2624325.200,127.5500,1.6237,4.8700,0.3112,-1
KHAPRETA_510206,312002.860,2624325.200,127.3100,0.0000,5.1100,0.3265,-1
KHAPRETA_510206,312014.860,2624325.200,127.6000,1.2031,4.8200,0.3080,-1
KHAPRETA_510206,312016.860,2624325.200,127.4300,0.0000,4.9900,0.3188,-1
KHAPRETA_510206,312018.860,2624325.200,127.3800,0.0000,5.0400,0.3220,-1
KHAPRETA_510206,312023.860,2624325.200,127.5800,0.0000,4.8400,0.3093,-1
KHAPRETA_510206,312034.860,2624325.200,127.4400,1.0581,4.9800,0.3182,-1
KHAPRETA_510206,312039.860,2624325.200,127.3300,0.0000,5.0900,0.3252,-1
KHAPRETA_510206,312044.860,2624325.200,127.9600,0.0000,4.4600,0.2850,-1
KHAPRETA_510206,312048.860,2624325.200,127.7200,1.1881,4.7000,0.3003,-1
KHAPRETA_510206,312049.860,2624325.200,127.4000,1.0633,5.0200,0.3208,-1
KHAPRETA_510206,312050.860,2624325.200,127.9300,1.3986,4.4900,0.2869,-1
KHAPRETA_510206,312052.860,2624325.200,128.1700,1.0831,4.2500,0.2716,-1
KHAPRETA_510206,312054.860,2624325.200,127.5900,0.2550,4.8300,0.3086,-1
KHAPRETA_510206,312057.860,2624325.200,127.5700,0.0000,4.8500,0.3099,-1
KHAPRETA_510206,312059.860,2624325.200,128.4800,0.8781,3.9400,0.2518,-1
KHAPRETA_510206,312069.860,2624325.200,128.4100,0.0000,4.0100,0.2562,-1
KHAPRETA_510206,312090.860,2624325.200,128.6800,0.4681,3.7400,0.2390,-1
KHAPRETA_510206,312094.860,2624325.200,128.7700,0.5131,3.6500,0.2332,-1
KHAPRETA_510206,312101.860,2624325.200,128.9700,0.4781,3.4500,0.2204,-1
KHAPRETA_510206,312103.860,2624325.200,128.7800,0.0000,3.6400,0.2326,-1
KHAPRETA_510206,312105.860,2624325.200,128.6700,0.0000,3.7500,0.2396,-1
KHAPRETA_510206,312110.860,2624325.200,128.7100,0.0000,3.7100,0.2371,-1
KHAPRETA_510206,312112.860,2624325.200,128.7600,0.0000,3.6600,0.2339,-1
KHAPRETA_510206,312132.860,2624325.200,129.2600,0.2581,3.1600,0.2019,-1
KHAPRETA_510206,312133.860,2624325.200,129.2600,0.3063,3.1600,0.2019,-1
KHAPRETA_510206,312135.860,2624325.200,129.3100,0.2531,3.1100,0.1987,-1
KHAPRETA_510206,312144.860,2624325.200,129.5900,0.1731,2.8300,0.1808,-1
KHAPRETA_510206,312146.860,2624325.200,129.2500,0.2381,3.1700,0.2026,-1
KHAPRETA_510206,312147.860,2624325.200,129.3000,0.2998,3.1200,0.1994,-1
KHAPRETA_510206,312148.860,2624325.200,129.7000,0.2419,2.7200,0.1738,-1
KHAPRETA_510206,312153.860,2624325.200,129.7500,0.0000,2.6700,0.1706,-1
KHAPRETA_510206,312157.860,2624325.200,129.8400,0.0000,2.5800,0.1649,-1
KHAPRETA_510206,312160.860,2624325.200,129.8800,0.0000,2.5400,0.1623,-1
KHAPRETA_510206,312168.860,2624325.200,129.9400,0.0000,2.4800,0.1585,-1
KHAPRETA_510206,312172.860,2624325.200,129.9400,0.0869,2.4800,0.1585,-1
KHAPRETA_510206,312177.860,2624325.200,129.9700,0.0969,2.4500,0.1565,-1
KHAPRETA_510206,312189.860,2624325.200,130.0800,0.0000,2.3400,0.1495,-1
KHAPRETA_510206,312200.860,2624325.200,129.9800,0.0000,2.4400,0.1559,-1
KHAPRETA_510206,312206.860,2624325.200,130.0000,0.0000,2.4200,0.1546,-1
KHAPRETA_510206,312217.860,2624325.200,130.0700,0.0000,2.3500,0.1502,-1
KHAPRETA_510206,312220.860,2624325.200,130.0400,0.1369,2.3800,0.1521,-1
KHAPRETA_510206,312221.860,2624325.200,130.0500,0.1938,2.3700,0.1514,-1
KHAPRETA_510206,312225.860,2624325.200,130.2600,0.0000,2.1600,0.1380,-1
KHAPRETA_510206,312230.860,2624325.200,130.2000,0.2519,2.2200,0.1419,-1
KHAPRETA_510206,312235.860,2624325.200,130.2700,0.2519,2.1500,0.1374,-1
KHAPRETA_510206,312239.860,2624325.200,130.3000,0.2719,2.1200,0.1355,-1
KHAPRETA_510206,312242.860,2624325.200,130.4500,0.3319,1.9700,0.1259,-1
KHAPRETA_510206,312244.860,2624325.200,130.4600,0.0000,1.9600,0.1252,-1
KHAPRETA_510206,312247.860,2624325.200,130.9100,0.0000,1.5100,0.0965,-1
KHAPRETA_510206,312255.860,2624325.200,130.8600,0.0000,1.5600,0.0997,-1
KHAPRETA_510206,312257.860,2624325.200,130.7700,0.5969,1.6500,0.1054,-1
KHAPRETA_510206,312259.860,2624325.200,130.8000,0.0000,1.6200,0.1035,-1
KHAPRETA_510206,312261.860,2624325.200,130.9400,0.0000,1.4800,0.0946,-1
KHAPRETA_510206,312263.860,2624325.200,130.9800,0.8586,1.4400,0.0920,-1
KHAPRETA_510206,312264.860,2624325.200,131.0200,0.8655,1.4000,0.0895,-1
KHAPRETA_510206,312267.860,2624325.200,130.9700,0.8913,1.4500,0.0927,-1
KHAPRETA_510206,312268.860,2624325.200,131.1000,0.6435,1.3200,0.0843,-1
KHAPRETA_510206,312269.860,2624325.200,131.0600,0.9015,1.3600,0.0869,-1
KHAPRETA_510206,312275.860,2624325.200,130.8700,0.0000,1.5500,0.0990,-1
KHAPRETA_510206,312279.860,2624325.200,130.8600,0.7594,1.5600,0.0997,-1
KHAPRETA_510206,312280.860,2624325.200,130.8500,0.7524,1.5700,0.1003,-1
KHAPRETA_510206,312287.860,2624325.200,130.9400,0.0000,1.4800,0.0946,-1
KHAPRETA_510206,312290.860,2624325.200,131.0200,0.8619,1.4000,0.0895,-1
KHAPRETA_510206,312291.860,2624325.200,131.0000,0.8655,1.4200,0.0907,-1
KHAPRETA_510206,312295.860,2624325.200,131.0400,0.0000,1.3800,0.0882,-1
KHAPRETA_510206,312305.860,2624325.200,131.1100,0.0000,1.3100,0.0837,-1
KHAPRETA_510206,312310.860,2624325.200,131.5900,0.0000,0.8300,0.0530,-1
KHAPRETA_510206,312312.860,2624325.200,131.6200,0.0000,0.8000,0.0511,-1
KHAPRETA_510206,312325.860,2624325.200,132.1900,0.0000,0.2300,0.0147,-1
KHAPRETA_510206,312328.860,2624325.200,132.0300,1.0869,0.3900,0.0249,-1
KHAPRETA_510206,312331.860,2624325.200,132.3000,0.0000,0.1200,0.0077,-1
KHAPRETA_510206,311910.860,2624326.200,128.3800,0.0000,4.0400,0.2581,-1
KHAPRETA_510206,311916.860,2624326.200,128.1800,0.7531,4.2400,0.2709,-1
KHAPRETA_510206,311920.860,2624326.200,128.2100,1.1569,4.2100,0.2690,-1
KHAPRETA_510206,311921.860,2624326.200,128.1300,0.0200,4.2900,0.2741,-1
KHAPRETA_510206,311922.860,2624326.200,128.1700,0.8140,4.2500,0.2716,-1
KHAPRETA_510206,311923.860,2624326.200,128.2100,1.1499,4.2100,0.2690,-1
KHAPRETA_510206,311925.860,2624326.200,128.1900,0.8131,4.2300,0.2703,-1
KHAPRETA_510206,311926.860,2624326.200,128.1500,0.7931,4.2700,0.2728,-1
KHAPRETA_510206,311932.860,2624326.200,128.0200,0.8731,4.4000,0.2811,-1
KHAPRETA_510206,311936.860,2624326.200,127.7700,0.0650,4.6500,0.2971,-1
KHAPRETA_510206,311940.860,2624326.200,128.9500,0.3131,3.4700,0.2217,-1
KHAPRETA_510206,311943.860,2624326.200,127.4900,1.3092,4.9300,0.3150,-1
KHAPRETA_510206,311944.860,2624326.200,127.1900,1.3290,5.2300,0.3342,-1
KHAPRETA_510206,311946.860,2624326.200,126.9900,1.4181,5.4300,0.3470,-1
KHAPRETA_510206,311947.860,2624326.200,126.9400,1.3931,5.4800,0.3502,-1
KHAPRETA_510206,311951.860,2624326.200,126.1500,1.7981,6.2700,0.4006,-1
KHAPRETA_510206,311954.860,2624326.200,125.4600,1.9181,6.9600,0.4447,-1
KHAPRETA_510206,311956.860,2624326.200,125.6600,1.9381,6.7600,0.4319,-1
KHAPRETA_510206,311974.860,2624326.200,127.3000,1.3181,5.1200,0.3272,-1
KHAPRETA_510206,311976.860,2624326.200,127.0800,0.0000,5.3400,0.3412,-1
KHAPRETA_510206,311978.860,2624326.200,127.5600,1.0281,4.8600,0.3105,-1
KHAPRETA_510206,311979.860,2624326.200,127.7200,1.3076,4.7000,0.3003,-1
KHAPRETA_510206,311980.860,2624326.200,128.0100,0.8224,4.4100,0.2818,-1
KHAPRETA_510206,311981.860,2624326.200,128.1900,1.1134,4.2300,0.2703,-1
KHAPRETA_510206,311984.860,2624326.200,127.1400,0.6381,5.2800,0.3374,-1
KHAPRETA_510206,311986.860,2624326.200,127.0700,1.3231,5.3500,0.3419,-1
KHAPRETA_510206,311988.860,2624326.200,127.2500,0.0400,5.1700,0.3304,-1
KHAPRETA_510206,311996.860,2624326.200,127.2400,1.7722,5.1800,0.3310,-1
KHAPRETA_510206,311997.860,2624326.200,127.2900,1.2609,5.1300,0.3278,-1
KHAPRETA_510206,311998.860,2624326.200,127.4100,1.1683,5.0100,0.3201,-1
KHAPRETA_510206,311999.860,2624326.200,127.5100,1.6244,4.9100,0.3137,-1
KHAPRETA_510206,312010.860,2624326.200,127.5900,1.1931,4.8300,0.3086,-1
KHAPRETA_510206,312011.860,2624326.200,127.3900,1.0931,5.0300,0.3214,-1
KHAPRETA_510206,312015.860,2624326.200,127.5600,0.0000,4.8600,0.3105,-1
KHAPRETA_510206,312026.860,2624326.200,127.7300,0.0000,4.6900,0.2997,-1
KHAPRETA_510206,312031.860,2624326.200,127.6300,1.3551,4.7900,0.3061,-1
KHAPRETA_510206,312032.860,2624326.200,127.8300,1.0731,4.5900,0.2933,-1
KHAPRETA_510206,312036.860,2624326.200,127.6600,1.0731,4.7600,0.3042,-1
KHAPRETA_510206,312042.860,2624326.200,127.4900,1.1331,4.9300,0.3150,-1
KHAPRETA_510206,312043.860,2624326.200,127.5100,1.6415,4.9100,0.3137,-1
KHAPRETA_510206,312050.860,2624326.200,128.3000,0.9231,4.1200,0.2633,-1
KHAPRETA_510206,312054.860,2624326.200,127.2700,1.1538,5.1500,0.3291,-1
KHAPRETA_510206,312055.860,2624326.200,127.4700,1.1658,4.9500,0.3163,-1
KHAPRETA_510206,312056.860,2624326.200,127.4300,1.6096,4.9900,0.3188,-1
KHAPRETA_510206,312059.860,2624326.200,128.0200,0.1950,4.4000,0.2811,-1
KHAPRETA_510206,312070.860,2624326.200,128.4500,0.6581,3.9700,0.2537,-1
KHAPRETA_510206,312072.860,2624326.200,128.4800,0.0000,3.9400,0.2518,-1
KHAPRETA_510206,312074.860,2624326.200,128.4700,0.6481,3.9500,0.2524,-1
KHAPRETA_510206,312083.860,2624326.200,128.7700,0.0000,3.6500,0.2332,-1
KHAPRETA_510206,312086.860,2624326.200,128.7700,0.0000,3.6500,0.2332,-1
KHAPRETA_510206,312088.860,2624326.200,128.7700,0.0000,3.6500,0.2332,-1
KHAPRETA_510206,312092.860,2624326.200,128.8400,0.0000,3.5800,0.2288,-1
KHAPRETA_510206,312098.860,2624326.200,128.7000,0.7157,3.7200,0.2377,-1
KHAPRETA_510206,312099.860,2624326.200,128.8100,0.7716,3.6100,0.2307,-1
KHAPRETA_510206,312102.860,2624326.200,128.9300,0.0000,3.4900,0.2230,-1
KHAPRETA_510206,312107.860,2624326.200,128.7200,0.0000,3.7000,0.2364,-1
KHAPRETA_510206,312120.860,2624326.200,128.7300,0.0000,3.6900,0.2358,-1
KHAPRETA_510206,312122.860,2624326.200,128.7500,0.4731,3.6700,0.2345,-1
KHAPRETA_510206,312123.860,2624326.200,128.8300,0.2600,3.5900,0.2294,-1
KHAPRETA_510206,312124.860,2624326.200,129.2700,0.4731,3.1500,0.2013,-1
KHAPRETA_510206,312126.860,2624326.200,129.3000,0.0000,3.1200,0.1994,-1
KHAPRETA_510206,312133.860,2624326.200,129.2100,0.3580,3.2100,0.2051,-1
KHAPRETA_510206,312134.860,2624326.200,129.2800,0.0300,3.1400,0.2006,-1
KHAPRETA_510206,312135.860,2624326.200,129.2700,0.3404,3.1500,0.2013,-1
KHAPRETA_510206,312139.860,2624326.200,129.3200,0.0000,3.1000,0.1981,-1
KHAPRETA_510206,312144.860,2624326.200,129.4300,0.1921,2.9900,0.1911,-1
KHAPRETA_510206,312145.860,2624326.200,129.4400,0.1731,2.9800,0.1904,-1
KHAPRETA_510206,312147.860,2624326.200,129.3800,0.2381,3.0400,0.1942,-1
KHAPRETA_510206,312170.860,2624326.200,129.8400,0.0000,2.5800,0.1649,-1
KHAPRETA_510206,312172.860,2624326.200,129.9500,0.0819,2.4700,0.1578,-1
KHAPRETA_510206,312177.860,2624326.200,129.9700,0.0969,2.4500,0.1565,-1
KHAPRETA_510206,312179.860,2624326.200,130.0500,0.0000,2.3700,0.1514,-1
KHAPRETA_510206,312184.860,2624326.200,130.0400,0.1369,2.3800,0.1521,-1
KHAPRETA_510206,312185.860,2624326.200,130.0500,0.1319,2.3700,0.1514,-1
KHAPRETA_510206,312192.860,2624326.200,130.0900,0.2433,2.3300,0.1489,-1
KHAPRETA_510206,312193.860,2624326.200,130.1100,0.1569,2.3100,0.1476,-1
KHAPRETA_510206,312198.860,2624326.200,130.1300,0.0000,2.2900,0.1463,-1
KHAPRETA_510206,312201.860,2624326.200,129.9600,0.0000,2.4600,0.1572,-1
KHAPRETA_510206,312205.860,2624326.200,130.0100,0.1119,2.4100,0.1540,-1
KHAPRETA_510206,312206.860,2624326.200,130.0000,0.1196,2.4200,0.1546,-1
KHAPRETA_510206,312212.860,2624326.200,130.0700,0.0000,2.3500,0.1502,-1
KHAPRETA_510206,312221.860,2624326.200,130.0600,0.0350,2.3600,0.1508,-1
KHAPRETA_510206,312235.860,2624326.200,130.2800,0.0050,2.1400,0.1367,-1
KHAPRETA_510206,312238.860,2624326.200,130.3200,0.2869,2.1000,0.1342,-1
KHAPRETA_510206,312242.860,2624326.200,130.4400,0.3369,1.9800,0.1265,-1
KHAPRETA_510206,312248.860,2624326.200,130.8600,0.0000,1.5600,0.0997,-1
KHAPRETA_510206,312252.860,2624326.200,130.8200,0.0000,1.6000,0.1022,-1
KHAPRETA_510206,312256.860,2624326.200,130.8200,0.0000,1.6000,0.1022,-1
KHAPRETA_510206,312260.860,2624326.200,131.0000,0.0000,1.4200,0.0907,-1
KHAPRETA_510206,312264.860,2624326.200,131.0200,0.6219,1.4000,0.0895,-1
KHAPRETA_510206,312268.860,2624326.200,131.0600,0.9015,1.3600,0.0869,-1
KHAPRETA_510206,312269.860,2624326.200,131.0000,0.6424,1.4200,0.0907,-1
KHAPRETA_510206,312281.860,2624326.200,130.8700,0.0000,1.5500,0.0990,-1
KHAPRETA_510206,312290.860,2624326.200,130.9900,0.8655,1.4300,0.0914,-1
KHAPRETA_510206,312291.860,2624326.200,130.9800,0.6070,1.4400,0.0920,-1
KHAPRETA_510206,312293.860,2624326.200,131.0300,0.0000,1.3900,0.0888,-1
KHAPRETA_510206,311911.860,2624327.200,128.3300,0.7481,4.0900,0.2613,-1
KHAPRETA_510206,311916.860,2624327.200,128.2700,0.0150,4.1500,0.2652,-1
KHAPRETA_510206,311919.860,2624327.200,128.2700,0.0000,4.1500,0.2652,-1
KHAPRETA_510206,311922.860,2624327.200,128.1500,1.1499,4.2700,0.2728,-1
KHAPRETA_510206,311923.860,2624327.200,128.1300,1.1288,4.2900,0.2741,-1
KHAPRETA_510206,311928.860,2624327.200,128.0100,0.0000,4.4100,0.2818,-1
KHAPRETA_510206,311934.860,2624327.200,128.0400,0.9931,4.3800,0.2799,-1
KHAPRETA_510206,311935.860,2624327.200,127.7900,0.1750,4.6300,0.2958,-1
KHAPRETA_510206,311936.860,2624327.200,127.6900,1.4115,4.7300,0.3022,-1
KHAPRETA_510206,311942.860,2624327.200,127.6100,1.1431,4.8100,0.3073,-1
KHAPRETA_510206,311943.860,2624327.200,127.4900,1.5747,4.9300,0.3150,-1
KHAPRETA_510206,311948.860,2624327.200,126.4800,0.0000,5.9400,0.3796,-1
KHAPRETA_510206,311951.860,2624327.200,126.1800,1.7894,6.2400,0.3987,-1
KHAPRETA_510206,311952.860,2624327.200,126.2000,0.0650,6.2200,0.3974,-1
KHAPRETA_510206,311953.860,2624327.200,126.0500,0.1300,6.3700,0.4070,-1
KHAPRETA_510206,311954.860,2624327.200,125.9400,2.8510,6.4800,0.4141,-1
KHAPRETA_510206,311956.860,2624327.200,125.9000,2.0396,6.5200,0.4166,-1
KHAPRETA_510206,311957.860,2624327.200,125.7000,1.9381,6.7200,0.4294,-1
KHAPRETA_510206,311960.860,2624327.200,125.6200,2.1081,6.8000,0.4345,-1
KHAPRETA_510206,311977.860,2624327.200,127.9800,0.0000,4.4400,0.2837,-1
KHAPRETA_510206,311980.860,2624327.200,128.2000,0.8831,4.2200,0.2696,-1
KHAPRETA_510206,311982.860,2624327.200,128.7300,0.0000,3.6900,0.2358,-1
KHAPRETA_510206,311988.860,2624327.200,127.2600,1.2631,5.1600,0.3297,-1
KHAPRETA_510206,311996.860,2624327.200,127.2500,1.7863,5.1700,0.3304,-1
KHAPRETA_510206,311997.860,2624327.200,127.2600,1.7722,5.1600,0.3297,-1
KHAPRETA_510206,312002.860,2624327.200,127.5900,1.1031,4.8300,0.3086,-1
KHAPRETA_510206,312006.860,2624327.200,127.3800,0.0000,5.0400,0.3220,-1
KHAPRETA_510206,312017.860,2624327.200,127.3800,0.0000,5.0400,0.3220,-1
KHAPRETA_510206,312021.860,2624327.200,127.4100,0.0000,5.0100,0.3201,-1
KHAPRETA_510206,312024.860,2624327.200,127.4100,1.0481,5.0100,0.3201,-1
KHAPRETA_510206,312025.860,2624327.200,127.6800,1.6312,4.7400,0.3029,-1
KHAPRETA_510206,312027.860,2624327.200,127.6400,1.1713,4.7800,0.3054,-1
KHAPRETA_510206,312028.860,2624327.200,128.3600,1.1720,4.0600,0.2594,-1
KHAPRETA_510206,312029.860,2624327.200,128.0000,1.1319,4.4200,0.2824,-1
KHAPRETA_510206,312031.860,2624327.200,127.8900,1.0731,4.5300,0.2895,-1
KHAPRETA_510206,312034.860,2624327.200,127.5000,0.0000,4.9200,0.3144,-1
KHAPRETA_510206,312036.860,2624327.200,127.6300,0.0300,4.7900,0.3061,-1
KHAPRETA_510206,312040.860,2624327.200,127.4600,0.8481,4.9600,0.3169,-1
KHAPRETA_510206,312041.860,2624327.200,128.0800,1.6413,4.3400,0.2773,-1
KHAPRETA_510206,312043.860,2624327.200,127.4200,1.1331,5.0000,0.3195,-1
KHAPRETA_510206,312046.860,2624327.200,127.4500,0.0000,4.9700,0.3176,-1
KHAPRETA_510206,312048.860,2624327.200,127.4900,1.1481,4.9300,0.3150,-1
KHAPRETA_510206,312051.860,2624327.200,127.8000,1.1081,4.6200,0.2952,-1
KHAPRETA_510206,312052.860,2624327.200,127.5600,1.2454,4.8600,0.3105,-1
KHAPRETA_510206,312054.860,2624327.200,127.5100,1.7096,4.9100,0.3137,-1
KHAPRETA_510206,312055.860,2624327.200,127.4500,0.0316,4.9700,0.3176,-1
KHAPRETA_510206,312056.860,2624327.200,127.5300,1.6519,4.8900,0.3125,-1
KHAPRETA_510206,312059.860,2624327.200,128.0900,1.1155,4.3300,0.2767,-1
KHAPRETA_510206,312060.860,2624327.200,128.4000,0.2100,4.0200,0.2569,-1
KHAPRETA_510206,312061.860,2624327.200,128.5100,0.6881,3.9100,0.2498,-1
KHAPRETA_510206,312070.860,2624327.200,128.4600,0.6631,3.9600,0.2530,-1
KHAPRETA_510206,312074.860,2624327.200,128.4800,0.6531,3.9400,0.2518,-1
KHAPRETA_510206,312078.860,2624327.200,128.4800,0.6031,3.9400,0.2518,-1
KHAPRETA_510206,312082.860,2624327.200,128.6100,0.0000,3.8100,0.2435,-1
KHAPRETA_510206,312087.860,2624327.200,128.7900,0.4931,3.6300,0.2319,-1
KHAPRETA_510206,312096.860,2624327.200,128.6900,0.5231,3.7300,0.2383,-1
KHAPRETA_510206,312098.860,2624327.200,128.7200,0.7716,3.7000,0.2364,-1
KHAPRETA_510206,312099.860,2624327.200,128.6700,0.7157,3.7500,0.2396,-1
KHAPRETA_510206,312103.860,2624327.200,128.8800,0.0000,3.5400,0.2262,-1
KHAPRETA_510206,312105.860,2624327.200,128.7700,0.0000,3.6500,0.2332,-1
KHAPRETA_510206,312108.860,2624327.200,128.7100,0.0000,3.7100,0.2371,-1
KHAPRETA_510206,312111.860,2624327.200,128.9600,0.0000,3.4600,0.2211,-1
KHAPRETA_510206,312117.860,2624327.200,128.8200,0.4931,3.6000,0.2300,-1
KHAPRETA_510206,312118.860,2624327.200,128.7900,0.4781,3.6300,0.2319,-1
KHAPRETA_510206,312121.860,2624327.200,128.9500,0.0000,3.4700,0.2217,-1
KHAPRETA_510206,312137.860,2624327.200,129.2700,0.2331,3.1500,0.2013,-1
KHAPRETA_510206,312138.860,2624327.200,129.3100,0.3614,3.1100,0.1987,-1
KHAPRETA_510206,312140.860,2624327.200,129.3300,0.1881,3.0900,0.1974,-1
KHAPRETA_510206,312141.860,2624327.200,129.4000,0.2231,3.0200,0.1930,-1
KHAPRETA_510206,312150.860,2624327.200,129.8200,0.0000,2.6000,0.1661,-1
KHAPRETA_510206,312153.860,2624327.200,129.7600,0.0319,2.6600,0.1700,-1
KHAPRETA_510206,312155.860,2624327.200,129.8300,0.0000,2.5900,0.1655,-1
KHAPRETA_510206,312157.860,2624327.200,129.8700,0.0000,2.5500,0.1629,-1
KHAPRETA_510206,312164.860,2624327.200,129.9000,0.0869,2.5200,0.1610,-1
KHAPRETA_510206,312165.860,2624327.200,129.9500,0.0619,2.4700,0.1578,-1
KHAPRETA_510206,312167.860,2624327.200,129.9500,0.0000,2.4700,0.1578,-1
KHAPRETA_510206,312169.860,2624327.200,129.9000,0.0000,2.5200,0.1610,-1
KHAPRETA_510206,312173.860,2624327.200,129.9000,0.1069,2.5200,0.1610,-1
KHAPRETA_510206,312192.860,2624327.200,130.1300,0.0300,2.2900,0.1463,-1
KHAPRETA_510206,312194.860,2624327.200,130.0900,0.0000,2.3300,0.1489,-1
KHAPRETA_510206,312202.860,2624327.200,129.9900,0.0000,2.4300,0.1553,-1
KHAPRETA_510206,312204.860,2624327.200,129.9900,0.0000,2.4300,0.1553,-1
KHAPRETA_510206,312206.860,2624327.200,130.0500,0.1119,2.3700,0.1514,-1
KHAPRETA_510206,312208.860,2624327.200,130.0300,0.0000,2.3900,0.1527,-1
KHAPRETA_510206,312213.860,2624327.200,130.0300,0.1419,2.3900,0.1527,-1
KHAPRETA_510206,312214.860,2624327.200,130.0600,0.2097,2.3600,0.1508,-1
KHAPRETA_510206,312219.860,2624327.200,130.0800,0.1519,2.3400,0.1495,-1
KHAPRETA_510206,312221.860,2624327.200,130.1200,0.1419,2.3000,0.1470,-1
KHAPRETA_510206,312223.860,2624327.200,130.2400,0.2019,2.1800,0.1393,-1
KHAPRETA_510206,312230.860,2624327.200,130.2500,0.2319,2.1700,0.1387,-1
KHAPRETA_510206,312235.860,2624327.200,130.2600,0.3528,2.1600,0.1380,-1
KHAPRETA_510206,312236.860,2624327.200,130.2700,0.2419,2.1500,0.1374,-1
KHAPRETA_510206,312238.860,2624327.200,130.3500,0.2719,2.0700,0.1323,-1
KHAPRETA_510206,312244.860,2624327.200,130.5100,0.0000,1.9100,0.1220,-1
KHAPRETA_510206,312247.860,2624327.200,130.9000,0.0000,1.5200,0.0971,-1
KHAPRETA_510206,312269.860,2624327.200,131.1100,0.6422,1.3100,0.0837,-1
KHAPRETA_510206,312270.860,2624327.200,131.0600,0.6669,1.3600,0.0869,-1
KHAPRETA_510206,312286.860,2624327.200,130.9300,0.5919,1.4900,0.0952,-1
KHAPRETA_510206,312287.860,2624327.200,130.9600,0.8302,1.4600,0.0933,-1
KHAPRETA_510206,312291.860,2624327.200,130.9900,0.6019,1.4300,0.0914,-1
KHAPRETA_510206,312296.860,2624327.200,131.0100,0.8972,1.4100,0.0901,-1
KHAPRETA_510206,312297.860,2624327.200,131.0400,0.0200,1.3800,0.0882,-1
KHAPRETA_510206,312298.860,2624327.200,131.0500,0.9008,1.3700,0.0875,-1
KHAPRETA_510206,312303.860,2624327.200,131.0800,0.6669,1.3400,0.0856,-1
KHAPRETA_510206,312305.860,2624327.200,131.0900,1.0140,1.3300,0.0850,-1
KHAPRETA_510206,312306.860,2624327.200,131.1900,0.6569,1.2300,0.0786,-1
KHAPRETA_510206,312326.860,2624327.200,131.9900,0.0000,0.4300,0.0275,-1
KHAPRETA_510206,311911.860,2624328.200,128.2800,0.7231,4.1400,0.2645,-1
KHAPRETA_510206,311916.860,2624328.200,128.1500,0.7531,4.2700,0.2728,-1
KHAPRETA_510206,311924.860,2624328.200,128.1300,0.0000,4.2900,0.2741,-1
KHAPRETA_510206,311926.860,2624328.200,128.1000,1.1746,4.3200,0.2760,-1
KHAPRETA_510206,311927.860,2624328.200,128.1000,0.8381,4.3200,0.2760,-1
KHAPRETA_510206,311937.860,2624328.200,127.7900,0.9981,4.6300,0.2958,-1
KHAPRETA_510206,311939.860,2624328.200,127.5600,0.8231,4.8600,0.3105,-1
KHAPRETA_510206,311940.860,2624328.200,128.1300,0.0950,4.2900,0.2741,-1
KHAPRETA_510206,311941.860,2624328.200,127.3700,0.8231,5.0500,0.3227,-1
KHAPRETA_510206,311944.860,2624328.200,127.2800,1.3181,5.1400,0.3284,-1
KHAPRETA_510206,311951.860,2624328.200,126.2900,1.7981,6.1300,0.3917,-1
KHAPRETA_510206,311955.860,2624328.200,125.9300,1.9781,6.4900,0.4147,-1
KHAPRETA_510206,311956.860,2624328.200,125.8200,1.9237,6.6000,0.4217,-1
KHAPRETA_510206,311960.860,2624328.200,125.5600,2.0781,6.8600,0.4383,-1
KHAPRETA_510206,311974.860,2624328.200,127.3700,0.0000,5.0500,0.3227,-1
KHAPRETA_510206,311978.860,2624328.200,128.1800,0.5831,4.2400,0.2709,-1
KHAPRETA_510206,311979.860,2624328.200,128.6100,0.7981,3.8100,0.2435,-1
KHAPRETA_510206,311983.860,2624328.200,128.6900,0.0000,3.7300,0.2383,-1
KHAPRETA_510206,311985.860,2624328.200,128.1900,0.5431,4.2300,0.2703,-1
KHAPRETA_510206,311987.860,2624328.200,127.1500,1.0531,5.2700,0.3367,-1
KHAPRETA_510206,312000.860,2624328.200,127.4700,0.0000,4.9500,0.3163,-1
KHAPRETA_510206,312002.860,2624328.200,127.5700,1.0931,4.8500,0.3099,-1
KHAPRETA_510206,312004.860,2624328.200,127.4400,0.0000,4.9800,0.3182,-1
KHAPRETA_510206,312010.860,2624328.200,127.8000,0.0000,4.6200,0.2952,-1
KHAPRETA_510206,312018.860,2624328.200,127.3800,0.0000,5.0400,0.3220,-1
KHAPRETA_510206,312022.860,2624328.200,127.5200,1.1781,4.9000,0.3131,-1
KHAPRETA_510206,312025.860,2624328.200,127.5300,0.1000,4.8900,0.3125,-1
KHAPRETA_510206,312027.860,2624328.200,127.9100,1.1589,4.5100,0.2882,-1
KHAPRETA_510206,312028.860,2624328.200,127.4600,0.7098,4.9600,0.3169,-1
KHAPRETA_510206,312029.860,2624328.200,128.0100,0.1710,4.4100,0.2818,-1
KHAPRETA_510206,312030.860,2624328.200,127.7300,0.8831,4.6900,0.2997,-1
KHAPRETA_510206,312033.860,2624328.200,127.8000,0.0000,4.6200,0.2952,-1
KHAPRETA_510206,312035.860,2624328.200,127.9700,1.5388,4.4500,0.2843,-1
KHAPRETA_510206,312036.860,2624328.200,127.6000,1.0996,4.8200,0.3080,-1
KHAPRETA_510206,312037.860,2624328.200,127.4900,1.0881,4.9300,0.3150,-1
KHAPRETA_510206,312041.860,2624328.200,127.4500,1.4273,4.9700,0.3176,-1
KHAPRETA_510206,312042.860,2624328.200,127.4800,1.6203,4.9400,0.3157,-1
KHAPRETA_510206,312044.860,2624328.200,127.6600,0.0000,4.7600,0.3042,-1
KHAPRETA_510206,312047.860,2624328.200,127.6700,1.6271,4.7500,0.3035,-1
KHAPRETA_510206,312048.860,2624328.200,127.4800,1.1431,4.9400,0.3157,-1
KHAPRETA_510206,312049.860,2624328.200,127.6500,1.1481,4.7700,0.3048,-1
KHAPRETA_510206,312052.860,2624328.200,128.2600,0.0550,4.1600,0.2658,-1
KHAPRETA_510206,312055.860,2624328.200,127.5300,1.1631,4.8900,0.3125,-1
KHAPRETA_510206,312067.860,2624328.200,128.5000,0.0000,3.9200,0.2505,-1
KHAPRETA_510206,312075.860,2624328.200,128.4800,0.6731,3.9400,0.2518,-1
KHAPRETA_510206,312078.860,2624328.200,128.5700,0.9130,3.8500,0.2460,-1
KHAPRETA_510206,312079.860,2624328.200,128.4900,0.8671,3.9300,0.2511,-1
KHAPRETA_510206,312081.860,2624328.200,128.5400,0.0000,3.8800,0.2479,-1
KHAPRETA_510206,312087.860,2624328.200,128.7900,0.4931,3.6300,0.2319,-1
KHAPRETA_510206,312090.860,2624328.200,128.8700,0.4831,3.5500,0.2268,-1
KHAPRETA_510206,312093.860,2624328.200,128.8100,0.0000,3.6100,0.2307,-1
KHAPRETA_510206,312096.860,2624328.200,128.7300,0.5250,3.6900,0.2358,-1
KHAPRETA_510206,312097.860,2624328.200,128.7300,0.7188,3.6900,0.2358,-1
KHAPRETA_510206,312100.860,2624328.200,128.8200,0.0000,3.6000,0.2300,-1
KHAPRETA_510206,312104.860,2624328.200,128.8900,0.0000,3.5300,0.2256,-1
KHAPRETA_510206,312109.860,2624328.200,128.9200,0.4131,3.5000,0.2236,-1
KHAPRETA_510206,312110.860,2624328.200,128.9500,0.4281,3.4700,0.2217,-1
KHAPRETA_510206,312113.860,2624328.200,128.9100,0.0000,3.5100,0.2243,-1
KHAPRETA_510206,312122.860,2624328.200,129.2000,0.0000,3.2200,0.2058,-1
KHAPRETA_510206,312129.860,2624328.200,129.2600,0.2331,3.1600,0.2019,-1
KHAPRETA_510206,312131.860,2624328.200,129.1900,0.0000,3.2300,0.2064,-1
KHAPRETA_510206,312133.860,2624328.200,129.2700,0.0000,3.1500,0.2013,-1
KHAPRETA_510206,312135.860,2624328.200,129.3300,0.2031,3.0900,0.1974,-1
KHAPRETA_510206,312138.860,2624328.200,129.2600,0.2844,3.1600,0.2019,-1
KHAPRETA_510206,312139.860,2624328.200,129.4500,0.3757,2.9700,0.1898,-1
KHAPRETA_510206,312142.860,2624328.200,129.0400,0.0000,3.3800,0.2160,-1
KHAPRETA_510206,312146.860,2624328.200,129.1600,0.3231,3.2600,0.2083,-1
KHAPRETA_510206,312152.860,2624328.200,129.7700,0.0387,2.6500,0.1693,-1
KHAPRETA_510206,312153.860,2624328.200,129.8400,0.0086,2.5800,0.1649,-1
KHAPRETA_510206,312156.860,2624328.200,129.7700,0.0000,2.6500,0.1693,-1
KHAPRETA_510206,312171.860,2624328.200,129.9900,0.1119,2.4300,0.1553,-1
KHAPRETA_510206,312173.860,2624328.200,129.9900,0.0619,2.4300,0.1553,-1
KHAPRETA_510206,312178.860,2624328.200,130.0200,0.0000,2.4000,0.1534,-1
KHAPRETA_510206,312192.860,2624328.200,130.1500,0.1769,2.2700,0.1450,-1
KHAPRETA_510206,312195.860,2624328.200,130.1800,0.1569,2.2400,0.1431,-1
KHAPRETA_510206,312196.860,2624328.200,130.0900,0.2019,2.3300,0.1489,-1
KHAPRETA_510206,312199.860,2624328.200,130.1500,0.1719,2.2700,0.1450,-1
KHAPRETA_510206,312201.860,2624328.200,129.9900,0.0000,2.4300,0.1553,-1
KHAPRETA_510206,312203.860,2624328.200,129.9900,0.0000,2.4300,0.1553,-1
KHAPRETA_510206,312211.860,2624328.200,130.0400,0.0000,2.3800,0.1521,-1
KHAPRETA_510206,312214.860,2624328.200,130.1100,0.1419,2.3100,0.1476,-1
KHAPRETA_510206,312219.860,2624328.200,130.0800,0.0200,2.3400,0.1495,-1
KHAPRETA_510206,312222.860,2624328.200,130.0700,0.2019,2.3500,0.1502,-1
KHAPRETA_510206,312223.860,2624328.200,130.1800,0.0825,2.2400,0.1431,-1
KHAPRETA_510206,312224.860,2624328.200,130.2300,0.2742,2.1900,0.1399,-1
KHAPRETA_510206,312225.860,2624328.200,130.2500,0.2269,2.1700,0.1387,-1
KHAPRETA_510206,312230.860,2624328.200,130.2400,0.3213,2.1800,0.1393,-1
KHAPRETA_510206,312231.860,2624328.200,130.2100,0.2319,2.2100,0.1412,-1
KHAPRETA_510206,312233.860,2624328.200,130.3000,0.0000,2.1200,0.1355,-1
KHAPRETA_510206,312237.860,2624328.200,130.3600,0.0000,2.0600,0.1316,-1
KHAPRETA_510206,312242.860,2624328.200,130.3600,0.0000,2.0600,0.1316,-1
KHAPRETA_510206,312245.860,2624328.200,130.5400,0.0000,1.8800,0.1201,-1
KHAPRETA_510206,312252.860,2624328.200,130.8500,0.0000,1.5700,0.1003,-1
KHAPRETA_510206,312257.860,2624328.200,130.9100,0.0000,1.5100,0.0965,-1
KHAPRETA_510206,312259.860,2624328.200,130.9000,0.5969,1.5200,0.0971,-1
KHAPRETA_510206,312260.860,2624328.200,130.9700,0.5619,1.4500,0.0927,-1
KHAPRETA_510206,312263.860,2624328.200,131.0000,0.0000,1.4200,0.0907,-1
KHAPRETA_510206,312266.860,2624328.200,130.9900,0.6019,1.4300,0.0914,-1
KHAPRETA_510206,312267.860,2624328.200,130.9800,0.0050,1.4400,0.0920,-1
KHAPRETA_510206,312268.860,2624328.200,131.0000,0.0300,1.4200,0.0907,-1
KHAPRETA_510206,312269.860,2624328.200,131.0400,0.9051,1.3800,0.0882,-1
KHAPRETA_510206,312273.860,2624328.200,130.8100,0.0000,1.6100,0.1029,-1
KHAPRETA_510206,312275.860,2624328.200,130.8200,0.0000,1.6000,0.1022,-1
KHAPRETA_510206,312287.860,2624328.200,130.9700,0.5919,1.4500,0.0927,-1
KHAPRETA_510206,312294.860,2624328.200,131.0200,0.0000,1.4000,0.0895,-1
KHAPRETA_510206,312296.860,2624328.200,131.0500,0.6169,1.3700,0.0875,-1
KHAPRETA_510206,312298.860,2624328.200,131.0600,0.6369,1.3600,0.0869,-1
KHAPRETA_510206,312303.860,2624328.200,131.1100,0.6519,1.3100,0.0837,-1
KHAPRETA_510206,312305.860,2624328.200,131.2300,0.6569,1.1900,0.0760,-1
KHAPRETA_510206,312324.860,2624328.200,132.0200,1.1119,0.4000,0.0256,-1
KHAPRETA_510206,312325.860,2624328.200,132.0000,1.1219,0.4200,0.0268,-1
KHAPRETA_510206,312327.860,2624328.200,132.0500,0.0000,0.3700,0.0236,-1
KHAPRETA_510206,311915.860,2624329.200,128.1500,0.0000,4.2700,0.2728,-1
KHAPRETA_510206,311918.860,2624329.200,128.1900,0.0000,4.2300,0.2703,-1
KHAPRETA_510206,311925.860,2624329.200,128.1000,0.8231,4.3200,0.2760,-1
KHAPRETA_510206,311926.860,2624329.200,128.1300,0.8382,4.2900,0.2741,-1
KHAPRETA_510206,311928.860,2624329.200,128.1300,0.0000,4.2900,0.2741,-1
KHAPRETA_510206,311930.860,2624329.200,128.0300,0.0000,4.3900,0.2805,-1
KHAPRETA_510206,311937.860,2624329.200,127.7800,1.0331,4.6400,0.2965,-1
KHAPRETA_510206,311938.860,2624329.200,127.7100,0.9981,4.7100,0.3010,-1
KHAPRETA_510206,311942.860,2624329.200,127.3200,0.0000,5.1000,0.3259,-1
KHAPRETA_510206,311944.860,2624329.200,127.1400,1.1833,5.2800,0.3374,-1
KHAPRETA_510206,311945.860,2624329.200,127.4100,0.0950,5.0100,0.3201,-1
KHAPRETA_510206,311946.860,2624329.200,126.9500,1.1831,5.4700,0.3495,-1
KHAPRETA_510206,311948.860,2624329.200,126.5000,0.0000,5.9200,0.3783,-1
KHAPRETA_510206,311950.860,2624329.200,126.3300,0.0000,6.0900,0.3891,-1
KHAPRETA_510206,311956.860,2624329.200,125.8000,2.8258,6.6200,0.4230,-1
KHAPRETA_510206,311957.860,2624329.200,125.7400,2.0038,6.6800,0.4268,-1
KHAPRETA_510206,311958.860,2624329.200,125.6900,2.1350,6.7300,0.4300,-1
KHAPRETA_510206,311959.860,2624329.200,125.5600,2.9356,6.8600,0.4383,-1
KHAPRETA_510206,311977.860,2624329.200,127.8800,0.0000,4.5400,0.2901,-1
KHAPRETA_510206,311982.860,2624329.200,128.7700,0.4331,3.6500,0.2332,-1
KHAPRETA_510206,311985.860,2624329.200,128.6900,0.7931,3.7300,0.2383,-1
KHAPRETA_510206,311987.860,2624329.200,127.6700,1.3346,4.7500,0.3035,-1
KHAPRETA_510206,311988.860,2624329.200,127.7100,0.6836,4.7100,0.3010,-1
KHAPRETA_510206,311989.860,2624329.200,127.3800,1.5631,5.0400,0.3220,-1
KHAPRETA_510206,311994.860,2624329.200,127.2500,0.0000,5.1700,0.3304,-1
KHAPRETA_510206,311999.860,2624329.200,127.3000,1.2331,5.1200,0.3272,-1
KHAPRETA_510206,312006.860,2624329.200,127.5300,1.1331,4.8900,0.3125,-1
KHAPRETA_510206,312009.860,2624329.200,128.0300,0.8981,4.3900,0.2805,-1
KHAPRETA_510206,312013.860,2624329.200,127.4700,0.0000,4.9500,0.3163,-1
KHAPRETA_510206,312021.860,2624329.200,127.4700,1.1781,4.9500,0.3163,-1
KHAPRETA_510206,312022.860,2624329.200,127.4200,1.6131,5.0000,0.3195,-1
KHAPRETA_510206,312025.860,2624329.200,127.4800,1.1231,4.9400,0.3157,-1
KHAPRETA_510206,312027.860,2624329.200,127.5500,0.9331,4.8700,0.3112,-1
KHAPRETA_510206,312029.860,2624329.200,127.7900,0.8831,4.6300,0.2958,-1
KHAPRETA_510206,312031.860,2624329.200,127.7400,0.0000,4.6800,0.2990,-1
KHAPRETA_510206,312035.860,2624329.200,127.6000,0.9031,4.8200,0.3080,-1
KHAPRETA_510206,312040.860,2624329.200,127.3400,0.0000,5.0800,0.3246,-1
KHAPRETA_510206,312042.860,2624329.200,127.5200,1.1481,4.9000,0.3131,-1
KHAPRETA_510206,312047.860,2624329.200,127.4700,1.0531,4.9500,0.3163,-1
KHAPRETA_510206,312051.860,2624329.200,127.5100,1.0531,4.9100,0.3137,-1
KHAPRETA_510206,312052.860,2624329.200,127.6700,0.7583,4.7500,0.3035,-1
KHAPRETA_510206,312053.860,2624329.200,127.4700,1.0531,4.9500,0.3163,-1
KHAPRETA_510206,312065.860,2624329.200,128.4700,0.6331,3.9500,0.2524,-1
KHAPRETA_510206,312069.860,2624329.200,128.4500,0.6331,3.9700,0.2537,-1
KHAPRETA_510206,312072.860,2624329.200,128.4900,0.0000,3.9300,0.2511,-1
KHAPRETA_510206,312075.860,2624329.200,128.4300,0.6481,3.9900,0.2550,-1
KHAPRETA_510206,312079.860,2624329.200,128.5300,0.6431,3.8900,0.2486,-1
KHAPRETA_510206,312083.860,2624329.200,128.4800,0.5181,3.9400,0.2518,-1
KHAPRETA_510206,312084.860,2624329.200,128.7400,0.1550,3.6800,0.2351,-1
KHAPRETA_510206,312085.860,2624329.200,128.7900,0.5181,3.6300,0.2319,-1
KHAPRETA_510206,312090.860,2624329.200,128.8100,0.4531,3.6100,0.2307,-1
KHAPRETA_510206,312095.860,2624329.200,128.7900,0.4981,3.6300,0.2319,-1
KHAPRETA_510206,312096.860,2624329.200,128.7800,0.5231,3.6400,0.2326,-1
KHAPRETA_510206,312097.860,2624329.200,128.7900,0.7223,3.6300,0.2319,-1
KHAPRETA_510206,312103.860,2624329.200,128.9500,0.3931,3.4700,0.2217,-1
KHAPRETA_510206,312107.860,2624329.200,128.9300,0.0000,3.4900,0.2230,-1
KHAPRETA_510206,312111.860,2624329.200,129.0600,0.5031,3.3600,0.2147,-1
KHAPRETA_510206,312120.860,2624329.200,129.2300,0.0000,3.1900,0.2038,-1
KHAPRETA_510206,312124.860,2624329.200,129.2500,0.2781,3.1700,0.2026,-1
KHAPRETA_510206,312125.860,2624329.200,129.2200,0.2631,3.2000,0.2045,-1
KHAPRETA_510206,312129.860,2624329.200,129.3100,0.2581,3.1100,0.1987,-1
KHAPRETA_510206,312135.860,2624329.200,129.3700,0.2231,3.0500,0.1949,-1
KHAPRETA_510206,312139.860,2624329.200,129.2300,0.2750,3.1900,0.2038,-1
KHAPRETA_510206,312141.860,2624329.200,128.9300,0.4281,3.4900,0.2230,-1
KHAPRETA_510206,312143.860,2624329.200,128.9500,0.0000,3.4700,0.2217,-1
KHAPRETA_510206,312146.860,2624329.200,129.1300,0.3081,3.2900,0.2102,-1
KHAPRETA_510206,312149.860,2624329.200,129.7100,0.0000,2.7100,0.1732,-1
KHAPRETA_510206,312152.860,2624329.200,129.8200,0.0031,2.6000,0.1661,-1
KHAPRETA_510206,312157.860,2624329.200,129.9200,0.0000,2.5000,0.1597,-1
KHAPRETA_510206,312159.860,2624329.200,129.9100,0.0519,2.5100,0.1604,-1
KHAPRETA_510206,312161.860,2624329.200,129.9200,0.0000,2.5000,0.1597,-1
KHAPRETA_510206,312169.860,2624329.200,130.0200,0.0769,2.4000,0.1534,-1
KHAPRETA_510206,312170.860,2624329.200,129.9300,0.0100,2.4900,0.1591,-1
KHAPRETA_510206,312171.860,2624329.200,130.0000,0.1317,2.4200,0.1546,-1
KHAPRETA_510206,312175.860,2624329.200,130.0000,0.0000,2.4200,0.1546,-1
KHAPRETA_510206,312187.860,2624329.200,130.1300,0.0000,2.2900,0.1463,-1
KHAPRETA_510206,312189.860,2624329.200,130.1700,0.1819,2.2500,0.1438,-1
KHAPRETA_510206,312190.860,2624329.200,130.1400,0.1969,2.2800,0.1457,-1
KHAPRETA_510206,312193.860,2624329.200,130.1200,0.0000,2.3000,0.1470,-1
KHAPRETA_510206,312199.860,2624329.200,130.1200,0.1124,2.3000,0.1470,-1
KHAPRETA_510206,312200.860,2624329.200,130.0000,0.1796,2.4200,0.1546,-1
KHAPRETA_510206,312206.860,2624329.200,130.0100,0.0000,2.4100,0.1540,-1
KHAPRETA_510206,312216.860,2624329.200,130.0900,0.0000,2.3300,0.1489,-1
KHAPRETA_510206,312219.860,2624329.200,130.1200,0.1722,2.3000,0.1470,-1
KHAPRETA_510206,312220.860,2624329.200,130.1200,0.1719,2.3000,0.1470,-1
KHAPRETA_510206,312223.860,2624329.200,130.2800,0.3387,2.1400,0.1367,-1
KHAPRETA_510206,312224.860,2624329.200,130.3200,0.3391,2.1000,0.1342,-1
KHAPRETA_510206,312238.860,2624329.200,130.3300,0.0000,2.0900,0.1335,-1
KHAPRETA_510206,312251.860,2624329.200,130.6900,0.0000,1.7300,0.1105,-1
KHAPRETA_510206,312253.860,2624329.200,130.7500,0.0000,1.6700,0.1067,-1
KHAPRETA_510206,312271.860,2624329.200,130.8900,0.6119,1.5300,0.0978,-1
KHAPRETA_510206,312276.860,2624329.200,130.8500,0.0000,1.5700,0.1003,-1
KHAPRETA_510206,312279.860,2624329.200,130.8800,0.5519,1.5400,0.0984,-1
KHAPRETA_510206,312281.860,2624329.200,130.8900,0.0000,1.5300,0.0978,-1
KHAPRETA_510206,312283.860,2624329.200,130.9000,0.0000,1.5200,0.0971,-1
KHAPRETA_510206,312286.860,2624329.200,130.9500,0.0000,1.4700,0.0939,-1
KHAPRETA_510206,312288.860,2624329.200,130.9900,0.0000,1.4300,0.0914,-1
KHAPRETA_510206,312290.860,2624329.200,130.9500,0.0000,1.4700,0.0939,-1
KHAPRETA_510206,312299.860,2624329.200,131.0900,0.6919,1.3300,0.0850,-1
KHAPRETA_510206,312306.860,2624329.200,131.4600,0.0000,0.9600,0.0613,-1
KHAPRETA_510206,312309.860,2624329.200,131.6500,0.8419,0.7700,0.0492,-1
KHAPRETA_510206,312310.860,2624329.200,131.4600,1.2530,0.9600,0.0613,-1
KHAPRETA_510206,312323.860,2624329.200,131.8700,1.0869,0.5500,0.0351,-1
KHAPRETA_510206,311917.860,2624330.200,128.2800,0.0000,4.1400,0.2645,-1
KHAPRETA_510206,311920.860,2624330.200,128.1300,0.0000,4.2900,0.2741,-1
KHAPRETA_510206,311922.860,2624330.200,128.1800,0.0000,4.2400,0.2709,-1
KHAPRETA_510206,311924.860,2624330.200,128.1600,0.0000,4.2600,0.2722,-1
KHAPRETA_510206,311926.860,2624330.200,128.1300,0.0250,4.2900,0.2741,-1
KHAPRETA_510206,311935.860,2624330.200,127.9200,0.9931,4.5000,0.2875,-1
KHAPRETA_510206,311937.860,2624330.200,127.7800,0.2350,4.6400,0.2965,-1
KHAPRETA_510206,311939.860,2624330.200,127.3600,0.0000,5.0600,0.3233,-1
KHAPRETA_510206,311944.860,2624330.200,127.3300,1.3181,5.0900,0.3252,-1
KHAPRETA_510206,311951.860,2624330.200,125.9300,1.9031,6.4900,0.4147,-1
KHAPRETA_510206,311953.860,2624330.200,125.7800,2.0131,6.6400,0.4243,-1
KHAPRETA_510206,311954.860,2624330.200,125.7500,1.9981,6.6700,0.4262,-1
KHAPRETA_510206,311957.860,2624330.200,125.7700,2.9364,6.6500,0.4249,-1
KHAPRETA_510206,311958.860,2624330.200,125.5100,2.0458,6.9100,0.4415,-1
KHAPRETA_510206,311959.860,2624330.200,125.5600,2.9990,6.8600,0.4383,-1
KHAPRETA_510206,311974.860,2624330.200,127.6700,1.2581,4.7500,0.3035,-1
KHAPRETA_510206,311976.860,2624330.200,127.5100,0.0000,4.9100,0.3137,-1
KHAPRETA_510206,311979.860,2624330.200,128.3300,0.5981,4.0900,0.2613,-1
KHAPRETA_510206,311982.860,2624330.200,128.9100,0.4750,3.5100,0.2243,-1
KHAPRETA_510206,311984.860,2624330.200,128.6500,0.0000,3.7700,0.2409,-1
KHAPRETA_510206,311987.860,2624330.200,128.8400,1.2471,3.5800,0.2288,-1
KHAPRETA_510206,311988.860,2624330.200,128.4400,1.2507,3.9800,0.2543,-1
KHAPRETA_510206,311989.860,2624330.200,127.4300,1.3355,4.9900,0.3188,-1
KHAPRETA_510206,311990.860,2624330.200,127.2600,1.1731,5.1600,0.3297,-1
KHAPRETA_510206,311992.860,2624330.200,127.2100,0.0000,5.2100,0.3329,-1
KHAPRETA_510206,311999.860,2624330.200,127.3100,1.7194,5.1100,0.3265,-1
KHAPRETA_510206,312000.860,2624330.200,127.3900,1.2331,5.0300,0.3214,-1
KHAPRETA_510206,312002.860,2624330.200,127.6000,0.0000,4.8200,0.3080,-1
KHAPRETA_510206,312006.860,2624330.200,127.5100,1.5464,4.9100,0.3137,-1
KHAPRETA_510206,312007.860,2624330.200,127.6500,1.5848,4.7700,0.3048,-1
KHAPRETA_510206,312009.860,2624330.200,127.9800,0.0550,4.4400,0.2837,-1
KHAPRETA_510206,312017.860,2624330.200,127.6700,1.0931,4.7500,0.3035,-1
KHAPRETA_510206,312019.860,2624330.200,127.4700,0.0000,4.9500,0.3163,-1
KHAPRETA_510206,312024.860,2624330.200,127.9900,0.0000,4.4300,0.2831,-1
KHAPRETA_510206,312028.860,2624330.200,127.6800,0.0000,4.7400,0.3029,-1
KHAPRETA_510206,312030.860,2624330.200,128.4800,0.8881,3.9400,0.2518,-1
KHAPRETA_510206,312032.860,2624330.200,127.6900,1.0231,4.7300,0.3022,-1
KHAPRETA_510206,312034.860,2624330.200,127.7500,0.0000,4.6700,0.2984,-1
KHAPRETA_510206,312044.860,2624330.200,127.5400,0.0000,4.8800,0.3118,-1
KHAPRETA_510206,312046.860,2624330.200,127.5100,0.0000,4.9100,0.3137,-1
KHAPRETA_510206,312048.860,2624330.200,127.4700,0.0000,4.9500,0.3163,-1
KHAPRETA_510206,312054.860,2624330.200,127.5400,1.0331,4.8800,0.3118,-1
KHAPRETA_510206,312056.860,2624330.200,127.8300,0.8731,4.5900,0.2933,-1
KHAPRETA_510206,312060.860,2624330.200,128.0500,0.8731,4.3700,0.2792,-1
KHAPRETA_510206,312065.860,2624330.200,128.5100,0.6635,3.9100,0.2498,-1
KHAPRETA_510206,312066.860,2624330.200,128.4500,0.6331,3.9700,0.2537,-1
KHAPRETA_510206,312069.860,2624330.200,128.5100,0.9167,3.9100,0.2498,-1
KHAPRETA_510206,312070.860,2624330.200,128.5100,0.0050,3.9100,0.2498,-1
KHAPRETA_510206,312071.860,2624330.200,128.5200,0.6331,3.9000,0.2492,-1
KHAPRETA_510206,312074.860,2624330.200,128.4300,0.0000,3.9900,0.2550,-1
KHAPRETA_510206,312087.860,2624330.200,128.6800,0.0000,3.7400,0.2390,-1
KHAPRETA_510206,312089.860,2624330.200,128.8100,0.4381,3.6100,0.2307,-1
KHAPRETA_510206,312099.860,2624330.200,128.7800,0.0000,3.6400,0.2326,-1
KHAPRETA_510206,312103.860,2624330.200,128.9900,0.4131,3.4300,0.2192,-1
KHAPRETA_510206,312109.860,2624330.200,129.0300,0.4931,3.3900,0.2166,-1
KHAPRETA_510206,312111.860,2624330.200,128.7700,0.3581,3.6500,0.2332,-1
KHAPRETA_510206,312114.860,2624330.200,128.8900,0.0000,3.5300,0.2256,-1
KHAPRETA_510206,312117.860,2624330.200,129.2200,0.0000,3.2000,0.2045,-1
KHAPRETA_510206,312122.860,2624330.200,129.2500,0.0000,3.1700,0.2026,-1
KHAPRETA_510206,312133.860,2624330.200,129.2800,0.2331,3.1400,0.2006,-1
KHAPRETA_510206,312139.860,2624330.200,128.9000,0.5077,3.5200,0.2249,-1
KHAPRETA_510206,312140.860,2624330.200,128.9200,0.3782,3.5000,0.2236,-1
KHAPRETA_510206,312141.860,2624330.200,128.9200,0.6018,3.5000,0.2236,-1
KHAPRETA_510206,312147.860,2624330.200,129.1400,0.0000,3.2800,0.2096,-1
KHAPRETA_510206,312153.860,2624330.200,129.8500,0.0000,2.5700,0.1642,-1
KHAPRETA_510206,312159.860,2624330.200,129.8800,0.0947,2.5400,0.1623,-1
KHAPRETA_510206,312160.860,2624330.200,129.9100,0.0808,2.5100,0.1604,-1
KHAPRETA_510206,312162.860,2624330.200,129.8700,0.0219,2.5500,0.1629,-1
KHAPRETA_510206,312168.860,2624330.200,129.9200,0.0000,2.5000,0.1597,-1
KHAPRETA_510206,312181.860,2624330.200,130.0400,0.0000,2.3800,0.1521,-1
KHAPRETA_510206,312199.860,2624330.200,130.1300,0.1796,2.2900,0.1463,-1
KHAPRETA_510206,312200.860,2624330.200,129.8800,0.2094,2.5400,0.1623,-1
KHAPRETA_510206,312202.860,2624330.200,129.9700,0.0000,2.4500,0.1565,-1
KHAPRETA_510206,312205.860,2624330.200,130.0200,0.0000,2.4000,0.1534,-1
KHAPRETA_510206,312208.860,2624330.200,130.0300,0.2237,2.3900,0.1527,-1
KHAPRETA_510206,312209.860,2624330.200,130.0500,0.1269,2.3700,0.1514,-1
KHAPRETA_510206,312214.860,2624330.200,130.1000,0.0000,2.3200,0.1482,-1
KHAPRETA_510206,312219.860,2624330.200,130.1000,0.1719,2.3200,0.1482,-1
KHAPRETA_510206,312225.860,2624330.200,130.3500,0.0000,2.0700,0.1323,-1
KHAPRETA_510206,312230.860,2624330.200,130.2700,0.0000,2.1500,0.1374,-1
KHAPRETA_510206,312234.860,2624330.200,130.2900,0.0000,2.1300,0.1361,-1
KHAPRETA_510206,312241.860,2624330.200,130.3900,0.3219,2.0300,0.1297,-1
KHAPRETA_510206,312242.860,2624330.200,130.4200,0.0300,2.0000,0.1278,-1
KHAPRETA_510206,312243.860,2624330.200,130.4500,0.3219,1.9700,0.1259,-1
KHAPRETA_510206,312257.860,2624330.200,130.9300,0.5519,1.4900,0.0952,-1
KHAPRETA_510206,312260.860,2624330.200,130.8800,0.5819,1.5400,0.0984,-1
KHAPRETA_510206,312271.860,2624330.200,131.0000,0.5569,1.4200,0.0907,-1
KHAPRETA_510206,312273.860,2624330.200,130.8600,0.0000,1.5600,0.0997,-1
KHAPRETA_510206,312275.860,2624330.200,130.8500,0.0000,1.5700,0.1003,-1
KHAPRETA_510206,312279.860,2624330.200,130.8800,0.5519,1.5400,0.0984,-1
KHAPRETA_510206,312287.860,2624330.200,130.9300,0.0000,1.4900,0.0952,-1
KHAPRETA_510206,312293.860,2624330.200,131.0200,0.0000,1.4000,0.0895,-1
KHAPRETA_510206,312297.860,2624330.200,131.0900,0.0000,1.3300,0.0850,-1
KHAPRETA_510206,312299.860,2624330.200,131.1600,0.6569,1.2600,0.0805,-1
KHAPRETA_510206,312305.860,2624330.200,131.4400,0.0000,0.9800,0.0626,-1
KHAPRETA_510206,312310.860,2624330.200,131.4400,0.8419,0.9800,0.0626,-1
KHAPRETA_510206,312322.860,2624330.200,131.9000,1.0869,0.5200,0.0332,-1
KHAPRETA_510206,312323.860,2624330.200,131.9500,1.0484,0.4700,0.0300,-1
KHAPRETA_510206,312324.860,2624330.200,132.0100,1.0869,0.4100,0.0262,-1
KHAPRETA_510206,311918.860,2624331.200,128.2500,1.1431,4.1700,0.2665,-1
KHAPRETA_510206,311919.860,2624331.200,128.1200,0.7631,4.3000,0.2748,-1
KHAPRETA_510206,311921.860,2624331.200,128.2200,0.0000,4.2000,0.2684,-1
KHAPRETA_510206,311926.860,2624331.200,128.1800,0.8231,4.2400,0.2709,-1
KHAPRETA_510206,311935.860,2624331.200,127.7900,1.4074,4.6300,0.2958,-1
KHAPRETA_510206,311936.860,2624331.200,127.6600,1.0314,4.7600,0.3042,-1
KHAPRETA_510206,311937.860,2624331.200,127.3100,0.3603,5.1100,0.3265,-1
KHAPRETA_510206,311938.860,2624331.200,127.3100,1.2331,5.1100,0.3265,-1
KHAPRETA_510206,311943.860,2624331.200,127.3900,1.3781,5.0300,0.3214,-1
KHAPRETA_510206,311946.860,2624331.200,127.8400,1.3981,4.5800,0.2927,-1
KHAPRETA_510206,311950.860,2624331.200,126.1100,1.9031,6.3100,0.4032,-1
KHAPRETA_510206,311951.860,2624331.200,125.9700,1.9249,6.4500,0.4121,-1
KHAPRETA_510206,311952.860,2624331.200,125.9400,1.9031,6.4800,0.4141,-1
KHAPRETA_510206,311973.860,2624331.200,127.4400,1.8366,4.9800,0.3182,-1
KHAPRETA_510206,311974.860,2624331.200,127.2600,1.5727,5.1600,0.3297,-1
KHAPRETA_510206,311977.860,2624331.200,128.7900,0.7731,3.6300,0.2319,-1
KHAPRETA_510206,311979.860,2624331.200,128.5800,0.7231,3.8400,0.2454,-1
KHAPRETA_510206,311982.860,2624331.200,127.8200,0.8470,4.6000,0.2939,-1
KHAPRETA_510206,311983.860,2624331.200,128.1300,0.9781,4.2900,0.2741,-1
KHAPRETA_510206,311986.860,2624331.200,129.0900,0.0000,3.3300,0.2128,-1
KHAPRETA_510206,311993.860,2624331.200,127.2200,0.0000,5.2000,0.3323,-1
KHAPRETA_510206,311996.860,2624331.200,127.2700,1.7721,5.1500,0.3291,-1
KHAPRETA_510206,311997.860,2624331.200,127.2700,1.2531,5.1500,0.3291,-1
KHAPRETA_510206,312001.860,2624331.200,127.3000,0.0000,5.1200,0.3272,-1
KHAPRETA_510206,312007.860,2624331.200,127.5600,0.0800,4.8600,0.3105,-1
KHAPRETA_510206,312009.860,2624331.200,127.9200,0.1100,4.5000,0.2875,-1
KHAPRETA_510206,312017.860,2624331.200,127.5900,1.0531,4.8300,0.3086,-1
KHAPRETA_510206,312023.860,2624331.200,127.4800,0.0000,4.9400,0.3157,-1
KHAPRETA_510206,312029.860,2624331.200,127.5900,1.4045,4.8300,0.3086,-1
KHAPRETA_510206,312030.860,2624331.200,128.0000,1.2707,4.4200,0.2824,-1
KHAPRETA_510206,312032.860,2624331.200,127.7300,1.0431,4.6900,0.2997,-1
KHAPRETA_510206,312035.860,2624331.200,127.5400,0.0000,4.8800,0.3118,-1
KHAPRETA_510206,312038.860,2624331.200,127.5900,1.0981,4.8300,0.3086,-1
KHAPRETA_510206,312041.860,2624331.200,127.4800,0.0000,4.9400,0.3157,-1
KHAPRETA_510206,312045.860,2624331.200,127.4400,0.0000,4.9800,0.3182,-1
KHAPRETA_510206,312050.860,2624331.200,127.4200,0.0000,5.0000,0.3195,-1
KHAPRETA_510206,312052.860,2624331.200,127.4600,1.1981,4.9600,0.3169,-1
KHAPRETA_510206,312054.860,2624331.200,127.7100,0.1650,4.7100,0.3010,-1
KHAPRETA_510206,312056.860,2624331.200,128.0300,0.9731,4.3900,0.2805,-1
KHAPRETA_510206,312058.860,2624331.200,127.9100,0.0000,4.5100,0.2882,-1
KHAPRETA_510206,312060.860,2624331.200,128.0300,1.1721,4.3900,0.2805,-1
KHAPRETA_510206,312061.860,2624331.200,128.1900,0.8731,4.2300,0.2703,-1
KHAPRETA_510206,312065.860,2624331.200,128.4200,0.6331,4.0000,0.2556,-1
KHAPRETA_510206,312068.860,2624331.200,128.4400,0.0000,3.9800,0.2543,-1
KHAPRETA_510206,312078.860,2624331.200,128.5500,0.5781,3.8700,0.2473,-1
KHAPRETA_510206,312079.860,2624331.200,128.6200,0.6131,3.8000,0.2428,-1
KHAPRETA_510206,312083.860,2624331.200,128.5400,0.6131,3.8800,0.2479,-1
KHAPRETA_510206,312088.860,2624331.200,128.7900,0.4381,3.6300,0.2319,-1
KHAPRETA_510206,312089.860,2624331.200,128.9000,0.4832,3.5200,0.2249,-1
KHAPRETA_510206,312090.860,2624331.200,128.7700,0.4381,3.6500,0.2332,-1
KHAPRETA_510206,312092.860,2624331.200,128.7600,0.0000,3.6600,0.2339,-1
KHAPRETA_510206,312095.860,2624331.200,128.8300,0.0000,3.5900,0.2294,-1
KHAPRETA_510206,312100.860,2624331.200,128.6700,0.0000,3.7500,0.2396,-1
KHAPRETA_510206,312102.860,2624331.200,128.9300,0.0000,3.4900,0.2230,-1
KHAPRETA_510206,312106.860,2624331.200,128.9600,0.0000,3.4600,0.2211,-1
KHAPRETA_510206,312109.860,2624331.200,128.7900,0.1350,3.6300,0.2319,-1
KHAPRETA_510206,312113.860,2624331.200,129.2100,0.0000,3.2100,0.2051,-1
KHAPRETA_510206,312120.860,2624331.200,129.1900,0.3081,3.2300,0.2064,-1
KHAPRETA_510206,312121.860,2624331.200,129.1600,0.2931,3.2600,0.2083,-1
KHAPRETA_510206,312123.860,2624331.200,129.6100,0.2681,2.8100,0.1796,-1
KHAPRETA_510206,312125.860,2624331.200,129.2600,0.0000,3.1600,0.2019,-1
KHAPRETA_510206,312133.860,2624331.200,129.3100,0.2481,3.1100,0.1987,-1
KHAPRETA_510206,312137.860,2624331.200,128.9400,0.4331,3.4800,0.2224,-1
KHAPRETA_510206,312140.860,2624331.200,129.0200,0.0350,3.4000,0.2173,-1
KHAPRETA_510206,312143.860,2624331.200,128.9800,0.3681,3.4400,0.2198,-1
KHAPRETA_510206,312145.860,2624331.200,129.0100,0.0000,3.4100,0.2179,-1
KHAPRETA_510206,312150.860,2624331.200,129.8000,0.0269,2.6200,0.1674,-1
KHAPRETA_510206,312152.860,2624331.200,129.8600,0.0000,2.5600,0.1636,-1
KHAPRETA_510206,312160.860,2624331.200,129.9000,0.1020,2.5200,0.1610,-1
KHAPRETA_510206,312161.860,2624331.200,129.9300,0.0400,2.4900,0.1591,-1
KHAPRETA_510206,312162.860,2624331.200,129.8200,0.0826,2.6000,0.1661,-1
KHAPRETA_510206,312172.860,2624331.200,129.9600,0.0000,2.4600,0.1572,-1
KHAPRETA_510206,312174.860,2624331.200,130.0300,0.0000,2.3900,0.1527,-1
KHAPRETA_510206,312180.860,2624331.200,130.0900,0.1769,2.3300,0.1489,-1
KHAPRETA_510206,312186.860,2624331.200,130.1500,0.2019,2.2700,0.1450,-1
KHAPRETA_510206,312188.860,2624331.200,130.1600,0.0000,2.2600,0.1444,-1
KHAPRETA_510206,312190.860,2624331.200,130.2000,0.0000,2.2200,0.1419,-1
KHAPRETA_510206,312203.860,2624331.200,130.0300,0.1519,2.3900,0.1527,-1
KHAPRETA_510206,312207.860,2624331.200,130.0400,0.1769,2.3800,0.1521,-1
KHAPRETA_510206,312208.860,2624331.200,130.1300,0.1831,2.2900,0.1463,-1
KHAPRETA_510206,312232.860,2624331.200,130.2800,0.0000,2.1400,0.1367,-1
KHAPRETA_510206,312236.860,2624331.200,130.3100,0.2519,2.1100,0.1348,-1
KHAPRETA_510206,312245.860,2624331.200,130.5100,0.0000,1.9100,0.1220,-1
KHAPRETA_510206,312251.860,2624331.200,130.7900,0.0000,1.6300,0.1042,-1
KHAPRETA_510206,312257.860,2624331.200,130.8800,0.5769,1.5400,0.0984,-1
KHAPRETA_510206,312260.860,2624331.200,130.9400,0.5519,1.4800,0.0946,-1
KHAPRETA_510206,312262.860,2624331.200,131.0300,0.6369,1.3900,0.0888,-1
KHAPRETA_510206,312263.860,2624331.200,131.0500,0.9045,1.3700,0.0875,-1
KHAPRETA_510206,312269.860,2624331.200,131.0700,0.0000,1.3500,0.0863,-1
KHAPRETA_510206,312276.860,2624331.200,130.9000,0.5619,1.5200,0.0971,-1
KHAPRETA_510206,312277.860,2624331.200,130.9000,0.5619,1.5200,0.0971,-1
KHAPRETA_510206,312282.860,2624331.200,130.9300,0.0000,1.4900,0.0952,-1
KHAPRETA_510206,312284.860,2624331.200,130.9200,0.0000,1.5000,0.0958,-1
KHAPRETA_510206,312291.860,2624331.200,131.0100,0.0000,1.4100,0.0901,-1
KHAPRETA_510206,312296.860,2624331.200,131.0800,0.0000,1.3400,0.0856,-1
KHAPRETA_510206,312300.860,2624331.200,131.4400,0.8069,0.9800,0.0626,-1
KHAPRETA_510206,312301.860,2624331.200,131.3900,0.8319,1.0300,0.0658,-1
KHAPRETA_510206,312303.860,2624331.200,131.4200,0.0000,1.0000,0.0639,-1
KHAPRETA_510206,312306.860,2624331.200,131.4200,0.8269,1.0000,0.0639,-1
KHAPRETA_510206,312307.860,2624331.200,131.4300,0.0150,0.9900,0.0633,-1
KHAPRETA_510206,312308.860,2624331.200,131.4500,0.8269,0.9700,0.0620,-1
KHAPRETA_510206,312319.860,2624331.200,132.1700,1.1969,0.2500,0.0160,-1
KHAPRETA_510206,312320.860,2624331.200,132.1700,1.1969,0.2500,0.0160,-1
KHAPRETA_510206,312325.860,2624331.200,132.0500,0.0000,0.3700,0.0236,-1
KHAPRETA_510206,311911.860,2624332.200,128.1800,0.7831,4.2400,0.2709,-1
KHAPRETA_510206,311912.860,2624332.200,128.2100,0.7981,4.2100,0.2690,-1
KHAPRETA_510206,311918.860,2624332.200,128.2000,0.7631,4.2200,0.2696,-1
KHAPRETA_510206,311920.860,2624332.200,128.2300,0.7781,4.1900,0.2677,-1
KHAPRETA_510206,311927.860,2624332.200,128.1000,0.0000,4.3200,0.2760,-1
KHAPRETA_510206,311932.860,2624332.200,128.2500,0.0000,4.1700,0.2665,-1
KHAPRETA_510206,311936.860,2624332.200,127.7700,1.3134,4.6500,0.2971,-1
KHAPRETA_510206,311937.860,2624332.200,127.1500,1.5895,5.2700,0.3367,-1
KHAPRETA_510206,311943.860,2624332.200,127.0200,1.1931,5.4000,0.3450,-1
KHAPRETA_510206,311945.860,2624332.200,127.7200,1.3981,4.7000,0.3003,-1
KHAPRETA_510206,311946.860,2624332.200,126.9800,1.4121,5.4400,0.3476,-1
KHAPRETA_510206,311954.860,2624332.200,125.7500,0.0000,6.6700,0.4262,-1
KHAPRETA_510206,311973.860,2624332.200,127.1000,0.1700,5.3200,0.3399,-1
KHAPRETA_510206,311976.860,2624332.200,127.7100,0.7731,4.7100,0.3010,-1
KHAPRETA_510206,311977.860,2624332.200,128.2300,0.4931,4.1900,0.2677,-1
KHAPRETA_510206,311978.860,2624332.200,127.7000,0.7731,4.7200,0.3016,-1
KHAPRETA_510206,311980.860,2624332.200,128.1200,1.1780,4.3000,0.2748,-1
KHAPRETA_510206,311981.860,2624332.200,127.9400,0.1950,4.4800,0.2863,-1
KHAPRETA_510206,311982.860,2624332.200,128.5100,1.3414,3.9100,0.2498,-1
KHAPRETA_510206,311984.860,2624332.200,128.7100,0.0000,3.7100,0.2371,-1
KHAPRETA_510206,311992.860,2624332.200,127.2500,1.2581,5.1700,0.3304,-1
KHAPRETA_510206,311996.860,2624332.200,127.2700,1.2531,5.1500,0.3291,-1
KHAPRETA_510206,311999.860,2624332.200,127.2900,1.2081,5.1300,0.3278,-1
KHAPRETA_510206,312003.860,2624332.200,127.5900,0.0000,4.8300,0.3086,-1
KHAPRETA_510206,312006.860,2624332.200,127.6100,1.1431,4.8100,0.3073,-1
KHAPRETA_510206,312007.860,2624332.200,127.4900,1.0831,4.9300,0.3150,-1
KHAPRETA_510206,312009.860,2624332.200,127.7600,0.9281,4.6600,0.2978,-1
KHAPRETA_510206,312011.860,2624332.200,127.9900,1.2525,4.4300,0.2831,-1
KHAPRETA_510206,312012.860,2624332.200,127.9800,0.0400,4.4400,0.2837,-1
KHAPRETA_510206,312013.860,2624332.200,127.9100,1.2843,4.5100,0.2882,-1
KHAPRETA_510206,312016.860,2624332.200,127.4600,0.0000,4.9600,0.3169,-1
KHAPRETA_510206,312018.860,2624332.200,127.6500,0.0000,4.7700,0.3048,-1
KHAPRETA_510206,312022.860,2624332.200,127.5000,0.0000,4.9200,0.3144,-1
KHAPRETA_510206,312026.860,2624332.200,127.7600,0.0000,4.6600,0.2978,-1
KHAPRETA_510206,312029.860,2624332.200,127.6000,1.0931,4.8200,0.3080,-1
KHAPRETA_510206,312031.860,2624332.200,127.5700,1.0731,4.8500,0.3099,-1
KHAPRETA_510206,312034.860,2624332.200,128.1900,0.0000,4.2300,0.2703,-1
KHAPRETA_510206,312038.860,2624332.200,127.5800,1.5178,4.8400,0.3093,-1
KHAPRETA_510206,312039.860,2624332.200,127.6700,1.0981,4.7500,0.3035,-1
KHAPRETA_510206,312046.860,2624332.200,127.6600,1.1181,4.7600,0.3042,-1
KHAPRETA_510206,312048.860,2624332.200,127.4600,0.0000,4.9600,0.3169,-1
KHAPRETA_510206,312052.860,2624332.200,127.3800,1.5993,5.0400,0.3220,-1
KHAPRETA_510206,312053.860,2624332.200,127.5700,0.2450,4.8500,0.3099,-1
KHAPRETA_510206,312054.860,2624332.200,127.8700,1.5113,4.5500,0.2907,-1
KHAPRETA_510206,312083.860,2624332.200,128.5500,0.6181,3.8700,0.2473,-1
KHAPRETA_510206,312087.860,2624332.200,128.9100,0.0000,3.5100,0.2243,-1
KHAPRETA_510206,312109.860,2624332.200,128.7600,0.1050,3.6600,0.2339,-1
KHAPRETA_510206,312111.860,2624332.200,129.1800,0.3081,3.2400,0.2070,-1
KHAPRETA_510206,312112.860,2624332.200,129.1600,0.2981,3.2600,0.2083,-1
KHAPRETA_510206,312123.860,2624332.200,129.2400,0.0831,3.1800,0.2032,-1
KHAPRETA_510206,312128.860,2624332.200,129.3100,0.0000,3.1100,0.1987,-1
KHAPRETA_510206,312132.860,2624332.200,129.0900,0.0000,3.3300,0.2128,-1
KHAPRETA_510206,312134.860,2624332.200,129.0400,0.0000,3.3800,0.2160,-1
KHAPRETA_510206,312137.860,2624332.200,128.9100,0.4181,3.5100,0.2243,-1
KHAPRETA_510206,312140.860,2624332.200,128.9900,0.5526,3.4300,0.2192,-1
KHAPRETA_510206,312141.860,2624332.200,128.9700,0.3931,3.4500,0.2204,-1
KHAPRETA_510206,312143.860,2624332.200,129.0400,0.3981,3.3800,0.2160,-1
KHAPRETA_510206,312146.860,2624332.200,129.0600,0.0000,3.3600,0.2147,-1
KHAPRETA_510206,312148.860,2624332.200,129.0500,0.0000,3.3700,0.2153,-1
KHAPRETA_510206,312150.860,2624332.200,129.8300,0.0529,2.5900,0.1655,-1
KHAPRETA_510206,312151.860,2624332.200,129.8800,0.0269,2.5400,0.1623,-1
KHAPRETA_510206,312158.860,2624332.200,129.9400,0.0000,2.4800,0.1585,-1
KHAPRETA_510206,312162.860,2624332.200,129.9300,0.0994,2.4900,0.1591,-1
KHAPRETA_510206,312163.860,2624332.200,129.9700,0.0383,2.4500,0.1565,-1
KHAPRETA_510206,312164.860,2624332.200,129.9500,0.1077,2.4700,0.1578,-1
KHAPRETA_510206,312171.860,2624332.200,129.9300,0.0000,2.4900,0.1591,-1
KHAPRETA_510206,312173.860,2624332.200,130.0500,0.0000,2.3700,0.1514,-1
KHAPRETA_510206,312175.860,2624332.200,130.1000,0.1569,2.3200,0.1482,-1
KHAPRETA_510206,312180.860,2624332.200,130.1300,0.0250,2.2900,0.1463,-1
KHAPRETA_510206,312186.860,2624332.200,130.1800,0.2789,2.2400,0.1431,-1
KHAPRETA_510206,312187.860,2624332.200,130.1900,0.2019,2.2300,0.1425,-1
KHAPRETA_510206,312191.860,2624332.200,130.1600,0.2369,2.2600,0.1444,-1
KHAPRETA_510206,312203.860,2624332.200,130.0800,0.1719,2.3400,0.1495,-1
KHAPRETA_510206,312204.860,2624332.200,130.1200,0.1519,2.3000,0.1470,-1
KHAPRETA_510206,312206.860,2624332.200,130.1000,0.1369,2.3200,0.1482,-1
KHAPRETA_510206,312210.860,2624332.200,130.0900,0.0000,2.3300,0.1489,-1
KHAPRETA_510206,312218.860,2624332.200,130.1000,0.0000,2.3200,0.1482,-1
KHAPRETA_510206,312225.860,2624332.200,130.3800,0.0000,2.0400,0.1304,-1
KHAPRETA_510206,312229.860,2624332.200,130.4300,0.0000,1.9900,0.1272,-1
KHAPRETA_510206,312235.860,2624332.200,130.3600,0.2519,2.0600,0.1316,-1
KHAPRETA_510206,312236.860,2624332.200,130.2800,0.0255,2.1400,0.1367,-1
KHAPRETA_510206,312237.860,2624332.200,130.3100,0.3598,2.1100,0.1348,-1
KHAPRETA_510206,312239.860,2624332.200,130.3600,0.0000,2.0600,0.1316,-1
KHAPRETA_510206,312247.860,2624332.200,130.8500,0.0000,1.5700,0.1003,-1
KHAPRETA_510206,312253.860,2624332.200,130.8300,0.5069,1.5900,0.1016,-1
KHAPRETA_510206,312254.860,2624332.200,130.7900,0.5269,1.6300,0.1042,-1
KHAPRETA_510206,312263.860,2624332.200,131.0800,0.8628,1.3400,0.0856,-1
KHAPRETA_510206,312264.860,2624332.200,130.9400,0.0200,1.4800,0.0946,-1
KHAPRETA_510206,312265.860,2624332.200,131.0400,0.5819,1.3800,0.0882,-1
KHAPRETA_510206,312272.860,2624332.200,130.8900,0.0000,1.5300,0.0978,-1
KHAPRETA_510206,312280.860,2624332.200,130.8900,0.5819,1.5300,0.0978,-1
KHAPRETA_510206,312281.860,2624332.200,130.9400,0.8019,1.4800,0.0946,-1
KHAPRETA_510206,312290.860,2624332.200,130.9900,0.0000,1.4300,0.0914,-1
KHAPRETA_510206,312294.860,2624332.200,131.0600,0.6519,1.3600,0.0869,-1
KHAPRETA_510206,312295.860,2624332.200,131.0800,0.6419,1.3400,0.0856,-1
KHAPRETA_510206,312297.860,2624332.200,131.4200,0.0000,1.0000,0.0639,-1
KHAPRETA_510206,312305.860,2624332.200,131.4800,0.0000,0.9400,0.0601,-1
KHAPRETA_510206,312311.860,2624332.200,131.6000,0.0000,0.8200,0.0524,-1
KHAPRETA_510206,311916.860,2624333.200,128.2100,0.7931,4.2100,0.2690,-1
KHAPRETA_510206,311920.860,2624333.200,128.2200,1.0897,4.2000,0.2684,-1
KHAPRETA_510206,311921.860,2624333.200,128.2400,0.7781,4.1800,0.2671,-1
KHAPRETA_510206,311924.860,2624333.200,128.2500,0.0000,4.1700,0.2665,-1
KHAPRETA_510206,311926.860,2624333.200,128.1000,0.8081,4.3200,0.2760,-1
KHAPRETA_510206,311931.860,2624333.200,128.2700,0.0000,4.1500,0.2652,-1
KHAPRETA_510206,311934.860,2624333.200,128.0500,0.9781,4.3700,0.2792,-1
KHAPRETA_510206,311936.860,2624333.200,127.7200,1.0031,4.7000,0.3003,-1
KHAPRETA_510206,311939.860,2624333.200,127.2900,1.2631,5.1300,0.3278,-1
KHAPRETA_510206,311950.860,2624333.200,126.0200,1.9331,6.4000,0.4089,-1
KHAPRETA_510206,311952.860,2624333.200,125.7400,2.0731,6.6800,0.4268,-1
KHAPRETA_510206,311953.860,2624333.200,125.6300,2.9183,6.7900,0.4339,-1
KHAPRETA_510206,311959.860,2624333.200,125.4500,2.1731,6.9700,0.4454,-1
KHAPRETA_510206,311973.860,2624333.200,127.7800,1.3205,4.6400,0.2965,-1
KHAPRETA_510206,311974.860,2624333.200,127.1400,0.9981,5.2800,0.3374,-1
KHAPRETA_510206,311979.860,2624333.200,127.9100,0.7381,4.5100,0.2882,-1
KHAPRETA_510206,311980.860,2624333.200,128.3000,1.2475,4.1200,0.2633,-1
KHAPRETA_510206,311989.860,2624333.200,128.8300,0.0000,3.5900,0.2294,-1
KHAPRETA_510206,311992.860,2624333.200,127.2600,1.2631,5.1600,0.3297,-1
KHAPRETA_510206,311999.860,2624333.200,127.3600,1.2431,5.0600,0.3233,-1
KHAPRETA_510206,312007.860,2624333.200,127.5600,0.0500,4.8600,0.3105,-1
KHAPRETA_510206,312011.860,2624333.200,128.0300,0.8931,4.3900,0.2805,-1
KHAPRETA_510206,312013.860,2624333.200,127.9400,1.3409,4.4800,0.2863,-1
KHAPRETA_510206,312014.860,2624333.200,127.8500,0.9181,4.5700,0.2920,-1
KHAPRETA_510206,312025.860,2624333.200,127.8400,1.1181,4.5800,0.2927,-1
KHAPRETA_510206,312031.860,2624333.200,127.6300,1.1031,4.7900,0.3061,-1
KHAPRETA_510206,312035.860,2624333.200,127.6300,0.0000,4.7900,0.3061,-1
KHAPRETA_510206,312044.860,2624333.200,127.6100,1.6696,4.8100,0.3073,-1
KHAPRETA_510206,312045.860,2624333.200,127.4100,0.0350,5.0100,0.3201,-1
KHAPRETA_510206,312046.860,2624333.200,127.5400,1.1896,4.8800,0.3118,-1
KHAPRETA_510206,312051.860,2624333.200,127.5100,0.0000,4.9100,0.3137,-1
KHAPRETA_510206,312062.860,2624333.200,127.9700,0.0000,4.4500,0.2843,-1
KHAPRETA_510206,312068.860,2624333.200,128.4900,0.0000,3.9300,0.2511,-1
KHAPRETA_510206,312073.860,2624333.200,128.4700,0.0000,3.9500,0.2524,-1
KHAPRETA_510206,312075.860,2624333.200,128.4500,0.0000,3.9700,0.2537,-1
KHAPRETA_510206,312086.860,2624333.200,128.8300,0.0000,3.5900,0.2294,-1
KHAPRETA_510206,312091.860,2624333.200,128.7900,0.0000,3.6300,0.2319,-1
KHAPRETA_510206,312094.860,2624333.200,128.7900,0.0000,3.6300,0.2319,-1
KHAPRETA_510206,312102.860,2624333.200,128.9000,0.0000,3.5200,0.2249,-1
KHAPRETA_510206,312106.860,2624333.200,128.8800,0.0000,3.5400,0.2262,-1
KHAPRETA_510206,312109.860,2624333.200,129.0000,0.5081,3.4200,0.2185,-1
KHAPRETA_510206,312114.860,2624333.200,129.2200,0.3131,3.2000,0.2045,-1
KHAPRETA_510206,312117.860,2624333.200,129.1800,0.2531,3.2400,0.2070,-1
KHAPRETA_510206,312118.860,2624333.200,129.2700,0.0550,3.1500,0.2013,-1
KHAPRETA_510206,312119.860,2624333.200,129.2900,0.2531,3.1300,0.2000,-1
KHAPRETA_510206,312122.860,2624333.200,129.2700,0.0000,3.1500,0.2013,-1
KHAPRETA_510206,312131.860,2624333.200,129.0400,0.4431,3.3800,0.2160,-1
KHAPRETA_510206,312133.860,2624333.200,128.9400,0.0000,3.4800,0.2224,-1
KHAPRETA_510206,312138.860,2624333.200,128.9300,0.4131,3.4900,0.2230,-1
KHAPRETA_510206,312139.860,2624333.200,128.9500,0.4231,3.4700,0.2217,-1
KHAPRETA_510206,312142.860,2624333.200,128.9700,0.0000,3.4500,0.2204,-1
KHAPRETA_510206,312150.860,2624333.200,129.7800,0.0269,2.6400,0.1687,-1
KHAPRETA_510206,312152.860,2624333.200,129.8800,0.0269,2.5400,0.1623,-1
KHAPRETA_510206,312153.860,2624333.200,129.8300,0.0928,2.5900,0.1655,-1
KHAPRETA_510206,312161.860,2624333.200,129.8700,0.0000,2.5500,0.1629,-1
KHAPRETA_510206,312163.860,2624333.200,129.8500,0.1077,2.5700,0.1642,-1
KHAPRETA_510206,312164.860,2624333.200,129.8700,0.0945,2.5500,0.1629,-1
KHAPRETA_510206,312168.860,2624333.200,129.9500,0.0000,2.4700,0.1578,-1
KHAPRETA_510206,312175.860,2624333.200,130.0900,0.0050,2.3300,0.1489,-1
KHAPRETA_510206,312180.860,2624333.200,130.1400,0.1769,2.2800,0.1457,-1
KHAPRETA_510206,312190.860,2624333.200,130.1900,0.3049,2.2300,0.1425,-1
KHAPRETA_510206,312191.860,2624333.200,130.2500,0.2118,2.1700,0.1387,-1
KHAPRETA_510206,312194.860,2624333.200,130.1800,0.0000,2.2400,0.1431,-1
KHAPRETA_510206,312196.860,2624333.200,130.1300,0.2319,2.2900,0.1463,-1
KHAPRETA_510206,312197.860,2624333.200,130.2400,0.1769,2.1800,0.1393,-1
KHAPRETA_510206,312203.860,2624333.200,130.0300,0.1519,2.3900,0.1527,-1
KHAPRETA_510206,312206.860,2624333.200,130.0500,0.2153,2.3700,0.1514,-1
KHAPRETA_510206,312207.860,2624333.200,130.0600,0.1477,2.3600,0.1508,-1
KHAPRETA_510206,312208.860,2624333.200,130.0800,0.1419,2.3400,0.1495,-1
KHAPRETA_510206,312212.860,2624333.200,130.0700,0.0000,2.3500,0.1502,-1
KHAPRETA_510206,312227.860,2624333.200,130.4000,0.0000,2.0200,0.1291,-1
KHAPRETA_510206,312236.860,2624333.200,130.3000,0.3598,2.1200,0.1355,-1
KHAPRETA_510206,312237.860,2624333.200,130.2900,0.3740,2.1300,0.1361,-1
KHAPRETA_510206,312240.860,2624333.200,130.4200,0.3069,2.0000,0.1278,-1
KHAPRETA_510206,312242.860,2624333.200,130.4000,0.3419,2.0200,0.1291,-1
KHAPRETA_510206,312243.860,2624333.200,130.4600,0.3119,1.9600,0.1252,-1
KHAPRETA_510206,312246.860,2624333.200,130.6000,0.0000,1.8200,0.1163,-1
KHAPRETA_510206,312249.860,2624333.200,130.8400,0.0000,1.5800,0.1010,-1
KHAPRETA_510206,312252.860,2624333.200,130.8000,0.5569,1.6200,0.1035,-1
KHAPRETA_510206,312256.860,2624333.200,130.7500,0.5569,1.6700,0.1067,-1
KHAPRETA_510206,312268.860,2624333.200,131.0000,0.0000,1.4200,0.0907,-1
KHAPRETA_510206,312271.860,2624333.200,130.9100,0.0000,1.5100,0.0965,-1
KHAPRETA_510206,312273.860,2624333.200,130.8500,0.0000,1.5700,0.1003,-1
KHAPRETA_510206,312279.860,2624333.200,130.9200,0.0000,1.5000,0.0958,-1
KHAPRETA_510206,312281.860,2624333.200,130.9300,0.8230,1.4900,0.0952,-1
KHAPRETA_510206,312282.860,2624333.200,130.9400,0.8230,1.4800,0.0946,-1
KHAPRETA_510206,312284.860,2624333.200,130.9700,0.0000,1.4500,0.0927,-1
KHAPRETA_510206,312288.860,2624333.200,131.0000,0.6119,1.4200,0.0907,-1
KHAPRETA_510206,312292.860,2624333.200,131.0800,0.6419,1.3400,0.0856,-1
KHAPRETA_510206,312293.860,2624333.200,131.0600,0.6519,1.3600,0.0869,-1
KHAPRETA_510206,312302.860,2624333.200,131.4800,0.8619,0.9400,0.0601,-1
KHAPRETA_510206,312303.860,2624333.200,131.5000,0.8519,0.9200,0.0588,-1
KHAPRETA_510206,312309.860,2624333.200,131.4700,0.0000,0.9500,0.0607,-1
KHAPRETA_510206,312443.860,2624333.200,132.3600,0.0000,0.0600,0.0038,-1
KHAPRETA_510206,311915.860,2624334.200,128.2000,0.7931,4.2200,0.2696,-1
KHAPRETA_510206,311916.860,2624334.200,128.1900,1.1110,4.2300,0.2703,-1
KHAPRETA_510206,311918.860,2624334.200,128.2100,0.0000,4.2100,0.2690,-1
KHAPRETA_510206,311926.860,2624334.200,128.1600,0.8381,4.2600,0.2722,-1
KHAPRETA_510206,311932.860,2624334.200,128.3200,0.8131,4.1000,0.2620,-1
KHAPRETA_510206,311933.860,2624334.200,128.1500,0.2500,4.2700,0.2728,-1
KHAPRETA_510206,311934.860,2624334.200,127.8200,1.1857,4.6000,0.2939,-1
KHAPRETA_510206,311939.860,2624334.200,127.2500,1.2431,5.1700,0.3304,-1
KHAPRETA_510206,311942.860,2624334.200,126.9400,1.4781,5.4800,0.3502,-1
KHAPRETA_510206,311943.860,2624334.200,126.8200,2.0519,5.6000,0.3578,-1
KHAPRETA_510206,311947.860,2624334.200,126.4000,0.0000,6.0200,0.3847,-1
KHAPRETA_510206,311950.860,2624334.200,125.9100,1.8781,6.5100,0.4160,-1
KHAPRETA_510206,311953.860,2624334.200,125.5600,2.0731,6.8600,0.4383,-1
KHAPRETA_510206,311959.860,2624334.200,125.4300,3.0946,6.9900,0.4466,-1
KHAPRETA_510206,311960.860,2624334.200,125.3500,2.1731,7.0700,0.4518,-1
KHAPRETA_510206,311973.860,2624334.200,127.2600,0.9981,5.1600,0.3297,-1
KHAPRETA_510206,311976.860,2624334.200,127.1800,1.1881,5.2400,0.3348,-1
KHAPRETA_510206,311977.860,2624334.200,127.4000,0.1300,5.0200,0.3208,-1
KHAPRETA_510206,311978.860,2624334.200,127.4400,1.6837,4.9800,0.3182,-1
KHAPRETA_510206,311981.860,2624334.200,128.0700,0.0000,4.3500,0.2780,-1
KHAPRETA_510206,311985.860,2624334.200,128.4700,0.4681,3.9500,0.2524,-1
KHAPRETA_510206,311986.860,2624334.200,128.8400,0.4250,3.5800,0.2288,-1
KHAPRETA_510206,311987.860,2624334.200,129.3200,0.4031,3.1000,0.1981,-1
KHAPRETA_510206,311988.860,2624334.200,128.8300,0.2281,3.5900,0.2294,-1
KHAPRETA_510206,311990.860,2624334.200,127.9500,0.0000,4.4700,0.2856,-1
KHAPRETA_510206,311995.860,2624334.200,127.3300,1.2431,5.0900,0.3252,-1
KHAPRETA_510206,311996.860,2624334.200,127.2900,1.2231,5.1300,0.3278,-1
KHAPRETA_510206,312004.860,2624334.200,127.6200,0.0000,4.8000,0.3067,-1
KHAPRETA_510206,312006.860,2624334.200,127.6400,1.5317,4.7800,0.3054,-1
KHAPRETA_510206,312007.860,2624334.200,127.5900,1.5390,4.8300,0.3086,-1
KHAPRETA_510206,312012.860,2624334.200,128.0300,0.0000,4.3900,0.2805,-1
KHAPRETA_510206,312019.860,2624334.200,127.7800,1.0581,4.6400,0.2965,-1
KHAPRETA_510206,312020.860,2624334.200,127.6600,0.9981,4.7600,0.3042,-1
KHAPRETA_510206,312023.860,2624334.200,127.6000,0.0000,4.8200,0.3080,-1
KHAPRETA_510206,312025.860,2624334.200,127.5400,0.9681,4.8800,0.3118,-1
KHAPRETA_510206,312027.860,2624334.200,127.6600,0.0000,4.7600,0.3042,-1
KHAPRETA_510206,312029.860,2624334.200,127.9100,1.3214,4.5100,0.2882,-1
KHAPRETA_510206,312030.860,2624334.200,127.6400,0.9331,4.7800,0.3054,-1
KHAPRETA_510206,312033.860,2624334.200,127.8500,1.5252,4.5700,0.2920,-1
KHAPRETA_510206,312034.860,2624334.200,127.5600,1.3033,4.8600,0.3105,-1
KHAPRETA_510206,312038.860,2624334.200,127.6600,0.0000,4.7600,0.3042,-1
KHAPRETA_510206,312040.860,2624334.200,127.7900,1.1181,4.6300,0.2958,-1
KHAPRETA_510206,312044.860,2624334.200,127.4200,0.0800,5.0000,0.3195,-1
KHAPRETA_510206,312046.860,2624334.200,127.4100,1.1641,5.0100,0.3201,-1
KHAPRETA_510206,312047.860,2624334.200,127.4500,1.1331,4.9700,0.3176,-1
KHAPRETA_510206,312048.860,2624334.200,127.4200,1.5995,5.0000,0.3195,-1
KHAPRETA_510206,312059.860,2624334.200,128.0100,0.0000,4.4100,0.2818,-1
KHAPRETA_510206,312071.860,2624334.200,128.4900,0.0000,3.9300,0.2511,-1
KHAPRETA_510206,312079.860,2624334.200,128.5500,0.6231,3.8700,0.2473,-1
KHAPRETA_510206,312080.860,2624334.200,128.5300,0.6184,3.8900,0.2486,-1
KHAPRETA_510206,312081.860,2624334.200,128.5900,0.8364,3.8300,0.2447,-1
KHAPRETA_510206,312089.860,2624334.200,128.8100,0.4881,3.6100,0.2307,-1
KHAPRETA_510206,312093.860,2624334.200,128.8400,0.0000,3.5800,0.2288,-1
KHAPRETA_510206,312105.860,2624334.200,129.1200,0.3781,3.3000,0.2109,-1
KHAPRETA_510206,312114.860,2624334.200,129.1500,0.0250,3.2700,0.2089,-1
KHAPRETA_510206,312123.860,2624334.200,129.3000,0.2981,3.1200,0.1994,-1
KHAPRETA_510206,312127.860,2624334.200,128.9400,0.4531,3.4800,0.2224,-1
KHAPRETA_510206,312131.860,2624334.200,128.8900,0.5760,3.5300,0.2256,-1
KHAPRETA_510206,312132.860,2624334.200,128.8900,0.4431,3.5300,0.2256,-1
KHAPRETA_510206,312140.860,2624334.200,129.1100,0.3931,3.3100,0.2115,-1
KHAPRETA_510206,312141.860,2624334.200,128.9900,0.3331,3.4300,0.2192,-1
KHAPRETA_510206,312153.860,2624334.200,129.9300,0.0269,2.4900,0.1591,-1
KHAPRETA_510206,312156.860,2624334.200,129.8500,0.0000,2.5700,0.1642,-1
KHAPRETA_510206,312162.860,2624334.200,129.9900,0.0000,2.4300,0.1553,-1
KHAPRETA_510206,312171.860,2624334.200,129.9900,0.1369,2.4300,0.1553,-1
KHAPRETA_510206,312172.860,2624334.200,130.0500,0.1069,2.3700,0.1514,-1
KHAPRETA_510206,312175.860,2624334.200,130.1100,0.1569,2.3100,0.1476,-1
KHAPRETA_510206,312177.860,2624334.200,130.1100,0.0000,2.3100,0.1476,-1
KHAPRETA_510206,312179.860,2624334.200,130.1200,0.0000,2.3000,0.1470,-1
KHAPRETA_510206,312183.860,2624334.200,130.1200,0.0000,2.3000,0.1470,-1
KHAPRETA_510206,312187.860,2624334.200,130.1100,0.0000,2.3100,0.1476,-1
KHAPRETA_510206,312190.860,2624334.200,130.1600,0.3146,2.2600,0.1444,-1
KHAPRETA_510206,312191.860,2624334.200,130.2500,0.3049,2.1700,0.1387,-1
KHAPRETA_510206,312199.860,2624334.200,129.9900,0.1535,2.4300,0.1553,-1
KHAPRETA_510206,312200.860,2624334.200,130.0800,0.1069,2.3400,0.1495,-1
KHAPRETA_510206,312207.860,2624334.200,130.0700,0.1419,2.3500,0.1502,-1
KHAPRETA_510206,312217.860,2624334.200,130.1500,0.0000,2.2700,0.1450,-1
KHAPRETA_510206,312220.860,2624334.200,130.1900,0.0000,2.2300,0.1425,-1
KHAPRETA_510206,312223.860,2624334.200,130.1100,0.2789,2.3100,0.1476,-1
KHAPRETA_510206,312224.860,2624334.200,130.1900,0.2433,2.2300,0.1425,-1
KHAPRETA_510206,312234.860,2624334.200,130.3400,0.3169,2.0800,0.1329,-1
KHAPRETA_510206,312240.860,2624334.200,130.3900,0.0100,2.0300,0.1297,-1
KHAPRETA_510206,312244.860,2624334.200,130.5200,0.0000,1.9000,0.1214,-1
KHAPRETA_510206,312248.860,2624334.200,130.8900,0.0000,1.5300,0.0978,-1
KHAPRETA_510206,312251.860,2624334.200,130.9000,0.5569,1.5200,0.0971,-1
KHAPRETA_510206,312252.860,2624334.200,130.8900,0.7602,1.5300,0.0978,-1
KHAPRETA_510206,312254.860,2624334.200,130.8900,0.5269,1.5300,0.0978,-1
KHAPRETA_510206,312255.860,2624334.200,130.8300,0.4519,1.5900,0.1016,-1
KHAPRETA_510206,312256.860,2624334.200,130.8900,0.7175,1.5300,0.0978,-1
KHAPRETA_510206,312260.860,2624334.200,130.8500,0.0000,1.5700,0.1003,-1
KHAPRETA_510206,312275.860,2624334.200,130.8800,0.5469,1.5400,0.0984,-1
KHAPRETA_510206,312282.860,2624334.200,130.9500,0.8265,1.4700,0.0939,-1
KHAPRETA_510206,312283.860,2624334.200,130.9500,0.8443,1.4700,0.0939,-1
KHAPRETA_510206,312288.860,2624334.200,131.0000,0.8725,1.4200,0.0907,-1
KHAPRETA_510206,312289.860,2624334.200,131.0200,0.0050,1.4000,0.0895,-1
KHAPRETA_510206,312290.860,2624334.200,130.9900,0.6219,1.4300,0.0914,-1
KHAPRETA_510206,312296.860,2624334.200,131.5000,0.8369,0.9200,0.0588,-1
KHAPRETA_510206,312300.860,2624334.200,131.4700,0.0000,0.9500,0.0607,-1
KHAPRETA_510206,312304.860,2624334.200,131.5000,0.0000,0.9200,0.0588,-1
KHAPRETA_510206,312308.860,2624334.200,131.4600,0.0000,0.9600,0.0613,-1
KHAPRETA_510206,312310.860,2624334.200,131.5500,0.0000,0.8700,0.0556,-1
KHAPRETA_510206,312313.860,2624334.200,132.1000,1.6683,0.3200,0.0204,-1
KHAPRETA_510206,312314.860,2624334.200,132.2900,1.7154,0.1300,0.0083,-1
KHAPRETA_510206,312337.860,2624334.200,132.3800,0.0000,0.0400,0.0026,-1
KHAPRETA_510206,312351.860,2624334.200,132.3300,0.0000,0.0900,0.0058,-1
KHAPRETA_510206,311917.860,2624335.200,128.2900,0.7231,4.1300,0.2639,-1
KHAPRETA_510206,311920.860,2624335.200,128.2200,0.0000,4.2000,0.2684,-1
KHAPRETA_510206,311927.860,2624335.200,130.8300,0.7669,1.5900,0.1016,-1
KHAPRETA_510206,311928.860,2624335.200,131.3100,1.4348,1.1100,0.0709,-1
KHAPRETA_510206,311929.860,2624335.200,128.3800,0.8759,4.0400,0.2581,-1
KHAPRETA_510206,311935.860,2624335.200,127.5200,0.9981,4.9000,0.3131,-1
KHAPRETA_510206,311940.860,2624335.200,127.0700,0.0000,5.3500,0.3419,-1
KHAPRETA_510206,311943.860,2624335.200,126.8100,1.4781,5.6100,0.3585,-1
KHAPRETA_510206,311945.860,2624335.200,126.6200,2.3170,5.8000,0.3706,-1
KHAPRETA_510206,311946.860,2624335.200,126.4400,2.3365,5.9800,0.3821,-1
KHAPRETA_510206,311958.860,2624335.200,125.2600,0.0000,7.1600,0.4575,-1
KHAPRETA_510206,311978.860,2624335.200,127.3900,1.5660,5.0300,0.3214,-1
KHAPRETA_510206,311979.860,2624335.200,127.6900,1.1931,4.7300,0.3022,-1
KHAPRETA_510206,311983.860,2624335.200,128.5900,0.0000,3.8300,0.2447,-1
KHAPRETA_510206,311987.860,2624335.200,128.9700,0.2281,3.4500,0.2204,-1
KHAPRETA_510206,311989.860,2624335.200,128.8900,0.5481,3.5300,0.2256,-1
KHAPRETA_510206,311991.860,2624335.200,128.3700,0.0000,4.0500,0.2588,-1
KHAPRETA_510206,311999.860,2624335.200,127.3600,1.2181,5.0600,0.3233,-1
KHAPRETA_510206,312000.860,2624335.200,127.3400,1.2081,5.0800,0.3246,-1
KHAPRETA_510206,312003.860,2624335.200,127.4000,0.0000,5.0200,0.3208,-1
KHAPRETA_510206,312006.860,2624335.200,127.6300,0.0150,4.7900,0.3061,-1
KHAPRETA_510206,312011.860,2624335.200,127.9400,0.0000,4.4800,0.2863,-1
KHAPRETA_510206,312013.860,2624335.200,128.0800,0.0000,4.3400,0.2773,-1
KHAPRETA_510206,312021.860,2624335.200,127.6700,0.0000,4.7500,0.3035,-1
KHAPRETA_510206,312024.860,2624335.200,127.5100,0.0000,4.9100,0.3137,-1
KHAPRETA_510206,312026.860,2624335.200,127.5700,0.0000,4.8500,0.3099,-1
KHAPRETA_510206,312029.860,2624335.200,128.2200,0.0100,4.2000,0.2684,-1
KHAPRETA_510206,312033.860,2624335.200,127.6800,0.8892,4.7400,0.3029,-1
KHAPRETA_510206,312034.860,2624335.200,128.0200,1.0730,4.4000,0.2811,-1
KHAPRETA_510206,312037.860,2624335.200,127.6900,0.0000,4.7300,0.3022,-1
KHAPRETA_510206,312040.860,2624335.200,127.5400,0.1450,4.8800,0.3118,-1
KHAPRETA_510206,312044.860,2624335.200,127.7700,1.5669,4.6500,0.2971,-1
KHAPRETA_510206,312045.860,2624335.200,127.7100,1.1401,4.7100,0.3010,-1
KHAPRETA_510206,312046.860,2624335.200,127.4400,1.1873,4.9800,0.3182,-1
KHAPRETA_510206,312047.860,2624335.200,127.5100,1.1652,4.9100,0.3137,-1
KHAPRETA_510206,312048.860,2624335.200,127.5800,1.6345,4.8400,0.3093,-1
KHAPRETA_510206,312054.860,2624335.200,127.9700,0.8831,4.4500,0.2843,-1
KHAPRETA_510206,312056.860,2624335.200,128.2500,0.0000,4.1700,0.2665,-1
KHAPRETA_510206,312075.860,2624335.200,128.4300,0.6381,3.9900,0.2550,-1
KHAPRETA_510206,312077.860,2624335.200,128.5100,0.0000,3.9100,0.2498,-1
KHAPRETA_510206,312080.860,2624335.200,128.5400,0.5584,3.8800,0.2479,-1
KHAPRETA_510206,312081.860,2624335.200,128.6600,0.8566,3.7600,0.2403,-1
KHAPRETA_510206,312089.860,2624335.200,128.8000,0.4831,3.6200,0.2313,-1
KHAPRETA_510206,312091.860,2624335.200,128.9300,0.4681,3.4900,0.2230,-1
KHAPRETA_510206,312105.860,2624335.200,129.0200,0.0750,3.4000,0.2173,-1
KHAPRETA_510206,312109.860,2624335.200,129.1100,0.0000,3.3100,0.2115,-1
KHAPRETA_510206,312112.860,2624335.200,129.0800,0.0000,3.3400,0.2134,-1
KHAPRETA_510206,312114.860,2624335.200,129.1700,0.3131,3.2500,0.2077,-1
KHAPRETA_510206,312117.860,2624335.200,129.2500,0.0000,3.1700,0.2026,-1
KHAPRETA_510206,312120.860,2624335.200,129.3000,0.0000,3.1200,0.1994,-1
KHAPRETA_510206,312123.860,2624335.200,129.1800,0.3367,3.2400,0.2070,-1
KHAPRETA_510206,312124.860,2624335.200,129.3000,0.2981,3.1200,0.1994,-1
KHAPRETA_510206,312126.860,2624335.200,128.8700,0.6372,3.5500,0.2268,-1
KHAPRETA_510206,312127.860,2624335.200,128.8700,0.6165,3.5500,0.2268,-1
KHAPRETA_510206,312133.860,2624335.200,129.0300,0.4381,3.3900,0.2166,-1
KHAPRETA_510206,312134.860,2624335.200,128.9000,0.0450,3.5200,0.2249,-1
KHAPRETA_510206,312135.860,2624335.200,128.9400,0.4381,3.4800,0.2224,-1
KHAPRETA_510206,312138.860,2624335.200,129.0300,0.0000,3.3900,0.2166,-1
KHAPRETA_510206,312143.860,2624335.200,129.0800,0.3831,3.3400,0.2134,-1
KHAPRETA_510206,312144.860,2624335.200,129.0100,0.3481,3.4100,0.2179,-1
KHAPRETA_510206,312150.860,2624335.200,129.4300,0.1231,2.9900,0.1911,-1
KHAPRETA_510206,312166.860,2624335.200,130.0100,0.0000,2.4100,0.1540,-1
KHAPRETA_510206,312170.860,2624335.200,130.0500,0.0000,2.3700,0.1514,-1
KHAPRETA_510206,312186.860,2624335.200,130.2500,0.0000,2.1700,0.1387,-1
KHAPRETA_510206,312188.860,2624335.200,130.2000,0.0000,2.2200,0.1419,-1
KHAPRETA_510206,312192.860,2624335.200,130.2600,0.2319,2.1600,0.1380,-1
KHAPRETA_510206,312193.860,2624335.200,130.2400,0.0100,2.1800,0.1393,-1
KHAPRETA_510206,312194.860,2624335.200,130.2400,0.2319,2.1800,0.1393,-1
KHAPRETA_510206,312199.860,2624335.200,129.8200,0.1069,2.6000,0.1661,-1
KHAPRETA_510206,312202.860,2624335.200,129.8400,0.1369,2.5800,0.1649,-1
KHAPRETA_510206,312208.860,2624335.200,130.1100,0.1519,2.3100,0.1476,-1
KHAPRETA_510206,312211.860,2624335.200,130.1600,0.0000,2.2600,0.1444,-1
KHAPRETA_510206,312221.860,2624335.200,130.1400,0.0000,2.2800,0.1457,-1
KHAPRETA_510206,312223.860,2624335.200,130.1500,0.2433,2.2700,0.1450,-1
KHAPRETA_510206,312224.860,2624335.200,130.1300,0.2084,2.2900,0.1463,-1
KHAPRETA_510206,312225.860,2624335.200,130.2000,0.1769,2.2200,0.1419,-1
KHAPRETA_510206,312234.860,2624335.200,130.4100,0.0300,2.0100,0.1284,-1
KHAPRETA_510206,312236.860,2624335.200,130.3500,0.4059,2.0700,0.1323,-1
KHAPRETA_510206,312237.860,2624335.200,130.3400,0.2869,2.0800,0.1329,-1
KHAPRETA_510206,312239.860,2624335.200,130.3500,0.4341,2.0700,0.1323,-1
KHAPRETA_510206,312240.860,2624335.200,130.4000,0.0158,2.0200,0.1291,-1
KHAPRETA_510206,312241.860,2624335.200,130.3600,0.0050,2.0600,0.1316,-1
KHAPRETA_510206,312242.860,2624335.200,130.3900,0.2919,2.0300,0.1297,-1
KHAPRETA_510206,312249.860,2624335.200,130.9400,0.5769,1.4800,0.0946,-1
KHAPRETA_510206,312255.860,2624335.200,130.6800,0.0050,1.7400,0.1112,-1
KHAPRETA_510206,312263.860,2624335.200,131.1400,0.0000,1.2800,0.0818,-1
KHAPRETA_510206,312272.860,2624335.200,130.9400,0.5919,1.4800,0.0946,-1
KHAPRETA_510206,312275.860,2624335.200,130.8700,0.5519,1.5500,0.0990,-1
KHAPRETA_510206,312278.860,2624335.200,130.9400,0.5769,1.4800,0.0946,-1
KHAPRETA_510206,312283.860,2624335.200,130.9900,0.5869,1.4300,0.0914,-1
KHAPRETA_510206,312287.860,2624335.200,131.0300,0.0000,1.3900,0.0888,-1
KHAPRETA_510206,312291.860,2624335.200,131.4100,0.0000,1.0100,0.0645,-1
KHAPRETA_510206,312294.860,2624335.200,131.4400,0.0000,0.9800,0.0626,-1
KHAPRETA_510206,312296.860,2624335.200,131.4500,0.8619,0.9700,0.0620,-1
KHAPRETA_510206,312299.860,2624335.200,131.5000,0.0000,0.9200,0.0588,-1
KHAPRETA_510206,312301.860,2624335.200,131.4600,0.8669,0.9600,0.0613,-1
KHAPRETA_510206,312302.860,2624335.200,131.5100,0.8419,0.9100,0.0581,-1
KHAPRETA_510206,312309.860,2624335.200,131.4700,0.0000,0.9500,0.0607,-1
KHAPRETA_510206,312313.860,2624335.200,131.9700,1.7154,0.4500,0.0288,-1
KHAPRETA_510206,312314.860,2624335.200,132.3000,1.6683,0.1200,0.0077,-1
KHAPRETA_510206,312339.860,2624335.200,132.2100,0.0000,0.2100,0.0134,-1
KHAPRETA_510206,311914.860,2624336.200,128.1700,0.0000,4.2500,0.2716,-1
KHAPRETA_510206,311917.860,2624336.200,128.3300,0.7431,4.0900,0.2613,-1
KHAPRETA_510206,311921.860,2624336.200,128.1400,0.0000,4.2800,0.2735,-1
KHAPRETA_510206,311928.860,2624336.200,131.2700,0.8759,1.1500,0.0735,-1
KHAPRETA_510206,311929.860,2624336.200,128.9300,1.6138,3.4900,0.2230,-1
KHAPRETA_510206,311930.860,2624336.200,128.3600,0.7614,4.0600,0.2594,-1
KHAPRETA_510206,311933.860,2624336.200,127.9600,0.0000,4.4600,0.2850,-1
KHAPRETA_510206,311935.860,2624336.200,127.7800,1.1281,4.6400,0.2965,-1
KHAPRETA_510206,311938.860,2624336.200,127.0500,0.0000,5.3700,0.3431,-1
KHAPRETA_510206,311944.860,2624336.200,126.7200,1.6081,5.7000,0.3642,-1
KHAPRETA_510206,311945.860,2624336.200,126.5600,0.2089,5.8600,0.3744,-1
KHAPRETA_510206,311946.860,2624336.200,126.3300,2.3170,6.0900,0.3891,-1
KHAPRETA_510206,311948.860,2624336.200,125.8000,0.0000,6.6200,0.4230,-1
KHAPRETA_510206,311950.860,2624336.200,125.5900,0.0000,6.8300,0.4364,-1
KHAPRETA_510206,311953.860,2624336.200,125.6300,3.0596,6.7900,0.4339,-1
KHAPRETA_510206,311954.860,2624336.200,125.5300,2.9495,6.8900,0.4403,-1
KHAPRETA_510206,311957.860,2624336.200,125.3800,0.0000,7.0400,0.4498,-1
KHAPRETA_510206,311966.860,2624336.200,129.7300,0.2419,2.6900,0.1719,-1
KHAPRETA_510206,311975.860,2624336.200,127.1500,1.2131,5.2700,0.3367,-1
KHAPRETA_510206,311976.860,2624336.200,127.3500,1.8324,5.0700,0.3240,-1
KHAPRETA_510206,311980.860,2624336.200,128.1100,0.7131,4.3100,0.2754,-1
KHAPRETA_510206,311984.860,2624336.200,128.6500,0.0000,3.7700,0.2409,-1
KHAPRETA_510206,311989.860,2624336.200,128.6800,0.5258,3.7400,0.2390,-1
KHAPRETA_510206,311990.860,2624336.200,128.7500,0.5481,3.6700,0.2345,-1
KHAPRETA_510206,311993.860,2624336.200,127.5700,0.0000,4.8500,0.3099,-1
KHAPRETA_510206,311995.860,2624336.200,127.3600,0.0000,5.0600,0.3233,-1
KHAPRETA_510206,312004.860,2624336.200,127.6300,1.1681,4.7900,0.3061,-1
KHAPRETA_510206,312006.860,2624336.200,127.6100,1.5070,4.8100,0.3073,-1
KHAPRETA_510206,312007.860,2624336.200,127.6600,1.5281,4.7600,0.3042,-1
KHAPRETA_510206,312020.860,2624336.200,127.5800,0.0000,4.8400,0.3093,-1
KHAPRETA_510206,312023.860,2624336.200,127.7200,1.0181,4.7000,0.3003,-1
KHAPRETA_510206,312027.860,2624336.200,127.6700,0.0000,4.7500,0.3035,-1
KHAPRETA_510206,312029.860,2624336.200,127.8900,0.3100,4.5300,0.2895,-1
KHAPRETA_510206,312031.860,2624336.200,127.9800,0.0000,4.4400,0.2837,-1
KHAPRETA_510206,312033.860,2624336.200,127.5700,0.8784,4.8500,0.3099,-1
KHAPRETA_510206,312034.860,2624336.200,128.0200,1.4099,4.4000,0.2811,-1
KHAPRETA_510206,312040.860,2624336.200,127.5000,0.0450,4.9200,0.3144,-1
KHAPRETA_510206,312045.860,2624336.200,127.5200,1.0331,4.9000,0.3131,-1
KHAPRETA_510206,312049.860,2624336.200,127.9300,0.0000,4.4900,0.2869,-1
KHAPRETA_510206,312054.860,2624336.200,128.0100,0.9031,4.4100,0.2818,-1
KHAPRETA_510206,312071.860,2624336.200,128.4400,0.0000,3.9800,0.2543,-1
KHAPRETA_510206,312075.860,2624336.200,128.5000,0.6731,3.9200,0.2505,-1
KHAPRETA_510206,312080.860,2624336.200,128.4900,0.6181,3.9300,0.2511,-1
KHAPRETA_510206,312084.860,2624336.200,128.5800,0.8247,3.8400,0.2454,-1
KHAPRETA_510206,312085.860,2624336.200,128.5900,0.5981,3.8300,0.2447,-1
KHAPRETA_510206,312088.860,2624336.200,128.8600,0.4431,3.5600,0.2275,-1
KHAPRETA_510206,312091.860,2624336.200,128.8400,0.0700,3.5800,0.2288,-1
KHAPRETA_510206,312100.860,2624336.200,129.1000,0.5421,3.3200,0.2121,-1
KHAPRETA_510206,312101.860,2624336.200,129.0400,0.3381,3.3800,0.2160,-1
KHAPRETA_510206,312103.860,2624336.200,128.9300,0.0000,3.4900,0.2230,-1
KHAPRETA_510206,312105.860,2624336.200,128.9700,0.3781,3.4500,0.2204,-1
KHAPRETA_510206,312107.860,2624336.200,128.9600,0.0000,3.4600,0.2211,-1
KHAPRETA_510206,312122.860,2624336.200,129.3300,0.0000,3.0900,0.1974,-1
KHAPRETA_510206,312126.860,2624336.200,128.8800,0.4531,3.5400,0.2262,-1
KHAPRETA_510206,312131.860,2624336.200,128.9300,0.4331,3.4900,0.2230,-1
KHAPRETA_510206,312139.860,2624336.200,129.0400,0.3181,3.3800,0.2160,-1
KHAPRETA_510206,312140.860,2624336.200,129.1400,0.3681,3.2800,0.2096,-1
KHAPRETA_510206,312145.860,2624336.200,129.0400,0.0000,3.3800,0.2160,-1
KHAPRETA_510206,312150.860,2624336.200,129.5300,0.1731,2.8900,0.1847,-1
KHAPRETA_510206,312158.860,2624336.200,129.9300,0.0000,2.4900,0.1591,-1
KHAPRETA_510206,312161.860,2624336.200,130.0200,0.0000,2.4000,0.1534,-1
KHAPRETA_510206,312165.860,2624336.200,130.0300,0.0000,2.3900,0.1527,-1
KHAPRETA_510206,312180.860,2624336.200,130.1500,0.0000,2.2700,0.1450,-1
KHAPRETA_510206,312182.860,2624336.200,130.1900,0.1419,2.2300,0.1425,-1
KHAPRETA_510206,312185.860,2624336.200,130.1600,0.0000,2.2600,0.1444,-1
KHAPRETA_510206,312189.860,2624336.200,130.2400,0.0000,2.1800,0.1393,-1
KHAPRETA_510206,312195.860,2624336.200,130.3100,0.0000,2.1100,0.1348,-1
KHAPRETA_510206,312197.860,2624336.200,130.2400,0.1419,2.1800,0.1393,-1
KHAPRETA_510206,312202.860,2624336.200,130.0500,0.0600,2.3700,0.1514,-1
KHAPRETA_510206,312205.860,2624336.200,130.1200,0.0000,2.3000,0.1470,-1
KHAPRETA_510206,312207.860,2624336.200,130.1200,0.1519,2.3000,0.1470,-1
KHAPRETA_510206,312208.860,2624336.200,130.0800,0.2396,2.3400,0.1495,-1
KHAPRETA_510206,312212.860,2624336.200,130.1200,0.1519,2.3000,0.1470,-1
KHAPRETA_510206,312213.860,2624336.200,130.0800,0.1719,2.3400,0.1495,-1
KHAPRETA_510206,312216.860,2624336.200,130.1200,0.0000,2.3000,0.1470,-1
KHAPRETA_510206,312218.860,2624336.200,130.1400,0.0000,2.2800,0.1457,-1
KHAPRETA_510206,312231.860,2624336.200,130.4400,0.3669,1.9800,0.1265,-1
KHAPRETA_510206,312234.860,2624336.200,130.4000,0.0350,2.0200,0.1291,-1
KHAPRETA_510206,312236.860,2624336.200,130.3600,0.2869,2.0600,0.1316,-1
KHAPRETA_510206,312238.860,2624336.200,130.3400,0.4200,2.0800,0.1329,-1
KHAPRETA_510206,312239.860,2624336.200,130.3800,0.2871,2.0400,0.1304,-1
KHAPRETA_510206,312240.860,2624336.200,130.3600,0.4341,2.0600,0.1316,-1
KHAPRETA_510206,312249.860,2624336.200,130.9300,0.5819,1.4900,0.0952,-1
KHAPRETA_510206,312251.860,2624336.200,130.9100,0.0000,1.5100,0.0965,-1
KHAPRETA_510206,312254.860,2624336.200,130.9300,0.7706,1.4900,0.0952,-1
KHAPRETA_510206,312255.860,2624336.200,130.8200,0.4519,1.6000,0.1022,-1
KHAPRETA_510206,312256.860,2624336.200,130.9300,0.5219,1.4900,0.0952,-1
KHAPRETA_510206,312270.860,2624336.200,130.6800,0.5019,1.7400,0.1112,-1
KHAPRETA_510206,312272.860,2624336.200,130.9600,0.5819,1.4600,0.0933,-1
KHAPRETA_510206,312276.860,2624336.200,130.9000,0.0000,1.5200,0.0971,-1
KHAPRETA_510206,312278.860,2624336.200,130.9300,0.0100,1.4900,0.0952,-1
KHAPRETA_510206,312286.860,2624336.200,131.0600,0.0000,1.3600,0.0869,-1
KHAPRETA_510206,312293.860,2624336.200,131.4400,0.0000,0.9800,0.0626,-1
KHAPRETA_510206,312304.860,2624336.200,131.4900,0.0000,0.9300,0.0594,-1
KHAPRETA_510206,312307.860,2624336.200,131.5900,0.0000,0.8300,0.0530,-1
KHAPRETA_510206,312311.860,2624336.200,131.6000,1.0469,0.8200,0.0524,-1
KHAPRETA_510206,312312.860,2624336.200,131.8700,0.9119,0.5500,0.0351,-1
KHAPRETA_510206,312337.860,2624336.200,132.2400,0.0000,0.1800,0.0115,-1
KHAPRETA_510206,311916.860,2624337.200,127.9800,0.7681,4.4400,0.2837,-1
KHAPRETA_510206,311923.860,2624337.200,128.4300,0.5981,3.9900,0.2550,-1
KHAPRETA_510206,311930.860,2624337.200,128.5100,1.1833,3.9100,0.2498,-1
KHAPRETA_510206,311931.860,2624337.200,127.8800,0.6331,4.5400,0.2901,-1
KHAPRETA_510206,311936.860,2624337.200,128.3100,0.3731,4.1100,0.2626,-1
KHAPRETA_510206,311939.860,2624337.200,126.9300,1.4881,5.4900,0.3508,-1
KHAPRETA_510206,311940.860,2624337.200,126.8000,2.0303,5.6200,0.3591,-1
KHAPRETA_510206,311942.860,2624337.200,126.6700,1.5381,5.7500,0.3674,-1
KHAPRETA_510206,311945.860,2624337.200,126.4700,1.6081,5.9500,0.3802,-1
KHAPRETA_510206,311951.860,2624337.200,125.5800,2.1181,6.8400,0.4371,-1
KHAPRETA_510206,311952.860,2624337.200,125.5400,0.1050,6.8800,0.4396,-1
KHAPRETA_510206,311953.860,2624337.200,125.3700,2.0732,7.0500,0.4505,-1
KHAPRETA_510206,311954.860,2624337.200,125.5800,3.0596,6.8400,0.4371,-1
KHAPRETA_510206,311963.860,2624337.200,129.5000,0.2681,2.9200,0.1866,-1
KHAPRETA_510206,311964.860,2624337.200,129.2400,0.1381,3.1800,0.2032,-1
KHAPRETA_510206,311966.860,2624337.200,130.2600,0.4950,2.1600,0.1380,-1
KHAPRETA_510206,311970.860,2624337.200,131.2100,0.0000,1.2100,0.0773,-1
KHAPRETA_510206,311972.860,2624337.200,131.2700,1.5287,1.1500,0.0735,-1
KHAPRETA_510206,311973.860,2624337.200,127.8400,0.7469,4.5800,0.2927,-1
KHAPRETA_510206,311976.860,2624337.200,127.2200,0.0450,5.2000,0.3323,-1
KHAPRETA_510206,311979.860,2624337.200,127.6800,0.7131,4.7400,0.3029,-1
KHAPRETA_510206,311980.860,2624337.200,128.3500,1.0507,4.0700,0.2601,-1
KHAPRETA_510206,311983.860,2624337.200,128.4400,0.0000,3.9800,0.2543,-1
KHAPRETA_510206,311986.860,2624337.200,128.5600,0.6381,3.8600,0.2466,-1
KHAPRETA_510206,311989.860,2624337.200,128.6600,0.5481,3.7600,0.2403,-1
KHAPRETA_510206,311991.860,2624337.200,128.3900,0.0000,4.0300,0.2575,-1
KHAPRETA_510206,311994.860,2624337.200,127.3200,0.0000,5.1000,0.3259,-1
KHAPRETA_510206,311998.860,2624337.200,127.3400,0.0000,5.0800,0.3246,-1
KHAPRETA_510206,312004.860,2624337.200,127.4400,0.1100,4.9800,0.3182,-1
KHAPRETA_510206,312007.860,2624337.200,127.6200,0.0250,4.8000,0.3067,-1
KHAPRETA_510206,312010.860,2624337.200,127.6900,0.0000,4.7300,0.3022,-1
KHAPRETA_510206,312014.860,2624337.200,128.0100,0.0000,4.4100,0.2818,-1
KHAPRETA_510206,312019.860,2624337.200,127.5100,0.0000,4.9100,0.3137,-1
KHAPRETA_510206,312021.860,2624337.200,127.9500,0.0000,4.4700,0.2856,-1
KHAPRETA_510206,312023.860,2624337.200,127.7400,1.0281,4.6800,0.2990,-1
KHAPRETA_510206,312028.860,2624337.200,127.8000,1.5282,4.6200,0.2952,-1
KHAPRETA_510206,312029.860,2624337.200,127.6000,0.9881,4.8200,0.3080,-1
KHAPRETA_510206,312033.860,2624337.200,127.7300,1.1031,4.6900,0.2997,-1
KHAPRETA_510206,312040.860,2624337.200,127.6300,1.1381,4.7900,0.3061,-1
KHAPRETA_510206,312051.860,2624337.200,128.0000,0.8831,4.4200,0.2824,-1
KHAPRETA_510206,312052.860,2624337.200,128.0100,0.0400,4.4100,0.2818,-1
KHAPRETA_510206,312053.860,2624337.200,127.9200,0.8831,4.5000,0.2875,-1
KHAPRETA_510206,312057.860,2624337.200,128.0300,1.2505,4.3900,0.2805,-1
KHAPRETA_510206,312058.860,2624337.200,128.1000,1.2418,4.3200,0.2760,-1
KHAPRETA_510206,312060.860,2624337.200,128.1100,0.8281,4.3100,0.2754,-1
KHAPRETA_510206,312061.860,2624337.200,128.1200,0.1200,4.3000,0.2748,-1
KHAPRETA_510206,312062.860,2624337.200,127.8700,0.2650,4.5500,0.2907,-1
KHAPRETA_510206,312063.860,2624337.200,128.6500,0.9531,3.7700,0.2409,-1
KHAPRETA_510206,312066.860,2624337.200,128.4600,0.6431,3.9600,0.2530,-1
KHAPRETA_510206,312068.860,2624337.200,128.5200,0.0000,3.9000,0.2492,-1
KHAPRETA_510206,312070.860,2624337.200,128.4700,0.6381,3.9500,0.2524,-1
KHAPRETA_510206,312082.860,2624337.200,128.6100,0.0000,3.8100,0.2435,-1
KHAPRETA_510206,312084.860,2624337.200,128.6300,0.0300,3.7900,0.2422,-1
KHAPRETA_510206,312088.860,2624337.200,128.8900,0.6338,3.5300,0.2256,-1
KHAPRETA_510206,312089.860,2624337.200,128.9000,0.4431,3.5200,0.2249,-1
KHAPRETA_510206,312091.860,2624337.200,128.7900,0.4681,3.6300,0.2319,-1
KHAPRETA_510206,312096.860,2624337.200,128.9400,0.0000,3.4800,0.2224,-1
KHAPRETA_510206,312100.860,2624337.200,128.9800,0.0300,3.4400,0.2198,-1
KHAPRETA_510206,312104.860,2624337.200,129.0200,0.4581,3.4000,0.2173,-1
KHAPRETA_510206,312116.860,2624337.200,129.3100,0.0000,3.1100,0.1987,-1
KHAPRETA_510206,312124.860,2624337.200,129.0100,0.3931,3.4100,0.2179,-1
KHAPRETA_510206,312129.860,2624337.200,128.9000,0.0000,3.5200,0.2249,-1
KHAPRETA_510206,312131.860,2624337.200,128.9100,0.4231,3.5100,0.2243,-1
KHAPRETA_510206,312136.860,2624337.200,128.9700,0.5311,3.4500,0.2204,-1
KHAPRETA_510206,312137.860,2624337.200,129.0300,0.4031,3.3900,0.2166,-1
KHAPRETA_510206,312142.860,2624337.200,129.0800,0.0000,3.3400,0.2134,-1
KHAPRETA_510206,312148.860,2624337.200,129.4700,0.0000,2.9500,0.1885,-1
KHAPRETA_510206,312151.860,2624337.200,129.6900,0.0000,2.7300,0.1744,-1
KHAPRETA_510206,312157.860,2624337.200,130.0100,0.1119,2.4100,0.1540,-1
KHAPRETA_510206,312166.860,2624337.200,129.9600,0.0000,2.4600,0.1572,-1
KHAPRETA_510206,312170.860,2624337.200,130.0300,0.0000,2.3900,0.1527,-1
KHAPRETA_510206,312176.860,2624337.200,130.1100,0.1619,2.3100,0.1476,-1
KHAPRETA_510206,312177.860,2624337.200,130.1000,0.2544,2.3200,0.1482,-1
KHAPRETA_510206,312182.860,2624337.200,130.0600,0.3146,2.3600,0.1508,-1
KHAPRETA_510206,312183.860,2624337.200,130.2500,0.1419,2.1700,0.1387,-1
KHAPRETA_510206,312193.860,2624337.200,130.2200,0.0000,2.2000,0.1406,-1
KHAPRETA_510206,312197.860,2624337.200,130.0600,0.2319,2.3600,0.1508,-1
KHAPRETA_510206,312202.860,2624337.200,129.9600,0.1369,2.4600,0.1572,-1
KHAPRETA_510206,312217.860,2624337.200,130.1600,0.0000,2.2600,0.1444,-1
KHAPRETA_510206,312222.860,2624337.200,130.1300,0.0000,2.2900,0.1463,-1
KHAPRETA_510206,312224.860,2624337.200,130.2000,0.1869,2.2200,0.1419,-1
KHAPRETA_510206,312225.860,2624337.200,130.1500,0.0500,2.2700,0.1450,-1
KHAPRETA_510206,312226.860,2624337.200,130.3000,0.1869,2.1200,0.1355,-1
KHAPRETA_510206,312231.860,2624337.200,130.5100,0.4355,1.9100,0.1220,-1
KHAPRETA_510206,312232.860,2624337.200,130.3400,0.4752,2.0800,0.1329,-1
KHAPRETA_510206,312234.860,2624337.200,130.3400,0.0000,2.0800,0.1329,-1
KHAPRETA_510206,312238.860,2624337.200,130.3600,0.0200,2.0600,0.1316,-1
KHAPRETA_510206,312243.860,2624337.200,130.4600,0.0000,1.9600,0.1252,-1
KHAPRETA_510206,312248.860,2624337.200,130.7800,0.5619,1.6400,0.1048,-1
KHAPRETA_510206,312254.860,2624337.200,130.9100,0.5769,1.5100,0.0965,-1
KHAPRETA_510206,312264.860,2624337.200,131.0900,0.6919,1.3300,0.0850,-1
KHAPRETA_510206,312267.860,2624337.200,131.1400,0.6619,1.2800,0.0818,-1
KHAPRETA_510206,312270.860,2624337.200,130.7800,0.7933,1.6400,0.1048,-1
KHAPRETA_510206,312271.860,2624337.200,131.0800,0.5019,1.3400,0.0856,-1
KHAPRETA_510206,312278.860,2624337.200,130.9600,0.5769,1.4600,0.0933,-1
KHAPRETA_510206,312289.860,2624337.200,131.3800,0.8219,1.0400,0.0665,-1
KHAPRETA_510206,312290.860,2624337.200,131.4200,0.8019,1.0000,0.0639,-1
KHAPRETA_510206,312296.860,2624337.200,131.4800,0.0000,0.9400,0.0601,-1
KHAPRETA_510206,312298.860,2624337.200,131.5400,0.8169,0.8800,0.0562,-1
KHAPRETA_510206,312299.860,2624337.200,131.4100,0.8819,1.0100,0.0645,-1
KHAPRETA_510206,312302.860,2624337.200,131.4200,0.0000,1.0000,0.0639,-1
KHAPRETA_510206,312306.860,2624337.200,131.4700,0.0000,0.9500,0.0607,-1
KHAPRETA_510206,312313.860,2624337.200,132.3200,1.3019,0.1000,0.0064,-1
KHAPRETA_510206,312314.860,2624337.200,132.3800,1.2719,0.0400,0.0026,-1
KHAPRETA_510206,311916.860,2624338.200,128.2400,0.8981,4.1800,0.2671,-1
KHAPRETA_510206,311923.860,2624338.200,128.5800,0.6731,3.8400,0.2454,-1
KHAPRETA_510206,311929.860,2624338.200,127.9900,1.2619,4.4300,0.2831,-1
KHAPRETA_510206,311932.860,2624338.200,127.9900,1.3975,4.4300,0.2831,-1
KHAPRETA_510206,311933.860,2624338.200,127.7700,0.8931,4.6500,0.2971,-1
KHAPRETA_510206,311936.860,2624338.200,129.0300,0.7100,3.3900,0.2166,-1
KHAPRETA_510206,311940.860,2624338.200,126.8800,1.4881,5.5400,0.3540,-1
KHAPRETA_510206,311942.860,2624338.200,126.7000,1.5531,5.7200,0.3655,-1
KHAPRETA_510206,311950.860,2624338.200,125.5600,0.0000,6.8600,0.4383,-1
KHAPRETA_510206,311966.860,2624338.200,130.7200,0.4116,1.7000,0.1086,-1
KHAPRETA_510206,311967.860,2624338.200,130.2400,0.4915,2.1800,0.1393,-1
KHAPRETA_510206,311968.860,2624338.200,130.2900,0.2319,2.1300,0.1361,-1
KHAPRETA_510206,311971.860,2624338.200,127.3300,1.6485,5.0900,0.3252,-1
KHAPRETA_510206,311972.860,2624338.200,127.4100,1.4331,5.0100,0.3201,-1
KHAPRETA_510206,311976.860,2624338.200,127.2600,1.2781,5.1600,0.3297,-1
KHAPRETA_510206,311978.860,2624338.200,127.1400,0.0000,5.2800,0.3374,-1
KHAPRETA_510206,311980.860,2624338.200,128.2600,0.7131,4.1600,0.2658,-1
KHAPRETA_510206,311985.860,2624338.200,128.7300,0.6381,3.6900,0.2358,-1
KHAPRETA_510206,311986.860,2624338.200,128.5000,0.8021,3.9200,0.2505,-1
KHAPRETA_510206,311988.860,2624338.200,128.4500,0.0000,3.9700,0.2537,-1
KHAPRETA_510206,311990.860,2624338.200,128.5600,0.0000,3.8600,0.2466,-1
KHAPRETA_510206,311992.860,2624338.200,128.4900,0.0000,3.9300,0.2511,-1
KHAPRETA_510206,312002.860,2624338.200,127.4400,1.1681,4.9800,0.3182,-1
KHAPRETA_510206,312003.860,2624338.200,127.4400,1.1682,4.9800,0.3182,-1
KHAPRETA_510206,312004.860,2624338.200,127.4100,1.6519,5.0100,0.3201,-1
KHAPRETA_510206,312006.860,2624338.200,127.6400,1.0331,4.7800,0.3054,-1
KHAPRETA_510206,312007.860,2624338.200,127.7100,1.0686,4.7100,0.3010,-1
KHAPRETA_510206,312011.860,2624338.200,127.7000,0.0000,4.7200,0.3016,-1
KHAPRETA_510206,312013.860,2624338.200,127.9000,0.0000,4.5200,0.2888,-1
KHAPRETA_510206,312017.860,2624338.200,127.8700,0.0000,4.5500,0.2907,-1
KHAPRETA_510206,312022.860,2624338.200,127.7700,1.0131,4.6500,0.2971,-1
KHAPRETA_510206,312026.860,2624338.200,127.6600,0.0000,4.7600,0.3042,-1
KHAPRETA_510206,312028.860,2624338.200,127.6300,1.3590,4.7900,0.3061,-1
KHAPRETA_510206,312029.860,2624338.200,127.9100,1.5282,4.5100,0.2882,-1
KHAPRETA_510206,312031.860,2624338.200,127.8300,0.0000,4.5900,0.2933,-1
KHAPRETA_510206,312034.860,2624338.200,128.1200,0.0000,4.3000,0.2748,-1
KHAPRETA_510206,312037.860,2624338.200,127.7100,1.1081,4.7100,0.3010,-1
KHAPRETA_510206,312038.860,2624338.200,127.5600,1.0331,4.8600,0.3105,-1
KHAPRETA_510206,312042.860,2624338.200,127.5900,1.0531,4.8300,0.3086,-1
KHAPRETA_510206,312043.860,2624338.200,127.6700,0.0650,4.7500,0.3035,-1
KHAPRETA_510206,312044.860,2624338.200,127.7200,1.0531,4.7000,0.3003,-1
KHAPRETA_510206,312047.860,2624338.200,128.3000,0.9131,4.1200,0.2633,-1
KHAPRETA_510206,312048.860,2624338.200,127.9500,1.1702,4.4700,0.2856,-1
KHAPRETA_510206,312050.860,2624338.200,128.0300,0.9831,4.3900,0.2805,-1
KHAPRETA_510206,312054.860,2624338.200,127.9100,0.0000,4.5100,0.2882,-1
KHAPRETA_510206,312057.860,2624338.200,127.9200,0.8834,4.5000,0.2875,-1
KHAPRETA_510206,312058.860,2624338.200,128.0100,1.2505,4.4100,0.2818,-1
KHAPRETA_510206,312064.860,2624338.200,128.0600,0.0000,4.3600,0.2786,-1
KHAPRETA_510206,312066.860,2624338.200,128.4900,0.6581,3.9300,0.2511,-1
KHAPRETA_510206,312070.860,2624338.200,128.5000,0.6531,3.9200,0.2505,-1
KHAPRETA_510206,312074.860,2624338.200,128.5200,0.0000,3.9000,0.2492,-1
KHAPRETA_510206,312076.860,2624338.200,128.4900,0.6331,3.9300,0.2511,-1
KHAPRETA_510206,312077.860,2624338.200,128.5100,0.6431,3.9100,0.2498,-1
KHAPRETA_510206,312080.860,2624338.200,128.5800,0.0000,3.8400,0.2454,-1
KHAPRETA_510206,312084.860,2624338.200,128.6400,0.5731,3.7800,0.2415,-1
KHAPRETA_510206,312099.860,2624338.200,128.9500,0.5066,3.4700,0.2217,-1
KHAPRETA_510206,312100.860,2624338.200,129.0400,0.5737,3.3800,0.2160,-1
KHAPRETA_510206,312104.860,2624338.200,128.8600,0.3781,3.5600,0.2275,-1
KHAPRETA_510206,312111.860,2624338.200,129.2500,0.3781,3.1700,0.2026,-1
KHAPRETA_510206,312113.860,2624338.200,129.3700,0.0000,3.0500,0.1949,-1
KHAPRETA_510206,312117.860,2624338.200,129.3500,0.3297,3.0700,0.1962,-1
KHAPRETA_510206,312118.860,2624338.200,129.3000,0.2131,3.1200,0.1994,-1
KHAPRETA_510206,312123.860,2624338.200,129.3700,0.3931,3.0500,0.1949,-1
KHAPRETA_510206,312124.860,2624338.200,128.9900,0.4336,3.4300,0.2192,-1
KHAPRETA_510206,312132.860,2624338.200,128.9100,0.0000,3.5100,0.2243,-1
KHAPRETA_510206,312136.860,2624338.200,129.0200,0.4031,3.4000,0.2173,-1
KHAPRETA_510206,312141.860,2624338.200,129.0900,0.0000,3.3300,0.2128,-1
KHAPRETA_510206,312144.860,2624338.200,129.0400,0.0881,3.3800,0.2160,-1
KHAPRETA_510206,312145.860,2624338.200,129.6000,0.3681,2.8200,0.1802,-1
KHAPRETA_510206,312149.860,2624338.200,129.7900,0.0000,2.6300,0.1681,-1
KHAPRETA_510206,312153.860,2624338.200,129.7800,0.0000,2.6400,0.1687,-1
KHAPRETA_510206,312155.860,2624338.200,129.9100,0.0000,2.5100,0.1604,-1
KHAPRETA_510206,312157.860,2624338.200,130.0000,0.0200,2.4200,0.1546,-1
KHAPRETA_510206,312159.860,2624338.200,130.0200,0.1858,2.4000,0.1534,-1
KHAPRETA_510206,312160.860,2624338.200,130.0800,0.1987,2.3400,0.1495,-1
KHAPRETA_510206,312163.860,2624338.200,130.0200,0.0000,2.4000,0.1534,-1
KHAPRETA_510206,312165.860,2624338.200,130.0100,0.0000,2.4100,0.1540,-1
KHAPRETA_510206,312168.860,2624338.200,129.9100,0.1219,2.5100,0.1604,-1
KHAPRETA_510206,312169.860,2624338.200,130.0200,0.0669,2.4000,0.1534,-1
KHAPRETA_510206,312177.860,2624338.200,130.1600,0.0150,2.2600,0.1444,-1
KHAPRETA_510206,312179.860,2624338.200,130.1500,0.2019,2.2700,0.1450,-1
KHAPRETA_510206,312180.860,2624338.200,130.1800,0.1869,2.2400,0.1431,-1
KHAPRETA_510206,312198.860,2624338.200,130.0700,0.1219,2.3500,0.1502,-1
KHAPRETA_510206,312201.860,2624338.200,129.6300,0.0000,2.7900,0.1783,-1
KHAPRETA_510206,312206.860,2624338.200,130.1900,0.0000,2.2300,0.1425,-1
KHAPRETA_510206,312219.860,2624338.200,130.1400,0.0000,2.2800,0.1457,-1
KHAPRETA_510206,312232.860,2624338.200,130.3800,0.2819,2.0400,0.1304,-1
KHAPRETA_510206,312234.860,2624338.200,130.4000,0.4059,2.0200,0.1291,-1
KHAPRETA_510206,312235.860,2624338.200,130.3600,0.3171,2.0600,0.1316,-1
KHAPRETA_510206,312236.860,2624338.200,130.3800,0.0150,2.0400,0.1304,-1
KHAPRETA_510206,312237.860,2624338.200,130.3900,0.0000,2.0300,0.1297,-1
KHAPRETA_510206,312238.860,2624338.200,130.3800,0.4236,2.0400,0.1304,-1
KHAPRETA_510206,312240.860,2624338.200,130.4000,0.0000,2.0200,0.1291,-1
KHAPRETA_510206,312248.860,2624338.200,130.9000,0.5019,1.5200,0.0971,-1
KHAPRETA_510206,312257.860,2624338.200,130.9700,0.5519,1.4500,0.0927,-1
KHAPRETA_510206,312258.860,2624338.200,130.8800,0.5969,1.5400,0.0984,-1
KHAPRETA_510206,312263.860,2624338.200,130.9200,0.6919,1.5000,0.0958,-1
KHAPRETA_510206,312264.860,2624338.200,131.1600,0.8710,1.2600,0.0805,-1
KHAPRETA_510206,312267.860,2624338.200,131.1000,0.0700,1.3200,0.0843,-1
KHAPRETA_510206,312279.860,2624338.200,130.9300,0.0000,1.4900,0.0952,-1
KHAPRETA_510206,312282.860,2624338.200,131.1000,0.9931,1.3200,0.0843,-1
KHAPRETA_510206,312283.860,2624338.200,131.2200,0.6619,1.2000,0.0767,-1
KHAPRETA_510206,312295.860,2624338.200,131.5900,0.0000,0.8300,0.0530,-1
KHAPRETA_510206,312305.860,2624338.200,131.4800,0.0000,0.9400,0.0601,-1
KHAPRETA_510206,312307.860,2624338.200,131.5500,0.8969,0.8700,0.0556,-1
KHAPRETA_510206,312308.860,2624338.200,131.5700,1.1139,0.8500,0.0543,-1
KHAPRETA_510206,312309.860,2624338.200,132.1900,0.8969,0.2300,0.0147,-1
KHAPRETA_510206,312327.860,2624338.200,132.3900,0.0000,0.0300,0.0019,-1
KHAPRETA_510206,312332.860,2624338.200,131.8900,0.0000,0.5300,0.0339,-1
KHAPRETA_510206,312334.860,2624338.200,131.9500,0.0000,0.4700,0.0300,-1
KHAPRETA_510206,311926.860,2624339.200,130.4600,0.4569,1.9600,0.1252,-1
KHAPRETA_510206,311927.860,2624339.200,130.6900,0.3419,1.7300,0.1105,-1
KHAPRETA_510206,311929.860,2624339.200,132.3000,1.2050,0.1200,0.0077,-1
KHAPRETA_510206,311931.860,2624339.200,128.1400,0.9731,4.2800,0.2735,-1
KHAPRETA_510206,311932.860,2624339.200,127.8300,0.8186,4.5900,0.2933,-1
KHAPRETA_510206,311936.860,2624339.200,129.7300,0.4050,2.6900,0.1719,-1
KHAPRETA_510206,311943.860,2624339.200,126.5800,1.5781,5.8400,0.3732,-1
KHAPRETA_510206,311945.860,2624339.200,125.6200,2.2531,6.8000,0.4345,-1
KHAPRETA_510206,311946.860,2624339.200,125.2700,2.0781,7.1500,0.4569,-1
KHAPRETA_510206,311949.860,2624339.200,125.5100,0.0000,6.9100,0.4415,-1
KHAPRETA_510206,311956.860,2624339.200,125.2000,2.1131,7.2200,0.4613,-1
KHAPRETA_510206,311957.860,2624339.200,125.5500,2.2881,6.8700,0.4390,-1
KHAPRETA_510206,311962.860,2624339.200,131.5200,0.7569,0.9000,0.0575,-1
KHAPRETA_510206,311963.860,2624339.200,131.2900,0.5063,1.1300,0.0722,-1
KHAPRETA_510206,311964.860,2624339.200,131.8300,0.7569,0.5900,0.0377,-1
KHAPRETA_510206,311966.860,2624339.200,130.9400,0.5607,1.4800,0.0946,-1
KHAPRETA_510206,311967.860,2624339.200,130.6600,0.6265,1.7600,0.1125,-1
KHAPRETA_510206,311969.860,2624339.200,129.7600,0.2819,2.6600,0.1700,-1
KHAPRETA_510206,311970.860,2624339.200,130.3400,1.1400,2.0800,0.1329,-1
KHAPRETA_510206,311971.860,2624339.200,127.4800,1.2551,4.9400,0.3157,-1
KHAPRETA_510206,311979.860,2624339.200,128.8700,0.7231,3.5500,0.2268,-1
KHAPRETA_510206,311982.860,2624339.200,129.3100,0.0000,3.1100,0.1987,-1
KHAPRETA_510206,311991.860,2624339.200,128.7300,0.0000,3.6900,0.2358,-1
KHAPRETA_510206,311998.860,2624339.200,127.4000,0.0000,5.0200,0.3208,-1
KHAPRETA_510206,312000.860,2624339.200,127.3700,0.0000,5.0500,0.3227,-1
KHAPRETA_510206,312003.860,2624339.200,127.4400,0.0100,4.9800,0.3182,-1
KHAPRETA_510206,312007.860,2624339.200,127.6900,1.4610,4.7300,0.3022,-1
KHAPRETA_510206,312008.860,2624339.200,127.7100,0.0050,4.7100,0.3010,-1
KHAPRETA_510206,312009.860,2624339.200,127.7000,1.0331,4.7200,0.3016,-1
KHAPRETA_510206,312021.860,2624339.200,127.7100,1.0131,4.7100,0.3010,-1
KHAPRETA_510206,312022.860,2624339.200,127.7500,1.0043,4.6700,0.2984,-1
KHAPRETA_510206,312023.860,2624339.200,127.6100,1.0131,4.8100,0.3073,-1
KHAPRETA_510206,312025.860,2624339.200,127.7900,0.0000,4.6300,0.2958,-1
KHAPRETA_510206,312030.860,2624339.200,127.7200,0.0000,4.7000,0.3003,-1
KHAPRETA_510206,312040.860,2624339.200,129.0600,1.0281,3.3600,0.2147,-1
KHAPRETA_510206,312041.860,2624339.200,127.7400,0.3665,4.6800,0.2990,-1
KHAPRETA_510206,312048.860,2624339.200,127.9600,1.3019,4.4600,0.2850,-1
KHAPRETA_510206,312049.860,2624339.200,127.9200,0.0750,4.5000,0.2875,-1
KHAPRETA_510206,312050.860,2624339.200,127.8100,0.9319,4.6100,0.2946,-1
KHAPRETA_510206,312056.860,2624339.200,128.0300,1.2736,4.3900,0.2805,-1
KHAPRETA_510206,312057.860,2624339.200,127.9800,0.8772,4.4400,0.2837,-1
KHAPRETA_510206,312071.860,2624339.200,128.4800,0.6181,3.9400,0.2518,-1
KHAPRETA_510206,312072.860,2624339.200,128.5400,0.6481,3.8800,0.2479,-1
KHAPRETA_510206,312078.860,2624339.200,128.5000,0.0000,3.9200,0.2505,-1
KHAPRETA_510206,312087.860,2624339.200,128.5800,0.0000,3.8400,0.2454,-1
KHAPRETA_510206,312089.860,2624339.200,128.9000,0.0000,3.5200,0.2249,-1
KHAPRETA_510206,312091.860,2624339.200,128.8600,0.4581,3.5600,0.2275,-1
KHAPRETA_510206,312092.860,2624339.200,128.8600,0.4581,3.5600,0.2275,-1
KHAPRETA_510206,312095.860,2624339.200,128.9000,0.5792,3.5200,0.2249,-1
KHAPRETA_510206,312096.860,2624339.200,129.0300,0.4381,3.3900,0.2166,-1
KHAPRETA_510206,312098.860,2624339.200,128.9700,0.5913,3.4500,0.2204,-1
KHAPRETA_510206,312099.860,2624339.200,129.0800,0.5771,3.3400,0.2134,-1
KHAPRETA_510206,312107.860,2624339.200,128.9400,0.3231,3.4800,0.2224,-1
KHAPRETA_510206,312111.860,2624339.200,129.0200,0.1200,3.4000,0.2173,-1
KHAPRETA_510206,312114.860,2624339.200,129.3300,0.0000,3.0900,0.1974,-1
KHAPRETA_510206,312117.860,2624339.200,129.3200,0.2131,3.1000,0.1981,-1
KHAPRETA_510206,312129.860,2624339.200,128.9900,0.4131,3.4300,0.2192,-1
KHAPRETA_510206,312146.860,2624339.200,129.7900,0.0081,2.6300,0.1681,-1
KHAPRETA_510206,312147.860,2624339.200,129.7600,0.0069,2.6600,0.1700,-1
KHAPRETA_510206,312157.860,2624339.200,129.9700,0.1119,2.4500,0.1565,-1
KHAPRETA_510206,312159.860,2624339.200,129.9900,0.1647,2.4300,0.1553,-1
KHAPRETA_510206,312160.860,2624339.200,130.0900,0.1306,2.3300,0.1489,-1
KHAPRETA_510206,312164.860,2624339.200,129.9200,0.0000,2.5000,0.1597,-1
KHAPRETA_510206,312167.860,2624339.200,130.0500,0.0000,2.3700,0.1514,-1
KHAPRETA_510206,312170.860,2624339.200,130.1000,0.0000,2.3200,0.1482,-1
KHAPRETA_510206,312177.860,2624339.200,130.1300,0.1919,2.2900,0.1463,-1
KHAPRETA_510206,312186.860,2624339.200,130.2900,0.0000,2.1300,0.1361,-1
KHAPRETA_510206,312188.860,2624339.200,130.3100,0.2619,2.1100,0.1348,-1
KHAPRETA_510206,312191.860,2624339.200,130.2600,0.2669,2.1600,0.1380,-1
KHAPRETA_510206,312198.860,2624339.200,130.0200,0.1817,2.4000,0.1534,-1
KHAPRETA_510206,312199.860,2624339.200,129.9900,0.1219,2.4300,0.1553,-1
KHAPRETA_510206,312215.860,2624339.200,130.0900,0.1919,2.3300,0.1489,-1
KHAPRETA_510206,312216.860,2624339.200,130.1600,0.0550,2.2600,0.1444,-1
KHAPRETA_510206,312217.860,2624339.200,130.2000,0.0000,2.2200,0.1419,-1
KHAPRETA_510206,312218.860,2624339.200,130.1600,0.2859,2.2600,0.1444,-1
KHAPRETA_510206,312220.860,2624339.200,130.2100,0.2019,2.2100,0.1412,-1
KHAPRETA_510206,312221.860,2624339.200,130.1800,0.2169,2.2400,0.1431,-1
KHAPRETA_510206,312227.860,2624339.200,130.4700,0.3319,1.9500,0.1246,-1
KHAPRETA_510206,312228.860,2624339.200,130.4400,0.3176,1.9800,0.1265,-1
KHAPRETA_510206,312229.860,2624339.200,130.4300,0.4838,1.9900,0.1272,-1
KHAPRETA_510206,312231.860,2624339.200,130.5200,0.0000,1.9000,0.1214,-1
KHAPRETA_510206,312235.860,2624339.200,130.4100,0.2919,2.0100,0.1284,-1
KHAPRETA_510206,312242.860,2624339.200,130.4500,0.3769,1.9700,0.1259,-1
KHAPRETA_510206,312243.860,2624339.200,130.5300,0.4945,1.8900,0.1208,-1
KHAPRETA_510206,312249.860,2624339.200,130.9900,0.6369,1.4300,0.0914,-1
KHAPRETA_510206,312251.860,2624339.200,130.9300,0.0000,1.4900,0.0952,-1
KHAPRETA_510206,312261.860,2624339.200,130.8900,0.0000,1.5300,0.0978,-1
KHAPRETA_510206,312267.860,2624339.200,131.0000,0.6619,1.4200,0.0907,-1
KHAPRETA_510206,312276.860,2624339.200,130.9400,0.7019,1.4800,0.0946,-1
KHAPRETA_510206,312278.860,2624339.200,131.4300,0.9319,0.9900,0.0633,-1
KHAPRETA_510206,312280.860,2624339.200,131.1800,0.6669,1.2400,0.0792,-1
KHAPRETA_510206,312281.860,2624339.200,131.1100,0.0200,1.3100,0.0837,-1
KHAPRETA_510206,312282.860,2624339.200,131.1400,0.6671,1.2800,0.0818,-1
KHAPRETA_510206,312292.860,2624339.200,131.4900,0.0000,0.9300,0.0594,-1
KHAPRETA_510206,312301.860,2624339.200,131.4500,0.8319,0.9700,0.0620,-1
KHAPRETA_510206,312302.860,2624339.200,131.4400,0.0050,0.9800,0.0626,-1
KHAPRETA_510206,312303.860,2624339.200,131.4600,0.8319,0.9600,0.0613,-1
KHAPRETA_510206,312308.860,2624339.200,131.9100,0.8969,0.5100,0.0326,-1
KHAPRETA_510206,312326.860,2624339.200,132.3900,0.0000,0.0300,0.0019,-1
KHAPRETA_510206,311925.860,2624340.200,129.8000,0.1069,2.6200,0.1674,-1
KHAPRETA_510206,311929.860,2624340.200,130.4000,1.2619,2.0200,0.1291,-1
KHAPRETA_510206,311932.860,2624340.200,128.0500,0.0600,4.3700,0.2792,-1
KHAPRETA_510206,311936.860,2624340.200,128.2200,1.4659,4.2000,0.2684,-1
KHAPRETA_510206,311937.860,2624340.200,127.7000,0.1550,4.7200,0.3016,-1
KHAPRETA_510206,311938.860,2624340.200,127.9100,0.2050,4.5100,0.2882,-1
KHAPRETA_510206,311939.860,2624340.200,128.1100,0.9331,4.3100,0.2754,-1
KHAPRETA_510206,311941.860,2624340.200,126.7200,1.5531,5.7000,0.3642,-1
KHAPRETA_510206,311942.860,2624340.200,126.6700,1.4789,5.7500,0.3674,-1
KHAPRETA_510206,311943.860,2624340.200,126.6200,2.2284,5.8000,0.3706,-1
KHAPRETA_510206,311947.860,2624340.200,125.3500,0.0000,7.0700,0.4518,-1
KHAPRETA_510206,311950.860,2624340.200,125.4800,0.0000,6.9400,0.4435,-1
KHAPRETA_510206,311952.860,2624340.200,124.8900,2.2881,7.5300,0.4812,-1
KHAPRETA_510206,311953.860,2624340.200,125.2000,2.4431,7.2200,0.4613,-1
KHAPRETA_510206,311955.860,2624340.200,125.1900,0.0000,7.2300,0.4620,-1
KHAPRETA_510206,311963.860,2624340.200,130.7400,0.7569,1.6800,0.1073,-1
KHAPRETA_510206,311966.860,2624340.200,131.4100,0.2850,1.0100,0.0645,-1
KHAPRETA_510206,311973.860,2624340.200,127.2600,0.0000,5.1600,0.3297,-1
KHAPRETA_510206,311975.860,2624340.200,127.2700,0.0000,5.1500,0.3291,-1
KHAPRETA_510206,311977.860,2624340.200,127.8300,0.6531,4.5900,0.2933,-1
KHAPRETA_510206,311979.860,2624340.200,128.3300,0.7149,4.0900,0.2613,-1
KHAPRETA_510206,311980.860,2624340.200,128.6700,0.3200,3.7500,0.2396,-1
KHAPRETA_510206,311981.860,2624340.200,128.9700,0.8906,3.4500,0.2204,-1
KHAPRETA_510206,311985.860,2624340.200,128.3700,0.0000,4.0500,0.2588,-1
KHAPRETA_510206,311990.860,2624340.200,128.7300,0.0000,3.6900,0.2358,-1
KHAPRETA_510206,311993.860,2624340.200,128.1400,0.7181,4.2800,0.2735,-1
KHAPRETA_510206,311997.860,2624340.200,127.3300,0.0000,5.0900,0.3252,-1
KHAPRETA_510206,312003.860,2624340.200,127.4600,1.1533,4.9600,0.3169,-1
KHAPRETA_510206,312004.860,2624340.200,127.4700,1.1581,4.9500,0.3163,-1
KHAPRETA_510206,312012.860,2624340.200,127.7700,0.9881,4.6500,0.2971,-1
KHAPRETA_510206,312014.860,2624340.200,128.1100,0.8631,4.3100,0.2754,-1
KHAPRETA_510206,312015.860,2624340.200,128.0500,0.8331,4.3700,0.2792,-1
KHAPRETA_510206,312020.860,2624340.200,127.5700,0.0000,4.8500,0.3099,-1
KHAPRETA_510206,312028.860,2624340.200,127.6000,0.8881,4.8200,0.3080,-1
KHAPRETA_510206,312029.860,2624340.200,128.0000,1.0881,4.4200,0.2824,-1
KHAPRETA_510206,312031.860,2624340.200,127.6500,1.2185,4.7700,0.3048,-1
KHAPRETA_510206,312032.860,2624340.200,128.1400,1.4685,4.2800,0.2735,-1
KHAPRETA_510206,312034.860,2624340.200,127.8300,0.9381,4.5900,0.2933,-1
KHAPRETA_510206,312035.860,2624340.200,127.9000,1.0926,4.5200,0.2888,-1
KHAPRETA_510206,312036.860,2624340.200,127.6300,1.3770,4.7900,0.3061,-1
KHAPRETA_510206,312039.860,2624340.200,128.3500,0.1431,4.0700,0.2601,-1
KHAPRETA_510206,312040.860,2624340.200,129.4900,0.6492,2.9300,0.1872,-1
KHAPRETA_510206,312041.860,2624340.200,129.6200,1.2383,2.8000,0.1789,-1
KHAPRETA_510206,312042.860,2624340.200,128.0800,0.0781,4.3400,0.2773,-1
KHAPRETA_510206,312050.860,2624340.200,127.8600,1.3383,4.5600,0.2914,-1
KHAPRETA_510206,312051.860,2624340.200,127.9600,0.0300,4.4600,0.2850,-1
KHAPRETA_510206,312052.860,2624340.200,127.9200,0.9081,4.5000,0.2875,-1
KHAPRETA_510206,312056.860,2624340.200,127.9700,1.2137,4.4500,0.2843,-1
KHAPRETA_510206,312057.860,2624340.200,128.0900,0.8984,4.3300,0.2767,-1
KHAPRETA_510206,312058.860,2624340.200,128.0200,0.0150,4.4000,0.2811,-1
KHAPRETA_510206,312059.860,2624340.200,128.1200,0.8781,4.3000,0.2748,-1
KHAPRETA_510206,312061.860,2624340.200,128.0400,0.0000,4.3800,0.2799,-1
KHAPRETA_510206,312076.860,2624340.200,128.5200,0.0000,3.9000,0.2492,-1
KHAPRETA_510206,312079.860,2624340.200,128.5200,0.5831,3.9000,0.2492,-1
KHAPRETA_510206,312086.860,2624340.200,128.6900,0.0000,3.7300,0.2383,-1
KHAPRETA_510206,312090.860,2624340.200,128.9300,0.0000,3.4900,0.2230,-1
KHAPRETA_510206,312094.860,2624340.200,128.8900,0.6161,3.5300,0.2256,-1
KHAPRETA_510206,312095.860,2624340.200,128.8900,0.6231,3.5300,0.2256,-1
KHAPRETA_510206,312098.860,2624340.200,128.8200,0.0400,3.6000,0.2300,-1
KHAPRETA_510206,312106.860,2624340.200,128.9000,0.3231,3.5200,0.2249,-1
KHAPRETA_510206,312107.860,2624340.200,129.1300,0.4902,3.2900,0.2102,-1
KHAPRETA_510206,312111.860,2624340.200,129.0100,0.4441,3.4100,0.2179,-1
KHAPRETA_510206,312112.860,2624340.200,129.3100,0.1650,3.1100,0.1987,-1
KHAPRETA_510206,312113.860,2624340.200,129.3400,0.2331,3.0800,0.1968,-1
KHAPRETA_510206,312115.860,2624340.200,129.4900,0.2131,2.9300,0.1872,-1
KHAPRETA_510206,312119.860,2624340.200,129.4800,0.3131,2.9400,0.1879,-1
KHAPRETA_510206,312120.860,2624340.200,129.1500,0.1481,3.2700,0.2089,-1
KHAPRETA_510206,312122.860,2624340.200,128.8300,0.4781,3.5900,0.2294,-1
KHAPRETA_510206,312129.860,2624340.200,128.9500,0.4903,3.4700,0.2217,-1
KHAPRETA_510206,312130.860,2624340.200,129.1900,0.0800,3.2300,0.2064,-1
KHAPRETA_510206,312131.860,2624340.200,129.1100,0.0250,3.3100,0.2115,-1
KHAPRETA_510206,312132.860,2624340.200,129.1400,0.3331,3.2800,0.2096,-1
KHAPRETA_510206,312137.860,2624340.200,129.2200,0.1731,3.2000,0.2045,-1
KHAPRETA_510206,312140.860,2624340.200,129.2600,0.1781,3.1600,0.2019,-1
KHAPRETA_510206,312141.860,2624340.200,129.4200,0.2350,3.0000,0.1917,-1
KHAPRETA_510206,312142.860,2624340.200,129.7300,0.1781,2.6900,0.1719,-1
KHAPRETA_510206,312145.860,2624340.200,129.8000,0.0000,2.6200,0.1674,-1
KHAPRETA_510206,312156.860,2624340.200,129.8100,0.0000,2.6100,0.1668,-1
KHAPRETA_510206,312158.860,2624340.200,129.7100,0.0809,2.7100,0.1732,-1
KHAPRETA_510206,312159.860,2624340.200,129.9200,0.1780,2.5000,0.1597,-1
KHAPRETA_510206,312160.860,2624340.200,129.9300,0.0735,2.4900,0.1591,-1
KHAPRETA_510206,312172.860,2624340.200,130.0600,0.1869,2.3600,0.1508,-1
KHAPRETA_510206,312174.860,2624340.200,130.1300,0.1869,2.2900,0.1463,-1
KHAPRETA_510206,312175.860,2624340.200,130.1500,0.1769,2.2700,0.1450,-1
KHAPRETA_510206,312183.860,2624340.200,130.2100,0.0000,2.2100,0.1412,-1
KHAPRETA_510206,312185.860,2624340.200,130.2900,0.0000,2.1300,0.1361,-1
KHAPRETA_510206,312188.860,2624340.200,130.3000,0.2669,2.1200,0.1355,-1
KHAPRETA_510206,312191.860,2624340.200,130.3100,0.2435,2.1100,0.1348,-1
KHAPRETA_510206,312192.860,2624340.200,130.2000,0.0000,2.2200,0.1419,-1
KHAPRETA_510206,312193.860,2624340.200,130.3100,0.2119,2.1100,0.1348,-1
KHAPRETA_510206,312195.860,2624340.200,130.2700,0.1769,2.1500,0.1374,-1
KHAPRETA_510206,312202.860,2624340.200,129.9200,0.2069,2.5000,0.1597,-1
KHAPRETA_510206,312209.860,2624340.200,130.1200,0.0000,2.3000,0.1470,-1
KHAPRETA_510206,312218.860,2624340.200,130.1600,0.1969,2.2600,0.1444,-1
KHAPRETA_510206,312219.860,2624340.200,130.1700,0.1919,2.2500,0.1438,-1
KHAPRETA_510206,312224.860,2624340.200,130.1800,0.0000,2.2400,0.1431,-1
KHAPRETA_510206,312226.860,2624340.200,130.1800,0.0000,2.2400,0.1431,-1
KHAPRETA_510206,312228.860,2624340.200,130.4100,0.4838,2.0100,0.1284,-1
KHAPRETA_510206,312229.860,2624340.200,130.4800,0.3279,1.9400,0.1240,-1
KHAPRETA_510206,312230.860,2624340.200,130.4600,0.3519,1.9600,0.1252,-1
KHAPRETA_510206,312234.860,2624340.200,130.3700,0.0000,2.0500,0.1310,-1
KHAPRETA_510206,312240.860,2624340.200,130.4400,0.0000,1.9800,0.1265,-1
KHAPRETA_510206,312243.860,2624340.200,130.5000,0.5260,1.9200,0.1227,-1
KHAPRETA_510206,312244.860,2624340.200,130.5100,0.0100,1.9100,0.1220,-1
KHAPRETA_510206,312245.860,2624340.200,130.5200,0.5189,1.9000,0.1214,-1
KHAPRETA_510206,312249.860,2624340.200,131.0500,0.6218,1.3700,0.0875,-1
KHAPRETA_510206,312250.860,2624340.200,130.9900,0.6369,1.4300,0.0914,-1
KHAPRETA_510206,312256.860,2624340.200,130.7700,0.5719,1.6500,0.1054,-1
KHAPRETA_510206,312263.860,2624340.200,130.7300,0.0000,1.6900,0.1080,-1
KHAPRETA_510206,312266.860,2624340.200,130.9500,0.0000,1.4700,0.0939,-1
KHAPRETA_510206,312271.860,2624340.200,130.7900,0.8319,1.6300,0.1042,-1
KHAPRETA_510206,312276.860,2624340.200,131.1800,1.0902,1.2400,0.0792,-1
KHAPRETA_510206,312277.860,2624340.200,131.6200,0.2300,0.8000,0.0511,-1
KHAPRETA_510206,312278.860,2624340.200,131.6400,0.8452,0.7800,0.0498,-1
KHAPRETA_510206,312279.860,2624340.200,131.2700,1.3322,1.1500,0.0735,-1
KHAPRETA_510206,312282.860,2624340.200,131.1300,0.9967,1.2900,0.0824,-1
KHAPRETA_510206,312283.860,2624340.200,131.2300,1.0533,1.1900,0.0760,-1
KHAPRETA_510206,312285.860,2624340.200,131.3600,0.0000,1.0600,0.0677,-1
KHAPRETA_510206,312289.860,2624340.200,131.5300,0.0000,0.8900,0.0569,-1
KHAPRETA_510206,312293.860,2624340.200,131.4000,0.0000,1.0200,0.0652,-1
KHAPRETA_510206,312295.860,2624340.200,131.3800,0.0000,1.0400,0.0665,-1
KHAPRETA_510206,312297.860,2624340.200,131.5100,0.0000,0.9100,0.0581,-1
KHAPRETA_510206,312327.860,2624340.200,132.2800,0.0000,0.1400,0.0089,-1
KHAPRETA_510206,312330.860,2624340.200,132.1800,0.0000,0.2400,0.0153,-1
KHAPRETA_510206,312332.860,2624340.200,132.1800,0.0000,0.2400,0.0153,-1
KHAPRETA_510206,312334.860,2624340.200,132.3400,0.0000,0.0800,0.0051,-1
KHAPRETA_510206,311911.860,2624341.200,128.6700,0.6531,3.7500,0.2396,-1
KHAPRETA_510206,311914.860,2624341.200,128.6500,0.0000,3.7700,0.2409,-1
KHAPRETA_510206,311925.860,2624341.200,129.9900,0.3571,2.4300,0.1553,-1
KHAPRETA_510206,311926.860,2624341.200,130.4900,0.1069,1.9300,0.1233,-1
KHAPRETA_510206,311932.860,2624341.200,127.9500,0.8631,4.4700,0.2856,-1
KHAPRETA_510206,311936.860,2624341.200,127.6600,0.7781,4.7600,0.3042,-1
KHAPRETA_510206,311942.860,2624341.200,126.8200,1.5531,5.6000,0.3578,-1
KHAPRETA_510206,311944.860,2624341.200,125.6600,2.2081,6.7600,0.4319,-1
KHAPRETA_510206,311945.860,2624341.200,125.3600,2.0581,7.0600,0.4511,-1
KHAPRETA_510206,311948.860,2624341.200,125.3100,2.2631,7.1100,0.4543,-1
KHAPRETA_510206,311957.860,2624341.200,125.6400,0.0000,6.7800,0.4332,-1
KHAPRETA_510206,311959.860,2624341.200,125.8900,0.0000,6.5300,0.4173,-1
KHAPRETA_510206,311966.860,2624341.200,131.5100,1.2393,0.9100,0.0581,-1
KHAPRETA_510206,311967.860,2624341.200,131.6400,0.8226,0.7800,0.0498,-1
KHAPRETA_510206,311968.860,2624341.200,130.5900,1.1975,1.8300,0.1169,-1
KHAPRETA_510206,311970.860,2624341.200,127.6700,0.0000,4.7500,0.3035,-1
KHAPRETA_510206,311972.860,2624341.200,127.4000,0.9481,5.0200,0.3208,-1
KHAPRETA_510206,311976.860,2624341.200,128.0800,0.6531,4.3400,0.2773,-1
KHAPRETA_510206,311977.860,2624341.200,128.4700,0.2780,3.9500,0.2524,-1
KHAPRETA_510206,311978.860,2624341.200,128.4200,0.7892,4.0000,0.2556,-1
KHAPRETA_510206,311981.860,2624341.200,128.3800,0.7092,4.0400,0.2581,-1
KHAPRETA_510206,311982.860,2624341.200,128.5600,0.6981,3.8600,0.2466,-1
KHAPRETA_510206,311984.860,2624341.200,128.5900,0.0000,3.8300,0.2447,-1
KHAPRETA_510206,311987.860,2624341.200,128.8500,0.7634,3.5700,0.2281,-1
KHAPRETA_510206,311988.860,2624341.200,128.5700,0.3000,3.8500,0.2460,-1
KHAPRETA_510206,311989.860,2624341.200,128.2500,0.9112,4.1700,0.2665,-1
KHAPRETA_510206,311993.860,2624341.200,128.3400,0.8181,4.0800,0.2607,-1
KHAPRETA_510206,311995.860,2624341.200,127.3600,0.0000,5.0600,0.3233,-1
KHAPRETA_510206,312000.860,2624341.200,127.4000,1.1931,5.0200,0.3208,-1
KHAPRETA_510206,312003.860,2624341.200,127.3900,1.1581,5.0300,0.3214,-1
KHAPRETA_510206,312012.860,2624341.200,127.8000,1.0031,4.6200,0.2952,-1
KHAPRETA_510206,312021.860,2624341.200,127.5600,0.0000,4.8600,0.3105,-1
KHAPRETA_510206,312023.860,2624341.200,127.9800,0.0000,4.4400,0.2837,-1
KHAPRETA_510206,312027.860,2624341.200,127.6600,0.7981,4.7600,0.3042,-1
KHAPRETA_510206,312031.860,2624341.200,127.9700,1.0241,4.4500,0.2843,-1
KHAPRETA_510206,312032.860,2624341.200,127.7500,0.8422,4.6700,0.2984,-1
KHAPRETA_510206,312033.860,2624341.200,127.5700,1.0131,4.8500,0.3099,-1
KHAPRETA_510206,312035.860,2624341.200,127.6000,1.3770,4.8200,0.3080,-1
KHAPRETA_510206,312036.860,2624341.200,127.7600,1.1248,4.6600,0.2978,-1
KHAPRETA_510206,312040.860,2624341.200,129.3300,0.7300,3.0900,0.1974,-1
KHAPRETA_510206,312054.860,2624341.200,128.2100,1.1139,4.2100,0.2690,-1
KHAPRETA_510206,312055.860,2624341.200,128.5000,1.1145,3.9200,0.2505,-1
KHAPRETA_510206,312062.860,2624341.200,128.0600,0.0000,4.3600,0.2786,-1
KHAPRETA_510206,312064.860,2624341.200,128.1000,0.8131,4.3200,0.2760,-1
KHAPRETA_510206,312066.860,2624341.200,128.4400,0.6481,3.9800,0.2543,-1
KHAPRETA_510206,312067.860,2624341.200,128.4800,0.6681,3.9400,0.2518,-1
KHAPRETA_510206,312069.860,2624341.200,128.5000,0.0000,3.9200,0.2505,-1
KHAPRETA_510206,312072.860,2624341.200,128.5600,0.6181,3.8600,0.2466,-1
KHAPRETA_510206,312073.860,2624341.200,128.5400,0.0450,3.8800,0.2479,-1
KHAPRETA_510206,312074.860,2624341.200,128.6500,0.6181,3.7700,0.2409,-1
KHAPRETA_510206,312077.860,2624341.200,128.6900,0.0000,3.7300,0.2383,-1
KHAPRETA_510206,312079.860,2624341.200,128.6100,0.6281,3.8100,0.2435,-1
KHAPRETA_510206,312083.860,2624341.200,128.6100,0.0000,3.8100,0.2435,-1
KHAPRETA_510206,312085.860,2624341.200,128.6100,0.0000,3.8100,0.2435,-1
KHAPRETA_510206,312089.860,2624341.200,128.6300,0.4881,3.7900,0.2422,-1
KHAPRETA_510206,312094.860,2624341.200,128.9200,0.4431,3.5000,0.2236,-1
KHAPRETA_510206,312097.860,2624341.200,128.8300,0.4431,3.5900,0.2294,-1
KHAPRETA_510206,312098.860,2624341.200,128.8900,0.0791,3.5300,0.2256,-1
KHAPRETA_510206,312099.860,2624341.200,128.9600,0.6161,3.4600,0.2211,-1
KHAPRETA_510206,312107.860,2624341.200,128.5000,0.6021,3.9200,0.2505,-1
KHAPRETA_510206,312108.860,2624341.200,128.7600,0.2500,3.6600,0.2339,-1
KHAPRETA_510206,312109.860,2624341.200,129.0000,0.3505,3.4200,0.2185,-1
KHAPRETA_510206,312110.860,2624341.200,129.4500,0.3881,2.9700,0.1898,-1
KHAPRETA_510206,312114.860,2624341.200,129.3900,0.2131,3.0300,0.1936,-1
KHAPRETA_510206,312115.860,2624341.200,129.3500,0.1485,3.0700,0.1962,-1
KHAPRETA_510206,312116.860,2624341.200,129.3100,0.2131,3.1100,0.1987,-1
KHAPRETA_510206,312118.860,2624341.200,128.8900,0.0000,3.5300,0.2256,-1
KHAPRETA_510206,312122.860,2624341.200,128.8200,0.4731,3.6000,0.2300,-1
KHAPRETA_510206,312124.860,2624341.200,128.9200,0.0000,3.5000,0.2236,-1
KHAPRETA_510206,312135.860,2624341.200,129.2300,0.0431,3.1900,0.2038,-1
KHAPRETA_510206,312137.860,2624341.200,129.4300,0.2250,2.9900,0.1911,-1
KHAPRETA_510206,312139.860,2624341.200,129.7400,0.0000,2.6800,0.1712,-1
KHAPRETA_510206,312141.860,2624341.200,129.7700,0.1781,2.6500,0.1693,-1
KHAPRETA_510206,312144.860,2624341.200,129.8200,0.0000,2.6000,0.1661,-1
KHAPRETA_510206,312155.860,2624341.200,130.1300,0.0000,2.2900,0.1463,-1
KHAPRETA_510206,312158.860,2624341.200,129.8500,0.0468,2.5700,0.1642,-1
KHAPRETA_510206,312159.860,2624341.200,129.7100,0.1107,2.7100,0.1732,-1
KHAPRETA_510206,312160.860,2624341.200,130.0600,0.0837,2.3600,0.1508,-1
KHAPRETA_510206,312166.860,2624341.200,130.0500,0.0969,2.3700,0.1514,-1
KHAPRETA_510206,312167.860,2624341.200,129.9700,0.1369,2.4500,0.1565,-1
KHAPRETA_510206,312172.860,2624341.200,130.1500,0.0300,2.2700,0.1450,-1
KHAPRETA_510206,312176.860,2624341.200,130.1500,0.1869,2.2700,0.1450,-1
KHAPRETA_510206,312178.860,2624341.200,130.1700,0.2169,2.2500,0.1438,-1
KHAPRETA_510206,312179.860,2624341.200,130.2100,0.1969,2.2100,0.1412,-1
KHAPRETA_510206,312181.860,2624341.200,130.1800,0.2119,2.2400,0.1431,-1
KHAPRETA_510206,312186.860,2624341.200,130.2900,0.2369,2.1300,0.1361,-1
KHAPRETA_510206,312189.860,2624341.200,130.3100,0.2449,2.1100,0.1348,-1
KHAPRETA_510206,312190.860,2624341.200,129.9600,0.1450,2.4600,0.1572,-1
KHAPRETA_510206,312191.860,2624341.200,130.0200,0.2823,2.4000,0.1534,-1
KHAPRETA_510206,312195.860,2624341.200,130.1300,0.3457,2.2900,0.1463,-1
KHAPRETA_510206,312196.860,2624341.200,130.2600,0.1769,2.1600,0.1380,-1
KHAPRETA_510206,312202.860,2624341.200,130.1900,0.7650,2.2300,0.1425,-1
KHAPRETA_510206,312205.860,2624341.200,130.1800,0.2678,2.2400,0.1431,-1
KHAPRETA_510206,312206.860,2624341.200,130.2100,0.2019,2.2100,0.1412,-1
KHAPRETA_510206,312212.860,2624341.200,130.1500,0.2069,2.2700,0.1450,-1
KHAPRETA_510206,312213.860,2624341.200,130.1900,0.1869,2.2300,0.1425,-1
KHAPRETA_510206,312217.860,2624341.200,130.1600,0.1919,2.2600,0.1444,-1
KHAPRETA_510206,312218.860,2624341.200,130.1600,0.1922,2.2600,0.1444,-1
KHAPRETA_510206,312225.860,2624341.200,130.1900,0.0000,2.2300,0.1425,-1
KHAPRETA_510206,312227.860,2624341.200,130.3100,0.0000,2.1100,0.1348,-1
KHAPRETA_510206,312233.860,2624341.200,130.4500,0.0000,1.9700,0.1259,-1
KHAPRETA_510206,312235.860,2624341.200,130.3900,0.3419,2.0300,0.1297,-1
KHAPRETA_510206,312236.860,2624341.200,130.4600,0.3069,1.9600,0.1252,-1
KHAPRETA_510206,312238.860,2624341.200,130.4400,0.0000,1.9800,0.1265,-1
KHAPRETA_510206,312245.860,2624341.200,130.5100,0.3719,1.9100,0.1220,-1
KHAPRETA_510206,312247.860,2624341.200,130.4600,0.0000,1.9600,0.1252,-1
KHAPRETA_510206,312249.860,2624341.200,130.7200,0.2150,1.7000,0.1086,-1
KHAPRETA_510206,312253.860,2624341.200,130.8800,0.0000,1.5400,0.0984,-1
KHAPRETA_510206,312256.860,2624341.200,130.9200,0.4969,1.5000,0.0958,-1
KHAPRETA_510206,312258.860,2624341.200,131.0800,0.6469,1.3400,0.0856,-1
KHAPRETA_510206,312267.860,2624341.200,130.7500,0.0000,1.6700,0.1067,-1
KHAPRETA_510206,312271.860,2624341.200,131.4400,0.6503,0.9800,0.0626,-1
KHAPRETA_510206,312272.860,2624341.200,131.0200,0.8319,1.4000,0.0895,-1
KHAPRETA_510206,312279.860,2624341.200,131.6800,0.9980,0.7400,0.0473,-1
KHAPRETA_510206,312280.860,2624341.200,131.1000,1.3357,1.3200,0.0843,-1
KHAPRETA_510206,312283.860,2624341.200,131.3900,0.7269,1.0300,0.0658,-1
KHAPRETA_510206,312288.860,2624341.200,131.4000,0.8069,1.0200,0.0652,-1
KHAPRETA_510206,312291.860,2624341.200,131.4500,0.0000,0.9700,0.0620,-1
KHAPRETA_510206,312299.860,2624341.200,131.4900,0.0000,0.9300,0.0594,-1
KHAPRETA_510206,312303.860,2624341.200,131.8100,0.0000,0.6100,0.0390,-1
KHAPRETA_510206,312305.860,2624341.200,131.9600,0.0000,0.4600,0.0294,-1
KHAPRETA_510206,312322.860,2624341.200,132.2200,0.0000,0.2000,0.0128,-1
KHAPRETA_510206,311911.860,2624342.200,128.4700,0.5531,3.9500,0.2524,-1
KHAPRETA_510206,311915.860,2624342.200,128.5400,0.0000,3.8800,0.2479,-1
KHAPRETA_510206,311922.860,2624342.200,129.8900,0.0000,2.5300,0.1617,-1
KHAPRETA_510206,311930.860,2624342.200,132.0400,0.6219,0.3800,0.0243,-1
KHAPRETA_510206,311931.860,2624342.200,131.0200,1.1854,1.4000,0.0895,-1
KHAPRETA_510206,311933.860,2624342.200,127.6600,0.0000,4.7600,0.3042,-1
KHAPRETA_510206,311937.860,2624342.200,126.6400,0.0000,5.7800,0.3693,-1
KHAPRETA_510206,311948.860,2624342.200,125.2500,0.0250,7.1700,0.4581,-1
KHAPRETA_510206,311950.860,2624342.200,125.2200,2.2481,7.2000,0.4601,-1
KHAPRETA_510206,311954.860,2624342.200,125.4900,2.3431,6.9300,0.4428,-1
KHAPRETA_510206,311958.860,2624342.200,125.7500,0.0000,6.6700,0.4262,-1
KHAPRETA_510206,311967.860,2624342.200,131.1400,0.9842,1.2800,0.0818,-1
KHAPRETA_510206,311968.860,2624342.200,131.2800,0.7213,1.1400,0.0728,-1
KHAPRETA_510206,311972.860,2624342.200,127.8800,0.1050,4.5400,0.2901,-1
KHAPRETA_510206,311975.860,2624342.200,127.4600,1.0131,4.9600,0.3169,-1
KHAPRETA_510206,311977.860,2624342.200,128.2700,0.4494,4.1500,0.2652,-1
KHAPRETA_510206,311978.860,2624342.200,128.8900,1.0133,3.5300,0.2256,-1
KHAPRETA_510206,311980.860,2624342.200,128.3800,0.7681,4.0400,0.2581,-1
KHAPRETA_510206,311981.860,2624342.200,128.2400,0.6985,4.1800,0.2671,-1
KHAPRETA_510206,311986.860,2624342.200,128.4900,0.4681,3.9300,0.2511,-1
KHAPRETA_510206,311987.860,2624342.200,128.8400,0.6749,3.5800,0.2288,-1
KHAPRETA_510206,311989.860,2624342.200,128.4100,0.7631,4.0100,0.2562,-1
KHAPRETA_510206,311992.860,2624342.200,128.6800,0.5831,3.7400,0.2390,-1
KHAPRETA_510206,312000.860,2624342.200,127.3900,1.1881,5.0300,0.3214,-1
KHAPRETA_510206,312011.860,2624342.200,127.7900,0.0000,4.6300,0.2958,-1
KHAPRETA_510206,312018.860,2624342.200,128.0500,0.9681,4.3700,0.2792,-1
KHAPRETA_510206,312019.860,2624342.200,127.8400,0.8631,4.5800,0.2927,-1
KHAPRETA_510206,312025.860,2624342.200,127.6000,1.0481,4.8200,0.3080,-1
KHAPRETA_510206,312026.860,2624342.200,127.6800,0.2900,4.7400,0.3029,-1
KHAPRETA_510206,312027.860,2624342.200,128.1800,1.4893,4.2400,0.2709,-1
KHAPRETA_510206,312031.860,2624342.200,127.9500,0.9031,4.4700,0.2856,-1
KHAPRETA_510206,312036.860,2624342.200,128.2000,1.0081,4.2200,0.2696,-1
KHAPRETA_510206,312039.860,2624342.200,128.1100,0.8731,4.3100,0.2754,-1
KHAPRETA_510206,312040.860,2624342.200,128.0300,0.8960,4.3900,0.2805,-1
KHAPRETA_510206,312042.860,2624342.200,128.0700,0.8481,4.3500,0.2780,-1
KHAPRETA_510206,312044.860,2624342.200,128.3000,0.8731,4.1200,0.2633,-1
KHAPRETA_510206,312045.860,2624342.200,128.0300,1.0616,4.3900,0.2805,-1
KHAPRETA_510206,312054.860,2624342.200,127.9500,0.8062,4.4700,0.2856,-1
KHAPRETA_510206,312055.860,2624342.200,128.1900,0.9643,4.2300,0.2703,-1
KHAPRETA_510206,312064.860,2624342.200,128.1500,0.1550,4.2700,0.2728,-1
KHAPRETA_510206,312071.860,2624342.200,128.5400,0.0000,3.8800,0.2479,-1
KHAPRETA_510206,312075.860,2624342.200,128.6700,0.0000,3.7500,0.2396,-1
KHAPRETA_510206,312078.860,2624342.200,128.6000,0.5381,3.8200,0.2441,-1
KHAPRETA_510206,312080.860,2624342.200,128.6100,0.0000,3.8100,0.2435,-1
KHAPRETA_510206,312089.860,2624342.200,128.8000,0.5731,3.6200,0.2313,-1
KHAPRETA_510206,312098.860,2624342.200,128.9100,0.6161,3.5100,0.2243,-1
KHAPRETA_510206,312099.860,2624342.200,128.9200,0.5950,3.5000,0.2236,-1
KHAPRETA_510206,312101.860,2624342.200,129.0100,0.4431,3.4100,0.2179,-1
KHAPRETA_510206,312102.860,2624342.200,128.8900,0.3831,3.5300,0.2256,-1
KHAPRETA_510206,312105.860,2624342.200,128.8700,0.0000,3.5500,0.2268,-1
KHAPRETA_510206,312109.860,2624342.200,129.9000,0.6950,2.5200,0.1610,-1
KHAPRETA_510206,312120.860,2624342.200,129.6400,0.4181,2.7800,0.1776,-1
KHAPRETA_510206,312121.860,2624342.200,128.9400,0.0681,3.4800,0.2224,-1
KHAPRETA_510206,312125.860,2624342.200,128.9200,0.5347,3.5000,0.2236,-1
KHAPRETA_510206,312126.860,2624342.200,129.0300,0.4281,3.3900,0.2166,-1
KHAPRETA_510206,312131.860,2624342.200,129.3100,0.2431,3.1100,0.1987,-1
KHAPRETA_510206,312132.860,2624342.200,129.2900,0.2331,3.1300,0.2000,-1
KHAPRETA_510206,312135.860,2624342.200,129.6900,0.2764,2.7300,0.1744,-1
KHAPRETA_510206,312136.860,2624342.200,129.6900,0.0100,2.7300,0.1744,-1
KHAPRETA_510206,312137.860,2624342.200,129.6700,0.1783,2.7500,0.1757,-1
KHAPRETA_510206,312147.860,2624342.200,129.7800,0.0031,2.6400,0.1687,-1
KHAPRETA_510206,312148.860,2624342.200,129.7700,0.0520,2.6500,0.1693,-1
KHAPRETA_510206,312153.860,2624342.200,129.8200,0.2829,2.6000,0.1661,-1
KHAPRETA_510206,312154.860,2624342.200,130.1000,0.0219,2.3200,0.1482,-1
KHAPRETA_510206,312157.860,2624342.200,129.7800,0.0000,2.6400,0.1687,-1
KHAPRETA_510206,312159.860,2624342.200,129.8500,0.0550,2.5700,0.1642,-1
KHAPRETA_510206,312163.860,2624342.200,129.7900,0.1519,2.6300,0.1681,-1
KHAPRETA_510206,312164.860,2624342.200,130.0800,0.0069,2.3400,0.1495,-1
KHAPRETA_510206,312171.860,2624342.200,130.1200,0.1719,2.3000,0.1470,-1
KHAPRETA_510206,312172.860,2624342.200,130.1200,0.2540,2.3000,0.1470,-1
KHAPRETA_510206,312175.860,2624342.200,130.1400,0.2574,2.2800,0.1457,-1
KHAPRETA_510206,312176.860,2624342.200,130.1500,0.1880,2.2700,0.1450,-1
KHAPRETA_510206,312177.860,2624342.200,130.1800,0.2826,2.2400,0.1431,-1
KHAPRETA_510206,312181.860,2624342.200,130.2000,0.2022,2.2200,0.1419,-1
KHAPRETA_510206,312182.860,2624342.200,130.1800,0.2119,2.2400,0.1431,-1
KHAPRETA_510206,312186.860,2624342.200,130.2500,0.3705,2.1700,0.1387,-1
KHAPRETA_510206,312187.860,2624342.200,130.3100,0.2369,2.1100,0.1348,-1
KHAPRETA_510206,312189.860,2624342.200,130.2300,0.0900,2.1900,0.1399,-1
KHAPRETA_510206,312192.860,2624342.200,130.1400,0.2319,2.2800,0.1457,-1
KHAPRETA_510206,312194.860,2624342.200,130.0800,0.0000,2.3400,0.1495,-1
KHAPRETA_510206,312201.860,2624342.200,129.9400,0.8369,2.4800,0.1585,-1
KHAPRETA_510206,312202.860,2624342.200,131.4500,0.2226,0.9700,0.0620,-1
KHAPRETA_510206,312205.860,2624342.200,130.0900,0.0400,2.3300,0.1489,-1
KHAPRETA_510206,312207.860,2624342.200,130.1300,0.0000,2.2900,0.1463,-1
KHAPRETA_510206,312218.860,2624342.200,130.1400,0.1919,2.2800,0.1457,-1
KHAPRETA_510206,312219.860,2624342.200,130.1600,0.1975,2.2600,0.1444,-1
KHAPRETA_510206,312220.860,2624342.200,130.1700,0.1919,2.2500,0.1438,-1
KHAPRETA_510206,312223.860,2624342.200,130.1800,0.0000,2.2400,0.1431,-1
KHAPRETA_510206,312226.860,2624342.200,130.1900,0.0000,2.2300,0.1425,-1
KHAPRETA_510206,312229.860,2624342.200,130.4600,0.0000,1.9600,0.1252,-1
KHAPRETA_510206,312232.860,2624342.200,130.5900,0.3169,1.8300,0.1169,-1
KHAPRETA_510206,312241.860,2624342.200,130.4900,0.0000,1.9300,0.1233,-1
KHAPRETA_510206,312249.860,2624342.200,130.6200,0.4719,1.8000,0.1150,-1
KHAPRETA_510206,312254.860,2624342.200,131.0100,0.5869,1.4100,0.0901,-1
KHAPRETA_510206,312255.860,2624342.200,130.9500,0.8585,1.4700,0.0939,-1
KHAPRETA_510206,312258.860,2624342.200,131.0700,0.6519,1.3500,0.0863,-1
KHAPRETA_510206,312264.860,2624342.200,130.7700,0.4569,1.6500,0.1054,-1
KHAPRETA_510206,312265.860,2624342.200,130.6900,0.0800,1.7300,0.1105,-1
KHAPRETA_510206,312266.860,2624342.200,130.9300,0.4569,1.4900,0.0952,-1
KHAPRETA_510206,312271.860,2624342.200,131.1700,0.8319,1.2500,0.0799,-1
KHAPRETA_510206,312274.860,2624342.200,131.3600,0.9169,1.0600,0.0677,-1
KHAPRETA_510206,312275.860,2624342.200,131.6100,0.7919,0.8100,0.0518,-1
KHAPRETA_510206,312278.860,2624342.200,131.3900,0.0000,1.0300,0.0658,-1
KHAPRETA_510206,312280.860,2624342.200,131.6500,1.0360,0.7700,0.0492,-1
KHAPRETA_510206,312281.860,2624342.200,131.3700,0.1500,1.0500,0.0671,-1
KHAPRETA_510206,312282.860,2624342.200,131.3500,0.7969,1.0700,0.0684,-1
KHAPRETA_510206,312284.860,2624342.200,131.3500,0.7869,1.0700,0.0684,-1
KHAPRETA_510206,312286.860,2624342.200,131.3700,0.0000,1.0500,0.0671,-1
KHAPRETA_510206,312288.860,2624342.200,131.3900,0.0250,1.0300,0.0658,-1
KHAPRETA_510206,312292.860,2624342.200,131.4800,0.8519,0.9400,0.0601,-1
KHAPRETA_510206,312296.860,2624342.200,131.4800,0.0000,0.9400,0.0601,-1
KHAPRETA_510206,312301.860,2624342.200,131.6300,0.0000,0.7900,0.0505,-1
KHAPRETA_510206,312327.860,2624342.200,132.0300,0.0000,0.3900,0.0249,-1
KHAPRETA_510206,312331.860,2624342.200,132.4000,0.0000,0.0200,0.0013,-1
KHAPRETA_510206,311903.860,2624343.200,129.0900,0.5981,3.3300,0.2128,-1
KHAPRETA_510206,311904.860,2624343.200,128.5800,0.5396,3.8400,0.2454,-1
KHAPRETA_510206,311905.860,2624343.200,128.3200,0.1150,4.1000,0.2620,-1
KHAPRETA_510206,311906.860,2624343.200,128.3500,0.9301,4.0700,0.2601,-1
KHAPRETA_510206,311907.860,2624343.200,128.8400,0.7131,3.5800,0.2288,-1
KHAPRETA_510206,311912.860,2624343.200,128.6000,0.0000,3.8200,0.2441,-1
KHAPRETA_510206,311921.860,2624343.200,129.7900,0.4469,2.6300,0.1681,-1
KHAPRETA_510206,311923.860,2624343.200,128.8500,0.0000,3.5700,0.2281,-1
KHAPRETA_510206,311928.860,2624343.200,131.9400,0.0000,0.4800,0.0307,-1
KHAPRETA_510206,311931.860,2624343.200,130.4800,0.6219,1.9400,0.1240,-1
KHAPRETA_510206,311936.860,2624343.200,126.5400,0.0000,5.8800,0.3757,-1
KHAPRETA_510206,311938.860,2624343.200,126.6900,1.4431,5.7300,0.3661,-1
KHAPRETA_510206,311939.860,2624343.200,126.8900,1.5431,5.5300,0.3534,-1
KHAPRETA_510206,311941.860,2624343.200,126.1400,1.8081,6.2800,0.4013,-1
KHAPRETA_510206,311944.860,2624343.200,125.5200,3.1510,6.9000,0.4409,-1
KHAPRETA_510206,311945.860,2624343.200,125.3200,2.1281,7.1000,0.4537,-1
KHAPRETA_510206,311947.860,2624343.200,125.2100,3.1722,7.2100,0.4607,-1
KHAPRETA_510206,311948.860,2624343.200,125.2600,3.2146,7.1600,0.4575,-1
KHAPRETA_510206,311950.860,2624343.200,125.2800,2.2781,7.1400,0.4562,-1
KHAPRETA_510206,311954.860,2624343.200,125.0900,0.0400,7.3300,0.4684,-1
KHAPRETA_510206,311956.860,2624343.200,125.3800,0.0000,7.0400,0.4498,-1
KHAPRETA_510206,311967.860,2624343.200,130.3700,1.3170,2.0500,0.1310,-1
KHAPRETA_510206,311968.860,2624343.200,131.0600,1.2556,1.3600,0.0869,-1
KHAPRETA_510206,311971.860,2624343.200,127.3000,1.2931,5.1200,0.3272,-1
KHAPRETA_510206,311972.860,2624343.200,127.1900,0.3154,5.2300,0.3342,-1
KHAPRETA_510206,311973.860,2624343.200,127.5700,0.1000,4.8500,0.3099,-1
KHAPRETA_510206,311974.860,2624343.200,127.3900,0.9026,5.0300,0.3214,-1
KHAPRETA_510206,311975.860,2624343.200,127.7500,0.4460,4.6700,0.2984,-1
KHAPRETA_510206,311976.860,2624343.200,128.1000,0.4350,4.3200,0.2760,-1
KHAPRETA_510206,311977.860,2624343.200,128.6200,1.1267,3.8000,0.2428,-1
KHAPRETA_510206,311981.860,2624343.200,128.4300,0.7210,3.9900,0.2550,-1
KHAPRETA_510206,311982.860,2624343.200,128.4200,0.6731,4.0000,0.2556,-1
KHAPRETA_510206,311984.860,2624343.200,128.7700,0.0000,3.6500,0.2332,-1
KHAPRETA_510206,311987.860,2624343.200,128.4400,0.4681,3.9800,0.2543,-1
KHAPRETA_510206,311990.860,2624343.200,128.6200,0.6181,3.8000,0.2428,-1
KHAPRETA_510206,311991.860,2624343.200,128.5400,0.8181,3.8800,0.2479,-1
KHAPRETA_510206,311992.860,2624343.200,128.6100,0.1342,3.8100,0.2435,-1
KHAPRETA_510206,311993.860,2624343.200,128.4200,0.5831,4.0000,0.2556,-1
KHAPRETA_510206,311995.860,2624343.200,128.1500,0.7681,4.2700,0.2728,-1
KHAPRETA_510206,311997.860,2624343.200,127.4000,1.6458,5.0200,0.3208,-1
KHAPRETA_510206,311998.860,2624343.200,127.3700,1.1781,5.0500,0.3227,-1
KHAPRETA_510206,311999.860,2624343.200,127.4000,1.6838,5.0200,0.3208,-1
KHAPRETA_510206,312001.860,2624343.200,127.5800,1.1631,4.8400,0.3093,-1
KHAPRETA_510206,312002.860,2624343.200,127.4500,0.0650,4.9700,0.3176,-1
KHAPRETA_510206,312003.860,2624343.200,127.4500,1.1631,4.9700,0.3176,-1
KHAPRETA_510206,312009.860,2624343.200,127.8300,1.4556,4.5900,0.2933,-1
KHAPRETA_510206,312010.860,2624343.200,127.8200,0.9731,4.6000,0.2939,-1
KHAPRETA_510206,312012.860,2624343.200,127.7500,0.0000,4.6700,0.2984,-1
KHAPRETA_510206,312014.860,2624343.200,127.7800,0.9131,4.6400,0.2965,-1
KHAPRETA_510206,312015.860,2624343.200,127.9500,0.9981,4.4700,0.2856,-1
KHAPRETA_510206,312022.860,2624343.200,127.6200,0.0000,4.8000,0.3067,-1
KHAPRETA_510206,312030.860,2624343.200,128.0900,0.0000,4.3300,0.2767,-1
KHAPRETA_510206,312040.860,2624343.200,128.6700,1.2633,3.7500,0.2396,-1
KHAPRETA_510206,312041.860,2624343.200,127.9500,0.2950,4.4700,0.2856,-1
KHAPRETA_510206,312042.860,2624343.200,128.0800,0.1817,4.3400,0.2773,-1
KHAPRETA_510206,312043.860,2624343.200,128.3100,1.2279,4.1100,0.2626,-1
KHAPRETA_510206,312045.860,2624343.200,128.2500,1.2067,4.1700,0.2665,-1
KHAPRETA_510206,312046.860,2624343.200,128.1100,1.0756,4.3100,0.2754,-1
KHAPRETA_510206,312054.860,2624343.200,127.9200,1.3162,4.5000,0.2875,-1
KHAPRETA_510206,312055.860,2624343.200,127.8800,1.2208,4.5400,0.2901,-1
KHAPRETA_510206,312059.860,2624343.200,128.1500,0.0000,4.2700,0.2728,-1
KHAPRETA_510206,312064.860,2624343.200,128.4100,0.8131,4.0100,0.2562,-1
KHAPRETA_510206,312066.860,2624343.200,128.0100,0.9181,4.4100,0.2818,-1
KHAPRETA_510206,312070.860,2624343.200,128.6300,0.5831,3.7900,0.2422,-1
KHAPRETA_510206,312073.860,2624343.200,128.7000,0.0000,3.7200,0.2377,-1
KHAPRETA_510206,312076.860,2624343.200,128.6700,0.0000,3.7500,0.2396,-1
KHAPRETA_510206,312078.860,2624343.200,128.7000,0.0700,3.7200,0.2377,-1
KHAPRETA_510206,312083.860,2624343.200,128.7800,0.0000,3.6400,0.2326,-1
KHAPRETA_510206,312087.860,2624343.200,128.8200,0.0000,3.6000,0.2300,-1
KHAPRETA_510206,312090.860,2624343.200,128.6800,0.0000,3.7400,0.2390,-1
KHAPRETA_510206,312095.860,2624343.200,128.9300,0.0000,3.4900,0.2230,-1
KHAPRETA_510206,312106.860,2624343.200,128.7900,0.6681,3.6300,0.2319,-1
KHAPRETA_510206,312108.860,2624343.200,128.7800,0.3069,3.6400,0.2326,-1
KHAPRETA_510206,312109.860,2624343.200,130.3900,0.5019,2.0300,0.1297,-1
KHAPRETA_510206,312116.860,2624343.200,128.9000,0.3281,3.5200,0.2249,-1
KHAPRETA_510206,312118.860,2624343.200,129.0200,0.4104,3.4000,0.2173,-1
KHAPRETA_510206,312119.860,2624343.200,128.9900,0.3781,3.4300,0.2192,-1
KHAPRETA_510206,312122.860,2624343.200,128.9100,0.0000,3.5100,0.2243,-1
KHAPRETA_510206,312125.860,2624343.200,129.0100,0.2650,3.4100,0.2179,-1
KHAPRETA_510206,312127.860,2624343.200,129.4800,0.1531,2.9400,0.1879,-1
KHAPRETA_510206,312133.860,2624343.200,129.7200,0.0269,2.7000,0.1725,-1
KHAPRETA_510206,312139.860,2624343.200,129.8100,0.0000,2.6100,0.1668,-1
KHAPRETA_510206,312141.860,2624343.200,129.8200,0.0000,2.6000,0.1661,-1
KHAPRETA_510206,312143.860,2624343.200,129.9000,0.0000,2.5200,0.1610,-1
KHAPRETA_510206,312148.860,2624343.200,129.8800,0.0470,2.5400,0.1623,-1
KHAPRETA_510206,312149.860,2624343.200,129.8700,0.0610,2.5500,0.1629,-1
KHAPRETA_510206,312151.860,2624343.200,129.7700,0.0000,2.6500,0.1693,-1
KHAPRETA_510206,312153.860,2624343.200,130.2400,0.0219,2.1800,0.1393,-1
KHAPRETA_510206,312159.860,2624343.200,129.8200,0.3100,2.6000,0.1661,-1
KHAPRETA_510206,312175.860,2624343.200,130.1300,0.1819,2.2900,0.1463,-1
KHAPRETA_510206,312177.860,2624343.200,130.2000,0.2019,2.2200,0.1419,-1
KHAPRETA_510206,312181.860,2624343.200,130.1600,0.2119,2.2600,0.1444,-1
KHAPRETA_510206,312189.860,2624343.200,130.4900,0.2269,1.9300,0.1233,-1
KHAPRETA_510206,312191.860,2624343.200,130.2900,0.2319,2.1300,0.1361,-1
KHAPRETA_510206,312192.860,2624343.200,130.2400,0.1836,2.1800,0.1393,-1
KHAPRETA_510206,312193.860,2624343.200,130.2400,0.2319,2.1800,0.1393,-1
KHAPRETA_510206,312203.860,2624343.200,131.1800,1.2719,1.2400,0.0792,-1
KHAPRETA_510206,312204.860,2624343.200,132.3200,0.6046,0.1000,0.0064,-1
KHAPRETA_510206,312205.860,2624343.200,130.1000,1.2719,2.3200,0.1482,-1
KHAPRETA_510206,312209.860,2624343.200,130.1200,0.1769,2.3000,0.1470,-1
KHAPRETA_510206,312210.860,2624343.200,130.1300,0.1719,2.2900,0.1463,-1
KHAPRETA_510206,312214.860,2624343.200,130.2500,0.2369,2.1700,0.1387,-1
KHAPRETA_510206,312218.860,2624343.200,130.1600,0.2681,2.2600,0.1444,-1
KHAPRETA_510206,312219.860,2624343.200,130.1700,0.2714,2.2500,0.1438,-1
KHAPRETA_510206,312224.860,2624343.200,130.2100,0.2119,2.2100,0.1412,-1
KHAPRETA_510206,312225.860,2624343.200,130.2000,0.2169,2.2200,0.1419,-1
KHAPRETA_510206,312227.860,2624343.200,130.2700,0.2069,2.1500,0.1374,-1
KHAPRETA_510206,312230.860,2624343.200,130.4800,0.3619,1.9400,0.1240,-1
KHAPRETA_510206,312231.860,2624343.200,130.5000,0.0350,1.9200,0.1227,-1
KHAPRETA_510206,312232.860,2624343.200,130.4100,0.3619,2.0100,0.1284,-1
KHAPRETA_510206,312234.860,2624343.200,130.4700,0.0000,1.9500,0.1246,-1
KHAPRETA_510206,312240.860,2624343.200,130.4700,0.0000,1.9500,0.1246,-1
KHAPRETA_510206,312246.860,2624343.200,130.5100,0.0000,1.9100,0.1220,-1
KHAPRETA_510206,312252.860,2624343.200,131.0500,0.6519,1.3700,0.0875,-1
KHAPRETA_510206,312255.860,2624343.200,130.9700,0.5869,1.4500,0.0927,-1
KHAPRETA_510206,312261.860,2624343.200,130.8600,0.0000,1.5600,0.0997,-1
KHAPRETA_510206,312270.860,2624343.200,130.8200,0.0000,1.6000,0.1022,-1
KHAPRETA_510206,312277.860,2624343.200,131.5200,1.1019,0.9000,0.0575,-1
KHAPRETA_510206,312279.860,2624343.200,131.5900,0.0000,0.8300,0.0530,-1
KHAPRETA_510206,312284.860,2624343.200,131.3500,0.7869,1.0700,0.0684,-1
KHAPRETA_510206,312288.860,2624343.200,131.3500,1.1771,1.0700,0.0684,-1
KHAPRETA_510206,312289.860,2624343.200,131.4900,0.0350,0.9300,0.0594,-1
KHAPRETA_510206,312290.860,2624343.200,131.4200,0.8569,1.0000,0.0639,-1
KHAPRETA_510206,312292.860,2624343.200,131.4800,0.8519,0.9400,0.0601,-1
KHAPRETA_510206,312299.860,2624343.200,131.8400,0.0000,0.5800,0.0371,-1
KHAPRETA_510206,312307.860,2624343.200,132.3900,1.3119,0.0300,0.0019,-1
KHAPRETA_510206,312308.860,2624343.200,132.4000,1.3069,0.0200,0.0013,-1
KHAPRETA_510206,312310.860,2624343.200,132.4100,1.3119,0.0100,0.0006,-1
KHAPRETA_510206,312311.860,2624343.200,132.4000,1.3169,0.0200,0.0013,-1
KHAPRETA_510206,312319.860,2624343.200,132.3500,1.1819,0.0700,0.0045,-1
KHAPRETA_510206,312320.860,2624343.200,132.1400,1.2869,0.2800,0.0179,-1
KHAPRETA_510206,312323.860,2624343.200,132.2100,0.0000,0.2100,0.0134,-1
KHAPRETA_510206,311904.860,2624344.200,129.0200,0.5981,3.4000,0.2173,-1
KHAPRETA_510206,311906.860,2624344.200,127.9900,0.7131,4.4300,0.2831,-1
KHAPRETA_510206,311909.860,2624344.200,128.5700,0.0000,3.8500,0.2460,-1
KHAPRETA_510206,311921.860,2624344.200,130.6700,0.3831,1.7500,0.1118,-1
KHAPRETA_510206,311922.860,2624344.200,129.0800,0.4469,3.3400,0.2134,-1
KHAPRETA_510206,311924.860,2624344.200,128.5600,0.0000,3.8600,0.2466,-1
KHAPRETA_510206,311932.860,2624344.200,129.5300,0.0000,2.8900,0.1847,-1
KHAPRETA_510206,311937.860,2624344.200,126.9600,0.0000,5.4600,0.3489,-1
KHAPRETA_510206,311941.860,2624344.200,126.1600,2.8757,6.2600,0.4000,-1
KHAPRETA_510206,311942.860,2624344.200,125.3200,2.8500,7.1000,0.4537,-1
KHAPRETA_510206,311944.860,2624344.200,125.3200,2.1281,7.1000,0.4537,-1
KHAPRETA_510206,311947.860,2624344.200,125.3200,2.2831,7.1000,0.4537,-1
KHAPRETA_510206,311949.860,2624344.200,125.3200,0.0000,7.1000,0.4537,-1
KHAPRETA_510206,311954.860,2624344.200,125.5700,2.3431,6.8500,0.4377,-1
KHAPRETA_510206,311967.860,2624344.200,128.8400,0.4687,3.5800,0.2288,-1
KHAPRETA_510206,311968.860,2624344.200,128.8400,0.6604,3.5800,0.2288,-1
KHAPRETA_510206,311969.860,2624344.200,128.5300,0.4250,3.8900,0.2486,-1
KHAPRETA_510206,311970.860,2624344.200,127.9900,0.6231,4.4300,0.2831,-1
KHAPRETA_510206,311972.860,2624344.200,127.3100,1.2931,5.1100,0.3265,-1
KHAPRETA_510206,311974.860,2624344.200,127.9800,1.4873,4.4400,0.2837,-1
KHAPRETA_510206,311975.860,2624344.200,128.0000,1.3538,4.4200,0.2824,-1
KHAPRETA_510206,311979.860,2624344.200,128.6600,0.4531,3.7600,0.2403,-1
KHAPRETA_510206,311981.860,2624344.200,128.7300,0.6731,3.6900,0.2358,-1
KHAPRETA_510206,311986.860,2624344.200,128.8500,0.2781,3.5700,0.2281,-1
KHAPRETA_510206,311989.860,2624344.200,128.4700,0.0000,3.9500,0.2524,-1
KHAPRETA_510206,311991.860,2624344.200,128.1400,0.6681,4.2800,0.2735,-1
KHAPRETA_510206,311992.860,2624344.200,128.4400,0.8181,3.9800,0.2543,-1
KHAPRETA_510206,311995.860,2624344.200,128.2400,0.8242,4.1800,0.2671,-1
KHAPRETA_510206,311996.860,2624344.200,128.1400,0.3550,4.2800,0.2735,-1
KHAPRETA_510206,311997.860,2624344.200,127.5300,1.2414,4.8900,0.3125,-1
KHAPRETA_510206,311998.860,2624344.200,127.4200,1.2043,5.0000,0.3195,-1
KHAPRETA_510206,311999.860,2624344.200,127.4200,1.1781,5.0000,0.3195,-1
KHAPRETA_510206,312007.860,2624344.200,127.5100,1.1231,4.9100,0.3137,-1
KHAPRETA_510206,312008.860,2624344.200,127.5300,0.0550,4.8900,0.3125,-1
KHAPRETA_510206,312009.860,2624344.200,127.6200,1.4860,4.8000,0.3067,-1
KHAPRETA_510206,312023.860,2624344.200,127.6500,1.0781,4.7700,0.3048,-1
KHAPRETA_510206,312024.860,2624344.200,127.6200,0.0900,4.8000,0.3067,-1
KHAPRETA_510206,312025.860,2624344.200,127.8300,0.2650,4.5900,0.2933,-1
KHAPRETA_510206,312026.860,2624344.200,128.1500,1.3040,4.2700,0.2728,-1
KHAPRETA_510206,312028.860,2624344.200,128.0700,1.0581,4.3500,0.2780,-1
KHAPRETA_510206,312029.860,2624344.200,127.6600,0.8531,4.7600,0.3042,-1
KHAPRETA_510206,312031.860,2624344.200,127.9800,0.0000,4.4400,0.2837,-1
KHAPRETA_510206,312035.860,2624344.200,128.0900,0.8981,4.3300,0.2767,-1
KHAPRETA_510206,312038.860,2624344.200,127.9800,1.0850,4.4400,0.2837,-1
KHAPRETA_510206,312039.860,2624344.200,128.0900,0.8981,4.3300,0.2767,-1
KHAPRETA_510206,312042.860,2624344.200,128.0200,1.2279,4.4000,0.2811,-1
KHAPRETA_510206,312043.860,2624344.200,128.0000,0.1321,4.4200,0.2824,-1
KHAPRETA_510206,312044.860,2624344.200,128.2500,0.8881,4.1700,0.2665,-1
KHAPRETA_510206,312046.860,2624344.200,128.2600,0.8331,4.1600,0.2658,-1
KHAPRETA_510206,312052.860,2624344.200,127.8900,0.0000,4.5300,0.2895,-1
KHAPRETA_510206,312057.860,2624344.200,127.9700,0.0000,4.4500,0.2843,-1
KHAPRETA_510206,312062.860,2624344.200,128.0900,0.0000,4.3300,0.2767,-1
KHAPRETA_510206,312065.860,2624344.200,128.3200,0.9181,4.1000,0.2620,-1
KHAPRETA_510206,312066.860,2624344.200,127.9400,1.1445,4.4800,0.2863,-1
KHAPRETA_510206,312069.860,2624344.200,128.6500,0.5831,3.7700,0.2409,-1
KHAPRETA_510206,312070.860,2624344.200,128.6100,0.8034,3.8100,0.2435,-1
KHAPRETA_510206,312078.860,2624344.200,128.7400,0.5282,3.6800,0.2351,-1
KHAPRETA_510206,312079.860,2624344.200,128.7200,0.5181,3.7000,0.2364,-1
KHAPRETA_510206,312082.860,2624344.200,128.6100,0.0000,3.8100,0.2435,-1
KHAPRETA_510206,312098.860,2624344.200,128.8800,0.3831,3.5400,0.2262,-1
KHAPRETA_510206,312099.860,2624344.200,129.0100,0.6027,3.4100,0.2179,-1
KHAPRETA_510206,312104.860,2624344.200,128.8100,0.5881,3.6100,0.2307,-1
KHAPRETA_510206,312106.860,2624344.200,128.4400,0.6267,3.9800,0.2543,-1
KHAPRETA_510206,312107.860,2624344.200,128.5500,0.6681,3.8700,0.2473,-1
KHAPRETA_510206,312113.860,2624344.200,129.5400,0.1531,2.8800,0.1840,-1
KHAPRETA_510206,312114.860,2624344.200,129.4700,0.1559,2.9500,0.1885,-1
KHAPRETA_510206,312115.860,2624344.200,129.2700,0.1750,3.1500,0.2013,-1
KHAPRETA_510206,312116.860,2624344.200,129.1200,0.4505,3.3000,0.2109,-1
KHAPRETA_510206,312117.860,2624344.200,129.4800,0.2100,2.9400,0.1879,-1
KHAPRETA_510206,312118.860,2624344.200,129.5400,0.3617,2.8800,0.1840,-1
KHAPRETA_510206,312120.860,2624344.200,129.3100,0.0000,3.1100,0.1987,-1
KHAPRETA_510206,312125.860,2624344.200,129.4500,0.3831,2.9700,0.1898,-1
KHAPRETA_510206,312127.860,2624344.200,129.4700,0.1517,2.9500,0.1885,-1
KHAPRETA_510206,312128.860,2624344.200,129.7100,0.1150,2.7100,0.1732,-1
KHAPRETA_510206,312129.860,2624344.200,129.7000,0.0496,2.7200,0.1738,-1
KHAPRETA_510206,312133.860,2624344.200,129.8300,0.0281,2.5900,0.1655,-1
KHAPRETA_510206,312137.860,2624344.200,129.8300,0.0369,2.5900,0.1655,-1
KHAPRETA_510206,312140.860,2624344.200,129.8400,0.0169,2.5800,0.1649,-1
KHAPRETA_510206,312149.860,2624344.200,129.8400,0.0200,2.5800,0.1649,-1
KHAPRETA_510206,312159.860,2624344.200,130.4700,0.0219,1.9500,0.1246,-1
KHAPRETA_510206,312163.860,2624344.200,129.5500,0.1119,2.8700,0.1834,-1
KHAPRETA_510206,312164.860,2624344.200,130.0000,0.1131,2.4200,0.1546,-1
KHAPRETA_510206,312166.860,2624344.200,130.1000,0.0000,2.3200,0.1482,-1
KHAPRETA_510206,312168.860,2624344.200,130.1800,0.0000,2.2400,0.1431,-1
KHAPRETA_510206,312174.860,2624344.200,130.1300,0.0000,2.2900,0.1463,-1
KHAPRETA_510206,312178.860,2624344.200,130.2700,0.0000,2.1500,0.1374,-1
KHAPRETA_510206,312184.860,2624344.200,130.3200,0.0000,2.1000,0.1342,-1
KHAPRETA_510206,312187.860,2624344.200,130.1700,0.0000,2.2500,0.1438,-1
KHAPRETA_510206,312204.860,2624344.200,130.3200,1.2816,2.1000,0.1342,-1
KHAPRETA_510206,312205.860,2624344.200,130.0900,0.3165,2.3300,0.1489,-1
KHAPRETA_510206,312214.860,2624344.200,130.2500,0.2369,2.1700,0.1387,-1
KHAPRETA_510206,312220.860,2624344.200,130.2000,0.0000,2.2200,0.1419,-1
KHAPRETA_510206,312222.860,2624344.200,130.1900,0.0000,2.2300,0.1425,-1
KHAPRETA_510206,312226.860,2624344.200,130.2400,0.2069,2.1800,0.1393,-1
KHAPRETA_510206,312227.860,2624344.200,130.1900,0.3388,2.2300,0.1425,-1
KHAPRETA_510206,312232.860,2624344.200,130.5900,0.3169,1.8300,0.1169,-1
KHAPRETA_510206,312237.860,2624344.200,130.4600,0.0000,1.9600,0.1252,-1
KHAPRETA_510206,312252.860,2624344.200,131.0800,0.9008,1.3400,0.0856,-1
KHAPRETA_510206,312253.860,2624344.200,131.0500,0.9114,1.3700,0.0875,-1
KHAPRETA_510206,312256.860,2624344.200,130.9800,0.0000,1.4400,0.0920,-1
KHAPRETA_510206,312259.860,2624344.200,131.0600,0.0000,1.3600,0.0869,-1
KHAPRETA_510206,312267.860,2624344.200,131.3200,0.5769,1.1000,0.0703,-1
KHAPRETA_510206,312268.860,2624344.200,130.9300,0.7719,1.4900,0.0952,-1
KHAPRETA_510206,312272.860,2624344.200,130.9300,0.0000,1.4900,0.0952,-1
KHAPRETA_510206,312275.860,2624344.200,132.0200,1.1219,0.4000,0.0256,-1
KHAPRETA_510206,312276.860,2624344.200,132.0200,0.0200,0.4000,0.0256,-1
KHAPRETA_510206,312277.860,2624344.200,131.9800,0.8721,0.4400,0.0281,-1
KHAPRETA_510206,312278.860,2624344.200,131.9900,1.6050,0.4300,0.0275,-1
KHAPRETA_510206,312285.860,2624344.200,131.3100,0.7869,1.1100,0.0709,-1
KHAPRETA_510206,312286.860,2624344.200,131.3500,1.1278,1.0700,0.0684,-1
KHAPRETA_510206,312296.860,2624344.200,131.4500,0.9319,0.9700,0.0620,-1
KHAPRETA_510206,312297.860,2624344.200,131.6400,1.4646,0.7800,0.0498,-1
KHAPRETA_510206,312303.860,2624344.200,132.3900,0.0000,0.0300,0.0019,-1
KHAPRETA_510206,312324.860,2624344.200,132.2200,1.2769,0.2000,0.0128,-1
KHAPRETA_510206,312327.860,2624344.200,132.3400,0.0000,0.0800,0.0051,-1
KHAPRETA_510206,311898.860,2624345.200,129.2200,0.0000,3.2000,0.2045,-1
KHAPRETA_510206,311902.860,2624345.200,129.2300,0.0000,3.1900,0.2038,-1
KHAPRETA_510206,311905.860,2624345.200,128.8700,0.0000,3.5500,0.2268,-1
KHAPRETA_510206,311913.860,2624345.200,128.5800,0.0000,3.8400,0.2454,-1
KHAPRETA_510206,311921.860,2624345.200,129.4700,0.4469,2.9500,0.1885,-1
KHAPRETA_510206,311930.860,2624345.200,130.5000,0.0000,1.9200,0.1227,-1
KHAPRETA_510206,311934.860,2624345.200,127.4700,0.0000,4.9500,0.3163,-1
KHAPRETA_510206,311942.860,2624345.200,125.3700,2.2281,7.0500,0.4505,-1
KHAPRETA_510206,311950.860,2624345.200,125.7000,0.0000,6.7200,0.4294,-1
KHAPRETA_510206,311957.860,2624345.200,125.8100,2.7968,6.6100,0.4224,-1
KHAPRETA_510206,311958.860,2624345.200,126.1700,0.1800,6.2500,0.3994,-1
KHAPRETA_510206,311959.860,2624345.200,126.1700,1.8031,6.2500,0.3994,-1
KHAPRETA_510206,311963.860,2624345.200,129.1700,0.2466,3.2500,0.2077,-1
KHAPRETA_510206,311964.860,2624345.200,130.0700,0.4761,2.3500,0.1502,-1
KHAPRETA_510206,311965.860,2624345.200,130.1200,0.1469,2.3000,0.1470,-1
KHAPRETA_510206,311967.860,2624345.200,130.3200,0.4681,2.1000,0.1342,-1
KHAPRETA_510206,311971.860,2624345.200,127.5200,0.0000,4.9000,0.3131,-1
KHAPRETA_510206,311973.860,2624345.200,127.4800,0.0000,4.9400,0.3157,-1
KHAPRETA_510206,311977.860,2624345.200,127.9200,0.0000,4.5000,0.2875,-1
KHAPRETA_510206,311979.860,2624345.200,128.8700,0.0600,3.5500,0.2268,-1
KHAPRETA_510206,311983.860,2624345.200,128.2500,0.0000,4.1700,0.2665,-1
KHAPRETA_510206,311986.860,2624345.200,129.2200,0.3651,3.2000,0.2045,-1
KHAPRETA_510206,311987.860,2624345.200,129.1300,0.4650,3.2900,0.2102,-1
KHAPRETA_510206,311988.860,2624345.200,128.2900,0.3231,4.1300,0.2639,-1
KHAPRETA_510206,311991.860,2624345.200,128.5300,0.9988,3.8900,0.2486,-1
KHAPRETA_510206,311992.860,2624345.200,128.6300,0.6234,3.7900,0.2422,-1
KHAPRETA_510206,311995.860,2624345.200,128.3500,0.7681,4.0700,0.2601,-1
KHAPRETA_510206,311999.860,2624345.200,127.4100,1.1781,5.0100,0.3201,-1
KHAPRETA_510206,312001.860,2624345.200,127.6100,0.0000,4.8100,0.3073,-1
KHAPRETA_510206,312004.860,2624345.200,127.5600,0.0000,4.8600,0.3105,-1
KHAPRETA_510206,312012.860,2624345.200,127.8000,0.0000,4.6200,0.2952,-1
KHAPRETA_510206,312020.860,2624345.200,128.1200,0.8331,4.3000,0.2748,-1
KHAPRETA_510206,312026.860,2624345.200,128.0400,1.3543,4.3800,0.2799,-1
KHAPRETA_510206,312027.860,2624345.200,127.6100,1.3609,4.8100,0.3073,-1
KHAPRETA_510206,312030.860,2624345.200,127.9700,0.0000,4.4500,0.2843,-1
KHAPRETA_510206,312033.860,2624345.200,128.0800,0.0000,4.3400,0.2773,-1
KHAPRETA_510206,312035.860,2624345.200,127.9800,0.8431,4.4400,0.2837,-1
KHAPRETA_510206,312037.860,2624345.200,128.2100,0.6831,4.2100,0.2690,-1
KHAPRETA_510206,312038.860,2624345.200,128.4100,1.1915,4.0100,0.2562,-1
KHAPRETA_510206,312043.860,2624345.200,128.1800,0.0150,4.2400,0.2709,-1
KHAPRETA_510206,312045.860,2624345.200,127.9000,0.0000,4.5200,0.2888,-1
KHAPRETA_510206,312047.860,2624345.200,128.0000,0.6581,4.4200,0.2824,-1
KHAPRETA_510206,312055.860,2624345.200,128.1900,0.0000,4.2300,0.2703,-1
KHAPRETA_510206,312064.860,2624345.200,128.0900,0.0000,4.3300,0.2767,-1
KHAPRETA_510206,312068.860,2624345.200,128.6400,0.4931,3.7800,0.2415,-1
KHAPRETA_510206,312071.860,2624345.200,128.6500,0.0000,3.7700,0.2409,-1
KHAPRETA_510206,312076.860,2624345.200,128.6700,0.0000,3.7500,0.2396,-1
KHAPRETA_510206,312078.860,2624345.200,128.6800,0.0200,3.7400,0.2390,-1
KHAPRETA_510206,312089.860,2624345.200,128.8700,0.0000,3.5500,0.2268,-1
KHAPRETA_510206,312091.860,2624345.200,128.5200,0.0000,3.9000,0.2492,-1
KHAPRETA_510206,312094.860,2624345.200,128.8800,0.5081,3.5400,0.2262,-1
KHAPRETA_510206,312095.860,2624345.200,128.7600,0.0500,3.6600,0.2339,-1
KHAPRETA_510206,312096.860,2624345.200,128.7800,0.4940,3.6400,0.2326,-1
KHAPRETA_510206,312097.860,2624345.200,128.8200,0.4981,3.6000,0.2300,-1
KHAPRETA_510206,312099.860,2624345.200,128.9700,0.0300,3.4500,0.2204,-1
KHAPRETA_510206,312103.860,2624345.200,128.6500,0.5881,3.7700,0.2409,-1
KHAPRETA_510206,312104.860,2624345.200,128.6000,0.7419,3.8200,0.2441,-1
KHAPRETA_510206,312106.860,2624345.200,128.5300,0.6681,3.8900,0.2486,-1
KHAPRETA_510206,312113.860,2624345.200,129.7800,0.1390,2.6400,0.1687,-1
KHAPRETA_510206,312114.860,2624345.200,129.6200,0.1531,2.8000,0.1789,-1
KHAPRETA_510206,312118.860,2624345.200,129.6800,0.1181,2.7400,0.1751,-1
KHAPRETA_510206,312126.860,2624345.200,129.7100,0.0000,2.7100,0.1732,-1
KHAPRETA_510206,312129.860,2624345.200,129.8500,0.0381,2.5700,0.1642,-1
KHAPRETA_510206,312132.860,2624345.200,129.7900,0.0269,2.6300,0.1681,-1
KHAPRETA_510206,312137.860,2624345.200,129.8500,0.0269,2.5700,0.1642,-1
KHAPRETA_510206,312140.860,2624345.200,129.8100,0.0319,2.6100,0.1668,-1
KHAPRETA_510206,312144.860,2624345.200,129.9100,0.0000,2.5100,0.1604,-1
KHAPRETA_510206,312148.860,2624345.200,129.7300,0.0269,2.6900,0.1719,-1
KHAPRETA_510206,312149.860,2624345.200,129.8300,0.0833,2.5900,0.1655,-1
KHAPRETA_510206,312157.860,2624345.200,131.1000,0.8170,1.3200,0.0843,-1
KHAPRETA_510206,312158.860,2624345.200,130.7200,0.6619,1.7000,0.1086,-1
KHAPRETA_510206,312160.860,2624345.200,130.0000,0.0000,2.4200,0.1546,-1
KHAPRETA_510206,312165.860,2624345.200,129.7900,0.0000,2.6300,0.1681,-1
KHAPRETA_510206,312167.860,2624345.200,129.9900,0.0000,2.4300,0.1553,-1
KHAPRETA_510206,312171.860,2624345.200,130.2300,0.0000,2.1900,0.1399,-1
KHAPRETA_510206,312177.860,2624345.200,130.2400,0.2219,2.1800,0.1393,-1
KHAPRETA_510206,312179.860,2624345.200,130.2600,0.2369,2.1600,0.1380,-1
KHAPRETA_510206,312180.860,2624345.200,130.2500,0.2419,2.1700,0.1387,-1
KHAPRETA_510206,312183.860,2624345.200,130.2400,0.0000,2.1800,0.1393,-1
KHAPRETA_510206,312188.860,2624345.200,129.9300,0.0000,2.4900,0.1591,-1
KHAPRETA_510206,312208.860,2624345.200,130.2000,0.1769,2.2200,0.1419,-1
KHAPRETA_510206,312209.860,2624345.200,130.1300,0.2729,2.2900,0.1463,-1
KHAPRETA_510206,312216.860,2624345.200,130.1900,0.0000,2.2300,0.1425,-1
KHAPRETA_510206,312221.860,2624345.200,130.1800,0.0000,2.2400,0.1431,-1
KHAPRETA_510206,312238.860,2624345.200,130.4200,0.0000,2.0000,0.1278,-1
KHAPRETA_510206,312242.860,2624345.200,130.4700,0.0000,1.9500,0.1246,-1
KHAPRETA_510206,312250.860,2624345.200,130.8100,0.5319,1.6100,0.1029,-1
KHAPRETA_510206,312253.860,2624345.200,131.0500,0.6369,1.3700,0.0875,-1
KHAPRETA_510206,312260.860,2624345.200,130.9300,0.0000,1.4900,0.0952,-1
KHAPRETA_510206,312264.860,2624345.200,131.9200,0.0000,0.5000,0.0319,-1
KHAPRETA_510206,312278.860,2624345.200,132.1100,1.1069,0.3100,0.0198,-1
KHAPRETA_510206,312283.860,2624345.200,131.4900,0.8569,0.9300,0.0594,-1
KHAPRETA_510206,312286.860,2624345.200,131.4300,0.0600,0.9900,0.0633,-1
KHAPRETA_510206,312297.860,2624345.200,132.1800,1.5487,0.2400,0.0153,-1
KHAPRETA_510206,312298.860,2624345.200,132.2500,1.2019,0.1700,0.0109,-1
KHAPRETA_510206,312304.860,2624345.200,132.4000,0.0000,0.0200,0.0013,-1
KHAPRETA_510206,312324.860,2624345.200,132.3300,1.2219,0.0900,0.0058,-1
KHAPRETA_510206,312330.860,2624345.200,132.3200,1.3119,0.1000,0.0064,-1
KHAPRETA_510206,311900.860,2624346.200,128.6400,0.0000,3.7800,0.2415,-1
KHAPRETA_510206,311906.860,2624346.200,129.1400,0.0000,3.2800,0.2096,-1
KHAPRETA_510206,311908.860,2624346.200,128.2300,0.4681,4.1900,0.2677,-1
KHAPRETA_510206,311916.860,2624346.200,130.2500,0.1019,2.1700,0.1387,-1
KHAPRETA_510206,311917.860,2624346.200,129.9800,0.0600,2.4400,0.1559,-1
KHAPRETA_510206,311918.860,2624346.200,130.3700,0.1999,2.0500,0.1310,-1
KHAPRETA_510206,311932.860,2624346.200,126.5000,0.0000,5.9200,0.3783,-1
KHAPRETA_510206,311943.860,2624346.200,125.1200,2.2881,7.3000,0.4665,-1
KHAPRETA_510206,311944.860,2624346.200,125.2000,2.3281,7.2200,0.4613,-1
KHAPRETA_510206,311957.860,2624346.200,125.5000,1.9831,6.9200,0.4422,-1
KHAPRETA_510206,311960.860,2624346.200,126.3000,1.6431,6.1200,0.3911,-1
KHAPRETA_510206,311961.860,2624346.200,126.4900,1.7381,5.9300,0.3789,-1
KHAPRETA_510206,311963.860,2624346.200,129.3800,0.3047,3.0400,0.1942,-1
KHAPRETA_510206,311964.860,2624346.200,129.8400,0.2466,2.5800,0.1649,-1
KHAPRETA_510206,311968.860,2624346.200,131.0000,0.7731,1.4200,0.0907,-1
KHAPRETA_510206,311969.860,2624346.200,128.2300,0.6119,4.1900,0.2677,-1
KHAPRETA_510206,311972.860,2624346.200,127.3400,0.0000,5.0800,0.3246,-1
KHAPRETA_510206,311974.860,2624346.200,127.5800,0.6931,4.8400,0.3093,-1
KHAPRETA_510206,311975.860,2624346.200,128.3900,1.0981,4.0300,0.2575,-1
KHAPRETA_510206,311978.860,2624346.200,128.9300,0.4981,3.4900,0.2230,-1
KHAPRETA_510206,311979.860,2624346.200,128.7800,0.4231,3.6400,0.2326,-1
KHAPRETA_510206,311985.860,2624346.200,129.2500,0.2931,3.1700,0.2026,-1
KHAPRETA_510206,311986.860,2624346.200,129.1900,0.3828,3.2300,0.2064,-1
KHAPRETA_510206,311989.860,2624346.200,128.7900,0.4431,3.6300,0.2319,-1
KHAPRETA_510206,311990.860,2624346.200,128.8900,0.4931,3.5300,0.2256,-1
KHAPRETA_510206,311992.860,2624346.200,128.4800,0.0750,3.9400,0.2518,-1
KHAPRETA_510206,312002.860,2624346.200,128.6000,0.9144,3.8200,0.2441,-1
KHAPRETA_510206,312003.860,2624346.200,128.9200,0.9753,3.5000,0.2236,-1
KHAPRETA_510206,312011.860,2624346.200,127.7800,1.0881,4.6400,0.2965,-1
KHAPRETA_510206,312013.860,2624346.200,127.8100,0.9681,4.6100,0.2946,-1
KHAPRETA_510206,312018.860,2624346.200,128.1300,0.7781,4.2900,0.2741,-1
KHAPRETA_510206,312019.860,2624346.200,128.2200,0.0100,4.2000,0.2684,-1
KHAPRETA_510206,312020.860,2624346.200,128.1100,0.1768,4.3100,0.2754,-1
KHAPRETA_510206,312021.860,2624346.200,127.8700,0.8331,4.5500,0.2907,-1
KHAPRETA_510206,312027.860,2624346.200,127.6800,1.0831,4.7400,0.3029,-1
KHAPRETA_510206,312034.860,2624346.200,127.9700,0.0000,4.4500,0.2843,-1
KHAPRETA_510206,312036.860,2624346.200,128.2000,0.0000,4.2200,0.2696,-1
KHAPRETA_510206,312039.860,2624346.200,128.4900,0.0000,3.9300,0.2511,-1
KHAPRETA_510206,312041.860,2624346.200,127.9700,0.8221,4.4500,0.2843,-1
KHAPRETA_510206,312042.860,2624346.200,129.1400,0.2981,3.2800,0.2096,-1
KHAPRETA_510206,312043.860,2624346.200,127.9700,0.5758,4.4500,0.2843,-1
KHAPRETA_510206,312046.860,2624346.200,128.0300,1.0228,4.3900,0.2805,-1
KHAPRETA_510206,312047.860,2624346.200,128.4600,0.8742,3.9600,0.2530,-1
KHAPRETA_510206,312050.860,2624346.200,128.1400,0.0000,4.2800,0.2735,-1
KHAPRETA_510206,312053.860,2624346.200,128.0800,0.0000,4.3400,0.2773,-1
KHAPRETA_510206,312056.860,2624346.200,127.9400,0.0000,4.4800,0.2863,-1
KHAPRETA_510206,312063.860,2624346.200,128.5300,0.0000,3.8900,0.2486,-1
KHAPRETA_510206,312065.860,2624346.200,128.2100,1.1699,4.2100,0.2690,-1
KHAPRETA_510206,312066.860,2624346.200,128.2300,0.7831,4.1900,0.2677,-1
KHAPRETA_510206,312068.860,2624346.200,128.7900,0.3350,3.6300,0.2319,-1
KHAPRETA_510206,312078.860,2624346.200,128.7000,0.0700,3.7200,0.2377,-1
KHAPRETA_510206,312081.860,2624346.200,128.7900,0.0000,3.6300,0.2319,-1
KHAPRETA_510206,312084.860,2624346.200,128.7900,0.0000,3.6300,0.2319,-1
KHAPRETA_510206,312092.860,2624346.200,128.6400,0.0000,3.7800,0.2415,-1
KHAPRETA_510206,312096.860,2624346.200,128.7900,0.0050,3.6300,0.2319,-1
KHAPRETA_510206,312099.860,2624346.200,129.0700,0.4031,3.3500,0.2141,-1
KHAPRETA_510206,312100.860,2624346.200,129.7800,0.3531,2.6400,0.1687,-1
KHAPRETA_510206,312105.860,2624346.200,129.4700,0.0000,2.9500,0.1885,-1
KHAPRETA_510206,312113.860,2624346.200,129.7700,0.0019,2.6500,0.1693,-1
KHAPRETA_510206,312115.860,2624346.200,129.7400,0.0000,2.6800,0.1712,-1
KHAPRETA_510206,312117.860,2624346.200,129.6900,0.0531,2.7300,0.1744,-1
KHAPRETA_510206,312121.860,2624346.200,129.6600,0.0581,2.7600,0.1764,-1
KHAPRETA_510206,312124.860,2624346.200,129.6900,0.0355,2.7300,0.1744,-1
KHAPRETA_510206,312125.860,2624346.200,129.7300,0.0431,2.6900,0.1719,-1
KHAPRETA_510206,312130.860,2624346.200,129.7800,0.0000,2.6400,0.1687,-1
KHAPRETA_510206,312132.860,2624346.200,129.8300,0.0069,2.5900,0.1655,-1
KHAPRETA_510206,312136.860,2624346.200,129.8700,0.0000,2.5500,0.1629,-1
KHAPRETA_510206,312138.860,2624346.200,130.0100,0.0769,2.4100,0.1540,-1
KHAPRETA_510206,312139.860,2624346.200,129.9300,0.1172,2.4900,0.1591,-1
KHAPRETA_510206,312146.860,2624346.200,129.8600,0.0419,2.5600,0.1636,-1
KHAPRETA_510206,312149.860,2624346.200,130.0000,0.0269,2.4200,0.1546,-1
KHAPRETA_510206,312153.860,2624346.200,130.7200,0.0000,1.7000,0.1086,-1
KHAPRETA_510206,312155.860,2624346.200,130.8700,0.6719,1.5500,0.0990,-1
KHAPRETA_510206,312157.860,2624346.200,131.1100,0.0400,1.3100,0.0837,-1
KHAPRETA_510206,312161.860,2624346.200,130.2700,0.0369,2.1500,0.1374,-1
KHAPRETA_510206,312162.860,2624346.200,129.8500,0.2050,2.5700,0.1642,-1
KHAPRETA_510206,312163.860,2624346.200,129.8600,0.0400,2.5600,0.1636,-1
KHAPRETA_510206,312164.860,2624346.200,129.7700,0.0419,2.6500,0.1693,-1
KHAPRETA_510206,312166.860,2624346.200,129.7300,0.0000,2.6900,0.1719,-1
KHAPRETA_510206,312175.860,2624346.200,130.1500,0.0000,2.2700,0.1450,-1
KHAPRETA_510206,312177.860,2624346.200,130.2200,0.2470,2.2000,0.1406,-1
KHAPRETA_510206,312178.860,2624346.200,130.2700,0.3174,2.1500,0.1374,-1
KHAPRETA_510206,312184.860,2624346.200,130.2300,0.2519,2.1900,0.1399,-1
KHAPRETA_510206,312185.860,2624346.200,130.2800,0.2269,2.1400,0.1367,-1
KHAPRETA_510206,312209.860,2624346.200,130.1200,0.1769,2.3000,0.1470,-1
KHAPRETA_510206,312213.860,2624346.200,130.2300,0.0000,2.1900,0.1399,-1
KHAPRETA_510206,312217.860,2624346.200,130.2600,0.0000,2.1600,0.1380,-1
KHAPRETA_510206,312220.860,2624346.200,130.1900,0.0000,2.2300,0.1425,-1
KHAPRETA_510206,312224.860,2624346.200,130.2600,0.0000,2.1600,0.1380,-1
KHAPRETA_510206,312226.860,2624346.200,130.2200,0.0000,2.2000,0.1406,-1
KHAPRETA_510206,312235.860,2624346.200,130.4600,0.4340,1.9600,0.1252,-1
KHAPRETA_510206,312236.860,2624346.200,130.2700,0.3419,2.1500,0.1374,-1
KHAPRETA_510206,312245.860,2624346.200,130.5500,0.7719,1.8700,0.1195,-1
KHAPRETA_510206,312247.860,2624346.200,130.6900,0.0000,1.7300,0.1105,-1
KHAPRETA_510206,312250.860,2624346.200,130.8400,0.4321,1.5800,0.1010,-1
KHAPRETA_510206,312251.860,2624346.200,130.6400,0.5319,1.7800,0.1137,-1
KHAPRETA_510206,312255.860,2624346.200,130.9100,0.5419,1.5100,0.0965,-1
KHAPRETA_510206,312258.860,2624346.200,130.9200,0.0000,1.5000,0.0958,-1
KHAPRETA_510206,312262.860,2624346.200,131.0800,0.6769,1.3400,0.0856,-1
KHAPRETA_510206,312265.860,2624346.200,132.2900,0.0000,0.1300,0.0083,-1
KHAPRETA_510206,312270.860,2624346.200,130.9300,0.6019,1.4900,0.0952,-1
KHAPRETA_510206,312274.860,2624346.200,131.2100,0.0000,1.2100,0.0773,-1
KHAPRETA_510206,312283.860,2624346.200,131.4900,0.0100,0.9300,0.0594,-1
KHAPRETA_510206,312286.860,2624346.200,131.4700,0.0100,0.9500,0.0607,-1
KHAPRETA_510206,312305.860,2624346.200,132.4100,1.3219,0.0100,0.0006,-1
KHAPRETA_510206,312306.860,2624346.200,132.4200,1.3169,0.0000,0.0000,-1
KHAPRETA_510206,312330.860,2624346.200,132.4000,1.2719,0.0200,0.0013,-1
KHAPRETA_510206,311895.860,2624347.200,128.9600,0.3181,3.4600,0.2211,-1
KHAPRETA_510206,311896.860,2624347.200,129.1400,0.4081,3.2800,0.2096,-1
KHAPRETA_510206,311898.860,2624347.200,128.9700,0.0000,3.4500,0.2204,-1
KHAPRETA_510206,311902.860,2624347.200,129.1800,0.0000,3.2400,0.2070,-1
KHAPRETA_510206,311904.860,2624347.200,128.2800,0.4331,4.1400,0.2645,-1
KHAPRETA_510206,311905.860,2624347.200,128.9100,0.7481,3.5100,0.2243,-1
KHAPRETA_510206,311908.860,2624347.200,128.8400,0.7731,3.5800,0.2288,-1
KHAPRETA_510206,311918.860,2624347.200,130.1200,0.2970,2.3000,0.1470,-1
KHAPRETA_510206,311919.860,2624347.200,129.7900,0.1979,2.6300,0.1681,-1
KHAPRETA_510206,311924.860,2624347.200,127.3900,1.3631,5.0300,0.3214,-1
KHAPRETA_510206,311926.860,2624347.200,128.0200,0.0000,4.4000,0.2811,-1
KHAPRETA_510206,311930.860,2624347.200,126.4200,1.5881,6.0000,0.3834,-1
KHAPRETA_510206,311933.860,2624347.200,126.4900,1.3881,5.9300,0.3789,-1
KHAPRETA_510206,311934.860,2624347.200,127.0000,1.6431,5.4200,0.3463,-1
KHAPRETA_510206,311947.860,2624347.200,125.7600,0.0000,6.6600,0.4256,-1
KHAPRETA_510206,311953.860,2624347.200,125.6400,2.0931,6.7800,0.4332,-1
KHAPRETA_510206,311954.860,2624347.200,125.5900,0.1050,6.8300,0.4364,-1
KHAPRETA_510206,311955.860,2624347.200,125.4300,2.0931,6.9900,0.4466,-1
KHAPRETA_510206,311958.860,2624347.200,126.4900,1.8831,5.9300,0.3789,-1
KHAPRETA_510206,311971.860,2624347.200,127.3300,1.1981,5.0900,0.3252,-1
KHAPRETA_510206,311979.860,2624347.200,128.8600,0.0150,3.5600,0.2275,-1
KHAPRETA_510206,311992.860,2624347.200,128.7800,0.6481,3.6400,0.2326,-1
KHAPRETA_510206,311995.860,2624347.200,128.2400,0.0000,4.1800,0.2671,-1
KHAPRETA_510206,311997.860,2624347.200,128.3000,0.6181,4.1200,0.2633,-1
KHAPRETA_510206,312002.860,2624347.200,128.1600,0.9753,4.2600,0.2722,-1
KHAPRETA_510206,312003.860,2624347.200,128.2200,1.0626,4.2000,0.2684,-1
KHAPRETA_510206,312009.860,2624347.200,127.5900,0.0000,4.8300,0.3086,-1
KHAPRETA_510206,312011.860,2624347.200,127.6000,0.0800,4.8200,0.3080,-1
KHAPRETA_510206,312013.860,2624347.200,127.8400,1.3938,4.5800,0.2927,-1
KHAPRETA_510206,312014.860,2624347.200,127.8000,0.9681,4.6200,0.2952,-1
KHAPRETA_510206,312020.860,2624347.200,128.0700,0.8331,4.3500,0.2780,-1
KHAPRETA_510206,312025.860,2624347.200,127.7800,0.0000,4.6400,0.2965,-1
KHAPRETA_510206,312030.860,2624347.200,127.8700,0.0000,4.5500,0.2907,-1
KHAPRETA_510206,312032.860,2624347.200,127.9400,0.9102,4.4800,0.2863,-1
KHAPRETA_510206,312033.860,2624347.200,128.6200,1.0849,3.8000,0.2428,-1
KHAPRETA_510206,312035.860,2624347.200,128.7900,0.0000,3.6300,0.2319,-1
KHAPRETA_510206,312041.860,2624347.200,128.2600,0.3923,4.1600,0.2658,-1
KHAPRETA_510206,312042.860,2624347.200,129.1800,0.4405,3.2400,0.2070,-1
KHAPRETA_510206,312043.860,2624347.200,129.1400,0.9196,3.2800,0.2096,-1
KHAPRETA_510206,312046.860,2624347.200,128.2100,1.2137,4.2100,0.2690,-1
KHAPRETA_510206,312047.860,2624347.200,128.0900,0.6629,4.3300,0.2767,-1
KHAPRETA_510206,312048.860,2624347.200,128.3700,0.8431,4.0500,0.2588,-1
KHAPRETA_510206,312051.860,2624347.200,127.9100,0.7381,4.5100,0.2882,-1
KHAPRETA_510206,312061.860,2624347.200,128.3100,0.8731,4.1100,0.2626,-1
KHAPRETA_510206,312065.860,2624347.200,128.0200,0.0250,4.4000,0.2811,-1
KHAPRETA_510206,312068.860,2624347.200,127.9700,0.7409,4.4500,0.2843,-1
KHAPRETA_510206,312069.860,2624347.200,128.6700,1.1145,3.7500,0.2396,-1
KHAPRETA_510206,312075.860,2624347.200,128.7100,0.4981,3.7100,0.2371,-1
KHAPRETA_510206,312078.860,2624347.200,128.8200,0.5381,3.6000,0.2300,-1
KHAPRETA_510206,312080.860,2624347.200,128.8800,0.0000,3.5400,0.2262,-1
KHAPRETA_510206,312088.860,2624347.200,128.7900,0.5081,3.6300,0.2319,-1
KHAPRETA_510206,312089.860,2624347.200,128.7600,0.4931,3.6600,0.2339,-1
KHAPRETA_510206,312095.860,2624347.200,128.8800,0.7636,3.5400,0.2262,-1
KHAPRETA_510206,312096.860,2624347.200,128.7900,0.6422,3.6300,0.2319,-1
KHAPRETA_510206,312098.860,2624347.200,128.9500,0.2619,3.4700,0.2217,-1
KHAPRETA_510206,312101.860,2624347.200,129.8800,0.0000,2.5400,0.1623,-1
KHAPRETA_510206,312103.860,2624347.200,129.9900,0.0000,2.4300,0.1553,-1
KHAPRETA_510206,312107.860,2624347.200,129.9600,0.0000,2.4600,0.1572,-1
KHAPRETA_510206,312112.860,2624347.200,130.0500,0.1519,2.3700,0.1514,-1
KHAPRETA_510206,312117.860,2624347.200,129.6700,0.0431,2.7500,0.1757,-1
KHAPRETA_510206,312121.860,2624347.200,129.6600,0.0581,2.7600,0.1764,-1
KHAPRETA_510206,312124.860,2624347.200,129.8300,0.0431,2.5900,0.1655,-1
KHAPRETA_510206,312127.860,2624347.200,129.8800,0.0000,2.5400,0.1623,-1
KHAPRETA_510206,312129.860,2624347.200,129.8500,0.0119,2.5700,0.1642,-1
KHAPRETA_510206,312134.860,2624347.200,129.8300,0.0869,2.5900,0.1655,-1
KHAPRETA_510206,312137.860,2624347.200,129.9500,0.0769,2.4700,0.1578,-1
KHAPRETA_510206,312139.860,2624347.200,129.7600,0.0769,2.6600,0.1700,-1
KHAPRETA_510206,312144.860,2624347.200,129.8900,0.0000,2.5300,0.1617,-1
KHAPRETA_510206,312146.860,2624347.200,129.8600,0.0419,2.5600,0.1636,-1
KHAPRETA_510206,312151.860,2624347.200,130.5900,0.0000,1.8300,0.1169,-1
KHAPRETA_510206,312155.860,2624347.200,131.1200,0.1350,1.3000,0.0831,-1
KHAPRETA_510206,312157.860,2624347.200,131.0200,0.5932,1.4000,0.0895,-1
KHAPRETA_510206,312158.860,2624347.200,130.9000,0.6219,1.5200,0.0971,-1
KHAPRETA_510206,312165.860,2624347.200,129.9800,0.2769,2.4400,0.1559,-1
KHAPRETA_510206,312168.860,2624347.200,129.7100,0.0969,2.7100,0.1732,-1
KHAPRETA_510206,312170.860,2624347.200,130.1700,0.2269,2.2500,0.1438,-1
KHAPRETA_510206,312171.860,2624347.200,130.2300,0.2821,2.1900,0.1399,-1
KHAPRETA_510206,312173.860,2624347.200,130.1900,0.2419,2.2300,0.1425,-1
KHAPRETA_510206,312177.860,2624347.200,130.2500,0.3174,2.1700,0.1387,-1
KHAPRETA_510206,312178.860,2624347.200,130.2300,0.0250,2.1900,0.1399,-1
KHAPRETA_510206,312179.860,2624347.200,130.2800,0.2269,2.1400,0.1367,-1
KHAPRETA_510206,312182.860,2624347.200,130.3500,0.0000,2.0700,0.1323,-1
KHAPRETA_510206,312214.860,2624347.200,130.1900,0.2119,2.2300,0.1425,-1
KHAPRETA_510206,312215.860,2624347.200,130.2000,0.2069,2.2200,0.1419,-1
KHAPRETA_510206,312225.860,2624347.200,130.2700,0.0000,2.1500,0.1374,-1
KHAPRETA_510206,312227.860,2624347.200,130.1800,0.2119,2.2400,0.1431,-1
KHAPRETA_510206,312228.860,2624347.200,130.2000,0.1650,2.2200,0.1419,-1
KHAPRETA_510206,312229.860,2624347.200,130.5100,0.2119,1.9100,0.1220,-1
KHAPRETA_510206,312231.860,2624347.200,130.4700,0.0000,1.9500,0.1246,-1
KHAPRETA_510206,312233.860,2624347.200,130.7300,0.0000,1.6900,0.1080,-1
KHAPRETA_510206,312235.860,2624347.200,130.4900,0.2200,1.9300,0.1233,-1
KHAPRETA_510206,312237.860,2624347.200,130.6500,0.5508,1.7700,0.1131,-1
KHAPRETA_510206,312238.860,2624347.200,130.5500,0.6358,1.8700,0.1195,-1
KHAPRETA_510206,312242.860,2624347.200,130.5100,0.0000,1.9100,0.1220,-1
KHAPRETA_510206,312245.860,2624347.200,131.3200,0.3869,1.1000,0.0703,-1
KHAPRETA_510206,312250.860,2624347.200,130.8300,0.5319,1.5900,0.1016,-1
KHAPRETA_510206,312255.860,2624347.200,130.8600,0.1100,1.5600,0.0997,-1
KHAPRETA_510206,312257.860,2624347.200,130.7700,0.0000,1.6500,0.1054,-1
KHAPRETA_510206,312261.860,2624347.200,131.0600,0.6769,1.3600,0.0869,-1
KHAPRETA_510206,312262.860,2624347.200,131.1300,0.9149,1.2900,0.0824,-1
KHAPRETA_510206,312270.860,2624347.200,130.9800,0.5769,1.4400,0.0920,-1
KHAPRETA_510206,312282.860,2624347.200,131.3000,0.8469,1.1200,0.0716,-1
KHAPRETA_510206,312283.860,2624347.200,131.4700,1.1467,0.9500,0.0607,-1
KHAPRETA_510206,312285.860,2624347.200,131.4200,0.8169,1.0000,0.0639,-1
KHAPRETA_510206,312286.860,2624347.200,131.4100,1.1802,1.0100,0.0645,-1
KHAPRETA_510206,312289.860,2624347.200,131.6400,1.1069,0.7800,0.0498,-1
KHAPRETA_510206,312290.860,2624347.200,131.9900,0.9319,0.4300,0.0275,-1
KHAPRETA_510206,312292.860,2624347.200,132.0300,1.3119,0.3900,0.0249,-1
KHAPRETA_510206,312293.860,2624347.200,132.4000,1.1269,0.0200,0.0013,-1
KHAPRETA_510206,312300.860,2624347.200,132.4100,0.0000,0.0100,0.0006,-1
KHAPRETA_510206,312308.860,2624347.200,132.2400,0.0000,0.1800,0.0115,-1
KHAPRETA_510206,312328.860,2624347.200,132.3500,0.0000,0.0700,0.0045,-1
KHAPRETA_510206,311897.860,2624348.200,129.1700,0.0000,3.2500,0.2077,-1
KHAPRETA_510206,311900.860,2624348.200,128.9100,0.3881,3.5100,0.2243,-1
KHAPRETA_510206,311901.860,2624348.200,129.0000,0.5556,3.4200,0.2185,-1
KHAPRETA_510206,311906.860,2624348.200,128.7500,0.6954,3.6700,0.2345,-1
KHAPRETA_510206,311907.860,2624348.200,129.0500,0.5131,3.3700,0.2153,-1
KHAPRETA_510206,311909.860,2624348.200,128.4700,0.0000,3.9500,0.2524,-1
KHAPRETA_510206,311911.860,2624348.200,128.6700,0.0000,3.7500,0.2396,-1
KHAPRETA_510206,311914.860,2624348.200,129.0900,0.0000,3.3300,0.2128,-1
KHAPRETA_510206,311916.860,2624348.200,129.5700,0.0000,2.8500,0.1821,-1
KHAPRETA_510206,311919.860,2624348.200,129.5800,0.0069,2.8400,0.1815,-1
KHAPRETA_510206,311924.860,2624348.200,127.0500,1.1931,5.3700,0.3431,-1
KHAPRETA_510206,311929.860,2624348.200,126.6600,1.5881,5.7600,0.3681,-1
KHAPRETA_510206,311930.860,2624348.200,126.6000,1.5581,5.8200,0.3719,-1
KHAPRETA_510206,311932.860,2624348.200,126.0400,0.0000,6.3800,0.4077,-1
KHAPRETA_510206,311941.860,2624348.200,125.2900,2.3281,7.1300,0.4556,-1
KHAPRETA_510206,311942.860,2624348.200,125.1200,0.0100,7.3000,0.4665,-1
KHAPRETA_510206,311943.860,2624348.200,125.3100,2.3281,7.1100,0.4543,-1
KHAPRETA_510206,311946.860,2624348.200,125.6500,0.0000,6.7700,0.4326,-1
KHAPRETA_510206,311948.860,2624348.200,126.0300,1.9331,6.3900,0.4083,-1
KHAPRETA_510206,311958.860,2624348.200,126.0100,1.7289,6.4100,0.4096,-1
KHAPRETA_510206,311959.860,2624348.200,126.3900,2.5626,6.0300,0.3853,-1
KHAPRETA_510206,311966.860,2624348.200,129.8600,0.0000,2.5600,0.1636,-1
KHAPRETA_510206,311968.860,2624348.200,128.0400,1.0331,4.3800,0.2799,-1
KHAPRETA_510206,311969.860,2624348.200,127.7100,0.8681,4.7100,0.3010,-1
KHAPRETA_510206,311971.860,2624348.200,127.3800,1.2231,5.0400,0.3220,-1
KHAPRETA_510206,311974.860,2624348.200,128.6900,0.0000,3.7300,0.2383,-1
KHAPRETA_510206,311977.860,2624348.200,128.5100,0.0000,3.9100,0.2498,-1
KHAPRETA_510206,311979.860,2624348.200,128.8100,0.1100,3.6100,0.2307,-1
KHAPRETA_510206,311985.860,2624348.200,129.3400,0.2681,3.0800,0.1968,-1
KHAPRETA_510206,311986.860,2624348.200,129.2400,0.0150,3.1800,0.2032,-1
KHAPRETA_510206,311987.860,2624348.200,129.3700,0.2681,3.0500,0.1949,-1
KHAPRETA_510206,311990.860,2624348.200,129.0500,0.4781,3.3700,0.2153,-1
KHAPRETA_510206,311991.860,2624348.200,128.8200,0.3631,3.6000,0.2300,-1
KHAPRETA_510206,311994.860,2624348.200,128.7900,0.5531,3.6300,0.2319,-1
KHAPRETA_510206,311997.860,2624348.200,128.5400,0.0500,3.8800,0.2479,-1
KHAPRETA_510206,312003.860,2624348.200,127.5400,0.3550,4.8800,0.3118,-1
KHAPRETA_510206,312008.860,2624348.200,127.6000,1.0981,4.8200,0.3080,-1
KHAPRETA_510206,312011.860,2624348.200,127.6200,1.0881,4.8000,0.3067,-1
KHAPRETA_510206,312017.860,2624348.200,127.8800,0.8181,4.5400,0.2901,-1
KHAPRETA_510206,312018.860,2624348.200,128.1400,1.3128,4.2800,0.2735,-1
KHAPRETA_510206,312026.860,2624348.200,128.0500,0.8831,4.3700,0.2792,-1
KHAPRETA_510206,312027.860,2624348.200,128.0100,0.8631,4.4100,0.2818,-1
KHAPRETA_510206,312032.860,2624348.200,128.3700,1.0849,4.0500,0.2588,-1
KHAPRETA_510206,312033.860,2624348.200,128.6200,0.9102,3.8000,0.2428,-1
KHAPRETA_510206,312037.860,2624348.200,128.3500,0.0000,4.0700,0.2601,-1
KHAPRETA_510206,312041.860,2624348.200,128.4800,0.3463,3.9400,0.2518,-1
KHAPRETA_510206,312042.860,2624348.200,129.1000,0.6834,3.3200,0.2121,-1
KHAPRETA_510206,312043.860,2624348.200,129.7100,0.4642,2.7100,0.1732,-1
KHAPRETA_510206,312051.860,2624348.200,128.3000,0.9331,4.1200,0.2633,-1
KHAPRETA_510206,312053.860,2624348.200,128.3600,0.0000,4.0600,0.2594,-1
KHAPRETA_510206,312056.860,2624348.200,128.6300,0.0000,3.7900,0.2422,-1
KHAPRETA_510206,312058.860,2624348.200,128.1800,0.8231,4.2400,0.2709,-1
KHAPRETA_510206,312059.860,2624348.200,128.1300,1.2164,4.2900,0.2741,-1
KHAPRETA_510206,312061.860,2624348.200,128.0300,1.0910,4.3900,0.2805,-1
KHAPRETA_510206,312062.860,2624348.200,128.1600,0.8434,4.2600,0.2722,-1
KHAPRETA_510206,312063.860,2624348.200,128.3500,1.1357,4.0700,0.2601,-1
KHAPRETA_510206,312065.860,2624348.200,128.2600,0.8246,4.1600,0.2658,-1
KHAPRETA_510206,312066.860,2624348.200,128.2400,0.0600,4.1800,0.2671,-1
KHAPRETA_510206,312067.860,2624348.200,128.3800,0.7681,4.0400,0.2581,-1
KHAPRETA_510206,312069.860,2624348.200,128.4700,0.5531,3.9500,0.2524,-1
KHAPRETA_510206,312075.860,2624348.200,128.7800,0.0200,3.6400,0.2326,-1
KHAPRETA_510206,312082.860,2624348.200,128.8800,0.4631,3.5400,0.2262,-1
KHAPRETA_510206,312083.860,2624348.200,128.8500,0.6197,3.5700,0.2281,-1
KHAPRETA_510206,312087.860,2624348.200,128.7800,0.0000,3.6400,0.2326,-1
KHAPRETA_510206,312090.860,2624348.200,128.8200,0.0000,3.6000,0.2300,-1
KHAPRETA_510206,312095.860,2624348.200,128.6100,0.3267,3.8100,0.2435,-1
KHAPRETA_510206,312096.860,2624348.200,129.7100,0.7636,2.7100,0.1732,-1
KHAPRETA_510206,312098.860,2624348.200,130.3000,0.4131,2.1200,0.1355,-1
KHAPRETA_510206,312102.860,2624348.200,129.5000,0.0000,2.9200,0.1866,-1
KHAPRETA_510206,312106.860,2624348.200,129.7600,0.0369,2.6600,0.1700,-1
KHAPRETA_510206,312112.860,2624348.200,130.0800,0.1369,2.3400,0.1495,-1
KHAPRETA_510206,312116.860,2624348.200,130.0000,0.0000,2.4200,0.1546,-1
KHAPRETA_510206,312119.860,2624348.200,129.7900,0.0000,2.6300,0.1681,-1
KHAPRETA_510206,312129.860,2624348.200,129.8000,0.0369,2.6200,0.1674,-1
KHAPRETA_510206,312134.860,2624348.200,129.9500,0.0400,2.4700,0.1578,-1
KHAPRETA_510206,312136.860,2624348.200,129.9500,0.1124,2.4700,0.1578,-1
KHAPRETA_510206,312137.860,2624348.200,129.9300,0.1229,2.4900,0.1591,-1
KHAPRETA_510206,312140.860,2624348.200,129.8800,0.1302,2.5400,0.1623,-1
KHAPRETA_510206,312141.860,2624348.200,129.9500,0.0519,2.4700,0.1578,-1
KHAPRETA_510206,312149.860,2624348.200,130.4300,0.3219,1.9900,0.1272,-1
KHAPRETA_510206,312150.860,2624348.200,130.4200,0.3269,2.0000,0.1278,-1
KHAPRETA_510206,312153.860,2624348.200,130.9400,0.7990,1.4800,0.0946,-1
KHAPRETA_510206,312154.860,2624348.200,131.0800,0.1000,1.3400,0.0856,-1
KHAPRETA_510206,312155.860,2624348.200,131.1400,0.7076,1.2800,0.0818,-1
KHAPRETA_510206,312157.860,2624348.200,130.7300,0.6219,1.6900,0.1080,-1
KHAPRETA_510206,312162.860,2624348.200,130.5900,0.1219,1.8300,0.1169,-1
KHAPRETA_510206,312163.860,2624348.200,130.0200,0.4069,2.4000,0.1534,-1
KHAPRETA_510206,312165.860,2624348.200,130.3300,0.0150,2.0900,0.1335,-1
KHAPRETA_510206,312168.860,2624348.200,129.9700,0.0977,2.4500,0.1565,-1
KHAPRETA_510206,312169.860,2624348.200,129.9600,0.0969,2.4600,0.1572,-1
KHAPRETA_510206,312171.860,2624348.200,130.1800,0.2269,2.2400,0.1431,-1
KHAPRETA_510206,312173.860,2624348.200,130.2600,0.3071,2.1600,0.1380,-1
KHAPRETA_510206,312174.860,2624348.200,130.2300,0.2419,2.1900,0.1399,-1
KHAPRETA_510206,312178.860,2624348.200,130.3100,0.2269,2.1100,0.1348,-1
KHAPRETA_510206,312183.860,2624348.200,130.3400,0.0919,2.0800,0.1329,-1
KHAPRETA_510206,312210.860,2624348.200,130.2400,0.0000,2.1800,0.1393,-1
KHAPRETA_510206,312213.860,2624348.200,130.2200,0.0000,2.2000,0.1406,-1
KHAPRETA_510206,312216.860,2624348.200,130.3000,0.2469,2.1200,0.1355,-1
KHAPRETA_510206,312222.860,2624348.200,130.3100,0.0000,2.1100,0.1348,-1
KHAPRETA_510206,312224.860,2624348.200,130.1900,0.2119,2.2300,0.1425,-1
KHAPRETA_510206,312226.860,2624348.200,130.2200,0.2169,2.2000,0.1406,-1
KHAPRETA_510206,312232.860,2624348.200,130.6700,0.0000,1.7500,0.1118,-1
KHAPRETA_510206,312234.860,2624348.200,131.4000,0.5619,1.0200,0.0652,-1
KHAPRETA_510206,312235.860,2624348.200,130.9000,0.5902,1.5200,0.0971,-1
KHAPRETA_510206,312236.860,2624348.200,130.4600,0.1700,1.9600,0.1252,-1
KHAPRETA_510206,312237.860,2624348.200,130.5600,0.4531,1.8600,0.1188,-1
KHAPRETA_510206,312238.860,2624348.200,130.7000,0.5508,1.7200,0.1099,-1
KHAPRETA_510206,312240.860,2624348.200,131.1400,0.0000,1.2800,0.0818,-1
KHAPRETA_510206,312243.860,2624348.200,130.5600,0.0000,1.8600,0.1188,-1
KHAPRETA_510206,312247.860,2624348.200,131.1800,0.6269,1.2400,0.0792,-1
KHAPRETA_510206,312251.860,2624348.200,131.0000,0.5369,1.4200,0.0907,-1
KHAPRETA_510206,312252.860,2624348.200,130.8500,1.1069,1.5700,0.1003,-1
KHAPRETA_510206,312253.860,2624348.200,130.7900,0.5369,1.6300,0.1042,-1
KHAPRETA_510206,312255.860,2624348.200,130.6900,0.7025,1.7300,0.1105,-1
KHAPRETA_510206,312256.860,2624348.200,130.6700,0.4569,1.7500,0.1118,-1
KHAPRETA_510206,312259.860,2624348.200,131.3000,0.0000,1.1200,0.0716,-1
KHAPRETA_510206,312269.860,2624348.200,131.3500,0.0000,1.0700,0.0684,-1
KHAPRETA_510206,312272.860,2624348.200,131.3600,0.0000,1.0600,0.0677,-1
KHAPRETA_510206,312274.860,2624348.200,131.1400,0.0000,1.2800,0.0818,-1
KHAPRETA_510206,312276.860,2624348.200,131.4900,0.6769,0.9300,0.0594,-1
KHAPRETA_510206,312277.860,2624348.200,131.1300,0.2100,1.2900,0.0824,-1
KHAPRETA_510206,312278.860,2624348.200,131.0700,0.6769,1.3500,0.0863,-1
KHAPRETA_510206,312280.860,2624348.200,131.0900,0.0000,1.3300,0.0850,-1
KHAPRETA_510206,312288.860,2624348.200,131.6300,0.0000,0.7900,0.0505,-1
KHAPRETA_510206,312296.860,2624348.200,132.4200,0.0000,0.0000,0.0000,-1
KHAPRETA_510206,312306.860,2624348.200,132.3400,1.2769,0.0800,0.0051,-1
KHAPRETA_510206,312307.860,2624348.200,132.3300,1.2819,0.0900,0.0058,-1
KHAPRETA_510206,311892.860,2624349.200,129.1900,0.0000,3.2300,0.2064,-1
KHAPRETA_510206,311899.860,2624349.200,129.1000,0.0000,3.3200,0.2121,-1
KHAPRETA_510206,311901.860,2624349.200,129.0800,0.3881,3.3400,0.2134,-1
KHAPRETA_510206,311904.860,2624349.200,128.3800,0.0000,4.0400,0.2581,-1
KHAPRETA_510206,311906.860,2624349.200,128.5900,0.5131,3.8300,0.2447,-1
KHAPRETA_510206,311908.860,2624349.200,128.7400,0.0000,3.6800,0.2351,-1
KHAPRETA_510206,311913.860,2624349.200,129.0100,0.0000,3.4100,0.2179,-1
KHAPRETA_510206,311925.860,2624349.200,126.5500,0.0000,5.8700,0.3751,-1
KHAPRETA_510206,311930.860,2624349.200,126.4500,2.3877,5.9700,0.3815,-1
KHAPRETA_510206,311931.860,2624349.200,126.2100,1.6631,6.2100,0.3968,-1
KHAPRETA_510206,311933.860,2624349.200,126.3200,2.4563,6.1000,0.3898,-1
KHAPRETA_510206,311934.860,2624349.200,126.1700,1.7281,6.2500,0.3994,-1
KHAPRETA_510206,311939.860,2624349.200,126.5300,1.9731,5.8900,0.3764,-1
KHAPRETA_510206,311940.860,2624349.200,125.8300,1.6231,6.5900,0.4211,-1
KHAPRETA_510206,311948.860,2624349.200,125.9100,0.0200,6.5100,0.4160,-1
KHAPRETA_510206,311951.860,2624349.200,125.9000,0.0000,6.5200,0.4166,-1
KHAPRETA_510206,311954.860,2624349.200,125.7500,2.0281,6.6700,0.4262,-1
KHAPRETA_510206,311955.860,2624349.200,125.7200,2.0131,6.7000,0.4281,-1
KHAPRETA_510206,311957.860,2624349.200,125.4600,1.9931,6.9600,0.4447,-1
KHAPRETA_510206,311958.860,2624349.200,125.7900,0.4443,6.6300,0.4236,-1
KHAPRETA_510206,311959.860,2624349.200,126.3000,2.0163,6.1200,0.3911,-1
KHAPRETA_510206,311972.860,2624349.200,128.0700,0.5981,4.3500,0.2780,-1
KHAPRETA_510206,311976.860,2624349.200,128.8300,0.5381,3.5900,0.2294,-1
KHAPRETA_510206,311979.860,2624349.200,129.0800,0.6073,3.3400,0.2134,-1
KHAPRETA_510206,311980.860,2624349.200,129.0400,0.3481,3.3800,0.2160,-1
KHAPRETA_510206,311983.860,2624349.200,128.9200,0.3831,3.5000,0.2236,-1
KHAPRETA_510206,311988.860,2624349.200,129.3200,0.0000,3.1000,0.1981,-1
KHAPRETA_510206,311992.860,2624349.200,128.6100,0.4981,3.8100,0.2435,-1
KHAPRETA_510206,311994.860,2624349.200,128.6700,0.4931,3.7500,0.2396,-1
KHAPRETA_510206,311997.860,2624349.200,128.2000,0.8812,4.2200,0.2696,-1
KHAPRETA_510206,311998.860,2624349.200,128.5200,0.7881,3.9000,0.2492,-1
KHAPRETA_510206,312000.860,2624349.200,127.4700,1.0231,4.9500,0.3163,-1
KHAPRETA_510206,312003.860,2624349.200,127.5100,1.1181,4.9100,0.3137,-1
KHAPRETA_510206,312007.860,2624349.200,127.5800,1.0981,4.8400,0.3093,-1
KHAPRETA_510206,312008.860,2624349.200,127.5800,1.0981,4.8400,0.3093,-1
KHAPRETA_510206,312018.860,2624349.200,127.9600,1.3533,4.4600,0.2850,-1
KHAPRETA_510206,312019.860,2624349.200,127.6200,0.1550,4.8000,0.3067,-1
KHAPRETA_510206,312020.860,2624349.200,127.6500,1.3841,4.7700,0.3048,-1
KHAPRETA_510206,312024.860,2624349.200,128.0100,0.0000,4.4100,0.2818,-1
KHAPRETA_510206,312036.860,2624349.200,128.2900,0.8181,4.1300,0.2639,-1
KHAPRETA_510206,312039.860,2624349.200,128.1500,0.8481,4.2700,0.2728,-1
KHAPRETA_510206,312040.860,2624349.200,128.0800,0.0200,4.3400,0.2773,-1
KHAPRETA_510206,312041.860,2624349.200,128.1100,1.0673,4.3100,0.2754,-1
KHAPRETA_510206,312052.860,2624349.200,127.9100,0.9031,4.5100,0.2882,-1
KHAPRETA_510206,312059.860,2624349.200,127.9400,0.0650,4.4800,0.2863,-1
KHAPRETA_510206,312062.860,2624349.200,128.1200,1.1357,4.3000,0.2748,-1
KHAPRETA_510206,312063.860,2624349.200,128.1800,0.8315,4.2400,0.2709,-1
KHAPRETA_510206,312065.860,2624349.200,128.6200,0.1100,3.8000,0.2428,-1
KHAPRETA_510206,312068.860,2624349.200,128.3600,0.0000,4.0600,0.2594,-1
KHAPRETA_510206,312070.860,2624349.200,128.7400,0.5281,3.6800,0.2351,-1
KHAPRETA_510206,312071.860,2624349.200,128.7200,0.5181,3.7000,0.2364,-1
KHAPRETA_510206,312075.860,2624349.200,128.7500,0.4981,3.6700,0.2345,-1
KHAPRETA_510206,312077.860,2624349.200,128.8300,0.4631,3.5900,0.2294,-1
KHAPRETA_510206,312078.860,2624349.200,128.8500,0.6869,3.5700,0.2281,-1
KHAPRETA_510206,312080.860,2624349.200,128.7900,0.0000,3.6300,0.2319,-1
KHAPRETA_510206,312083.860,2624349.200,128.9200,0.0700,3.5000,0.2236,-1
KHAPRETA_510206,312086.860,2624349.200,128.8000,0.0000,3.6200,0.2313,-1
KHAPRETA_510206,312088.860,2624349.200,128.7900,0.0000,3.6300,0.2319,-1
KHAPRETA_510206,312095.860,2624349.200,129.5300,0.3950,2.8900,0.1847,-1
KHAPRETA_510206,312097.860,2624349.200,129.7900,0.0000,2.6300,0.1681,-1
KHAPRETA_510206,312099.860,2624349.200,129.4700,0.1781,2.9500,0.1885,-1
KHAPRETA_510206,312100.860,2624349.200,129.4200,0.1531,3.0000,0.1917,-1
KHAPRETA_510206,312106.860,2624349.200,129.8500,0.6333,2.5700,0.1642,-1
KHAPRETA_510206,312107.860,2624349.200,129.9800,0.0369,2.4400,0.1559,-1
KHAPRETA_510206,312114.860,2624349.200,129.7800,0.0000,2.6400,0.1687,-1
KHAPRETA_510206,312120.860,2624349.200,129.7700,0.0000,2.6500,0.1693,-1
KHAPRETA_510206,312130.860,2624349.200,129.8400,0.0000,2.5800,0.1649,-1
KHAPRETA_510206,312132.860,2624349.200,129.8500,0.0000,2.5700,0.1642,-1
KHAPRETA_510206,312134.860,2624349.200,129.9100,0.0869,2.5100,0.1604,-1
KHAPRETA_510206,312136.860,2624349.200,129.9400,0.0869,2.4800,0.1585,-1
KHAPRETA_510206,312138.860,2624349.200,129.9300,0.0000,2.4900,0.1591,-1
KHAPRETA_510206,312140.860,2624349.200,129.9700,0.0519,2.4500,0.1565,-1
KHAPRETA_510206,312144.860,2624349.200,129.9200,0.1707,2.5000,0.1597,-1
KHAPRETA_510206,312145.860,2624349.200,130.0700,0.0719,2.3500,0.1502,-1
KHAPRETA_510206,312147.860,2624349.200,130.2700,0.2769,2.1500,0.1374,-1
KHAPRETA_510206,312148.860,2624349.200,130.3300,0.2469,2.0900,0.1335,-1
KHAPRETA_510206,312152.860,2624349.200,130.4800,0.4619,1.9400,0.1240,-1
KHAPRETA_510206,312153.860,2624349.200,130.7000,0.6801,1.7200,0.1099,-1
KHAPRETA_510206,312155.860,2624349.200,130.5700,0.6819,1.8500,0.1182,-1
KHAPRETA_510206,312158.860,2624349.200,130.7700,0.0000,1.6500,0.1054,-1
KHAPRETA_510206,312165.860,2624349.200,130.0100,0.1300,2.4100,0.1540,-1
KHAPRETA_510206,312172.860,2624349.200,130.2900,0.0000,2.1300,0.1361,-1
KHAPRETA_510206,312183.860,2624349.200,129.9600,0.1800,2.4600,0.1572,-1
KHAPRETA_510206,312207.860,2624349.200,132.1600,1.2519,0.2600,0.0166,-1
KHAPRETA_510206,312208.860,2624349.200,132.2800,1.2661,0.1400,0.0089,-1
KHAPRETA_510206,312214.860,2624349.200,130.2500,0.0000,2.1700,0.1387,-1
KHAPRETA_510206,312216.860,2624349.200,130.2700,0.2619,2.1500,0.1374,-1
KHAPRETA_510206,312221.860,2624349.200,130.2300,0.2319,2.1900,0.1399,-1
KHAPRETA_510206,312223.860,2624349.200,130.1800,0.3730,2.2400,0.1431,-1
KHAPRETA_510206,312224.860,2624349.200,130.2000,0.2891,2.2200,0.1419,-1
KHAPRETA_510206,312226.860,2624349.200,130.2100,0.4417,2.2100,0.1412,-1
KHAPRETA_510206,312227.860,2624349.200,130.5400,0.2169,1.8800,0.1201,-1
KHAPRETA_510206,312241.860,2624349.200,132.2800,0.0000,0.1400,0.0089,-1
KHAPRETA_510206,312245.860,2624349.200,130.7600,0.0000,1.6600,0.1061,-1
KHAPRETA_510206,312247.860,2624349.200,131.0300,0.1750,1.3900,0.0888,-1
KHAPRETA_510206,312252.860,2624349.200,131.9800,0.5369,0.4400,0.0281,-1
KHAPRETA_510206,312260.860,2624349.200,131.3600,0.0000,1.0600,0.0677,-1
KHAPRETA_510206,312268.860,2624349.200,131.3000,0.0000,1.1200,0.0716,-1
KHAPRETA_510206,312282.860,2624349.200,131.2100,0.0000,1.2100,0.0773,-1
KHAPRETA_510206,312285.860,2624349.200,131.6500,0.0000,0.7700,0.0492,-1
KHAPRETA_510206,312287.860,2624349.200,131.8900,0.0000,0.5300,0.0339,-1
KHAPRETA_510206,312289.860,2624349.200,132.2800,0.0000,0.1400,0.0089,-1
KHAPRETA_510206,312330.860,2624349.200,132.4000,0.0000,0.0200,0.0013,-1
KHAPRETA_510206,311889.860,2624350.200,129.1500,0.0000,3.2700,0.2089,-1
KHAPRETA_510206,311891.860,2624350.200,129.7300,0.2531,2.6900,0.1719,-1
KHAPRETA_510206,311905.860,2624350.200,128.8000,0.5781,3.6200,0.2313,-1
KHAPRETA_510206,311920.860,2624350.200,126.9100,0.0000,5.5100,0.3521,-1
KHAPRETA_510206,311933.860,2624350.200,126.4400,1.7281,5.9800,0.3821,-1
KHAPRETA_510206,311936.860,2624350.200,126.7500,2.2731,5.6700,0.3623,-1
KHAPRETA_510206,311938.860,2624350.200,125.3300,0.0000,7.0900,0.4530,-1
KHAPRETA_510206,311947.860,2624350.200,125.8600,1.8931,6.5600,0.4192,-1
KHAPRETA_510206,311948.860,2624350.200,125.9900,0.3422,6.4300,0.4109,-1
KHAPRETA_510206,311949.860,2624350.200,126.0000,2.5937,6.4200,0.4102,-1
KHAPRETA_510206,311953.860,2624350.200,125.6600,0.0000,6.7600,0.4319,-1
KHAPRETA_510206,311956.860,2624350.200,125.6800,0.0000,6.7400,0.4307,-1
KHAPRETA_510206,311958.860,2624350.200,125.7200,2.8222,6.7000,0.4281,-1
KHAPRETA_510206,311959.860,2624350.200,125.7800,2.6709,6.6400,0.4243,-1
KHAPRETA_510206,311972.860,2624350.200,128.5800,0.8531,3.8400,0.2454,-1
KHAPRETA_510206,311975.860,2624350.200,128.7400,0.5381,3.6800,0.2351,-1
KHAPRETA_510206,311976.860,2624350.200,128.7000,0.7015,3.7200,0.2377,-1
KHAPRETA_510206,311982.860,2624350.200,128.9400,0.5142,3.4800,0.2224,-1
KHAPRETA_510206,311983.860,2624350.200,129.0100,0.4185,3.4100,0.2179,-1
KHAPRETA_510206,311986.860,2624350.200,129.1000,0.2331,3.3200,0.2121,-1
KHAPRETA_510206,311987.860,2624350.200,129.3100,0.4078,3.1100,0.1987,-1
KHAPRETA_510206,311992.860,2624350.200,128.7800,0.8533,3.6400,0.2326,-1
KHAPRETA_510206,311993.860,2624350.200,128.5300,0.4981,3.8900,0.2486,-1
KHAPRETA_510206,312000.860,2624350.200,127.7300,0.1800,4.6900,0.2997,-1
KHAPRETA_510206,312008.860,2624350.200,127.5900,0.0100,4.8300,0.3086,-1
KHAPRETA_510206,312020.860,2624350.200,128.0400,1.0631,4.3800,0.2799,-1
KHAPRETA_510206,312036.860,2624350.200,128.1400,0.1250,4.2800,0.2735,-1
KHAPRETA_510206,312044.860,2624350.200,128.7900,0.0000,3.6300,0.2319,-1
KHAPRETA_510206,312047.860,2624350.200,127.9200,0.8481,4.5000,0.2875,-1
KHAPRETA_510206,312051.860,2624350.200,128.1100,1.2219,4.3100,0.2754,-1
KHAPRETA_510206,312052.860,2624350.200,127.9700,0.8356,4.4500,0.2843,-1
KHAPRETA_510206,312054.860,2624350.200,128.2700,1.2596,4.1500,0.2652,-1
KHAPRETA_510206,312055.860,2624350.200,128.0200,0.7336,4.4000,0.2811,-1
KHAPRETA_510206,312056.860,2624350.200,128.0900,0.8781,4.3300,0.2767,-1
KHAPRETA_510206,312058.860,2624350.200,128.3700,1.1053,4.0500,0.2588,-1
KHAPRETA_510206,312059.860,2624350.200,128.0000,0.2022,4.4200,0.2824,-1
KHAPRETA_510206,312060.860,2624350.200,127.9700,0.8881,4.4500,0.2843,-1
KHAPRETA_510206,312063.860,2624350.200,128.5000,1.0669,3.9200,0.2505,-1
KHAPRETA_510206,312064.860,2624350.200,128.3600,0.0100,4.0600,0.2594,-1
KHAPRETA_510206,312065.860,2624350.200,128.4800,0.9141,3.9400,0.2518,-1
KHAPRETA_510206,312074.860,2624350.200,128.8400,0.4881,3.5800,0.2288,-1
KHAPRETA_510206,312078.860,2624350.200,128.7800,0.4631,3.6400,0.2326,-1
KHAPRETA_510206,312083.860,2624350.200,128.7100,0.4281,3.7100,0.2371,-1
KHAPRETA_510206,312092.860,2624350.200,129.1800,0.0000,3.2400,0.2070,-1
KHAPRETA_510206,312095.860,2624350.200,129.4000,0.1231,3.0200,0.1930,-1
KHAPRETA_510206,312104.860,2624350.200,129.5800,0.0169,2.8400,0.1815,-1
KHAPRETA_510206,312105.860,2624350.200,129.8100,0.7862,2.6100,0.1668,-1
KHAPRETA_510206,312106.860,2624350.200,131.0100,0.0406,1.4100,0.0901,-1
KHAPRETA_510206,312109.860,2624350.200,131.1200,0.0000,1.3000,0.0831,-1
KHAPRETA_510206,312112.860,2624350.200,130.0600,0.0000,2.3600,0.1508,-1
KHAPRETA_510206,312116.860,2624350.200,129.7800,0.0000,2.6400,0.1687,-1
KHAPRETA_510206,312121.860,2624350.200,130.0300,0.1546,2.3900,0.1527,-1
KHAPRETA_510206,312122.860,2624350.200,130.0700,0.1325,2.3500,0.1502,-1
KHAPRETA_510206,312126.860,2624350.200,129.8000,0.0000,2.6200,0.1674,-1
KHAPRETA_510206,312128.860,2624350.200,129.8900,0.0000,2.5300,0.1617,-1
KHAPRETA_510206,312131.860,2624350.200,129.9500,0.1419,2.4700,0.1578,-1
KHAPRETA_510206,312133.860,2624350.200,129.9400,0.0000,2.4800,0.1585,-1
KHAPRETA_510206,312144.860,2624350.200,129.9500,0.0719,2.4700,0.1578,-1
KHAPRETA_510206,312154.860,2624350.200,130.4000,0.3669,2.0200,0.1291,-1
KHAPRETA_510206,312162.860,2624350.200,130.7200,0.4719,1.7000,0.1086,-1
KHAPRETA_510206,312164.860,2624350.200,130.6000,0.4069,1.8200,0.1163,-1
KHAPRETA_510206,312165.860,2624350.200,130.5900,0.4282,1.8300,0.1169,-1
KHAPRETA_510206,312176.860,2624350.200,130.2400,0.0000,2.1800,0.1393,-1
KHAPRETA_510206,312179.860,2624350.200,129.9700,0.0119,2.4500,0.1565,-1
KHAPRETA_510206,312183.860,2624350.200,129.9800,0.0919,2.4400,0.1559,-1
KHAPRETA_510206,312208.860,2624350.200,130.6300,0.9300,1.7900,0.1144,-1
KHAPRETA_510206,312215.860,2624350.200,130.2300,0.0000,2.1900,0.1399,-1
KHAPRETA_510206,312221.860,2624350.200,130.2400,0.2269,2.1800,0.1393,-1
KHAPRETA_510206,312223.860,2624350.200,130.3900,0.2019,2.0300,0.1297,-1
KHAPRETA_510206,312225.860,2624350.200,131.9100,0.0000,0.5100,0.0326,-1
KHAPRETA_510206,312232.860,2624350.200,131.0700,0.0000,1.3500,0.0863,-1
KHAPRETA_510206,312235.860,2624350.200,132.3800,0.0000,0.0400,0.0026,-1
KHAPRETA_510206,312242.860,2624350.200,132.2800,1.2319,0.1400,0.0089,-1
KHAPRETA_510206,312243.860,2624350.200,132.2400,0.0150,0.1800,0.0115,-1
KHAPRETA_510206,312244.860,2624350.200,132.3100,1.2319,0.1100,0.0070,-1
KHAPRETA_510206,312247.860,2624350.200,130.8300,0.6269,1.5900,0.1016,-1
KHAPRETA_510206,312253.860,2624350.200,131.2700,0.0000,1.1500,0.0735,-1
KHAPRETA_510206,312255.860,2624350.200,131.2800,0.7519,1.1400,0.0728,-1
KHAPRETA_510206,312256.860,2624350.200,131.2800,0.1700,1.1400,0.0728,-1
KHAPRETA_510206,312257.860,2624350.200,131.6200,0.1950,0.8000,0.0511,-1
KHAPRETA_510206,312258.860,2624350.200,131.6700,0.9219,0.7500,0.0479,-1
KHAPRETA_510206,312280.860,2624350.200,131.1800,0.0000,1.2400,0.0792,-1
KHAPRETA_510206,312284.860,2624350.200,132.1900,0.0000,0.2300,0.0147,-1
KHAPRETA_510206,312297.860,2624350.200,132.4100,0.0000,0.0100,0.0006,-1
KHAPRETA_510206,311891.860,2624351.200,129.2700,0.0231,3.1500,0.2013,-1
KHAPRETA_510206,311894.860,2624351.200,129.3800,0.4163,3.0400,0.1942,-1
KHAPRETA_510206,311895.860,2624351.200,129.0100,0.0850,3.4100,0.2179,-1
KHAPRETA_510206,311896.860,2624351.200,129.2100,0.1100,3.2100,0.2051,-1
KHAPRETA_510206,311897.860,2624351.200,129.2300,0.2831,3.1900,0.2038,-1
KHAPRETA_510206,311900.860,2624351.200,128.7000,0.0000,3.7200,0.2377,-1
KHAPRETA_510206,311905.860,2624351.200,128.6200,0.0100,3.8000,0.2428,-1
KHAPRETA_510206,311908.860,2624351.200,129.3300,0.3031,3.0900,0.1974,-1
KHAPRETA_510206,311909.860,2624351.200,129.1700,0.2231,3.2500,0.2077,-1
KHAPRETA_510206,311913.860,2624351.200,127.9500,0.9881,4.4700,0.2856,-1
KHAPRETA_510206,311916.860,2624351.200,127.8900,1.7969,4.5300,0.2895,-1
KHAPRETA_510206,311917.860,2624351.200,127.0800,0.9431,5.3400,0.3412,-1
KHAPRETA_510206,311922.860,2624351.200,127.1600,1.4481,5.2600,0.3361,-1
KHAPRETA_510206,311924.860,2624351.200,126.5500,0.0000,5.8700,0.3751,-1
KHAPRETA_510206,311927.860,2624351.200,127.1400,0.0000,5.2800,0.3374,-1
KHAPRETA_510206,311935.860,2624351.200,126.2700,2.2731,6.1500,0.3930,-1
KHAPRETA_510206,311936.860,2624351.200,125.2300,1.9375,7.1900,0.4594,-1
KHAPRETA_510206,311942.860,2624351.200,125.6100,2.0881,6.8100,0.4351,-1
KHAPRETA_510206,311943.860,2624351.200,125.6000,1.9838,6.8200,0.4358,-1
KHAPRETA_510206,311944.860,2624351.200,125.7200,2.8591,6.7000,0.4281,-1
KHAPRETA_510206,311948.860,2624351.200,126.5800,2.5937,5.8400,0.3732,-1
KHAPRETA_510206,311949.860,2624351.200,126.2300,2.4736,6.1900,0.3955,-1
KHAPRETA_510206,311954.860,2624351.200,126.1100,1.8331,6.3100,0.4032,-1
KHAPRETA_510206,311969.860,2624351.200,130.7500,0.8619,1.6700,0.1067,-1
KHAPRETA_510206,311970.860,2624351.200,131.5000,1.1717,0.9200,0.0588,-1
KHAPRETA_510206,311971.860,2624351.200,128.9200,0.8692,3.5000,0.2236,-1
KHAPRETA_510206,311973.860,2624351.200,128.3700,0.9701,4.0500,0.2588,-1
KHAPRETA_510206,311974.860,2624351.200,128.4500,0.9263,3.9700,0.2537,-1
KHAPRETA_510206,311977.860,2624351.200,129.0700,0.0000,3.3500,0.2141,-1
KHAPRETA_510206,311982.860,2624351.200,129.0900,0.4140,3.3300,0.2128,-1
KHAPRETA_510206,311983.860,2624351.200,128.9600,0.5142,3.4600,0.2211,-1
KHAPRETA_510206,311985.860,2624351.200,128.6800,0.0000,3.7400,0.2390,-1
KHAPRETA_510206,311987.860,2624351.200,129.3200,0.0600,3.1000,0.1981,-1
KHAPRETA_510206,311994.860,2624351.200,128.9200,0.5531,3.5000,0.2236,-1
KHAPRETA_510206,311995.860,2624351.200,128.6700,0.2350,3.7500,0.2396,-1
KHAPRETA_510206,311996.860,2624351.200,128.4500,0.1500,3.9700,0.2537,-1
KHAPRETA_510206,311997.860,2624351.200,128.3700,0.6631,4.0500,0.2588,-1
KHAPRETA_510206,311999.860,2624351.200,128.5500,1.3516,3.8700,0.2473,-1
KHAPRETA_510206,312000.860,2624351.200,127.8300,0.6141,4.5900,0.2933,-1
KHAPRETA_510206,312002.860,2624351.200,127.5000,1.1231,4.9200,0.3144,-1
KHAPRETA_510206,312008.860,2624351.200,127.6000,1.0931,4.8200,0.3080,-1
KHAPRETA_510206,312012.860,2624351.200,127.6300,0.0000,4.7900,0.3061,-1
KHAPRETA_510206,312017.860,2624351.200,127.8700,0.0000,4.5500,0.2907,-1
KHAPRETA_510206,312021.860,2624351.200,127.9800,0.9531,4.4400,0.2837,-1
KHAPRETA_510206,312025.860,2624351.200,127.9200,0.0000,4.5000,0.2875,-1
KHAPRETA_510206,312032.860,2624351.200,128.4200,0.6031,4.0000,0.2556,-1
KHAPRETA_510206,312036.860,2624351.200,128.0400,0.5885,4.3800,0.2799,-1
KHAPRETA_510206,312037.860,2624351.200,128.6100,0.8681,3.8100,0.2435,-1
KHAPRETA_510206,312042.860,2624351.200,127.9800,0.9922,4.4400,0.2837,-1
KHAPRETA_510206,312043.860,2624351.200,128.4500,0.8981,3.9700,0.2537,-1
KHAPRETA_510206,312047.860,2624351.200,128.0800,1.2208,4.3400,0.2773,-1
KHAPRETA_510206,312048.860,2624351.200,128.1900,0.8481,4.2300,0.2703,-1
KHAPRETA_510206,312050.860,2624351.200,128.2400,0.8231,4.1800,0.2671,-1
KHAPRETA_510206,312051.860,2624351.200,128.1300,0.8390,4.2900,0.2741,-1
KHAPRETA_510206,312052.860,2624351.200,128.0400,0.9037,4.3800,0.2799,-1
KHAPRETA_510206,312053.860,2624351.200,128.0600,0.0350,4.3600,0.2786,-1
KHAPRETA_510206,312054.860,2624351.200,127.9700,0.7642,4.4500,0.2843,-1
KHAPRETA_510206,312055.860,2624351.200,128.3200,1.2596,4.1000,0.2620,-1
KHAPRETA_510206,312057.860,2624351.200,128.0000,1.0616,4.4200,0.2824,-1
KHAPRETA_510206,312058.860,2624351.200,128.4600,0.7031,3.9600,0.2530,-1
KHAPRETA_510206,312059.860,2624351.200,128.0000,1.1053,4.4200,0.2824,-1
KHAPRETA_510206,312067.860,2624351.200,128.2100,0.0000,4.2100,0.2690,-1
KHAPRETA_510206,312069.860,2624351.200,128.2600,0.0000,4.1600,0.2658,-1
KHAPRETA_510206,312074.860,2624351.200,128.8000,0.6799,3.6200,0.2313,-1
KHAPRETA_510206,312075.860,2624351.200,128.7900,0.4781,3.6300,0.2319,-1
KHAPRETA_510206,312076.860,2624351.200,128.7900,0.4931,3.6300,0.2319,-1
KHAPRETA_510206,312081.860,2624351.200,128.7900,0.0000,3.6300,0.2319,-1
KHAPRETA_510206,312084.860,2624351.200,128.7300,0.0000,3.6900,0.2358,-1
KHAPRETA_510206,312087.860,2624351.200,128.6300,0.5581,3.7900,0.2422,-1
KHAPRETA_510206,312088.860,2624351.200,128.6600,0.6459,3.7600,0.2403,-1
KHAPRETA_510206,312090.860,2624351.200,128.9800,0.0000,3.4400,0.2198,-1
KHAPRETA_510206,312099.860,2624351.200,129.5500,0.0000,2.8700,0.1834,-1
KHAPRETA_510206,312101.860,2624351.200,129.4300,0.1031,2.9900,0.1911,-1
KHAPRETA_510206,312102.860,2624351.200,129.5700,0.1731,2.8500,0.1821,-1
KHAPRETA_510206,312105.860,2624351.200,130.4300,0.0169,1.9900,0.1272,-1
KHAPRETA_510206,312110.860,2624351.200,131.6400,0.0000,0.7800,0.0498,-1
KHAPRETA_510206,312114.860,2624351.200,129.8600,0.0000,2.5600,0.1636,-1
KHAPRETA_510206,312121.860,2624351.200,129.6800,0.1325,2.7400,0.1751,-1
KHAPRETA_510206,312122.860,2624351.200,129.7000,0.1546,2.7200,0.1738,-1
KHAPRETA_510206,312125.860,2624351.200,129.7600,0.0000,2.6600,0.1700,-1
KHAPRETA_510206,312131.860,2624351.200,130.0600,0.0450,2.3600,0.1508,-1
KHAPRETA_510206,312138.860,2624351.200,129.9300,0.0000,2.4900,0.1591,-1
KHAPRETA_510206,312142.860,2624351.200,129.8800,0.2019,2.5400,0.1623,-1
KHAPRETA_510206,312143.860,2624351.200,130.1800,0.1559,2.2400,0.1431,-1
KHAPRETA_510206,312148.860,2624351.200,130.2800,0.0000,2.1400,0.1367,-1
KHAPRETA_510206,312150.860,2624351.200,130.5700,0.0000,1.8500,0.1182,-1
KHAPRETA_510206,312152.860,2624351.200,130.4800,0.4612,1.9400,0.1240,-1
KHAPRETA_510206,312153.860,2624351.200,130.2100,0.0150,2.2100,0.1412,-1
KHAPRETA_510206,312154.860,2624351.200,130.5100,0.3800,1.9100,0.1220,-1
KHAPRETA_510206,312157.860,2624351.200,130.6300,0.5719,1.7900,0.1144,-1
KHAPRETA_510206,312158.860,2624351.200,130.9200,0.0800,1.5000,0.0958,-1
KHAPRETA_510206,312159.860,2624351.200,130.7900,0.3350,1.6300,0.1042,-1
KHAPRETA_510206,312160.860,2624351.200,130.2500,0.8180,2.1700,0.1387,-1
KHAPRETA_510206,312162.860,2624351.200,130.7200,0.6431,1.7000,0.1086,-1
KHAPRETA_510206,312163.860,2624351.200,130.6500,0.4719,1.7700,0.1131,-1
KHAPRETA_510206,312169.860,2624351.200,130.1400,0.0000,2.2800,0.1457,-1
KHAPRETA_510206,312172.860,2624351.200,129.7600,0.0031,2.6600,0.1700,-1
KHAPRETA_510206,312173.860,2624351.200,129.7700,0.0378,2.6500,0.1693,-1
KHAPRETA_510206,312179.860,2624351.200,129.8000,0.0969,2.6200,0.1674,-1
KHAPRETA_510206,312182.860,2624351.200,129.9000,0.0000,2.5200,0.1610,-1
KHAPRETA_510206,312208.860,2624351.200,130.4200,1.3749,2.0000,0.1278,-1
KHAPRETA_510206,312209.860,2624351.200,132.3900,0.4059,0.0300,0.0019,-1
KHAPRETA_510206,312210.860,2624351.200,130.2500,1.3069,2.1700,0.1387,-1
KHAPRETA_510206,312219.860,2624351.200,130.2200,0.6969,2.2000,0.1406,-1
KHAPRETA_510206,312245.860,2624351.200,130.6600,0.5769,1.7600,0.1125,-1
KHAPRETA_510206,312249.860,2624351.200,130.7700,0.0000,1.6500,0.1054,-1
KHAPRETA_510206,312251.860,2624351.200,131.0000,0.0000,1.4200,0.0907,-1
KHAPRETA_510206,312265.860,2624351.200,131.5000,0.0000,0.9200,0.0588,-1
KHAPRETA_510206,312272.860,2624351.200,131.1100,0.6819,1.3100,0.0837,-1
KHAPRETA_510206,312279.860,2624351.200,131.2100,0.0000,1.2100,0.0773,-1
KHAPRETA_510206,312295.860,2624351.200,132.4100,0.0000,0.0100,0.0006,-1
KHAPRETA_510206,312312.860,2624351.200,132.4200,0.0000,0.0000,0.0000,-1
KHAPRETA_510206,311885.860,2624352.200,129.4300,0.0000,2.9900,0.1911,-1
KHAPRETA_510206,311894.860,2624352.200,129.4500,0.1981,2.9700,0.1898,-1
KHAPRETA_510206,311899.860,2624352.200,129.2300,0.0000,3.1900,0.2038,-1
KHAPRETA_510206,311902.860,2624352.200,128.8500,0.7881,3.5700,0.2281,-1
KHAPRETA_510206,311903.860,2624352.200,128.2000,0.4631,4.2200,0.2696,-1
KHAPRETA_510206,311905.860,2624352.200,128.7800,0.0900,3.6400,0.2326,-1
KHAPRETA_510206,311907.860,2624352.200,129.2500,0.0000,3.1700,0.2026,-1
KHAPRETA_510206,311911.860,2624352.200,128.6000,0.9831,3.8200,0.2441,-1
KHAPRETA_510206,311913.860,2624352.200,127.8000,0.9131,4.6200,0.2952,-1
KHAPRETA_510206,311915.860,2624352.200,127.5900,1.1881,4.8300,0.3086,-1
KHAPRETA_510206,311916.860,2624352.200,127.4000,1.4437,5.0200,0.3208,-1
KHAPRETA_510206,311918.860,2624352.200,126.6900,0.0000,5.7300,0.3661,-1
KHAPRETA_510206,311922.860,2624352.200,126.8800,1.3081,5.5400,0.3540,-1
KHAPRETA_510206,311928.860,2624352.200,127.2300,0.0000,5.1900,0.3316,-1
KHAPRETA_510206,311936.860,2624352.200,125.1000,2.2783,7.3200,0.4677,-1
KHAPRETA_510206,311937.860,2624352.200,125.2200,3.2125,7.2000,0.4601,-1
KHAPRETA_510206,311943.860,2624352.200,125.8100,1.9554,6.6100,0.4224,-1
KHAPRETA_510206,311944.860,2624352.200,125.8700,1.9835,6.5500,0.4185,-1
KHAPRETA_510206,311950.860,2624352.200,127.5300,1.8795,4.8900,0.3125,-1
KHAPRETA_510206,311951.860,2624352.200,126.0900,2.0139,6.3300,0.4045,-1
KHAPRETA_510206,311952.860,2624352.200,126.0500,1.9488,6.3700,0.4070,-1
KHAPRETA_510206,311954.860,2624352.200,126.1100,1.8331,6.3100,0.4032,-1
KHAPRETA_510206,311970.860,2624352.200,131.2400,0.8692,1.1800,0.0754,-1
KHAPRETA_510206,311971.860,2624352.200,130.0000,0.8479,2.4200,0.1546,-1
KHAPRETA_510206,311973.860,2624352.200,128.3600,0.7321,4.0600,0.2594,-1
KHAPRETA_510206,311974.860,2624352.200,128.5700,0.9701,3.8500,0.2460,-1
KHAPRETA_510206,311976.860,2624352.200,129.1600,0.0000,3.2600,0.2083,-1
KHAPRETA_510206,311981.860,2624352.200,128.9000,0.6625,3.5200,0.2249,-1
KHAPRETA_510206,311982.860,2624352.200,128.8000,0.4444,3.6200,0.2313,-1
KHAPRETA_510206,311986.860,2624352.200,129.0200,0.1731,3.4000,0.2173,-1
KHAPRETA_510206,311987.860,2624352.200,129.4300,0.3781,2.9900,0.1911,-1
KHAPRETA_510206,311989.860,2624352.200,129.1700,0.2331,3.2500,0.2077,-1
KHAPRETA_510206,311991.860,2624352.200,129.3600,0.2531,3.0600,0.1955,-1
KHAPRETA_510206,311992.860,2624352.200,129.2700,0.2081,3.1500,0.2013,-1
KHAPRETA_510206,311998.860,2624352.200,127.6300,1.1693,4.7900,0.3061,-1
KHAPRETA_510206,311999.860,2624352.200,127.9000,0.4481,4.5200,0.2888,-1
KHAPRETA_510206,312000.860,2624352.200,127.8000,1.0258,4.6200,0.2952,-1
KHAPRETA_510206,312002.860,2624352.200,127.5300,1.1381,4.8900,0.3125,-1
KHAPRETA_510206,312005.860,2624352.200,127.5500,1.0781,4.8700,0.3112,-1
KHAPRETA_510206,312013.860,2624352.200,127.7300,0.0000,4.6900,0.2997,-1
KHAPRETA_510206,312016.860,2624352.200,128.5600,0.0000,3.8600,0.2466,-1
KHAPRETA_510206,312018.860,2624352.200,128.2300,0.8381,4.1900,0.2677,-1
KHAPRETA_510206,312019.860,2624352.200,128.1000,0.7731,4.3200,0.2760,-1
KHAPRETA_510206,312021.860,2624352.200,127.8700,0.8981,4.5500,0.2907,-1
KHAPRETA_510206,312027.860,2624352.200,127.9500,0.0000,4.4700,0.2856,-1
KHAPRETA_510206,312029.860,2624352.200,128.2100,0.8781,4.2100,0.2690,-1
KHAPRETA_510206,312030.860,2624352.200,128.0200,1.1580,4.4000,0.2811,-1
KHAPRETA_510206,312032.860,2624352.200,128.5700,0.6781,3.8500,0.2460,-1
KHAPRETA_510206,312035.860,2624352.200,127.9800,0.7381,4.4400,0.2837,-1
KHAPRETA_510206,312036.860,2624352.200,128.3000,0.9620,4.1200,0.2633,-1
KHAPRETA_510206,312039.860,2624352.200,128.3000,0.0000,4.1200,0.2633,-1
KHAPRETA_510206,312041.860,2624352.200,128.0300,1.1586,4.3900,0.2805,-1
KHAPRETA_510206,312042.860,2624352.200,128.3000,1.2525,4.1200,0.2633,-1
KHAPRETA_510206,312045.860,2624352.200,127.9600,0.7181,4.4600,0.2850,-1
KHAPRETA_510206,312056.860,2624352.200,128.0800,1.1852,4.3400,0.2773,-1
KHAPRETA_510206,312057.860,2624352.200,128.1100,1.2279,4.3100,0.2754,-1
KHAPRETA_510206,312062.860,2624352.200,128.0800,0.9822,4.3400,0.2773,-1
KHAPRETA_510206,312063.860,2624352.200,128.0600,0.8481,4.3600,0.2786,-1
KHAPRETA_510206,312070.860,2624352.200,128.1600,0.0000,4.2600,0.2722,-1
KHAPRETA_510206,312075.860,2624352.200,128.8200,0.0600,3.6000,0.2300,-1
KHAPRETA_510206,312083.860,2624352.200,128.6800,0.0000,3.7400,0.2390,-1
KHAPRETA_510206,312088.860,2624352.200,129.1800,0.6303,3.2400,0.2070,-1
KHAPRETA_510206,312089.860,2624352.200,129.1900,0.2981,3.2300,0.2064,-1
KHAPRETA_510206,312120.860,2624352.200,129.7200,0.0000,2.7000,0.1725,-1
KHAPRETA_510206,312129.860,2624352.200,130.0500,0.0000,2.3700,0.1514,-1
KHAPRETA_510206,312131.860,2624352.200,130.0400,0.1419,2.3800,0.1521,-1
KHAPRETA_510206,312133.860,2624352.200,129.9100,0.0669,2.5100,0.1604,-1
KHAPRETA_510206,312134.860,2624352.200,129.9100,0.0669,2.5100,0.1604,-1
KHAPRETA_510206,312136.860,2624352.200,129.9100,0.0000,2.5100,0.1604,-1
KHAPRETA_510206,312140.860,2624352.200,129.8500,0.0000,2.5700,0.1642,-1
KHAPRETA_510206,312143.860,2624352.200,130.0700,0.1850,2.3500,0.1502,-1
KHAPRETA_510206,312146.860,2624352.200,130.3800,0.3319,2.0400,0.1304,-1
KHAPRETA_510206,312147.860,2624352.200,130.4400,0.3632,1.9800,0.1265,-1
KHAPRETA_510206,312152.860,2624352.200,130.5900,0.0100,1.8300,0.1169,-1
KHAPRETA_510206,312155.860,2624352.200,131.0200,0.4769,1.4000,0.0895,-1
KHAPRETA_510206,312160.860,2624352.200,131.0600,0.2369,1.3600,0.0869,-1
KHAPRETA_510206,312166.860,2624352.200,130.5600,0.0000,1.8600,0.1188,-1
KHAPRETA_510206,312171.860,2624352.200,130.4000,0.3519,2.0200,0.1291,-1
KHAPRETA_510206,312173.860,2624352.200,129.8500,0.0233,2.5700,0.1642,-1
KHAPRETA_510206,312174.860,2624352.200,129.7300,0.0250,2.6900,0.1719,-1
KHAPRETA_510206,312175.860,2624352.200,129.8000,0.0363,2.6200,0.1674,-1
KHAPRETA_510206,312177.860,2624352.200,129.7800,0.0069,2.6400,0.1687,-1
KHAPRETA_510206,312209.860,2624352.200,130.5700,1.3069,1.8500,0.1182,-1
KHAPRETA_510206,312212.860,2624352.200,130.2700,0.3869,2.1500,0.1374,-1
KHAPRETA_510206,312213.860,2624352.200,130.5500,1.2299,1.8700,0.1195,-1
KHAPRETA_510206,312214.860,2624352.200,130.5500,0.0450,1.8700,0.1195,-1
KHAPRETA_510206,312215.860,2624352.200,130.4600,0.3869,1.9600,0.1252,-1
KHAPRETA_510206,312219.860,2624352.200,131.1700,0.2219,1.2500,0.0799,-1
KHAPRETA_510206,312222.860,2624352.200,130.9800,0.5319,1.4400,0.0920,-1
KHAPRETA_510206,312223.860,2624352.200,130.8400,0.6019,1.5800,0.1010,-1
KHAPRETA_510206,312232.860,2624352.200,131.0700,0.0000,1.3500,0.0863,-1
KHAPRETA_510206,312245.860,2624352.200,130.9300,0.4419,1.4900,0.0952,-1
KHAPRETA_510206,312253.860,2624352.200,131.3500,0.0000,1.0700,0.0684,-1
KHAPRETA_510206,312263.860,2624352.200,131.3700,0.8519,1.0500,0.0671,-1
KHAPRETA_510206,312264.860,2624352.200,131.4800,0.7969,0.9400,0.0601,-1
KHAPRETA_510206,312268.860,2624352.200,131.3000,0.0000,1.1200,0.0716,-1
KHAPRETA_510206,312271.860,2624352.200,131.1900,0.9858,1.2300,0.0786,-1
KHAPRETA_510206,312272.860,2624352.200,131.1400,0.9719,1.2800,0.0818,-1
KHAPRETA_510206,312275.860,2624352.200,131.2600,0.8019,1.1600,0.0741,-1
KHAPRETA_510206,312276.860,2624352.200,131.3800,1.1873,1.0400,0.0665,-1
KHAPRETA_510206,312278.860,2624352.200,131.5900,0.9069,0.8300,0.0530,-1
KHAPRETA_510206,312294.860,2624352.200,132.3500,0.0000,0.0700,0.0045,-1
KHAPRETA_510206,312310.860,2624352.200,132.2700,0.0000,0.1500,0.0096,-1
KHAPRETA_510206,311890.860,2624353.200,129.4400,0.3066,2.9800,0.1904,-1
KHAPRETA_510206,311891.860,2624353.200,129.2700,0.3775,3.1500,0.2013,-1
KHAPRETA_510206,311893.860,2624353.200,129.4300,0.2731,2.9900,0.1911,-1
KHAPRETA_510206,311895.860,2624353.200,129.0400,0.4381,3.3800,0.2160,-1
KHAPRETA_510206,311905.860,2624353.200,128.8000,0.9154,3.6200,0.2313,-1
KHAPRETA_510206,311906.860,2624353.200,128.2400,0.4881,4.1800,0.2671,-1
KHAPRETA_510206,311911.860,2624353.200,127.8100,0.5881,4.6100,0.2946,-1
KHAPRETA_510206,311921.860,2624353.200,126.9300,0.0000,5.4900,0.3508,-1
KHAPRETA_510206,311923.860,2624353.200,126.5300,1.6031,5.8900,0.3764,-1
KHAPRETA_510206,311924.860,2624353.200,126.5700,1.6231,5.8500,0.3738,-1
KHAPRETA_510206,311929.860,2624353.200,126.9800,1.4831,5.4400,0.3476,-1
KHAPRETA_510206,311930.860,2624353.200,126.8100,0.0150,5.6100,0.3585,-1
KHAPRETA_510206,311931.860,2624353.200,127.0100,2.0728,5.4100,0.3457,-1
KHAPRETA_510206,311936.860,2624353.200,125.2900,3.2125,7.1300,0.4556,-1
KHAPRETA_510206,311937.860,2624353.200,125.3700,2.2810,7.0500,0.4505,-1
KHAPRETA_510206,311938.860,2624353.200,125.5200,2.2031,6.9000,0.4409,-1
KHAPRETA_510206,311943.860,2624353.200,125.7900,2.8080,6.6300,0.4236,-1
KHAPRETA_510206,311944.860,2624353.200,125.8000,2.1760,6.6200,0.4230,-1
KHAPRETA_510206,311945.860,2624353.200,125.9200,2.7383,6.5000,0.4153,-1
KHAPRETA_510206,311950.860,2624353.200,129.0400,2.1839,3.3800,0.2160,-1
KHAPRETA_510206,311951.860,2624353.200,126.0300,1.8620,6.3900,0.4083,-1
KHAPRETA_510206,311952.860,2624353.200,128.5100,2.6418,3.9100,0.2498,-1
KHAPRETA_510206,311959.860,2624353.200,125.8800,0.0000,6.5400,0.4179,-1
KHAPRETA_510206,311966.860,2624353.200,130.2700,0.0000,2.1500,0.1374,-1
KHAPRETA_510206,311973.860,2624353.200,127.5400,0.7081,4.8800,0.3118,-1
KHAPRETA_510206,311981.860,2624353.200,128.8800,0.2937,3.5400,0.2262,-1
KHAPRETA_510206,311982.860,2624353.200,129.2400,0.1012,3.1800,0.2032,-1
KHAPRETA_510206,311983.860,2624353.200,128.7700,0.4997,3.6500,0.2332,-1
KHAPRETA_510206,311984.860,2624353.200,128.8900,0.7114,3.5300,0.2256,-1
KHAPRETA_510206,311987.860,2624353.200,129.3300,0.2124,3.0900,0.1974,-1
KHAPRETA_510206,311988.860,2624353.200,129.5300,0.0100,2.8900,0.1847,-1
KHAPRETA_510206,311989.860,2624353.200,129.3100,0.2139,3.1100,0.1987,-1
KHAPRETA_510206,311994.860,2624353.200,129.4600,0.0000,2.9600,0.1891,-1
KHAPRETA_510206,311996.860,2624353.200,128.4900,0.0000,3.9300,0.2511,-1
KHAPRETA_510206,311998.860,2624353.200,128.3800,1.5035,4.0400,0.2581,-1
KHAPRETA_510206,311999.860,2624353.200,127.6700,0.9485,4.7500,0.3035,-1
KHAPRETA_510206,312000.860,2624353.200,128.6600,1.4440,3.7600,0.2403,-1
KHAPRETA_510206,312005.860,2624353.200,127.6200,0.0250,4.8000,0.3067,-1
KHAPRETA_510206,312014.860,2624353.200,127.6800,0.0000,4.7400,0.3029,-1
KHAPRETA_510206,312022.860,2624353.200,127.8800,0.0000,4.5400,0.2901,-1
KHAPRETA_510206,312030.860,2624353.200,128.0700,0.8781,4.3500,0.2780,-1
KHAPRETA_510206,312036.860,2624353.200,128.7300,0.7381,3.6900,0.2358,-1
KHAPRETA_510206,312038.860,2624353.200,128.0100,0.0000,4.4100,0.2818,-1
KHAPRETA_510206,312041.860,2624353.200,127.9900,0.8731,4.4300,0.2831,-1
KHAPRETA_510206,312043.860,2624353.200,128.1400,0.0000,4.2800,0.2735,-1
KHAPRETA_510206,312045.860,2624353.200,128.3400,0.2000,4.0800,0.2607,-1
KHAPRETA_510206,312047.860,2624353.200,128.2200,0.0000,4.2000,0.2684,-1
KHAPRETA_510206,312049.860,2624353.200,128.1600,0.8081,4.2600,0.2722,-1
KHAPRETA_510206,312052.860,2624353.200,128.0200,0.0000,4.4000,0.2811,-1
KHAPRETA_510206,312055.860,2624353.200,128.4900,0.8431,3.9300,0.2511,-1
KHAPRETA_510206,312056.860,2624353.200,128.0900,0.6459,4.3300,0.2767,-1
KHAPRETA_510206,312058.860,2624353.200,127.9100,0.0000,4.5100,0.2882,-1
KHAPRETA_510206,312061.860,2624353.200,128.2000,0.9346,4.2200,0.2696,-1
KHAPRETA_510206,312062.860,2624353.200,128.8200,1.1577,3.6000,0.2300,-1
KHAPRETA_510206,312068.860,2624353.200,128.6700,0.0000,3.7500,0.2396,-1
KHAPRETA_510206,312071.860,2624353.200,129.0700,0.0000,3.3500,0.2141,-1
KHAPRETA_510206,312074.860,2624353.200,128.8400,0.4331,3.5800,0.2288,-1
KHAPRETA_510206,312075.860,2624353.200,128.9100,0.6690,3.5100,0.2243,-1
KHAPRETA_510206,312082.860,2624353.200,128.8200,0.0000,3.6000,0.2300,-1
KHAPRETA_510206,312086.860,2624353.200,129.0000,0.2931,3.4200,0.2185,-1
KHAPRETA_510206,312087.860,2624353.200,129.1900,0.3881,3.2300,0.2064,-1
KHAPRETA_510206,312094.860,2624353.200,129.2700,0.0000,3.1500,0.2013,-1
KHAPRETA_510206,312099.860,2624353.200,129.1300,0.1681,3.2900,0.2102,-1
KHAPRETA_510206,312100.860,2624353.200,129.4400,0.1700,2.9800,0.1904,-1
KHAPRETA_510206,312101.860,2624353.200,129.4700,0.1681,2.9500,0.1885,-1
KHAPRETA_510206,312103.860,2624353.200,129.5400,0.1081,2.8800,0.1840,-1
KHAPRETA_510206,312104.860,2624353.200,129.5600,0.0050,2.8600,0.1827,-1
KHAPRETA_510206,312105.860,2624353.200,129.5500,0.1081,2.8700,0.1834,-1
KHAPRETA_510206,312111.860,2624353.200,130.4300,0.0000,1.9900,0.1272,-1
KHAPRETA_510206,312130.860,2624353.200,130.0700,0.0000,2.3500,0.1502,-1
KHAPRETA_510206,312132.860,2624353.200,129.9000,0.0000,2.5200,0.1610,-1
KHAPRETA_510206,312143.860,2624353.200,130.5500,0.3089,1.8700,0.1195,-1
KHAPRETA_510206,312144.860,2624353.200,130.3800,0.3869,2.0400,0.1304,-1
KHAPRETA_510206,312147.860,2624353.200,130.1800,0.6186,2.2400,0.1431,-1
KHAPRETA_510206,312148.860,2624353.200,130.8200,0.2019,1.6000,0.1022,-1
KHAPRETA_510206,312150.860,2624353.200,130.5900,0.3769,1.8300,0.1169,-1
KHAPRETA_510206,312152.860,2624353.200,130.5000,0.2650,1.9200,0.1227,-1
KHAPRETA_510206,312155.860,2624353.200,130.7300,0.6219,1.6900,0.1080,-1
KHAPRETA_510206,312157.860,2624353.200,130.7300,0.7347,1.6900,0.1080,-1
KHAPRETA_510206,312158.860,2624353.200,130.8000,0.4769,1.6200,0.1035,-1
KHAPRETA_510206,312161.860,2624353.200,131.0400,0.5169,1.3800,0.0882,-1
KHAPRETA_510206,312162.860,2624353.200,130.8100,0.0700,1.6100,0.1029,-1
KHAPRETA_510206,312163.860,2624353.200,130.9000,0.5169,1.5200,0.0971,-1
KHAPRETA_510206,312165.860,2624353.200,130.8300,0.5069,1.5900,0.1016,-1
KHAPRETA_510206,312171.860,2624353.200,130.4800,0.2950,1.9400,0.1240,-1
KHAPRETA_510206,312175.860,2624353.200,129.7200,0.0207,2.7000,0.1725,-1
KHAPRETA_510206,312176.860,2624353.200,129.8100,0.0350,2.6100,0.1668,-1
KHAPRETA_510206,312177.860,2624353.200,129.7900,0.0170,2.6300,0.1681,-1
KHAPRETA_510206,312179.860,2624353.200,129.7700,0.7169,2.6500,0.1693,-1
KHAPRETA_510206,312180.860,2624353.200,131.2100,0.0031,1.2100,0.0773,-1
KHAPRETA_510206,312211.860,2624353.200,132.1900,0.0000,0.2300,0.0147,-1
KHAPRETA_510206,312213.860,2624353.200,132.2200,0.3869,0.2000,0.0128,-1
KHAPRETA_510206,312234.860,2624353.200,132.0800,0.9319,0.3400,0.0217,-1
KHAPRETA_510206,312250.860,2624353.200,131.5500,1.3160,0.8700,0.0556,-1
KHAPRETA_510206,312251.860,2624353.200,132.1700,0.8869,0.2500,0.0160,-1
KHAPRETA_510206,312271.860,2624353.200,131.2000,0.7069,1.2200,0.0780,-1
KHAPRETA_510206,312276.860,2624353.200,131.6300,0.8019,0.7900,0.0505,-1
KHAPRETA_510206,312278.860,2624353.200,131.5900,1.2320,0.8300,0.0530,-1
KHAPRETA_510206,312279.860,2624353.200,132.1200,0.9069,0.3000,0.0192,-1
KHAPRETA_510206,312299.860,2624353.200,132.3800,0.0000,0.0400,0.0026,-1
KHAPRETA_510206,312304.860,2624353.200,132.3700,0.0000,0.0500,0.0032,-1
KHAPRETA_510206,312311.860,2624353.200,132.3800,1.3169,0.0400,0.0026,-1
KHAPRETA_510206,312312.860,2624353.200,132.4100,1.3019,0.0100,0.0006,-1
KHAPRETA_510206,311882.860,2624354.200,129.7500,0.0000,2.6700,0.1706,-1
KHAPRETA_510206,311890.860,2624354.200,129.4300,0.3382,2.9900,0.1911,-1
KHAPRETA_510206,311891.860,2624354.200,129.1000,0.3066,3.3200,0.2121,-1
KHAPRETA_510206,311893.860,2624354.200,129.2300,0.1731,3.1900,0.2038,-1
KHAPRETA_510206,311895.860,2624354.200,128.9000,0.5458,3.5200,0.2249,-1
KHAPRETA_510206,311896.860,2624354.200,128.9700,0.4381,3.4500,0.2204,-1
KHAPRETA_510206,311898.860,2624354.200,129.2000,0.0000,3.2200,0.2058,-1
KHAPRETA_510206,311900.860,2624354.200,128.6900,0.3581,3.7300,0.2383,-1
KHAPRETA_510206,311907.860,2624354.200,127.8300,1.0181,4.5900,0.2933,-1
KHAPRETA_510206,311914.860,2624354.200,127.1600,1.5616,5.2600,0.3361,-1
KHAPRETA_510206,311915.860,2624354.200,127.1800,1.3081,5.2400,0.3348,-1
KHAPRETA_510206,311922.860,2624354.200,126.5000,1.5481,5.9200,0.3783,-1
KHAPRETA_510206,311931.860,2624354.200,126.8800,2.0984,5.5400,0.3540,-1
KHAPRETA_510206,311932.860,2624354.200,126.6200,1.6001,5.8000,0.3706,-1
KHAPRETA_510206,311933.860,2624354.200,127.0400,1.5781,5.3800,0.3438,-1
KHAPRETA_510206,311944.860,2624354.200,130.2200,2.7383,2.2000,0.1406,-1
KHAPRETA_510206,311945.860,2624354.200,126.0100,2.5119,6.4100,0.4096,-1
KHAPRETA_510206,311946.860,2624354.200,127.0000,0.9450,5.4200,0.3463,-1
KHAPRETA_510206,311947.860,2624354.200,127.9000,1.3881,4.5200,0.2888,-1
KHAPRETA_510206,311953.860,2624354.200,126.7400,1.3731,5.6800,0.3629,-1
KHAPRETA_510206,311954.860,2624354.200,127.0300,1.5814,5.3900,0.3444,-1
KHAPRETA_510206,311957.860,2624354.200,126.0300,1.8181,6.3900,0.4083,-1
KHAPRETA_510206,311958.860,2624354.200,126.1400,2.7061,6.2800,0.4013,-1
KHAPRETA_510206,311970.860,2624354.200,127.2300,1.2231,5.1900,0.3316,-1
KHAPRETA_510206,311979.860,2624354.200,128.6200,0.0000,3.8000,0.2428,-1
KHAPRETA_510206,311981.860,2624354.200,129.1400,0.6027,3.2800,0.2096,-1
KHAPRETA_510206,311982.860,2624354.200,128.9700,0.3072,3.4500,0.2204,-1
KHAPRETA_510206,311983.860,2624354.200,128.8400,0.1720,3.5800,0.2288,-1
KHAPRETA_510206,311984.860,2624354.200,128.7700,0.6445,3.6500,0.2332,-1
KHAPRETA_510206,311986.860,2624354.200,129.1600,0.0000,3.2600,0.2083,-1
KHAPRETA_510206,311989.860,2624354.200,129.5200,0.2331,2.9000,0.1853,-1
KHAPRETA_510206,312005.860,2624354.200,127.6000,0.0150,4.8200,0.3080,-1
KHAPRETA_510206,312010.860,2624354.200,127.6500,0.0000,4.7700,0.3048,-1
KHAPRETA_510206,312018.860,2624354.200,128.1200,0.0000,4.3000,0.2748,-1
KHAPRETA_510206,312027.860,2624354.200,127.9100,0.8981,4.5100,0.2882,-1
KHAPRETA_510206,312032.860,2624354.200,128.4800,0.9181,3.9400,0.2518,-1
KHAPRETA_510206,312033.860,2624354.200,127.9400,0.2550,4.4800,0.2863,-1
KHAPRETA_510206,312034.860,2624354.200,127.9700,0.9181,4.4500,0.2843,-1
KHAPRETA_510206,312040.860,2624354.200,127.9900,0.0000,4.4300,0.2831,-1
KHAPRETA_510206,312045.860,2624354.200,128.3600,0.8029,4.0600,0.2594,-1
KHAPRETA_510206,312046.860,2624354.200,128.1900,0.7081,4.2300,0.2703,-1
KHAPRETA_510206,312048.860,2624354.200,128.0100,1.1252,4.4100,0.2818,-1
KHAPRETA_510206,312049.860,2624354.200,128.1600,1.1970,4.2600,0.2722,-1
KHAPRETA_510206,312053.860,2624354.200,128.3600,0.0000,4.0600,0.2594,-1
KHAPRETA_510206,312056.860,2624354.200,127.9600,1.0819,4.4600,0.2850,-1
KHAPRETA_510206,312057.860,2624354.200,128.4200,0.9081,4.0000,0.2556,-1
KHAPRETA_510206,312059.860,2624354.200,127.9700,0.0000,4.4500,0.2843,-1
KHAPRETA_510206,312061.860,2624354.200,128.1700,0.7881,4.2500,0.2716,-1
KHAPRETA_510206,312063.860,2624354.200,128.7200,0.4581,3.7000,0.2364,-1
KHAPRETA_510206,312065.860,2624354.200,128.1400,0.0000,4.2800,0.2735,-1
KHAPRETA_510206,312069.860,2624354.200,128.2000,0.0000,4.2200,0.2696,-1
KHAPRETA_510206,312072.860,2624354.200,128.6100,0.7031,3.8100,0.2435,-1
KHAPRETA_510206,312080.860,2624354.200,128.4900,0.5631,3.9300,0.2511,-1
KHAPRETA_510206,312090.860,2624354.200,129.2000,0.2731,3.2200,0.2058,-1
KHAPRETA_510206,312092.860,2624354.200,129.2900,0.0000,3.1300,0.2000,-1
KHAPRETA_510206,312106.860,2624354.200,130.0200,0.0000,2.4000,0.1534,-1
KHAPRETA_510206,312119.860,2624354.200,129.8800,0.0569,2.5400,0.1623,-1
KHAPRETA_510206,312129.860,2624354.200,130.1600,0.0000,2.2600,0.1444,-1
KHAPRETA_510206,312131.860,2624354.200,129.9100,0.0000,2.5100,0.1604,-1
KHAPRETA_510206,312134.860,2624354.200,129.7600,0.0000,2.6600,0.1700,-1
KHAPRETA_510206,312139.860,2624354.200,129.9100,0.0000,2.5100,0.1604,-1
KHAPRETA_510206,312141.860,2624354.200,129.9200,0.0000,2.5000,0.1597,-1
KHAPRETA_510206,312143.860,2624354.200,130.2000,0.3100,2.2200,0.1419,-1
KHAPRETA_510206,312150.860,2624354.200,130.5300,0.4612,1.8900,0.1208,-1
KHAPRETA_510206,312151.860,2624354.200,130.2100,0.4830,2.2100,0.1412,-1
KHAPRETA_510206,312152.860,2624354.200,130.0600,0.3218,2.3600,0.1508,-1
KHAPRETA_510206,312153.860,2624354.200,130.6600,0.2400,1.7600,0.1125,-1
KHAPRETA_510206,312154.860,2624354.200,130.5400,0.4419,1.8800,0.1201,-1
KHAPRETA_510206,312157.860,2624354.200,130.8300,0.1750,1.5900,0.1016,-1
KHAPRETA_510206,312160.860,2624354.200,130.6700,0.0000,1.7500,0.1118,-1
KHAPRETA_510206,312165.860,2624354.200,130.7900,0.0650,1.6300,0.1042,-1
KHAPRETA_510206,312167.860,2624354.200,131.1400,0.0000,1.2800,0.0818,-1
KHAPRETA_510206,312170.860,2624354.200,131.7100,0.6069,0.7100,0.0454,-1
KHAPRETA_510206,312171.860,2624354.200,130.9900,0.4406,1.4300,0.0914,-1
KHAPRETA_510206,312172.860,2624354.200,131.1800,0.6069,1.2400,0.0792,-1
KHAPRETA_510206,312178.860,2624354.200,129.7300,0.2869,2.6900,0.1719,-1
KHAPRETA_510206,312232.860,2624354.200,131.1800,0.7269,1.2400,0.0792,-1
KHAPRETA_510206,312234.860,2624354.200,131.6400,1.5234,0.7800,0.0498,-1
KHAPRETA_510206,312235.860,2624354.200,131.7700,1.2459,0.6500,0.0415,-1
KHAPRETA_510206,312245.860,2624354.200,130.9100,0.0000,1.5100,0.0965,-1
KHAPRETA_510206,312249.860,2624354.200,131.0500,0.5469,1.3700,0.0875,-1
KHAPRETA_510206,312250.860,2624354.200,130.8700,0.6633,1.5500,0.0990,-1
KHAPRETA_510206,312265.860,2624354.200,131.4400,0.7869,0.9800,0.0626,-1
KHAPRETA_510206,312266.860,2624354.200,131.3500,1.1979,1.0700,0.0684,-1
KHAPRETA_510206,312270.860,2624354.200,131.3000,0.0000,1.1200,0.0716,-1
KHAPRETA_510206,312278.860,2624354.200,132.3500,0.9069,0.0700,0.0045,-1
KHAPRETA_510206,312293.860,2624354.200,132.3600,1.7953,0.0600,0.0038,-1
KHAPRETA_510206,312294.860,2624354.200,132.3200,1.2820,0.1000,0.0064,-1
KHAPRETA_510206,312295.860,2624354.200,132.3900,1.2719,0.0300,0.0019,-1
KHAPRETA_510206,312313.860,2624354.200,132.4100,0.0000,0.0100,0.0006,-1
KHAPRETA_510206,311880.860,2624355.200,129.3400,0.2231,3.0800,0.1968,-1
KHAPRETA_510206,311884.860,2624355.200,129.4500,0.0000,2.9700,0.1898,-1
KHAPRETA_510206,311890.860,2624355.200,129.4200,0.1250,3.0000,0.1917,-1
KHAPRETA_510206,311892.860,2624355.200,129.2500,0.0000,3.1700,0.2026,-1
KHAPRETA_510206,311894.860,2624355.200,129.3300,0.1681,3.0900,0.1974,-1
KHAPRETA_510206,311897.860,2624355.200,129.2000,0.5981,3.2200,0.2058,-1
KHAPRETA_510206,311900.860,2624355.200,129.0600,0.5431,3.3600,0.2147,-1
KHAPRETA_510206,311907.860,2624355.200,127.7400,0.9731,4.6800,0.2990,-1
KHAPRETA_510206,311909.860,2624355.200,127.8300,0.9731,4.5900,0.2933,-1
KHAPRETA_510206,311910.860,2624355.200,127.8300,0.9731,4.5900,0.2933,-1
KHAPRETA_510206,311914.860,2624355.200,128.0400,0.0550,4.3800,0.2799,-1
KHAPRETA_510206,311916.860,2624355.200,127.3800,1.0881,5.0400,0.3220,-1
KHAPRETA_510206,311917.860,2624355.200,127.6000,0.0950,4.8200,0.3080,-1
KHAPRETA_510206,311918.860,2624355.200,127.5700,1.5107,4.8500,0.3099,-1
KHAPRETA_510206,311922.860,2624355.200,126.6800,1.6381,5.7400,0.3668,-1
KHAPRETA_510206,311924.860,2624355.200,127.2200,0.0000,5.2000,0.3323,-1
KHAPRETA_510206,311926.860,2624355.200,126.7600,1.8254,5.6600,0.3617,-1
KHAPRETA_510206,311927.860,2624355.200,127.1500,0.0600,5.2700,0.3367,-1
KHAPRETA_510206,311928.860,2624355.200,126.8800,1.2670,5.5400,0.3540,-1
KHAPRETA_510206,311929.860,2624355.200,126.6600,1.4481,5.7600,0.3681,-1
KHAPRETA_510206,311932.860,2624355.200,126.5800,1.5781,5.8400,0.3732,-1
KHAPRETA_510206,311935.860,2624355.200,126.0400,0.0000,6.3800,0.4077,-1
KHAPRETA_510206,311949.860,2624355.200,130.5100,0.2342,1.9100,0.1220,-1
KHAPRETA_510206,311950.860,2624355.200,129.4500,0.3669,2.9700,0.1898,-1
KHAPRETA_510206,311954.860,2624355.200,128.8900,1.3731,3.5300,0.2256,-1
KHAPRETA_510206,311956.860,2624355.200,126.1800,1.7631,6.2400,0.3987,-1
KHAPRETA_510206,311958.860,2624355.200,125.8700,1.8181,6.5500,0.4185,-1
KHAPRETA_510206,311970.860,2624355.200,127.3300,1.2731,5.0900,0.3252,-1
KHAPRETA_510206,311974.860,2624355.200,128.8300,0.0000,3.5900,0.2294,-1
KHAPRETA_510206,311977.860,2624355.200,128.6300,0.3981,3.7900,0.2422,-1
KHAPRETA_510206,311978.860,2624355.200,128.9800,0.9226,3.4400,0.2198,-1
KHAPRETA_510206,311983.860,2624355.200,129.0500,0.4681,3.3700,0.2153,-1
KHAPRETA_510206,311985.860,2624355.200,129.1800,0.0000,3.2400,0.2070,-1
KHAPRETA_510206,311988.860,2624355.200,128.9700,0.2881,3.4500,0.2204,-1
KHAPRETA_510206,311992.860,2624355.200,129.8400,0.0000,2.5800,0.1649,-1
KHAPRETA_510206,311997.860,2624355.200,128.6600,1.2277,3.7600,0.2403,-1
KHAPRETA_510206,311998.860,2624355.200,127.5500,0.5581,4.8700,0.3112,-1
KHAPRETA_510206,312005.860,2624355.200,127.5900,1.0881,4.8300,0.3086,-1
KHAPRETA_510206,312008.860,2624355.200,127.6200,0.0000,4.8000,0.3067,-1
KHAPRETA_510206,312012.860,2624355.200,128.0600,0.0000,4.3600,0.2786,-1
KHAPRETA_510206,312014.860,2624355.200,128.0700,0.0000,4.3500,0.2780,-1
KHAPRETA_510206,312017.860,2624355.200,128.0900,0.8381,4.3300,0.2767,-1
KHAPRETA_510206,312020.860,2624355.200,128.0300,0.0000,4.3900,0.2805,-1
KHAPRETA_510206,312024.860,2624355.200,127.9600,0.8831,4.4600,0.2850,-1
KHAPRETA_510206,312025.860,2624355.200,128.0100,0.9081,4.4100,0.2818,-1
KHAPRETA_510206,312027.860,2624355.200,127.9800,0.9331,4.4400,0.2837,-1
KHAPRETA_510206,312029.860,2624355.200,128.2100,0.0000,4.2100,0.2690,-1
KHAPRETA_510206,312043.860,2624355.200,128.3100,0.6181,4.1100,0.2626,-1
KHAPRETA_510206,312044.860,2624355.200,128.5400,0.7166,3.8800,0.2479,-1
KHAPRETA_510206,312045.860,2624355.200,128.0900,0.9399,4.3300,0.2767,-1
KHAPRETA_510206,312048.860,2624355.200,128.2100,0.8831,4.2100,0.2690,-1
KHAPRETA_510206,312054.860,2624355.200,128.1800,0.6331,4.2400,0.2709,-1
KHAPRETA_510206,312055.860,2624355.200,128.5100,1.1286,3.9100,0.2498,-1
KHAPRETA_510206,312058.860,2624355.200,127.9700,0.8081,4.4500,0.2843,-1
KHAPRETA_510206,312062.860,2624355.200,128.1300,0.4581,4.2900,0.2741,-1
KHAPRETA_510206,312063.860,2624355.200,128.8600,0.9779,3.5600,0.2275,-1
KHAPRETA_510206,312071.860,2624355.200,128.4900,0.8823,3.9300,0.2511,-1
KHAPRETA_510206,312072.860,2624355.200,128.3700,0.6664,4.0500,0.2588,-1
KHAPRETA_510206,312076.860,2624355.200,128.7800,0.0000,3.6400,0.2326,-1
KHAPRETA_510206,312079.860,2624355.200,128.6800,0.5631,3.7400,0.2390,-1
KHAPRETA_510206,312080.860,2624355.200,128.6500,0.6431,3.7700,0.2409,-1
KHAPRETA_510206,312081.860,2624355.200,128.6700,0.5631,3.7500,0.2396,-1
KHAPRETA_510206,312084.860,2624355.200,129.1700,0.0000,3.2500,0.2077,-1
KHAPRETA_510206,312090.860,2624355.200,129.2300,0.2881,3.1900,0.2038,-1
KHAPRETA_510206,312101.860,2624355.200,129.3700,0.1181,3.0500,0.1949,-1
KHAPRETA_510206,312102.860,2624355.200,129.5400,0.2031,2.8800,0.1840,-1
KHAPRETA_510206,312112.860,2624355.200,130.2400,0.5232,2.1800,0.1393,-1
KHAPRETA_510206,312113.860,2624355.200,129.8500,0.2319,2.5700,0.1642,-1
KHAPRETA_510206,312119.860,2624355.200,129.8900,0.0700,2.5300,0.1617,-1
KHAPRETA_510206,312120.860,2624355.200,129.8700,0.0569,2.5500,0.1629,-1
KHAPRETA_510206,312122.860,2624355.200,129.9500,0.0869,2.4700,0.1578,-1
KHAPRETA_510206,312123.860,2624355.200,129.9500,0.0869,2.4700,0.1578,-1
KHAPRETA_510206,312130.860,2624355.200,129.9300,0.0669,2.4900,0.1591,-1
KHAPRETA_510206,312140.860,2624355.200,130.1700,0.3819,2.2500,0.1438,-1
KHAPRETA_510206,312143.860,2624355.200,129.9300,0.3354,2.4900,0.1591,-1
KHAPRETA_510206,312144.860,2624355.200,130.4300,0.0769,1.9900,0.1272,-1
KHAPRETA_510206,312151.860,2624355.200,130.6200,0.2539,1.8000,0.1150,-1
KHAPRETA_510206,312152.860,2624355.200,130.0400,0.4452,2.3800,0.1521,-1
KHAPRETA_510206,312157.860,2624355.200,131.0800,0.5269,1.3400,0.0856,-1
KHAPRETA_510206,312159.860,2624355.200,130.8500,0.0000,1.5700,0.1003,-1
KHAPRETA_510206,312161.860,2624355.200,130.8400,0.0000,1.5800,0.1010,-1
KHAPRETA_510206,312165.860,2624355.200,130.9600,0.5069,1.4600,0.0933,-1
KHAPRETA_510206,312169.860,2624355.200,131.3100,0.8169,1.1100,0.0709,-1
KHAPRETA_510206,312173.860,2624355.200,130.7900,0.6519,1.6300,0.1042,-1
KHAPRETA_510206,312174.860,2624355.200,131.0800,0.9027,1.3400,0.0856,-1
KHAPRETA_510206,312177.860,2624355.200,130.3700,0.3885,2.0500,0.1310,-1
KHAPRETA_510206,312178.860,2624355.200,130.3500,0.6294,2.0700,0.1323,-1
KHAPRETA_510206,312207.860,2624355.200,131.2300,0.8669,1.1900,0.0760,-1
KHAPRETA_510206,312208.860,2624355.200,131.5100,0.7269,0.9100,0.0581,-1
KHAPRETA_510206,312210.860,2624355.200,131.1300,0.7319,1.2900,0.0824,-1
KHAPRETA_510206,312211.860,2624355.200,131.2400,0.6769,1.1800,0.0754,-1
KHAPRETA_510206,312222.860,2624355.200,131.7300,0.0000,0.6900,0.0441,-1
KHAPRETA_510206,312225.860,2624355.200,131.7300,0.9069,0.6900,0.0441,-1
KHAPRETA_510206,312228.860,2624355.200,131.8900,1.2769,0.5300,0.0339,-1
KHAPRETA_510206,312229.860,2624355.200,132.3300,1.0569,0.0900,0.0058,-1
KHAPRETA_510206,312232.860,2624355.200,131.2300,1.0360,1.1900,0.0760,-1
KHAPRETA_510206,312233.860,2624355.200,131.3000,0.7269,1.1200,0.0716,-1
KHAPRETA_510206,312235.860,2624355.200,131.4300,0.9969,0.9900,0.0633,-1
KHAPRETA_510206,312246.860,2624355.200,131.0400,0.6869,1.3800,0.0882,-1
KHAPRETA_510206,312247.860,2624355.200,131.1500,1.0682,1.2700,0.0812,-1
KHAPRETA_510206,312248.860,2624355.200,130.7300,0.6869,1.6900,0.1080,-1
KHAPRETA_510206,312250.860,2624355.200,131.9200,0.5469,0.5000,0.0319,-1
KHAPRETA_510206,312266.860,2624355.200,131.5000,0.7869,0.9200,0.0588,-1
KHAPRETA_510206,312293.860,2624355.200,132.3100,1.8200,0.1100,0.0070,-1
KHAPRETA_510206,312294.860,2624355.200,132.3400,1.7953,0.0800,0.0051,-1
KHAPRETA_510206,311875.860,2624356.200,129.4300,0.2531,2.9900,0.1911,-1
KHAPRETA_510206,311878.860,2624356.200,129.6200,0.0000,2.8000,0.1789,-1
KHAPRETA_510206,311880.860,2624356.200,129.3300,0.2331,3.0900,0.1974,-1
KHAPRETA_510206,311881.860,2624356.200,129.4800,0.1150,2.9400,0.1879,-1
KHAPRETA_510206,311882.860,2624356.200,129.5600,0.2719,2.8600,0.1827,-1
KHAPRETA_510206,311890.860,2624356.200,129.6800,0.3429,2.7400,0.1751,-1
KHAPRETA_510206,311891.860,2624356.200,129.1900,0.0481,3.2300,0.2064,-1
KHAPRETA_510206,311894.860,2624356.200,129.4400,0.4121,2.9800,0.1904,-1
KHAPRETA_510206,311895.860,2624356.200,129.0300,0.4413,3.3900,0.2166,-1
KHAPRETA_510206,311897.860,2624356.200,128.5800,0.6047,3.8400,0.2454,-1
KHAPRETA_510206,311898.860,2624356.200,128.7500,0.8673,3.6700,0.2345,-1
KHAPRETA_510206,311903.860,2624356.200,128.7300,0.0000,3.6900,0.2358,-1
KHAPRETA_510206,311905.860,2624356.200,127.6900,1.0231,4.7300,0.3022,-1
KHAPRETA_510206,311906.860,2624356.200,127.7300,1.0431,4.6900,0.2997,-1
KHAPRETA_510206,311912.860,2624356.200,127.9600,0.0000,4.4600,0.2850,-1
KHAPRETA_510206,311914.860,2624356.200,127.2700,0.6500,5.1500,0.3291,-1
KHAPRETA_510206,311918.860,2624356.200,127.6800,0.1450,4.7400,0.3029,-1
KHAPRETA_510206,311920.860,2624356.200,126.7900,0.0000,5.6300,0.3597,-1
KHAPRETA_510206,311925.860,2624356.200,128.6400,1.2681,3.7800,0.2415,-1
KHAPRETA_510206,311926.860,2624356.200,127.2400,1.6115,5.1800,0.3310,-1
KHAPRETA_510206,311928.860,2624356.200,127.2900,1.4481,5.1300,0.3278,-1
KHAPRETA_510206,311937.860,2624356.200,125.9000,2.0781,6.5200,0.4166,-1
KHAPRETA_510206,311938.860,2624356.200,125.6200,2.5636,6.8000,0.4345,-1
KHAPRETA_510206,311948.860,2624356.200,129.4400,0.1681,2.9800,0.1904,-1
KHAPRETA_510206,311949.860,2624356.200,129.4400,0.4036,2.9800,0.1904,-1
KHAPRETA_510206,311951.860,2624356.200,129.0700,0.0000,3.3500,0.2141,-1
KHAPRETA_510206,311955.860,2624356.200,126.1200,1.7631,6.3000,0.4026,-1
KHAPRETA_510206,311956.860,2624356.200,126.2500,2.0579,6.1700,0.3942,-1
KHAPRETA_510206,311968.860,2624356.200,128.0800,1.3613,4.3400,0.2773,-1
KHAPRETA_510206,311969.860,2624356.200,127.6000,0.8481,4.8200,0.3080,-1
KHAPRETA_510206,311975.860,2624356.200,128.6300,0.3631,3.7900,0.2422,-1
KHAPRETA_510206,311978.860,2624356.200,128.3300,0.2300,4.0900,0.2613,-1
KHAPRETA_510206,311981.860,2624356.200,128.5000,1.1616,3.9200,0.2505,-1
KHAPRETA_510206,311982.860,2624356.200,128.9900,1.0024,3.4300,0.2192,-1
KHAPRETA_510206,311988.860,2624356.200,129.2000,0.3050,3.2200,0.2058,-1
KHAPRETA_510206,311991.860,2624356.200,129.7500,0.0269,2.6700,0.1706,-1
KHAPRETA_510206,311993.860,2624356.200,129.4600,0.0000,2.9600,0.1891,-1
KHAPRETA_510206,311996.860,2624356.200,128.9600,0.5181,3.4600,0.2211,-1
KHAPRETA_510206,311997.860,2624356.200,128.7400,0.6913,3.6800,0.2351,-1
KHAPRETA_510206,311999.860,2624356.200,127.6000,0.0000,4.8200,0.3080,-1
KHAPRETA_510206,312003.860,2624356.200,128.0200,0.0000,4.4000,0.2811,-1
KHAPRETA_510206,312011.860,2624356.200,127.7500,0.0000,4.6700,0.2984,-1
KHAPRETA_510206,312016.860,2624356.200,128.0600,0.8381,4.3600,0.2786,-1
KHAPRETA_510206,312017.860,2624356.200,128.1000,1.2029,4.3200,0.2760,-1
KHAPRETA_510206,312023.860,2624356.200,127.9700,0.8781,4.4500,0.2843,-1
KHAPRETA_510206,312030.860,2624356.200,128.2200,0.6731,4.2000,0.2684,-1
KHAPRETA_510206,312031.860,2624356.200,128.4300,0.7781,3.9900,0.2550,-1
KHAPRETA_510206,312034.860,2624356.200,127.9700,0.0000,4.4500,0.2843,-1
KHAPRETA_510206,312036.860,2624356.200,128.4800,0.0000,3.9400,0.2518,-1
KHAPRETA_510206,312040.860,2624356.200,127.9500,0.0000,4.4700,0.2856,-1
KHAPRETA_510206,312042.860,2624356.200,128.0900,0.0000,4.3300,0.2767,-1
KHAPRETA_510206,312044.860,2624356.200,128.3600,0.0000,4.0600,0.2594,-1
KHAPRETA_510206,312050.860,2624356.200,128.0500,0.5831,4.3700,0.2792,-1
KHAPRETA_510206,312055.860,2624356.200,128.1800,1.1029,4.2400,0.2709,-1
KHAPRETA_510206,312056.860,2624356.200,127.9700,0.7981,4.4500,0.2843,-1
KHAPRETA_510206,312058.860,2624356.200,128.1600,0.4350,4.2600,0.2722,-1
KHAPRETA_510206,312060.860,2624356.200,128.4700,0.7581,3.9500,0.2524,-1
KHAPRETA_510206,312061.860,2624356.200,128.2600,0.6531,4.1600,0.2658,-1
KHAPRETA_510206,312066.860,2624356.200,128.2400,0.7931,4.1800,0.2671,-1
KHAPRETA_510206,312068.860,2624356.200,128.4700,0.6081,3.9500,0.2524,-1
KHAPRETA_510206,312069.860,2624356.200,128.5600,0.6531,3.8600,0.2466,-1
KHAPRETA_510206,312071.860,2624356.200,128.7100,0.7616,3.7100,0.2371,-1
KHAPRETA_510206,312072.860,2624356.200,128.9600,0.8823,3.4600,0.2211,-1
KHAPRETA_510206,312077.860,2624356.200,128.8100,0.0000,3.6100,0.2307,-1
KHAPRETA_510206,312088.860,2624356.200,129.1300,0.0000,3.2900,0.2102,-1
KHAPRETA_510206,312092.860,2624356.200,129.2300,0.0000,3.1900,0.2038,-1
KHAPRETA_510206,312098.860,2624356.200,129.3400,0.2231,3.0800,0.1968,-1
KHAPRETA_510206,312099.860,2624356.200,129.3300,0.2181,3.0900,0.1974,-1
KHAPRETA_510206,312108.860,2624356.200,132.2800,0.0000,0.1400,0.0089,-1
KHAPRETA_510206,312110.860,2624356.200,132.3600,0.0000,0.0600,0.0038,-1
KHAPRETA_510206,312112.860,2624356.200,130.8200,0.2319,1.6000,0.1022,-1
KHAPRETA_510206,312124.860,2624356.200,129.8300,0.0000,2.5900,0.1655,-1
KHAPRETA_510206,312127.860,2624356.200,129.8400,0.0919,2.5800,0.1649,-1
KHAPRETA_510206,312130.860,2624356.200,129.9100,0.0769,2.5100,0.1604,-1
KHAPRETA_510206,312140.860,2624356.200,130.5400,0.1350,1.8800,0.1201,-1
KHAPRETA_510206,312142.860,2624356.200,130.4400,0.2869,1.9800,0.1265,-1
KHAPRETA_510206,312143.860,2624356.200,130.3500,0.3407,2.0700,0.1323,-1
KHAPRETA_510206,312148.860,2624356.200,130.2200,0.0000,2.2000,0.1406,-1
KHAPRETA_510206,312153.860,2624356.200,130.5000,0.0000,1.9200,0.1227,-1
KHAPRETA_510206,312162.860,2624356.200,130.7200,0.4919,1.7000,0.1086,-1
KHAPRETA_510206,312169.860,2624356.200,131.4100,0.7669,1.0100,0.0645,-1
KHAPRETA_510206,312172.860,2624356.200,130.9400,0.0000,1.4800,0.0946,-1
KHAPRETA_510206,312174.860,2624356.200,131.2700,0.9602,1.1500,0.0735,-1
KHAPRETA_510206,312175.860,2624356.200,131.6500,0.9784,0.7700,0.0492,-1
KHAPRETA_510206,312177.860,2624356.200,130.3000,0.6092,2.1200,0.1355,-1
KHAPRETA_510206,312178.860,2624356.200,130.8400,0.2624,1.5800,0.1010,-1
KHAPRETA_510206,312209.860,2624356.200,131.5100,0.0000,0.9100,0.0581,-1
KHAPRETA_510206,312214.860,2624356.200,131.4700,0.0000,0.9500,0.0607,-1
KHAPRETA_510206,312218.860,2624356.200,131.1900,0.0000,1.2300,0.0786,-1
KHAPRETA_510206,312223.860,2624356.200,131.5800,0.0000,0.8400,0.0537,-1
KHAPRETA_510206,312225.860,2624356.200,131.5900,1.3229,0.8300,0.0530,-1
KHAPRETA_510206,312226.860,2624356.200,131.5600,0.0250,0.8600,0.0550,-1
KHAPRETA_510206,312227.860,2624356.200,131.5400,0.8919,0.8800,0.0562,-1
KHAPRETA_510206,312231.860,2624356.200,131.8900,0.0000,0.5300,0.0339,-1
KHAPRETA_510206,312247.860,2624356.200,131.8900,0.6869,0.5300,0.0339,-1
KHAPRETA_510206,312268.860,2624356.200,131.3800,0.8119,1.0400,0.0665,-1
KHAPRETA_510206,312269.860,2624356.200,131.4000,0.8019,1.0200,0.0652,-1
KHAPRETA_510206,312272.860,2624356.200,131.5900,1.0669,0.8300,0.0530,-1
KHAPRETA_510206,311875.860,2624357.200,129.2700,0.1731,3.1500,0.2013,-1
KHAPRETA_510206,311880.860,2624357.200,129.7000,0.2231,2.7200,0.1738,-1
KHAPRETA_510206,311882.860,2624357.200,129.3200,0.1150,3.1000,0.1981,-1
KHAPRETA_510206,311886.860,2624357.200,129.2800,0.0000,3.1400,0.2006,-1
KHAPRETA_510206,311888.860,2624357.200,129.4200,0.0000,3.0000,0.1917,-1
KHAPRETA_510206,311893.860,2624357.200,129.0900,0.3981,3.3300,0.2128,-1
KHAPRETA_510206,311894.860,2624357.200,128.9800,0.1802,3.4400,0.2198,-1
KHAPRETA_510206,311895.860,2624357.200,128.9600,0.3734,3.4600,0.2211,-1
KHAPRETA_510206,311896.860,2624357.200,128.9500,0.6022,3.4700,0.2217,-1
KHAPRETA_510206,311897.860,2624357.200,128.5600,0.6355,3.8600,0.2466,-1
KHAPRETA_510206,311898.860,2624357.200,128.5200,0.7956,3.9000,0.2492,-1
KHAPRETA_510206,311907.860,2624357.200,127.8800,0.9331,4.5400,0.2901,-1
KHAPRETA_510206,311908.860,2624357.200,127.9100,0.0550,4.5100,0.2882,-1
KHAPRETA_510206,311909.860,2624357.200,127.9900,0.9331,4.4300,0.2831,-1
KHAPRETA_510206,311913.860,2624357.200,127.6100,1.9215,4.8100,0.3073,-1
KHAPRETA_510206,311914.860,2624357.200,126.7400,1.6563,5.6800,0.3629,-1
KHAPRETA_510206,311917.860,2624357.200,127.4300,1.2481,4.9900,0.3188,-1
KHAPRETA_510206,311918.860,2624357.200,127.2800,1.1034,5.1400,0.3284,-1
KHAPRETA_510206,311919.860,2624357.200,126.7400,1.2481,5.6800,0.3629,-1
KHAPRETA_510206,311923.860,2624357.200,127.8700,1.1281,4.5500,0.2907,-1
KHAPRETA_510206,311932.860,2624357.200,126.1300,0.0000,6.2900,0.4019,-1
KHAPRETA_510206,311935.860,2624357.200,126.9500,0.0000,5.4700,0.3495,-1
KHAPRETA_510206,311938.860,2624357.200,126.4200,2.8347,6.0000,0.3834,-1
KHAPRETA_510206,311939.860,2624357.200,125.9200,1.6781,6.5000,0.4153,-1
KHAPRETA_510206,311945.860,2624357.200,131.3700,0.8319,1.0500,0.0671,-1
KHAPRETA_510206,311946.860,2624357.200,131.4400,0.7969,0.9800,0.0626,-1
KHAPRETA_510206,311953.860,2624357.200,128.6600,0.6731,3.7600,0.2403,-1
KHAPRETA_510206,311956.860,2624357.200,128.0700,0.9850,4.3500,0.2780,-1
KHAPRETA_510206,311968.860,2624357.200,128.1400,0.8481,4.2800,0.2735,-1
KHAPRETA_510206,311972.860,2624357.200,127.7200,0.7631,4.7000,0.3003,-1
KHAPRETA_510206,311973.860,2624357.200,128.2500,0.5650,4.1700,0.2665,-1
KHAPRETA_510206,311974.860,2624357.200,128.8500,0.4000,3.5700,0.2281,-1
KHAPRETA_510206,311975.860,2624357.200,129.0500,0.7368,3.3700,0.2153,-1
KHAPRETA_510206,311977.860,2624357.200,129.0600,0.6281,3.3600,0.2147,-1
KHAPRETA_510206,311978.860,2624357.200,128.5200,0.3669,3.9000,0.2492,-1
KHAPRETA_510206,311981.860,2624357.200,127.5900,1.0024,4.8300,0.3086,-1
KHAPRETA_510206,311982.860,2624357.200,128.2300,1.0947,4.1900,0.2677,-1
KHAPRETA_510206,311985.860,2624357.200,128.9900,0.0000,3.4300,0.2192,-1
KHAPRETA_510206,311988.860,2624357.200,129.5800,0.2881,2.8400,0.1815,-1
KHAPRETA_510206,311990.860,2624357.200,129.6600,0.0269,2.7600,0.1764,-1
KHAPRETA_510206,311991.860,2624357.200,129.8300,0.1424,2.5900,0.1655,-1
KHAPRETA_510206,312000.860,2624357.200,127.6100,1.1431,4.8100,0.3073,-1
KHAPRETA_510206,312004.860,2624357.200,127.9100,0.8831,4.5100,0.2882,-1
KHAPRETA_510206,312005.860,2624357.200,128.0100,0.8651,4.4100,0.2818,-1
KHAPRETA_510206,312006.860,2624357.200,127.7900,0.8831,4.6300,0.2958,-1
KHAPRETA_510206,312012.860,2624357.200,128.1100,0.7731,4.3100,0.2754,-1
KHAPRETA_510206,312018.860,2624357.200,128.1500,0.0000,4.2700,0.2728,-1
KHAPRETA_510206,312020.860,2624357.200,128.1800,0.0000,4.2400,0.2709,-1
KHAPRETA_510206,312023.860,2624357.200,128.0200,0.0650,4.4000,0.2811,-1
KHAPRETA_510206,312026.860,2624357.200,127.9800,0.0000,4.4400,0.2837,-1
KHAPRETA_510206,312028.860,2624357.200,127.9800,0.0000,4.4400,0.2837,-1
KHAPRETA_510206,312033.860,2624357.200,128.5300,0.0000,3.8900,0.2486,-1
KHAPRETA_510206,312038.860,2624357.200,127.9800,0.7981,4.4400,0.2837,-1
KHAPRETA_510206,312041.860,2624357.200,128.5700,0.0000,3.8500,0.2460,-1
KHAPRETA_510206,312044.860,2624357.200,128.5400,0.7081,3.8800,0.2479,-1
KHAPRETA_510206,312047.860,2624357.200,128.3900,0.8031,4.0300,0.2575,-1
KHAPRETA_510206,312050.860,2624357.200,128.6100,1.0945,3.8100,0.2435,-1
KHAPRETA_510206,312051.860,2624357.200,128.4300,1.0046,3.9900,0.2550,-1
KHAPRETA_510206,312054.860,2624357.200,128.7100,0.0000,3.7100,0.2371,-1
KHAPRETA_510206,312058.860,2624357.200,128.8400,0.8081,3.5800,0.2288,-1
KHAPRETA_510206,312066.860,2624357.200,128.1900,0.7681,4.2300,0.2703,-1
KHAPRETA_510206,312079.860,2624357.200,129.1200,0.0000,3.3000,0.2109,-1
KHAPRETA_510206,312081.860,2624357.200,129.1200,0.0000,3.3000,0.2109,-1
KHAPRETA_510206,312087.860,2624357.200,129.2400,0.0000,3.1800,0.2032,-1
KHAPRETA_510206,312090.860,2624357.200,129.2800,0.2631,3.1400,0.2006,-1
KHAPRETA_510206,312091.860,2624357.200,129.2500,0.3336,3.1700,0.2026,-1
KHAPRETA_510206,312093.860,2624357.200,129.3000,0.2181,3.1200,0.1994,-1
KHAPRETA_510206,312100.860,2624357.200,129.3200,0.0000,3.1000,0.1981,-1
KHAPRETA_510206,312106.860,2624357.200,130.1700,0.0000,2.2500,0.1438,-1
KHAPRETA_510206,312111.860,2624357.200,132.3900,0.0000,0.0300,0.0019,-1
KHAPRETA_510206,312113.860,2624357.200,130.3600,0.0000,2.0600,0.1316,-1
KHAPRETA_510206,312118.860,2624357.200,129.8700,0.0319,2.5500,0.1629,-1
KHAPRETA_510206,312119.860,2624357.200,129.8400,0.0469,2.5800,0.1649,-1
KHAPRETA_510206,312125.860,2624357.200,129.9000,0.0597,2.5200,0.1610,-1
KHAPRETA_510206,312126.860,2624357.200,129.8700,0.0300,2.5500,0.1629,-1
KHAPRETA_510206,312127.860,2624357.200,129.9600,0.0568,2.4600,0.1572,-1
KHAPRETA_510206,312132.860,2624357.200,129.8100,0.0000,2.6100,0.1668,-1
KHAPRETA_510206,312136.860,2624357.200,129.8900,0.1869,2.5300,0.1617,-1
KHAPRETA_510206,312138.860,2624357.200,130.2500,0.2369,2.1700,0.1387,-1
KHAPRETA_510206,312140.860,2624357.200,130.4400,0.1589,1.9800,0.1265,-1
KHAPRETA_510206,312141.860,2624357.200,130.0900,0.3319,2.3300,0.1489,-1
KHAPRETA_510206,312144.860,2624357.200,129.9500,0.0000,2.4700,0.1578,-1
KHAPRETA_510206,312146.860,2624357.200,130.0600,0.0000,2.3600,0.1508,-1
KHAPRETA_510206,312149.860,2624357.200,130.4000,0.1919,2.0200,0.1291,-1
KHAPRETA_510206,312150.860,2624357.200,130.1600,0.3407,2.2600,0.1444,-1
KHAPRETA_510206,312154.860,2624357.200,130.1000,0.0000,2.3200,0.1482,-1
KHAPRETA_510206,312158.860,2624357.200,130.9700,0.0000,1.4500,0.0927,-1
KHAPRETA_510206,312160.860,2624357.200,130.9600,0.6622,1.4600,0.0933,-1
KHAPRETA_510206,312161.860,2624357.200,130.6400,0.1000,1.7800,0.1137,-1
KHAPRETA_510206,312162.860,2624357.200,130.7600,0.6398,1.6600,0.1061,-1
KHAPRETA_510206,312166.860,2624357.200,130.9600,0.8169,1.4600,0.0933,-1
KHAPRETA_510206,312167.860,2624357.200,131.4100,0.7958,1.0100,0.0645,-1
KHAPRETA_510206,312173.860,2624357.200,131.4100,0.9553,1.0100,0.0645,-1
KHAPRETA_510206,312174.860,2624357.200,130.6600,0.7695,1.7600,0.1125,-1
KHAPRETA_510206,312175.860,2624357.200,131.0400,0.9934,1.3800,0.0882,-1
KHAPRETA_510206,312176.860,2624357.200,131.3200,0.6319,1.1000,0.0703,-1
KHAPRETA_510206,312178.860,2624357.200,130.3200,0.1800,2.1000,0.1342,-1
KHAPRETA_510206,312187.860,2624357.200,130.6800,0.4769,1.7400,0.1112,-1
KHAPRETA_510206,312207.860,2624357.200,131.4300,0.0000,0.9900,0.0633,-1
KHAPRETA_510206,312211.860,2624357.200,131.4900,0.0000,0.9300,0.0594,-1
KHAPRETA_510206,312219.860,2624357.200,131.7400,0.9019,0.6800,0.0435,-1
KHAPRETA_510206,312220.860,2624357.200,131.5800,0.9819,0.8400,0.0537,-1
KHAPRETA_510206,312222.860,2624357.200,131.6700,0.0000,0.7500,0.0479,-1
KHAPRETA_510206,312224.860,2624357.200,131.6000,0.0000,0.8200,0.0524,-1
KHAPRETA_510206,312229.860,2624357.200,131.6400,0.0000,0.7800,0.0498,-1
KHAPRETA_510206,312232.860,2624357.200,131.4100,0.0000,1.0100,0.0645,-1
KHAPRETA_510206,312235.860,2624357.200,131.3700,0.8069,1.0500,0.0671,-1
KHAPRETA_510206,312237.860,2624357.200,131.4000,0.0000,1.0200,0.0652,-1
KHAPRETA_510206,312242.860,2624357.200,131.1600,0.9569,1.2600,0.0805,-1
KHAPRETA_510206,312243.860,2624357.200,131.6900,1.1092,0.7300,0.0466,-1
KHAPRETA_510206,312246.860,2624357.200,131.4600,0.0000,0.9600,0.0613,-1
KHAPRETA_510206,312272.860,2624357.200,131.9100,1.5867,0.5100,0.0326,-1
KHAPRETA_510206,312273.860,2624357.200,132.3800,1.0669,0.0400,0.0026,-1
KHAPRETA_510206,312298.860,2624357.200,132.3700,0.0000,0.0500,0.0032,-1
KHAPRETA_510206,311873.860,2624358.200,129.3900,0.3861,3.0300,0.1936,-1
KHAPRETA_510206,311878.860,2624358.200,129.4400,0.0000,2.9800,0.1904,-1
KHAPRETA_510206,311882.860,2624358.200,129.3300,0.2281,3.0900,0.1974,-1
KHAPRETA_510206,311885.860,2624358.200,129.3300,0.0000,3.0900,0.1974,-1
KHAPRETA_510206,311889.860,2624358.200,129.2100,0.2645,3.2100,0.2051,-1
KHAPRETA_510206,311890.860,2624358.200,129.6600,0.2980,2.7600,0.1764,-1
KHAPRETA_510206,311896.860,2624358.200,128.6400,0.0000,3.7800,0.2415,-1
KHAPRETA_510206,311910.860,2624358.200,127.6100,0.0000,4.8100,0.3073,-1
KHAPRETA_510206,311913.860,2624358.200,127.4200,1.0831,5.0000,0.3195,-1
KHAPRETA_510206,311916.860,2624358.200,127.2000,0.0000,5.2200,0.3335,-1
KHAPRETA_510206,311920.860,2624358.200,126.9700,0.0000,5.4500,0.3482,-1
KHAPRETA_510206,311923.860,2624358.200,127.5200,0.9531,4.9000,0.3131,-1
KHAPRETA_510206,311927.860,2624358.200,126.3900,0.0000,6.0300,0.3853,-1
KHAPRETA_510206,311929.860,2624358.200,126.3000,1.7481,6.1200,0.3911,-1
KHAPRETA_510206,311930.860,2624358.200,126.2800,1.7152,6.1400,0.3923,-1
KHAPRETA_510206,311931.860,2624358.200,126.1300,2.4651,6.2900,0.4019,-1
KHAPRETA_510206,311943.860,2624358.200,129.9000,0.0000,2.5200,0.1610,-1
KHAPRETA_510206,311947.860,2624358.200,129.8600,0.0000,2.5600,0.1636,-1
KHAPRETA_510206,311950.860,2624358.200,129.4900,0.1631,2.9300,0.1872,-1
KHAPRETA_510206,311951.860,2624358.200,129.4500,0.1431,2.9700,0.1898,-1
KHAPRETA_510206,311953.860,2624358.200,128.4300,0.2800,3.9900,0.2550,-1
KHAPRETA_510206,311956.860,2624358.200,128.2200,0.8531,4.2000,0.2684,-1
KHAPRETA_510206,311970.860,2624358.200,127.5600,0.0000,4.8600,0.3105,-1
KHAPRETA_510206,311978.860,2624358.200,128.4900,0.0250,3.9300,0.2511,-1
KHAPRETA_510206,311982.860,2624358.200,128.8700,0.7731,3.5500,0.2268,-1
KHAPRETA_510206,311986.860,2624358.200,129.1800,0.3381,3.2400,0.2070,-1
KHAPRETA_510206,311987.860,2624358.200,129.1000,0.2981,3.3200,0.2121,-1
KHAPRETA_510206,311991.860,2624358.200,129.4900,0.0269,2.9300,0.1872,-1
KHAPRETA_510206,311993.860,2624358.200,129.6900,0.0000,2.7300,0.1744,-1
KHAPRETA_510206,311998.860,2624358.200,128.8200,0.3331,3.6000,0.2300,-1
KHAPRETA_510206,312000.860,2624358.200,127.4900,0.5850,4.9300,0.3150,-1
KHAPRETA_510206,312002.860,2624358.200,127.7500,0.0000,4.6700,0.2984,-1
KHAPRETA_510206,312005.860,2624358.200,128.0500,0.8831,4.3700,0.2792,-1
KHAPRETA_510206,312008.860,2624358.200,128.0200,0.8981,4.4000,0.2811,-1
KHAPRETA_510206,312009.860,2624358.200,127.9800,0.8781,4.4400,0.2837,-1
KHAPRETA_510206,312012.860,2624358.200,128.2300,0.8331,4.1900,0.2677,-1
KHAPRETA_510206,312017.860,2624358.200,128.3100,0.0000,4.1100,0.2626,-1
KHAPRETA_510206,312023.860,2624358.200,128.1000,0.8781,4.3200,0.2760,-1
KHAPRETA_510206,312038.860,2624358.200,128.1800,1.2081,4.2400,0.2709,-1
KHAPRETA_510206,312039.860,2624358.200,128.1600,0.7981,4.2600,0.2722,-1
KHAPRETA_510206,312042.860,2624358.200,128.2000,0.0000,4.2200,0.2696,-1
KHAPRETA_510206,312047.860,2624358.200,128.1700,0.0150,4.2500,0.2716,-1
KHAPRETA_510206,312051.860,2624358.200,128.1400,0.0050,4.2800,0.2735,-1
KHAPRETA_510206,312053.860,2624358.200,128.2000,0.6081,4.2200,0.2696,-1
KHAPRETA_510206,312057.860,2624358.200,128.6000,0.0000,3.8200,0.2441,-1
KHAPRETA_510206,312059.860,2624358.200,128.8100,0.0000,3.6100,0.2307,-1
KHAPRETA_510206,312074.860,2624358.200,128.9700,0.0000,3.4500,0.2204,-1
KHAPRETA_510206,312076.860,2624358.200,129.0300,0.0000,3.3900,0.2166,-1
KHAPRETA_510206,312080.860,2624358.200,129.1400,0.0000,3.2800,0.2096,-1
KHAPRETA_510206,312089.860,2624358.200,129.2800,0.0000,3.1400,0.2006,-1
KHAPRETA_510206,312091.860,2624358.200,129.3300,0.2631,3.0900,0.1974,-1
KHAPRETA_510206,312093.860,2624358.200,129.3400,0.0050,3.0800,0.1968,-1
KHAPRETA_510206,312098.860,2624358.200,129.3200,0.1981,3.1000,0.1981,-1
KHAPRETA_510206,312099.860,2624358.200,129.3800,0.2281,3.0400,0.1942,-1
KHAPRETA_510206,312104.860,2624358.200,129.5700,0.0631,2.8500,0.1821,-1
KHAPRETA_510206,312105.860,2624358.200,129.6500,0.1031,2.7700,0.1770,-1
KHAPRETA_510206,312110.860,2624358.200,132.3600,1.2769,0.0600,0.0038,-1
KHAPRETA_510206,312112.860,2624358.200,132.4200,0.0000,0.0000,0.0000,-1
KHAPRETA_510206,312115.860,2624358.200,129.7900,0.0000,2.6300,0.1681,-1
KHAPRETA_510206,312121.860,2624358.200,129.8600,0.0000,2.5600,0.1636,-1
KHAPRETA_510206,312123.860,2624358.200,129.8500,0.0369,2.5700,0.1642,-1
KHAPRETA_510206,312124.860,2624358.200,129.8500,0.0000,2.5700,0.1642,-1
KHAPRETA_510206,312125.860,2624358.200,129.8500,0.0721,2.5700,0.1642,-1
KHAPRETA_510206,312128.860,2624358.200,129.9600,0.0869,2.4600,0.1572,-1
KHAPRETA_510206,312129.860,2624358.200,129.9500,0.0919,2.4700,0.1578,-1
KHAPRETA_510206,312131.860,2624358.200,129.9500,0.0000,2.4700,0.1578,-1
KHAPRETA_510206,312136.860,2624358.200,130.1500,0.1391,2.2700,0.1450,-1
KHAPRETA_510206,312137.860,2624358.200,130.0300,0.0500,2.3900,0.1527,-1
KHAPRETA_510206,312138.860,2624358.200,130.2500,0.1285,2.1700,0.1387,-1
KHAPRETA_510206,312140.860,2624358.200,130.4900,0.3319,1.9300,0.1233,-1
KHAPRETA_510206,312142.860,2624358.200,130.3700,0.3069,2.0500,0.1310,-1
KHAPRETA_510206,312145.860,2624358.200,130.3900,0.0000,2.0300,0.1297,-1
KHAPRETA_510206,312147.860,2624358.200,130.0900,0.0000,2.3300,0.1489,-1
KHAPRETA_510206,312150.860,2624358.200,130.0500,0.1556,2.3700,0.1514,-1
KHAPRETA_510206,312151.860,2624358.200,130.0300,0.5997,2.3900,0.1527,-1
KHAPRETA_510206,312152.860,2624358.200,130.7900,0.1269,1.6300,0.1042,-1
KHAPRETA_510206,312156.860,2624358.200,130.6300,0.0000,1.7900,0.1144,-1
KHAPRETA_510206,312159.860,2624358.200,131.0500,0.5019,1.3700,0.0875,-1
KHAPRETA_510206,312160.860,2624358.200,130.7800,0.8695,1.6400,0.1048,-1
KHAPRETA_510206,312165.860,2624358.200,131.0800,0.0000,1.3400,0.0856,-1
KHAPRETA_510206,312167.860,2624358.200,130.8400,0.8169,1.5800,0.1010,-1
KHAPRETA_510206,312169.860,2624358.200,131.2400,1.0019,1.1800,0.0754,-1
KHAPRETA_510206,312172.860,2624358.200,131.6500,0.8469,0.7700,0.0492,-1
KHAPRETA_510206,312173.860,2624358.200,131.4700,0.9412,0.9500,0.0607,-1
KHAPRETA_510206,312177.860,2624358.200,130.3800,0.3519,2.0400,0.1304,-1
KHAPRETA_510206,312178.860,2624358.200,130.4800,0.3707,1.9400,0.1240,-1
KHAPRETA_510206,312186.860,2624358.200,130.7800,0.4769,1.6400,0.1048,-1
KHAPRETA_510206,312187.860,2624358.200,130.7300,0.6754,1.6900,0.1080,-1
KHAPRETA_510206,312189.860,2624358.200,132.3900,0.0000,0.0300,0.0019,-1
KHAPRETA_510206,312206.860,2624358.200,131.8800,0.0000,0.5400,0.0345,-1
KHAPRETA_510206,312218.860,2624358.200,131.4600,0.0000,0.9600,0.0613,-1
KHAPRETA_510206,312225.860,2624358.200,131.9300,0.9469,0.4900,0.0313,-1
KHAPRETA_510206,312226.860,2624358.200,131.6700,1.4950,0.7500,0.0479,-1
KHAPRETA_510206,312233.860,2624358.200,131.4200,0.8369,1.0000,0.0639,-1
KHAPRETA_510206,312234.860,2624358.200,131.4500,0.0150,0.9700,0.0620,-1
KHAPRETA_510206,312235.860,2624358.200,131.3900,0.0453,1.0300,0.0658,-1
KHAPRETA_510206,312236.860,2624358.200,131.4400,1.1662,0.9800,0.0626,-1
KHAPRETA_510206,312241.860,2624358.200,131.2500,0.0000,1.1700,0.0748,-1
KHAPRETA_510206,312243.860,2624358.200,131.5100,0.0950,0.9100,0.0581,-1
KHAPRETA_510206,312265.860,2624358.200,132.3700,0.9069,0.0500,0.0032,-1
KHAPRETA_510206,312266.860,2624358.200,131.5900,1.7547,0.8300,0.0530,-1
KHAPRETA_510206,312268.860,2624358.200,131.6500,1.0219,0.7700,0.0492,-1
KHAPRETA_510206,312269.860,2624358.200,131.8200,0.9369,0.6000,0.0383,-1
KHAPRETA_510206,312305.860,2624358.200,132.3600,0.0000,0.0600,0.0038,-1
KHAPRETA_510206,311888.860,2624359.200,129.1800,0.2581,3.2400,0.2070,-1
KHAPRETA_510206,311889.860,2624359.200,129.2600,0.3495,3.1600,0.2019,-1
KHAPRETA_510206,311890.860,2624359.200,129.5900,0.2645,2.8300,0.1808,-1
KHAPRETA_510206,311894.860,2624359.200,128.9600,0.6731,3.4600,0.2211,-1
KHAPRETA_510206,311896.860,2624359.200,128.9500,0.5681,3.4700,0.2217,-1
KHAPRETA_510206,311903.860,2624359.200,127.6600,1.5289,4.7600,0.3042,-1
KHAPRETA_510206,311904.860,2624359.200,127.2800,1.0581,5.1400,0.3284,-1
KHAPRETA_510206,311909.860,2624359.200,127.4100,0.0000,5.0100,0.3201,-1
KHAPRETA_510206,311915.860,2624359.200,126.7400,0.0000,5.6800,0.3629,-1
KHAPRETA_510206,311922.860,2624359.200,127.0400,1.4781,5.3800,0.3438,-1
KHAPRETA_510206,311924.860,2624359.200,126.8600,1.9036,5.5600,0.3553,-1
KHAPRETA_510206,311925.860,2624359.200,127.4400,1.5591,4.9800,0.3182,-1
KHAPRETA_510206,311926.860,2624359.200,127.2300,1.1681,5.1900,0.3316,-1
KHAPRETA_510206,311928.860,2624359.200,126.6300,0.0000,5.7900,0.3700,-1
KHAPRETA_510206,311930.860,2624359.200,126.3500,2.4651,6.0700,0.3879,-1
KHAPRETA_510206,311931.860,2624359.200,126.3000,2.5016,6.1200,0.3911,-1
KHAPRETA_510206,311946.860,2624359.200,129.7700,0.0000,2.6500,0.1693,-1
KHAPRETA_510206,311953.860,2624359.200,128.1000,1.0517,4.3200,0.2760,-1
KHAPRETA_510206,311954.860,2624359.200,128.1600,0.8381,4.2600,0.2722,-1
KHAPRETA_510206,311968.860,2624359.200,128.1500,0.9031,4.2700,0.2728,-1
KHAPRETA_510206,311971.860,2624359.200,127.6800,0.0000,4.7400,0.3029,-1
KHAPRETA_510206,311974.860,2624359.200,128.9600,0.4731,3.4600,0.2211,-1
KHAPRETA_510206,311977.860,2624359.200,128.7900,0.6031,3.6300,0.2319,-1
KHAPRETA_510206,311978.860,2624359.200,128.5700,0.4956,3.8500,0.2460,-1
KHAPRETA_510206,311983.860,2624359.200,128.9500,0.2531,3.4700,0.2217,-1
KHAPRETA_510206,311984.860,2624359.200,129.2700,0.4131,3.1500,0.2013,-1
KHAPRETA_510206,311989.860,2624359.200,129.1700,0.2431,3.2500,0.2077,-1
KHAPRETA_510206,311995.860,2624359.200,128.8700,0.0000,3.5500,0.2268,-1
KHAPRETA_510206,311997.860,2624359.200,128.8000,0.3331,3.6200,0.2313,-1
KHAPRETA_510206,311998.860,2624359.200,129.1100,0.6832,3.3100,0.2115,-1
KHAPRETA_510206,312000.860,2624359.200,128.7800,1.1431,3.6400,0.2326,-1
KHAPRETA_510206,312011.860,2624359.200,128.2900,0.0000,4.1300,0.2639,-1
KHAPRETA_510206,312016.860,2624359.200,128.7400,0.0000,3.6800,0.2351,-1
KHAPRETA_510206,312022.860,2624359.200,128.1600,0.0000,4.2600,0.2722,-1
KHAPRETA_510206,312033.860,2624359.200,128.0100,0.0000,4.4100,0.2818,-1
KHAPRETA_510206,312041.860,2624359.200,128.0400,0.0000,4.3800,0.2799,-1
KHAPRETA_510206,312047.860,2624359.200,128.3600,0.6331,4.0600,0.2594,-1
KHAPRETA_510206,312048.860,2624359.200,128.5100,0.7081,3.9100,0.2498,-1
KHAPRETA_510206,312050.860,2624359.200,128.5700,0.6681,3.8500,0.2460,-1
KHAPRETA_510206,312051.860,2624359.200,128.4400,0.2658,3.9800,0.2543,-1
KHAPRETA_510206,312052.860,2624359.200,128.0500,0.0600,4.3700,0.2792,-1
KHAPRETA_510206,312053.860,2624359.200,128.5600,1.1687,3.8600,0.2466,-1
KHAPRETA_510206,312062.860,2624359.200,128.0900,0.5981,4.3300,0.2767,-1
KHAPRETA_510206,312063.860,2624359.200,128.5800,0.8431,3.8400,0.2454,-1
KHAPRETA_510206,312067.860,2624359.200,128.8300,0.9309,3.5900,0.2294,-1
KHAPRETA_510206,312068.860,2624359.200,128.4300,0.4731,3.9900,0.2550,-1
KHAPRETA_510206,312071.860,2624359.200,128.7100,0.5681,3.7100,0.2371,-1
KHAPRETA_510206,312072.860,2624359.200,128.6400,0.5331,3.7800,0.2415,-1
KHAPRETA_510206,312075.860,2624359.200,129.1000,0.0000,3.3200,0.2121,-1
KHAPRETA_510206,312077.860,2624359.200,129.1100,0.0000,3.3100,0.2115,-1
KHAPRETA_510206,312093.860,2624359.200,129.3100,0.2181,3.1100,0.1987,-1
KHAPRETA_510206,312097.860,2624359.200,129.3000,0.0000,3.1200,0.1994,-1
KHAPRETA_510206,312101.860,2624359.200,129.1200,0.0000,3.3000,0.2109,-1
KHAPRETA_510206,312108.860,2624359.200,132.1900,1.1869,0.2300,0.0147,-1
KHAPRETA_510206,312110.860,2624359.200,132.3300,0.0500,0.0900,0.0058,-1
KHAPRETA_510206,312116.860,2624359.200,129.9300,0.0000,2.4900,0.1591,-1
KHAPRETA_510206,312120.860,2624359.200,129.8900,0.0000,2.5300,0.1617,-1
KHAPRETA_510206,312122.860,2624359.200,129.8400,0.0219,2.5800,0.1649,-1
KHAPRETA_510206,312130.860,2624359.200,129.9400,0.0000,2.4800,0.1585,-1
KHAPRETA_510206,312134.860,2624359.200,129.9800,0.0000,2.4400,0.1559,-1
KHAPRETA_510206,312138.860,2624359.200,130.2100,0.3878,2.2100,0.1412,-1
KHAPRETA_510206,312139.860,2624359.200,130.3900,0.2169,2.0300,0.1297,-1
KHAPRETA_510206,312142.860,2624359.200,130.3900,0.4121,2.0300,0.1297,-1
KHAPRETA_510206,312143.860,2624359.200,130.6000,0.1600,1.8200,0.1163,-1
KHAPRETA_510206,312144.860,2624359.200,130.7100,0.4119,1.7100,0.1093,-1
KHAPRETA_510206,312150.860,2624359.200,129.9800,0.4909,2.4400,0.1559,-1
KHAPRETA_510206,312151.860,2624359.200,130.7200,0.1628,1.7000,0.1086,-1
KHAPRETA_510206,312153.860,2624359.200,130.7500,0.5374,1.6700,0.1067,-1
KHAPRETA_510206,312154.860,2624359.200,130.1600,0.7175,2.2600,0.1444,-1
KHAPRETA_510206,312161.860,2624359.200,130.5500,0.0000,1.8700,0.1195,-1
KHAPRETA_510206,312168.860,2624359.200,131.6100,1.0019,0.8100,0.0518,-1
KHAPRETA_510206,312169.860,2624359.200,131.7800,0.9851,0.6400,0.0409,-1
KHAPRETA_510206,312171.860,2624359.200,131.8100,0.0000,0.6100,0.0390,-1
KHAPRETA_510206,312173.860,2624359.200,131.2300,0.8469,1.1900,0.0760,-1
KHAPRETA_510206,312175.860,2624359.200,130.8700,0.0000,1.5500,0.0990,-1
KHAPRETA_510206,312178.860,2624359.200,130.7500,0.3600,1.6700,0.1067,-1
KHAPRETA_510206,312180.860,2624359.200,130.4300,0.0000,1.9900,0.1272,-1
KHAPRETA_510206,312208.860,2624359.200,131.3000,0.0000,1.1200,0.0716,-1
KHAPRETA_510206,312215.860,2624359.200,131.3300,0.0000,1.0900,0.0696,-1
KHAPRETA_510206,312226.860,2624359.200,131.8500,0.9469,0.5700,0.0364,-1
KHAPRETA_510206,312231.860,2624359.200,131.4900,0.8619,0.9300,0.0594,-1
KHAPRETA_510206,312232.860,2624359.200,131.5000,0.8569,0.9200,0.0588,-1
KHAPRETA_510206,312235.860,2624359.200,131.4600,1.1662,0.9600,0.0613,-1
KHAPRETA_510206,312236.860,2624359.200,131.4600,0.8320,0.9600,0.0613,-1
KHAPRETA_510206,312237.860,2624359.200,131.4700,1.2085,0.9500,0.0607,-1
KHAPRETA_510206,312242.860,2624359.200,131.6900,1.0519,0.7300,0.0466,-1
KHAPRETA_510206,312243.860,2624359.200,131.8800,1.2912,0.5400,0.0345,-1
KHAPRETA_510206,312266.860,2624359.200,132.1400,1.3738,0.2800,0.0179,-1
KHAPRETA_510206,312267.860,2624359.200,131.8400,1.1819,0.5800,0.0371,-1
KHAPRETA_510206,312270.860,2624359.200,132.2200,0.0000,0.2000,0.0128,-1
KHAPRETA_510206,312300.860,2624359.200,132.4200,0.0000,0.0000,0.0000,-1
KHAPRETA_510206,311884.860,2624360.200,129.5500,0.0000,2.8700,0.1834,-1
KHAPRETA_510206,311892.860,2624360.200,129.1500,0.4431,3.2700,0.2089,-1
KHAPRETA_510206,311893.860,2624360.200,128.8900,0.3600,3.5300,0.2256,-1
KHAPRETA_510206,311894.860,2624360.200,128.4300,0.5189,3.9900,0.2550,-1
KHAPRETA_510206,311898.860,2624360.200,128.5500,1.0226,3.8700,0.2473,-1
KHAPRETA_510206,311899.860,2624360.200,128.3400,0.2600,4.0800,0.2607,-1
KHAPRETA_510206,311900.860,2624360.200,128.0300,0.7181,4.3900,0.2805,-1
KHAPRETA_510206,311903.860,2624360.200,128.0100,1.0581,4.4100,0.2818,-1
KHAPRETA_510206,311905.860,2624360.200,128.2400,0.0000,4.1800,0.2671,-1
KHAPRETA_510206,311913.860,2624360.200,127.5500,1.2881,4.8700,0.3112,-1
KHAPRETA_510206,311914.860,2624360.200,127.2000,1.1131,5.2200,0.3335,-1
KHAPRETA_510206,311916.860,2624360.200,126.7900,0.0000,5.6300,0.3597,-1
KHAPRETA_510206,311920.860,2624360.200,126.9100,0.0000,5.5100,0.3521,-1
KHAPRETA_510206,311922.860,2624360.200,126.8200,1.3681,5.6000,0.3578,-1
KHAPRETA_510206,311924.860,2624360.200,126.7700,2.1266,5.6500,0.3610,-1
KHAPRETA_510206,311925.860,2624360.200,126.6800,1.9036,5.7400,0.3668,-1
KHAPRETA_510206,311944.860,2624360.200,129.0300,0.5319,3.3900,0.2166,-1
KHAPRETA_510206,311947.860,2624360.200,128.6900,0.0000,3.7300,0.2383,-1
KHAPRETA_510206,311951.860,2624360.200,128.6900,0.7656,3.7300,0.2383,-1
KHAPRETA_510206,311952.860,2624360.200,128.9300,1.8209,3.4900,0.2230,-1
KHAPRETA_510206,311968.860,2624360.200,127.9700,1.3225,4.4500,0.2843,-1
KHAPRETA_510206,311969.860,2624360.200,127.6900,0.9031,4.7300,0.3022,-1
KHAPRETA_510206,311973.860,2624360.200,128.9100,0.4731,3.5100,0.2243,-1
KHAPRETA_510206,311974.860,2624360.200,128.8300,0.4345,3.5900,0.2294,-1
KHAPRETA_510206,311978.860,2624360.200,128.5900,0.0700,3.8300,0.2447,-1
KHAPRETA_510206,311981.860,2624360.200,128.9000,0.0000,3.5200,0.2249,-1
KHAPRETA_510206,311989.860,2624360.200,129.2900,0.2881,3.1300,0.2000,-1
KHAPRETA_510206,311990.860,2624360.200,129.2000,0.2065,3.2200,0.2058,-1
KHAPRETA_510206,311991.860,2624360.200,129.5300,0.3239,2.8900,0.1847,-1
KHAPRETA_510206,311996.860,2624360.200,128.9100,0.0000,3.5100,0.2243,-1
KHAPRETA_510206,312005.860,2624360.200,127.8100,0.9081,4.6100,0.2946,-1
KHAPRETA_510206,312006.860,2624360.200,127.9600,0.9831,4.4600,0.2850,-1
KHAPRETA_510206,312013.860,2624360.200,128.9500,0.0000,3.4700,0.2217,-1
KHAPRETA_510206,312024.860,2624360.200,128.1800,0.8531,4.2400,0.2709,-1
KHAPRETA_510206,312025.860,2624360.200,128.0700,0.0550,4.3500,0.2780,-1
KHAPRETA_510206,312026.860,2624360.200,128.0700,0.8531,4.3500,0.2780,-1
KHAPRETA_510206,312032.860,2624360.200,128.5100,0.0000,3.9100,0.2498,-1
KHAPRETA_510206,312035.860,2624360.200,128.0300,0.0000,4.3900,0.2805,-1
KHAPRETA_510206,312038.860,2624360.200,128.1100,0.8481,4.3100,0.2754,-1
KHAPRETA_510206,312042.860,2624360.200,128.1900,0.0000,4.2300,0.2703,-1
KHAPRETA_510206,312046.860,2624360.200,128.1200,0.7981,4.3000,0.2748,-1
KHAPRETA_510206,312047.860,2624360.200,128.1800,1.0895,4.2400,0.2709,-1
KHAPRETA_510206,312049.860,2624360.200,128.1500,0.0000,4.2700,0.2728,-1
KHAPRETA_510206,312051.860,2624360.200,128.0300,0.1250,4.3900,0.2805,-1
KHAPRETA_510206,312055.860,2624360.200,128.2900,0.6131,4.1300,0.2639,-1
KHAPRETA_510206,312057.860,2624360.200,128.3100,0.3981,4.1100,0.2626,-1
KHAPRETA_510206,312058.860,2624360.200,128.9800,0.7331,3.4400,0.2198,-1
KHAPRETA_510206,312061.860,2624360.200,128.8700,0.6981,3.5500,0.2268,-1
KHAPRETA_510206,312064.860,2624360.200,128.9000,0.0000,3.5200,0.2249,-1
KHAPRETA_510206,312067.860,2624360.200,128.4900,0.1700,3.9300,0.2511,-1
KHAPRETA_510206,312073.860,2624360.200,128.9700,0.0000,3.4500,0.2204,-1
KHAPRETA_510206,312078.860,2624360.200,129.1300,0.4498,3.2900,0.2102,-1
KHAPRETA_510206,312079.860,2624360.200,129.1400,0.3231,3.2800,0.2096,-1
KHAPRETA_510206,312081.860,2624360.200,129.1300,0.2731,3.2900,0.2102,-1
KHAPRETA_510206,312082.860,2624360.200,129.2300,0.2958,3.1900,0.2038,-1
KHAPRETA_510206,312083.860,2624360.200,129.2100,0.2731,3.2100,0.2051,-1
KHAPRETA_510206,312090.860,2624360.200,129.3100,0.0000,3.1100,0.1987,-1
KHAPRETA_510206,312094.860,2624360.200,129.2000,0.0000,3.2200,0.2058,-1
KHAPRETA_510206,312096.860,2624360.200,129.3000,0.0000,3.1200,0.1994,-1
KHAPRETA_510206,312106.860,2624360.200,129.6700,0.0231,2.7500,0.1757,-1
KHAPRETA_510206,312107.860,2624360.200,129.7300,1.2406,2.6900,0.1719,-1
KHAPRETA_510206,312108.860,2624360.200,132.1500,1.2556,0.2700,0.0173,-1
KHAPRETA_510206,312109.860,2624360.200,132.2400,1.2282,0.1800,0.0115,-1
KHAPRETA_510206,312110.860,2624360.200,132.2600,1.7743,0.1600,0.0102,-1
KHAPRETA_510206,312112.860,2624360.200,132.4000,0.0000,0.0200,0.0013,-1
KHAPRETA_510206,312118.860,2624360.200,129.9000,0.0000,2.5200,0.1610,-1
KHAPRETA_510206,312122.860,2624360.200,129.8200,0.0452,2.6000,0.1661,-1
KHAPRETA_510206,312123.860,2624360.200,129.8400,0.1528,2.5800,0.1649,-1
KHAPRETA_510206,312124.860,2624360.200,129.9900,0.0319,2.4300,0.1553,-1
KHAPRETA_510206,312126.860,2624360.200,129.9700,0.0000,2.4500,0.1565,-1
KHAPRETA_510206,312129.860,2624360.200,129.9500,0.0000,2.4700,0.1578,-1
KHAPRETA_510206,312132.860,2624360.200,129.8900,0.0000,2.5300,0.1617,-1
KHAPRETA_510206,312135.860,2624360.200,130.0100,0.0000,2.4100,0.1540,-1
KHAPRETA_510206,312142.860,2624360.200,130.3900,0.3069,2.0300,0.1297,-1
KHAPRETA_510206,312150.860,2624360.200,130.3200,0.3600,2.1000,0.1342,-1
KHAPRETA_510206,312152.860,2624360.200,130.3100,0.5832,2.1100,0.1348,-1
KHAPRETA_510206,312153.860,2624360.200,130.7800,0.5520,1.6400,0.1048,-1
KHAPRETA_510206,312154.860,2624360.200,130.8300,0.1961,1.5900,0.1016,-1
KHAPRETA_510206,312155.860,2624360.200,130.7000,0.7595,1.7200,0.1099,-1
KHAPRETA_510206,312166.860,2624360.200,131.1600,0.7319,1.2600,0.0805,-1
KHAPRETA_510206,312169.860,2624360.200,131.9600,1.6270,0.4600,0.0294,-1
KHAPRETA_510206,312170.860,2624360.200,132.3400,1.0919,0.0800,0.0051,-1
KHAPRETA_510206,312174.860,2624360.200,130.9500,0.0000,1.4700,0.0939,-1
KHAPRETA_510206,312178.860,2624360.200,131.2000,0.4869,1.2200,0.0780,-1
KHAPRETA_510206,312189.860,2624360.200,130.9100,0.0000,1.5100,0.0965,-1
KHAPRETA_510206,312207.860,2624360.200,131.2000,0.0000,1.2200,0.0780,-1
KHAPRETA_510206,312209.860,2624360.200,131.4300,0.0000,0.9900,0.0633,-1
KHAPRETA_510206,312211.860,2624360.200,131.2700,0.0000,1.1500,0.0735,-1
KHAPRETA_510206,312213.860,2624360.200,131.3000,0.0000,1.1200,0.0716,-1
KHAPRETA_510206,312218.860,2624360.200,132.3000,0.0000,0.1200,0.0077,-1
KHAPRETA_510206,312223.860,2624360.200,132.3800,0.0000,0.0400,0.0026,-1
KHAPRETA_510206,312227.860,2624360.200,131.6600,0.9219,0.7600,0.0486,-1
KHAPRETA_510206,312228.860,2624360.200,131.6200,0.9419,0.8000,0.0511,-1
KHAPRETA_510206,312237.860,2624360.200,131.5100,0.0850,0.9100,0.0581,-1
KHAPRETA_510206,312297.860,2624360.200,132.3600,1.3219,0.0600,0.0038,-1
KHAPRETA_510206,311878.860,2624361.200,129.3800,0.1381,3.0400,0.1942,-1
KHAPRETA_510206,311887.860,2624361.200,129.4200,0.0000,3.0000,0.1917,-1
KHAPRETA_510206,311891.860,2624361.200,129.4100,0.3681,3.0100,0.1923,-1
KHAPRETA_510206,311894.860,2624361.200,128.4200,1.0827,4.0000,0.2556,-1
KHAPRETA_510206,311895.860,2624361.200,128.0800,0.6781,4.3400,0.2773,-1
KHAPRETA_510206,311897.860,2624361.200,127.7900,0.7281,4.6300,0.2958,-1
KHAPRETA_510206,311898.860,2624361.200,128.3200,1.1671,4.1000,0.2620,-1
KHAPRETA_510206,311901.860,2624361.200,127.9900,1.9324,4.4300,0.2831,-1
KHAPRETA_510206,311902.860,2624361.200,126.9500,0.8931,5.4700,0.3495,-1
KHAPRETA_510206,311915.860,2624361.200,126.7400,0.0000,5.6800,0.3629,-1
KHAPRETA_510206,311927.860,2624361.200,126.5200,0.0000,5.9000,0.3770,-1
KHAPRETA_510206,311944.860,2624361.200,130.8400,0.3731,1.5800,0.1010,-1
KHAPRETA_510206,311946.860,2624361.200,128.4200,0.4981,4.0000,0.2556,-1
KHAPRETA_510206,311948.860,2624361.200,128.9600,0.3531,3.4600,0.2211,-1
KHAPRETA_510206,311950.860,2624361.200,128.8600,0.6381,3.5600,0.2275,-1
KHAPRETA_510206,311951.860,2624361.200,128.5000,1.2871,3.9200,0.2505,-1
KHAPRETA_510206,311952.860,2624361.200,126.3000,0.7656,6.1200,0.3911,-1
KHAPRETA_510206,311970.860,2624361.200,127.4300,0.0000,4.9900,0.3188,-1
KHAPRETA_510206,311974.860,2624361.200,128.8900,0.4731,3.5300,0.2256,-1
KHAPRETA_510206,311976.860,2624361.200,128.9000,0.4131,3.5200,0.2249,-1
KHAPRETA_510206,311978.860,2624361.200,128.7100,0.4867,3.7100,0.2371,-1
KHAPRETA_510206,311979.860,2624361.200,128.8800,0.5331,3.5400,0.2262,-1
KHAPRETA_510206,311982.860,2624361.200,129.1500,0.0000,3.2700,0.2089,-1
KHAPRETA_510206,311984.860,2624361.200,129.3700,0.0000,3.0500,0.1949,-1
KHAPRETA_510206,311986.860,2624361.200,129.3600,0.2701,3.0600,0.1955,-1
KHAPRETA_510206,311987.860,2624361.200,129.7100,0.0050,2.7100,0.1732,-1
KHAPRETA_510206,311988.860,2624361.200,129.3500,0.3193,3.0700,0.1962,-1
KHAPRETA_510206,311989.860,2624361.200,129.1800,0.0474,3.2400,0.2070,-1
KHAPRETA_510206,311990.860,2624361.200,129.4400,0.1521,2.9800,0.1904,-1
KHAPRETA_510206,311991.860,2624361.200,129.4800,0.2083,2.9400,0.1879,-1
KHAPRETA_510206,311997.860,2624361.200,128.9400,0.5281,3.4800,0.2224,-1
KHAPRETA_510206,311998.860,2624361.200,128.7200,0.1000,3.7000,0.2364,-1
KHAPRETA_510206,311999.860,2624361.200,129.1400,0.5281,3.2800,0.2096,-1
KHAPRETA_510206,312007.860,2624361.200,128.0200,0.0000,4.4000,0.2811,-1
KHAPRETA_510206,312009.860,2624361.200,128.0900,0.0000,4.3300,0.2767,-1
KHAPRETA_510206,312012.860,2624361.200,125.4700,1.8381,6.9500,0.4441,-1
KHAPRETA_510206,312017.860,2624361.200,128.9400,0.4481,3.4800,0.2224,-1
KHAPRETA_510206,312018.860,2624361.200,128.8800,0.8395,3.5400,0.2262,-1
KHAPRETA_510206,312020.860,2624361.200,128.2500,0.0000,4.1700,0.2665,-1
KHAPRETA_510206,312022.860,2624361.200,128.3200,0.0000,4.1000,0.2620,-1
KHAPRETA_510206,312037.860,2624361.200,128.1400,1.1853,4.2800,0.2735,-1
KHAPRETA_510206,312038.860,2624361.200,128.0800,1.1676,4.3400,0.2773,-1
KHAPRETA_510206,312043.860,2624361.200,128.1900,0.8281,4.2300,0.2703,-1
KHAPRETA_510206,312048.860,2624361.200,128.3000,0.7581,4.1200,0.2633,-1
KHAPRETA_510206,312051.860,2624361.200,128.1900,0.0850,4.2300,0.2703,-1
KHAPRETA_510206,312053.860,2624361.200,128.3800,0.6631,4.0400,0.2581,-1
KHAPRETA_510206,312054.860,2624361.200,128.4500,0.0850,3.9700,0.2537,-1
KHAPRETA_510206,312055.860,2624361.200,128.5500,0.9959,3.8700,0.2473,-1
KHAPRETA_510206,312061.860,2624361.200,128.3800,0.4531,4.0400,0.2581,-1
KHAPRETA_510206,312067.860,2624361.200,128.4900,0.6837,3.9300,0.2511,-1
KHAPRETA_510206,312068.860,2624361.200,128.4100,0.6431,4.0100,0.2562,-1
KHAPRETA_510206,312070.860,2624361.200,128.8400,0.0000,3.5800,0.2288,-1
KHAPRETA_510206,312072.860,2624361.200,128.8600,0.0000,3.5600,0.2275,-1
KHAPRETA_510206,312074.860,2624361.200,129.0200,0.3381,3.4000,0.2173,-1
KHAPRETA_510206,312075.860,2624361.200,129.1000,0.0300,3.3200,0.2121,-1
KHAPRETA_510206,312076.860,2624361.200,129.0800,0.3240,3.3400,0.2134,-1
KHAPRETA_510206,312077.860,2624361.200,129.1500,0.0300,3.2700,0.2089,-1
KHAPRETA_510206,312078.860,2624361.200,129.1400,0.4499,3.2800,0.2096,-1
KHAPRETA_510206,312082.860,2624361.200,129.1900,0.2731,3.2300,0.2064,-1
KHAPRETA_510206,312097.860,2624361.200,129.1000,0.0000,3.3200,0.2121,-1
KHAPRETA_510206,312100.860,2624361.200,129.1800,0.3081,3.2400,0.2070,-1
KHAPRETA_510206,312101.860,2624361.200,129.1600,0.2065,3.2600,0.2083,-1
KHAPRETA_510206,312102.860,2624361.200,129.4200,0.3081,3.0000,0.1917,-1
KHAPRETA_510206,312105.860,2624361.200,129.7100,0.0581,2.7100,0.1732,-1
KHAPRETA_510206,312107.860,2624361.200,129.7000,1.1671,2.7200,0.1738,-1
KHAPRETA_510206,312108.860,2624361.200,132.1100,1.7347,0.3100,0.0198,-1
KHAPRETA_510206,312109.860,2624361.200,132.2300,1.1671,0.1900,0.0121,-1
KHAPRETA_510206,312123.860,2624361.200,130.0300,0.1150,2.3900,0.1527,-1
KHAPRETA_510206,312127.860,2624361.200,129.9800,0.1340,2.4400,0.1559,-1
KHAPRETA_510206,312128.860,2624361.200,129.9500,0.1019,2.4700,0.1578,-1
KHAPRETA_510206,312133.860,2624361.200,130.3700,0.0000,2.0500,0.1310,-1
KHAPRETA_510206,312145.860,2624361.200,130.5800,0.0000,1.8400,0.1176,-1
KHAPRETA_510206,312150.860,2624361.200,130.7000,0.2719,1.7200,0.1099,-1
KHAPRETA_510206,312152.860,2624361.200,130.3700,0.2669,2.0500,0.1310,-1
KHAPRETA_510206,312155.860,2624361.200,130.8700,0.4420,1.5500,0.0990,-1
KHAPRETA_510206,312156.860,2624361.200,130.6600,0.7224,1.7600,0.1125,-1
KHAPRETA_510206,312158.860,2624361.200,131.0200,0.0000,1.4000,0.0895,-1
KHAPRETA_510206,312160.860,2624361.200,130.8100,0.0000,1.6100,0.1029,-1
KHAPRETA_510206,312163.860,2624361.200,130.8800,0.0000,1.5400,0.0984,-1
KHAPRETA_510206,312165.860,2624361.200,130.8800,0.7319,1.5400,0.0984,-1
KHAPRETA_510206,312166.860,2624361.200,131.2400,0.5521,1.1800,0.0754,-1
KHAPRETA_510206,312168.860,2624361.200,131.8000,0.0000,0.6200,0.0396,-1
KHAPRETA_510206,312171.860,2624361.200,131.7700,0.9569,0.6500,0.0415,-1
KHAPRETA_510206,312173.860,2624361.200,130.8800,0.0000,1.5400,0.0984,-1
KHAPRETA_510206,312176.860,2624361.200,130.7800,0.0000,1.6400,0.1048,-1
KHAPRETA_510206,312179.860,2624361.200,130.3900,0.5237,2.0300,0.1297,-1
KHAPRETA_510206,312180.860,2624361.200,130.4100,0.0400,2.0100,0.1284,-1
KHAPRETA_510206,312181.860,2624361.200,130.4700,0.3169,1.9500,0.1246,-1
KHAPRETA_510206,312187.860,2624361.200,130.8700,0.0000,1.5500,0.0990,-1
KHAPRETA_510206,312208.860,2624361.200,131.2400,0.0000,1.1800,0.0754,-1
KHAPRETA_510206,312216.860,2624361.200,131.6500,0.0000,0.7700,0.0492,-1
KHAPRETA_510206,312221.860,2624361.200,132.1700,0.0000,0.2500,0.0160,-1
KHAPRETA_510206,312225.860,2624361.200,132.0600,0.0000,0.3600,0.0230,-1
KHAPRETA_510206,312229.860,2624361.200,131.6900,0.0000,0.7300,0.0466,-1
KHAPRETA_510206,312231.860,2624361.200,131.6400,0.9269,0.7800,0.0498,-1
KHAPRETA_510206,312232.860,2624361.200,131.6300,0.9319,0.7900,0.0505,-1
KHAPRETA_510206,312235.860,2624361.200,131.7400,0.0000,0.6800,0.0435,-1
KHAPRETA_510206,312237.860,2624361.200,131.6400,0.8669,0.7800,0.0498,-1
KHAPRETA_510206,312240.860,2624361.200,131.5600,1.1069,0.8600,0.0550,-1
KHAPRETA_510206,312241.860,2624361.200,131.9900,0.0050,0.4300,0.0275,-1
KHAPRETA_510206,312242.860,2624361.200,131.5700,1.1069,0.8500,0.0543,-1
KHAPRETA_510206,312264.860,2624361.200,132.0000,0.0000,0.4200,0.0268,-1
KHAPRETA_510206,312267.860,2624361.200,132.2700,0.0000,0.1500,0.0096,-1
KHAPRETA_510206,312297.860,2624361.200,132.4200,1.2919,0.0000,0.0000,-1
KHAPRETA_510206,312309.860,2624361.200,132.4200,0.0000,0.0000,0.0000,-1
KHAPRETA_510206,312313.860,2624361.200,132.4200,0.0000,0.0000,0.0000,-1
KHAPRETA_510206,311877.860,2624362.200,129.7100,0.1381,2.7100,0.1732,-1
KHAPRETA_510206,311878.860,2624362.200,129.5000,0.2008,2.9200,0.1866,-1
KHAPRETA_510206,311881.860,2624362.200,129.8600,0.0000,2.5600,0.1636,-1
KHAPRETA_510206,311885.860,2624362.200,129.5800,0.0000,2.8400,0.1815,-1
KHAPRETA_510206,311889.860,2624362.200,129.3100,0.3531,3.1100,0.1987,-1
KHAPRETA_510206,311891.860,2624362.200,129.0400,0.1831,3.3800,0.2160,-1
KHAPRETA_510206,311893.860,2624362.200,129.1200,0.0000,3.3000,0.2109,-1
KHAPRETA_510206,311901.860,2624362.200,127.1400,0.8931,5.2800,0.3374,-1
KHAPRETA_510206,311903.860,2624362.200,127.5200,1.5186,4.9000,0.3131,-1
KHAPRETA_510206,311904.860,2624362.200,127.7100,1.1281,4.7100,0.3010,-1
KHAPRETA_510206,311914.860,2624362.200,127.7100,0.0000,4.7100,0.3010,-1
KHAPRETA_510206,311919.860,2624362.200,126.9800,1.4381,5.4400,0.3476,-1
KHAPRETA_510206,311920.860,2624362.200,126.9000,1.3981,5.5200,0.3527,-1
KHAPRETA_510206,311926.860,2624362.200,126.9600,1.4231,5.4600,0.3489,-1
KHAPRETA_510206,311945.860,2624362.200,127.4000,0.4981,5.0200,0.3208,-1
KHAPRETA_510206,311946.860,2624362.200,128.7800,1.3679,3.6400,0.2326,-1
KHAPRETA_510206,311948.860,2624362.200,129.0700,0.5363,3.3500,0.2141,-1
KHAPRETA_510206,311949.860,2624362.200,129.0800,0.3531,3.3400,0.2134,-1
KHAPRETA_510206,311951.860,2624362.200,128.9600,0.0300,3.4600,0.2211,-1
KHAPRETA_510206,311954.860,2624362.200,126.5000,0.0000,5.9200,0.3783,-1
KHAPRETA_510206,311967.860,2624362.200,127.9500,0.8531,4.4700,0.2856,-1
KHAPRETA_510206,311971.860,2624362.200,127.9000,1.1418,4.5200,0.2888,-1
KHAPRETA_510206,311972.860,2624362.200,128.4600,0.4100,3.9600,0.2530,-1
KHAPRETA_510206,311973.860,2624362.200,128.7200,0.6581,3.7000,0.2364,-1
KHAPRETA_510206,311976.860,2624362.200,128.9500,0.4381,3.4700,0.2217,-1
KHAPRETA_510206,311978.860,2624362.200,128.9700,0.1300,3.4500,0.2204,-1
KHAPRETA_510206,311980.860,2624362.200,129.0100,0.0000,3.4100,0.2179,-1
KHAPRETA_510206,311986.860,2624362.200,129.2400,0.2081,3.1800,0.2032,-1
KHAPRETA_510206,311988.860,2624362.200,129.4200,0.3347,3.0000,0.1917,-1
KHAPRETA_510206,311989.860,2624362.200,129.2600,0.3272,3.1600,0.2019,-1
KHAPRETA_510206,311990.860,2624362.200,129.1500,0.3080,3.2700,0.2089,-1
KHAPRETA_510206,311992.860,2624362.200,129.4300,0.3524,2.9900,0.1911,-1
KHAPRETA_510206,311993.860,2624362.200,129.2000,0.1731,3.2200,0.2058,-1
KHAPRETA_510206,312001.860,2624362.200,129.2000,1.0425,3.2200,0.2058,-1
KHAPRETA_510206,312002.860,2624362.200,127.9500,0.2881,4.4700,0.2856,-1
KHAPRETA_510206,312005.860,2624362.200,127.8200,0.8681,4.6000,0.2939,-1
KHAPRETA_510206,312006.860,2624362.200,128.0400,0.9781,4.3800,0.2799,-1
KHAPRETA_510206,312008.860,2624362.200,128.1300,0.0000,4.2900,0.2741,-1
KHAPRETA_510206,312011.860,2624362.200,128.0400,1.8381,4.3800,0.2799,-1
KHAPRETA_510206,312012.860,2624362.200,126.1000,1.3092,6.3200,0.4038,-1
KHAPRETA_510206,312018.860,2624362.200,128.3200,0.4481,4.1000,0.2620,-1
KHAPRETA_510206,312024.860,2624362.200,128.2400,0.6481,4.1800,0.2671,-1
KHAPRETA_510206,312026.860,2624362.200,128.1800,0.7881,4.2400,0.2709,-1
KHAPRETA_510206,312027.860,2624362.200,128.2000,0.7981,4.2200,0.2696,-1
KHAPRETA_510206,312031.860,2624362.200,128.2700,0.6681,4.1500,0.2652,-1
KHAPRETA_510206,312032.860,2624362.200,128.4400,0.0500,3.9800,0.2543,-1
KHAPRETA_510206,312033.860,2624362.200,128.3700,0.6681,4.0500,0.2588,-1
KHAPRETA_510206,312035.860,2624362.200,128.6400,0.7931,3.7800,0.2415,-1
KHAPRETA_510206,312036.860,2624362.200,128.1900,0.2600,4.2300,0.2703,-1
KHAPRETA_510206,312037.860,2624362.200,128.1200,1.1394,4.3000,0.2748,-1
KHAPRETA_510206,312039.860,2624362.200,128.0700,0.6481,4.3500,0.2780,-1
KHAPRETA_510206,312041.860,2624362.200,128.5100,0.0000,3.9100,0.2498,-1
KHAPRETA_510206,312043.860,2624362.200,128.1200,0.1150,4.3000,0.2748,-1
KHAPRETA_510206,312048.860,2624362.200,128.2600,0.1150,4.1600,0.2658,-1
KHAPRETA_510206,312051.860,2624362.200,128.2000,0.7931,4.2200,0.2696,-1
KHAPRETA_510206,312062.860,2624362.200,128.6900,0.0000,3.7300,0.2383,-1
KHAPRETA_510206,312064.860,2624362.200,128.1400,0.5131,4.2800,0.2735,-1
KHAPRETA_510206,312065.860,2624362.200,128.7500,1.0134,3.6700,0.2345,-1
KHAPRETA_510206,312067.860,2624362.200,128.5500,0.2050,3.8700,0.2473,-1
KHAPRETA_510206,312073.860,2624362.200,129.0800,0.0000,3.3400,0.2134,-1
KHAPRETA_510206,312076.860,2624362.200,129.1300,0.3481,3.2900,0.2102,-1
KHAPRETA_510206,312089.860,2624362.200,129.3100,0.0000,3.1100,0.1987,-1
KHAPRETA_510206,312091.860,2624362.200,129.2900,0.2231,3.1300,0.2000,-1
KHAPRETA_510206,312094.860,2624362.200,129.2700,0.3581,3.1500,0.2013,-1
KHAPRETA_510206,312101.860,2624362.200,129.4400,0.3081,2.9800,0.1904,-1
KHAPRETA_510206,312105.860,2624362.200,129.6600,0.1938,2.7600,0.1764,-1
KHAPRETA_510206,312106.860,2624362.200,129.7000,0.0150,2.7200,0.1738,-1
KHAPRETA_510206,312107.860,2624362.200,129.6900,0.0538,2.7300,0.1744,-1
KHAPRETA_510206,312109.860,2624362.200,132.2000,1.7141,0.2200,0.0141,-1
KHAPRETA_510206,312110.860,2624362.200,132.1700,1.7069,0.2500,0.0160,-1
KHAPRETA_510206,312118.860,2624362.200,129.9600,0.0619,2.4600,0.1572,-1
KHAPRETA_510206,312119.860,2624362.200,129.9000,0.0919,2.5200,0.1610,-1
KHAPRETA_510206,312122.860,2624362.200,130.0200,0.1469,2.4000,0.1534,-1
KHAPRETA_510206,312123.860,2624362.200,130.0700,0.1760,2.3500,0.1502,-1
KHAPRETA_510206,312125.860,2624362.200,130.0600,0.0000,2.3600,0.1508,-1
KHAPRETA_510206,312127.860,2624362.200,129.9800,0.1019,2.4400,0.1559,-1
KHAPRETA_510206,312130.860,2624362.200,129.9400,0.0000,2.4800,0.1585,-1
KHAPRETA_510206,312134.860,2624362.200,130.3200,0.2719,2.1000,0.1342,-1
KHAPRETA_510206,312135.860,2624362.200,130.3200,0.1150,2.1000,0.1342,-1
KHAPRETA_510206,312136.860,2624362.200,130.5500,0.1000,1.8700,0.1195,-1
KHAPRETA_510206,312137.860,2624362.200,130.5200,0.3869,1.9000,0.1214,-1
KHAPRETA_510206,312140.860,2624362.200,130.1600,0.1869,2.2600,0.1444,-1
KHAPRETA_510206,312142.860,2624362.200,130.2400,0.0000,2.1800,0.1393,-1
KHAPRETA_510206,312144.860,2624362.200,130.4200,0.0000,2.0000,0.1278,-1
KHAPRETA_510206,312153.860,2624362.200,130.9800,0.0000,1.4400,0.0920,-1
KHAPRETA_510206,312155.860,2624362.200,130.6900,0.7224,1.7300,0.1105,-1
KHAPRETA_510206,312156.860,2624362.200,130.7200,0.6357,1.7000,0.1086,-1
KHAPRETA_510206,312166.860,2624362.200,131.1900,0.7319,1.2300,0.0786,-1
KHAPRETA_510206,312171.860,2624362.200,131.6900,0.9969,0.7300,0.0466,-1
KHAPRETA_510206,312178.860,2624362.200,130.4200,0.4169,2.0000,0.1278,-1
KHAPRETA_510206,312179.860,2624362.200,130.6100,0.4448,1.8100,0.1157,-1
KHAPRETA_510206,312193.860,2624362.200,131.4800,0.0000,0.9400,0.0601,-1
KHAPRETA_510206,312213.860,2624362.200,131.3200,0.8119,1.1000,0.0703,-1
KHAPRETA_510206,312224.860,2624362.200,132.0800,0.0000,0.3400,0.0217,-1
KHAPRETA_510206,312234.860,2624362.200,131.7500,0.0000,0.6700,0.0428,-1
KHAPRETA_510206,312262.860,2624362.200,132.2800,0.0000,0.1400,0.0089,-1
KHAPRETA_510206,311874.860,2624363.200,129.7700,0.0469,2.6500,0.1693,-1
KHAPRETA_510206,311876.860,2624363.200,129.4300,0.0531,2.9900,0.1911,-1
KHAPRETA_510206,311889.860,2624363.200,129.0700,0.3404,3.3500,0.2141,-1
KHAPRETA_510206,311890.860,2624363.200,129.2800,0.3531,3.1400,0.2006,-1
KHAPRETA_510206,311902.860,2624363.200,127.8600,1.1131,4.5600,0.2914,-1
KHAPRETA_510206,311903.860,2624363.200,127.5500,1.4800,4.8700,0.3112,-1
KHAPRETA_510206,311906.860,2624363.200,127.8800,0.0000,4.5400,0.2901,-1
KHAPRETA_510206,311908.860,2624363.200,127.2100,1.6151,5.2100,0.3329,-1
KHAPRETA_510206,311909.860,2624363.200,127.6900,1.2831,4.7300,0.3022,-1
KHAPRETA_510206,311913.860,2624363.200,127.5700,0.0000,4.8500,0.3099,-1
KHAPRETA_510206,311915.860,2624363.200,127.6100,1.1631,4.8100,0.3073,-1
KHAPRETA_510206,311916.860,2624363.200,127.4500,1.0831,4.9700,0.3176,-1
KHAPRETA_510206,311926.860,2624363.200,126.9300,0.2550,5.4900,0.3508,-1
KHAPRETA_510206,311942.860,2624363.200,131.9900,0.0000,0.4300,0.0275,-1
KHAPRETA_510206,311947.860,2624363.200,129.8800,0.6019,2.5400,0.1623,-1
KHAPRETA_510206,311951.860,2624363.200,128.4400,0.2550,3.9800,0.2543,-1
KHAPRETA_510206,311956.860,2624363.200,125.9800,1.7481,6.4400,0.4115,-1
KHAPRETA_510206,311957.860,2624363.200,126.2800,2.6843,6.1400,0.3923,-1
KHAPRETA_510206,311967.860,2624363.200,128.0700,0.9131,4.3500,0.2780,-1
KHAPRETA_510206,311970.860,2624363.200,128.2600,0.9331,4.1600,0.2658,-1
KHAPRETA_510206,311971.860,2624363.200,127.9100,1.2061,4.5100,0.2882,-1
KHAPRETA_510206,311977.860,2624363.200,129.1200,0.4031,3.3000,0.2109,-1
KHAPRETA_510206,311978.860,2624363.200,128.9700,0.0890,3.4500,0.2204,-1
KHAPRETA_510206,311979.860,2624363.200,128.9800,0.4868,3.4400,0.2198,-1
KHAPRETA_510206,311982.860,2624363.200,129.1600,0.1331,3.2600,0.2083,-1
KHAPRETA_510206,311983.860,2624363.200,129.5100,0.3987,2.9100,0.1859,-1
KHAPRETA_510206,311991.860,2624363.200,129.3700,0.2031,3.0500,0.1949,-1
KHAPRETA_510206,311992.860,2624363.200,129.3700,0.2668,3.0500,0.1949,-1
KHAPRETA_510206,312000.860,2624363.200,128.9700,0.5031,3.4500,0.2204,-1
KHAPRETA_510206,312001.860,2624363.200,128.7700,0.4954,3.6500,0.2332,-1
KHAPRETA_510206,312004.860,2624363.200,128.2000,0.0000,4.2200,0.2696,-1
KHAPRETA_510206,312012.860,2624363.200,127.4300,1.8381,4.9900,0.3188,-1
KHAPRETA_510206,312024.860,2624363.200,128.4800,0.7681,3.9400,0.2518,-1
KHAPRETA_510206,312030.860,2624363.200,127.9700,0.0000,4.4500,0.2843,-1
KHAPRETA_510206,312034.860,2624363.200,128.7300,0.0000,3.6900,0.2358,-1
KHAPRETA_510206,312038.860,2624363.200,128.5400,0.6481,3.8800,0.2479,-1
KHAPRETA_510206,312039.860,2624363.200,128.4800,0.1807,3.9400,0.2518,-1
KHAPRETA_510206,312040.860,2624363.200,128.6300,0.6481,3.7900,0.2422,-1
KHAPRETA_510206,312042.860,2624363.200,128.4600,0.9081,3.9600,0.2530,-1
KHAPRETA_510206,312043.860,2624363.200,127.9600,1.0577,4.4600,0.2850,-1
KHAPRETA_510206,312045.860,2624363.200,128.3600,1.0077,4.0600,0.2594,-1
KHAPRETA_510206,312046.860,2624363.200,128.5200,0.2550,3.9000,0.2492,-1
KHAPRETA_510206,312047.860,2624363.200,128.8700,0.2250,3.5500,0.2268,-1
KHAPRETA_510206,312048.860,2624363.200,128.0700,0.8831,4.3500,0.2780,-1
KHAPRETA_510206,312056.860,2624363.200,128.2000,0.8291,4.2200,0.2696,-1
KHAPRETA_510206,312057.860,2624363.200,128.3500,1.1039,4.0700,0.2601,-1
KHAPRETA_510206,312061.860,2624363.200,128.5200,0.7981,3.9000,0.2492,-1
KHAPRETA_510206,312063.860,2624363.200,128.3200,0.0000,4.1000,0.2620,-1
KHAPRETA_510206,312065.860,2624363.200,128.5800,0.5131,3.8400,0.2454,-1
KHAPRETA_510206,312067.860,2624363.200,128.9000,0.6131,3.5200,0.2249,-1
KHAPRETA_510206,312070.860,2624363.200,129.1100,0.0000,3.3100,0.2115,-1
KHAPRETA_510206,312072.860,2624363.200,129.0100,0.0000,3.4100,0.2179,-1
KHAPRETA_510206,312074.860,2624363.200,129.1100,0.2881,3.3100,0.2115,-1
KHAPRETA_510206,312081.860,2624363.200,129.2500,0.0000,3.1700,0.2026,-1
KHAPRETA_510206,312083.860,2624363.200,129.1900,0.0000,3.2300,0.2064,-1
KHAPRETA_510206,312088.860,2624363.200,129.2600,0.0000,3.1600,0.2019,-1
KHAPRETA_510206,312091.860,2624363.200,129.3300,0.2431,3.0900,0.1974,-1
KHAPRETA_510206,312094.860,2624363.200,129.0600,0.2531,3.3600,0.2147,-1
KHAPRETA_510206,312096.860,2624363.200,129.1100,0.2131,3.3100,0.2115,-1
KHAPRETA_510206,312105.860,2624363.200,129.3300,0.0581,3.0900,0.1974,-1
KHAPRETA_510206,312110.860,2624363.200,132.1800,1.1969,0.2400,0.0153,-1
KHAPRETA_510206,312117.860,2624363.200,129.9000,0.0419,2.5200,0.1610,-1
KHAPRETA_510206,312126.860,2624363.200,129.9600,0.0000,2.4600,0.1572,-1
KHAPRETA_510206,312129.860,2624363.200,130.1200,0.1969,2.3000,0.1470,-1
KHAPRETA_510206,312131.860,2624363.200,130.1500,0.0000,2.2700,0.1450,-1
KHAPRETA_510206,312138.860,2624363.200,130.4200,0.4874,2.0000,0.1278,-1
KHAPRETA_510206,312139.860,2624363.200,130.4900,0.2771,1.9300,0.1233,-1
KHAPRETA_510206,312140.860,2624363.200,130.1500,0.3221,2.2700,0.1450,-1
KHAPRETA_510206,312141.860,2624363.200,130.1900,0.4524,2.2300,0.1425,-1
KHAPRETA_510206,312145.860,2624363.200,130.4700,0.0000,1.9500,0.1246,-1
KHAPRETA_510206,312151.860,2624363.200,130.8100,0.5169,1.6100,0.1029,-1
KHAPRETA_510206,312152.860,2624363.200,130.8100,0.5169,1.6100,0.1029,-1
KHAPRETA_510206,312154.860,2624363.200,130.9100,0.5569,1.5100,0.0965,-1
KHAPRETA_510206,312158.860,2624363.200,130.3000,0.5219,2.1200,0.1355,-1
KHAPRETA_510206,312159.860,2624363.200,130.8200,0.2619,1.6000,0.1022,-1
KHAPRETA_510206,312164.860,2624363.200,131.4900,0.5769,0.9300,0.0594,-1
KHAPRETA_510206,312167.860,2624363.200,130.5100,0.0000,1.9100,0.1220,-1
KHAPRETA_510206,312174.860,2624363.200,131.2200,0.0000,1.2000,0.0767,-1
KHAPRETA_510206,312176.860,2624363.200,131.5500,0.8719,0.8700,0.0556,-1
KHAPRETA_510206,312180.860,2624363.200,130.7600,0.0000,1.6600,0.1061,-1
KHAPRETA_510206,312194.860,2624363.200,131.4400,0.6519,0.9800,0.0626,-1
KHAPRETA_510206,312210.860,2624363.200,131.5300,0.0000,0.8900,0.0569,-1
KHAPRETA_510206,312213.860,2624363.200,131.4000,0.7719,1.0200,0.0652,-1
KHAPRETA_510206,312228.860,2624363.200,132.0200,0.0000,0.4000,0.0256,-1
KHAPRETA_510206,312237.860,2624363.200,131.9700,1.3069,0.4500,0.0288,-1
KHAPRETA_510206,312243.860,2624363.200,131.6200,0.9319,0.8000,0.0511,-1
KHAPRETA_510206,312245.860,2624363.200,131.7300,0.0000,0.6900,0.0441,-1
KHAPRETA_510206,312308.860,2624363.200,132.3500,1.3219,0.0700,0.0045,-1
KHAPRETA_510206,312309.860,2624363.200,132.4200,1.2869,0.0000,0.0000,-1
KHAPRETA_510206,311874.860,2624364.200,129.8700,0.0031,2.5500,0.1629,-1
KHAPRETA_510206,311876.860,2624364.200,129.6700,0.1731,2.7500,0.1757,-1
KHAPRETA_510206,311879.860,2624364.200,129.7100,0.0000,2.7100,0.1732,-1
KHAPRETA_510206,311882.860,2624364.200,129.5500,0.0000,2.8700,0.1834,-1
KHAPRETA_510206,311887.860,2624364.200,129.0600,0.2631,3.3600,0.2147,-1
KHAPRETA_510206,311897.860,2624364.200,128.0900,0.0000,4.3300,0.2767,-1
KHAPRETA_510206,311908.860,2624364.200,127.3100,1.2831,5.1100,0.3265,-1
KHAPRETA_510206,311912.860,2624364.200,127.2400,0.0000,5.1800,0.3310,-1
KHAPRETA_510206,311918.860,2624364.200,126.9500,0.0000,5.4700,0.3495,-1
KHAPRETA_510206,311924.860,2624364.200,127.4200,0.0000,5.0000,0.3195,-1
KHAPRETA_510206,311926.860,2624364.200,127.4700,0.2250,4.9500,0.3163,-1
KHAPRETA_510206,311929.860,2624364.200,127.6400,0.0000,4.7800,0.3054,-1
KHAPRETA_510206,311946.860,2624364.200,131.3100,0.6019,1.1100,0.0709,-1
KHAPRETA_510206,311947.860,2624364.200,130.9800,0.3934,1.4400,0.0920,-1
KHAPRETA_510206,311948.860,2624364.200,130.5300,0.9499,1.8900,0.1208,-1
KHAPRETA_510206,311949.860,2624364.200,129.1000,0.3769,3.3200,0.2121,-1
KHAPRETA_510206,311951.860,2624364.200,128.4500,1.1113,3.9700,0.2537,-1
KHAPRETA_510206,311952.860,2624364.200,128.0000,0.6631,4.4200,0.2824,-1
KHAPRETA_510206,311954.860,2624364.200,126.2100,1.8081,6.2100,0.3968,-1
KHAPRETA_510206,311955.860,2624364.200,126.1600,2.5075,6.2600,0.4000,-1
KHAPRETA_510206,311957.860,2624364.200,125.9800,1.7481,6.4400,0.4115,-1
KHAPRETA_510206,311975.860,2624364.200,129.2600,0.3431,3.1600,0.2019,-1
KHAPRETA_510206,311976.860,2624364.200,129.0900,0.2581,3.3300,0.2128,-1
KHAPRETA_510206,311978.860,2624364.200,129.0800,0.4868,3.3400,0.2134,-1
KHAPRETA_510206,311979.860,2624364.200,129.2300,0.5288,3.1900,0.2038,-1
KHAPRETA_510206,311983.860,2624364.200,129.2700,0.0900,3.1500,0.2013,-1
KHAPRETA_510206,311988.860,2624364.200,129.4600,0.2081,2.9600,0.1891,-1
KHAPRETA_510206,311990.860,2624364.200,128.8400,0.0000,3.5800,0.2288,-1
KHAPRETA_510206,311993.860,2624364.200,129.4600,0.3481,2.9600,0.1891,-1
KHAPRETA_510206,312003.860,2624364.200,128.3300,0.0000,4.0900,0.2613,-1
KHAPRETA_510206,312006.860,2624364.200,127.8800,0.8931,4.5400,0.2901,-1
KHAPRETA_510206,312007.860,2624364.200,127.9900,0.9481,4.4300,0.2831,-1
KHAPRETA_510206,312013.860,2624364.200,127.7900,0.0000,4.6300,0.2958,-1
KHAPRETA_510206,312016.860,2624364.200,128.2600,0.0000,4.1600,0.2658,-1
KHAPRETA_510206,312020.860,2624364.200,128.5400,0.0000,3.8800,0.2479,-1
KHAPRETA_510206,312022.860,2624364.200,128.2900,0.0000,4.1300,0.2639,-1
KHAPRETA_510206,312029.860,2624364.200,128.2100,0.0000,4.2100,0.2690,-1
KHAPRETA_510206,312031.860,2624364.200,128.4000,0.7381,4.0200,0.2569,-1
KHAPRETA_510206,312033.860,2624364.200,128.8400,0.6031,3.5800,0.2288,-1
KHAPRETA_510206,312036.860,2624364.200,128.3200,0.4481,4.1000,0.2620,-1
KHAPRETA_510206,312037.860,2624364.200,128.8800,0.7281,3.5400,0.2262,-1
KHAPRETA_510206,312039.860,2624364.200,128.4200,0.0250,4.0000,0.2556,-1
KHAPRETA_510206,312045.860,2624364.200,128.2000,0.0700,4.2200,0.2696,-1
KHAPRETA_510206,312050.860,2624364.200,128.3600,0.6831,4.0600,0.2594,-1
KHAPRETA_510206,312051.860,2624364.200,128.4100,0.1650,4.0100,0.2562,-1
KHAPRETA_510206,312052.860,2624364.200,128.0300,0.6831,4.3900,0.2805,-1
KHAPRETA_510206,312054.860,2624364.200,128.1000,0.9311,4.3200,0.2760,-1
KHAPRETA_510206,312055.860,2624364.200,128.4200,0.4150,4.0000,0.2556,-1
KHAPRETA_510206,312056.860,2624364.200,128.9300,0.7938,3.4900,0.2230,-1
KHAPRETA_510206,312057.860,2624364.200,128.2300,0.8057,4.1900,0.2677,-1
KHAPRETA_510206,312058.860,2624364.200,128.1800,0.9683,4.2400,0.2709,-1
KHAPRETA_510206,312061.860,2624364.200,128.1800,0.9316,4.2400,0.2709,-1
KHAPRETA_510206,312062.860,2624364.200,128.4000,0.7981,4.0200,0.2569,-1
KHAPRETA_510206,312066.860,2624364.200,128.8000,0.5031,3.6200,0.2313,-1
KHAPRETA_510206,312074.860,2624364.200,129.2000,0.3331,3.2200,0.2058,-1
KHAPRETA_510206,312077.860,2624364.200,129.1700,0.0000,3.2500,0.2077,-1
KHAPRETA_510206,312096.860,2624364.200,129.3500,0.3331,3.0700,0.1962,-1
KHAPRETA_510206,312103.860,2624364.200,129.4600,0.0000,2.9600,0.1891,-1
KHAPRETA_510206,312106.860,2624364.200,129.6800,0.0281,2.7400,0.1751,-1
KHAPRETA_510206,312117.860,2624364.200,129.8600,0.0619,2.5600,0.1636,-1
KHAPRETA_510206,312124.860,2624364.200,130.0000,0.1443,2.4200,0.1546,-1
KHAPRETA_510206,312125.860,2624364.200,129.9700,0.1256,2.4500,0.1565,-1
KHAPRETA_510206,312129.860,2624364.200,130.1700,0.3872,2.2500,0.1438,-1
KHAPRETA_510206,312130.860,2624364.200,130.4700,0.4793,1.9500,0.1246,-1
KHAPRETA_510206,312133.860,2624364.200,130.6300,0.0000,1.7900,0.1144,-1
KHAPRETA_510206,312135.860,2624364.200,130.7500,0.2969,1.6700,0.1067,-1
KHAPRETA_510206,312136.860,2624364.200,130.3700,0.4869,2.0500,0.1310,-1
KHAPRETA_510206,312138.860,2624364.200,130.4400,0.4027,1.9800,0.1265,-1
KHAPRETA_510206,312139.860,2624364.200,130.2600,0.3853,2.1600,0.1380,-1
KHAPRETA_510206,312140.860,2624364.200,130.7300,0.2527,1.6900,0.1080,-1
KHAPRETA_510206,312141.860,2624364.200,130.6000,0.4845,1.8200,0.1163,-1
KHAPRETA_510206,312147.860,2624364.200,130.5700,0.5747,1.8500,0.1182,-1
KHAPRETA_510206,312148.860,2624364.200,130.7000,0.1850,1.7200,0.1099,-1
KHAPRETA_510206,312149.860,2624364.200,130.9400,0.0350,1.4800,0.0946,-1
KHAPRETA_510206,312150.860,2624364.200,130.6300,0.7952,1.7900,0.1144,-1
KHAPRETA_510206,312154.860,2624364.200,130.8900,0.2100,1.5300,0.0978,-1
KHAPRETA_510206,312157.860,2624364.200,130.3600,0.0000,2.0600,0.1316,-1
KHAPRETA_510206,312164.860,2624364.200,130.9300,0.3350,1.4900,0.0952,-1
KHAPRETA_510206,312173.860,2624364.200,131.1800,0.0000,1.2400,0.0792,-1
KHAPRETA_510206,312176.860,2624364.200,131.5200,0.9977,0.9000,0.0575,-1
KHAPRETA_510206,312177.860,2624364.200,130.6900,1.0624,1.7300,0.1105,-1
KHAPRETA_510206,312187.860,2624364.200,130.9400,0.0000,1.4800,0.0946,-1
KHAPRETA_510206,312193.860,2624364.200,131.8700,0.6519,0.5500,0.0351,-1
KHAPRETA_510206,312194.860,2624364.200,131.0800,1.3372,1.3400,0.0856,-1
KHAPRETA_510206,312208.860,2624364.200,131.5200,0.0000,0.9000,0.0575,-1
KHAPRETA_510206,312224.860,2624364.200,132.1700,0.0000,0.2500,0.0160,-1
KHAPRETA_510206,312231.860,2624364.200,131.9000,1.3169,0.5200,0.0332,-1
KHAPRETA_510206,312233.860,2624364.200,132.0200,1.6445,0.4000,0.0256,-1
KHAPRETA_510206,312234.860,2624364.200,132.1900,1.1219,0.2300,0.0147,-1
KHAPRETA_510206,312237.860,2624364.200,132.3900,0.0300,0.0300,0.0019,-1
KHAPRETA_510206,312243.860,2624364.200,131.6400,1.3109,0.7800,0.0498,-1
KHAPRETA_510206,312244.860,2624364.200,131.6400,0.9319,0.7800,0.0498,-1
KHAPRETA_510206,311878.860,2624365.200,129.5600,0.0000,2.8600,0.1827,-1
KHAPRETA_510206,311880.860,2624365.200,129.7800,0.0000,2.6400,0.1687,-1
KHAPRETA_510206,311883.860,2624365.200,129.6100,0.0000,2.8100,0.1796,-1
KHAPRETA_510206,311886.860,2624365.200,129.4000,0.5855,3.0200,0.1930,-1
KHAPRETA_510206,311887.860,2624365.200,129.2500,0.3658,3.1700,0.2026,-1
KHAPRETA_510206,311888.860,2624365.200,129.2500,0.2631,3.1700,0.2026,-1
KHAPRETA_510206,311890.860,2624365.200,128.9800,0.0000,3.4400,0.2198,-1
KHAPRETA_510206,311905.860,2624365.200,127.5800,0.0000,4.8400,0.3093,-1
KHAPRETA_510206,311907.860,2624365.200,127.6400,0.0000,4.7800,0.3054,-1
KHAPRETA_510206,311910.860,2624365.200,127.3800,0.0000,5.0400,0.3220,-1
KHAPRETA_510206,311913.860,2624365.200,127.3200,0.0000,5.1000,0.3259,-1
KHAPRETA_510206,311916.860,2624365.200,127.0200,1.9666,5.4000,0.3450,-1
KHAPRETA_510206,311917.860,2624365.200,126.9800,1.3781,5.4400,0.3476,-1
KHAPRETA_510206,311919.860,2624365.200,126.9900,1.3981,5.4300,0.3470,-1
KHAPRETA_510206,311920.860,2624365.200,126.9800,0.1050,5.4400,0.3476,-1
KHAPRETA_510206,311921.860,2624365.200,127.2000,0.0750,5.2200,0.3335,-1
KHAPRETA_510206,311922.860,2624365.200,127.1300,1.2881,5.2900,0.3380,-1
KHAPRETA_510206,311926.860,2624365.200,127.3800,0.0300,5.0400,0.3220,-1
KHAPRETA_510206,311948.860,2624365.200,130.0500,0.9150,2.3700,0.1514,-1
KHAPRETA_510206,311953.860,2624365.200,126.9100,1.5831,5.5100,0.3521,-1
KHAPRETA_510206,311955.860,2624365.200,126.2500,0.1950,6.1700,0.3942,-1
KHAPRETA_510206,311973.860,2624365.200,129.3000,0.2381,3.1200,0.1994,-1
KHAPRETA_510206,311974.860,2624365.200,129.3000,0.2381,3.1200,0.1994,-1
KHAPRETA_510206,311977.860,2624365.200,129.6400,0.0000,2.7800,0.1776,-1
KHAPRETA_510206,311980.860,2624365.200,129.2200,0.0000,3.2000,0.2045,-1
KHAPRETA_510206,311983.860,2624365.200,129.6900,0.1900,2.7300,0.1744,-1
KHAPRETA_510206,311988.860,2624365.200,129.3600,0.1581,3.0600,0.1955,-1
KHAPRETA_510206,311993.860,2624365.200,129.0800,0.2899,3.3400,0.2134,-1
KHAPRETA_510206,311994.860,2624365.200,129.2900,0.3481,3.1300,0.2000,-1
KHAPRETA_510206,311997.860,2624365.200,129.0100,0.3931,3.4100,0.2179,-1
KHAPRETA_510206,311998.860,2624365.200,128.9900,0.4510,3.4300,0.2192,-1
KHAPRETA_510206,312009.860,2624365.200,127.9800,0.0000,4.4400,0.2837,-1
KHAPRETA_510206,312011.860,2624365.200,127.8800,0.0000,4.5400,0.2901,-1
KHAPRETA_510206,312021.860,2624365.200,128.4200,0.0000,4.0000,0.2556,-1
KHAPRETA_510206,312023.860,2624365.200,129.1900,0.0000,3.2300,0.2064,-1
KHAPRETA_510206,312031.860,2624365.200,128.3000,0.1100,4.1200,0.2633,-1
KHAPRETA_510206,312033.860,2624365.200,128.5700,0.8363,3.8500,0.2460,-1
KHAPRETA_510206,312034.860,2624365.200,128.3900,0.0450,4.0300,0.2575,-1
KHAPRETA_510206,312035.860,2624365.200,128.4800,0.6931,3.9400,0.2518,-1
KHAPRETA_510206,312038.860,2624365.200,128.5700,0.6231,3.8500,0.2460,-1
KHAPRETA_510206,312039.860,2624365.200,128.5300,0.6066,3.8900,0.2486,-1
KHAPRETA_510206,312044.860,2624365.200,128.2800,0.8477,4.1400,0.2645,-1
KHAPRETA_510206,312045.860,2624365.200,128.5000,1.0866,3.9200,0.2505,-1
KHAPRETA_510206,312053.860,2624365.200,128.0000,0.6381,4.4200,0.2824,-1
KHAPRETA_510206,312054.860,2624365.200,128.5000,1.2211,3.9200,0.2505,-1
KHAPRETA_510206,312058.860,2624365.200,128.6100,0.7981,3.8100,0.2435,-1
KHAPRETA_510206,312060.860,2624365.200,128.1400,0.0000,4.2800,0.2735,-1
KHAPRETA_510206,312063.860,2624365.200,128.6100,0.0000,3.8100,0.2435,-1
KHAPRETA_510206,312065.860,2624365.200,128.6500,0.5031,3.7700,0.2409,-1
KHAPRETA_510206,312066.860,2624365.200,128.7700,0.7451,3.6500,0.2332,-1
KHAPRETA_510206,312086.860,2624365.200,129.2500,0.2531,3.1700,0.2026,-1
KHAPRETA_510206,312092.860,2624365.200,129.3500,0.0000,3.0700,0.1962,-1
KHAPRETA_510206,312097.860,2624365.200,129.4200,0.0000,3.0000,0.1917,-1
KHAPRETA_510206,312100.860,2624365.200,129.4900,0.0000,2.9300,0.1872,-1
KHAPRETA_510206,312106.860,2624365.200,129.7200,0.0481,2.7000,0.1725,-1
KHAPRETA_510206,312121.860,2624365.200,130.0500,0.0000,2.3700,0.1514,-1
KHAPRETA_510206,312123.860,2624365.200,130.0000,0.1512,2.4200,0.1546,-1
KHAPRETA_510206,312124.860,2624365.200,129.9900,0.1247,2.4300,0.1553,-1
KHAPRETA_510206,312125.860,2624365.200,129.8900,0.1181,2.5300,0.1617,-1
KHAPRETA_510206,312127.860,2624365.200,129.9100,0.3369,2.5100,0.1604,-1
KHAPRETA_510206,312130.860,2624365.200,130.6500,0.4559,1.7700,0.1131,-1
KHAPRETA_510206,312131.860,2624365.200,130.6500,0.4369,1.7700,0.1131,-1
KHAPRETA_510206,312141.860,2624365.200,130.3600,0.4119,2.0600,0.1316,-1
KHAPRETA_510206,312147.860,2624365.200,130.4600,0.0200,1.9600,0.1252,-1
KHAPRETA_510206,312150.860,2624365.200,130.8600,0.6860,1.5600,0.0997,-1
KHAPRETA_510206,312151.860,2624365.200,130.8500,0.5488,1.5700,0.1003,-1
KHAPRETA_510206,312152.860,2624365.200,130.7700,0.5369,1.6500,0.1054,-1
KHAPRETA_510206,312154.860,2624365.200,130.4900,0.2000,1.9300,0.1233,-1
KHAPRETA_510206,312158.860,2624365.200,130.8400,0.8584,1.5800,0.1010,-1
KHAPRETA_510206,312159.860,2624365.200,130.9800,0.3200,1.4400,0.0920,-1
KHAPRETA_510206,312160.860,2624365.200,131.4800,0.2200,0.9400,0.0601,-1
KHAPRETA_510206,312161.860,2624365.200,131.4200,0.8519,1.0000,0.0639,-1
KHAPRETA_510206,312164.860,2624365.200,130.8200,0.5769,1.6000,0.1022,-1
KHAPRETA_510206,312168.860,2624365.200,130.9600,0.6169,1.4600,0.0933,-1
KHAPRETA_510206,312169.860,2624365.200,131.0100,0.5919,1.4100,0.0901,-1
KHAPRETA_510206,312172.860,2624365.200,131.2900,0.0000,1.1300,0.0722,-1
KHAPRETA_510206,312174.860,2624365.200,131.5300,0.6519,0.8900,0.0569,-1
KHAPRETA_510206,312177.860,2624365.200,130.9900,0.6220,1.4300,0.0914,-1
KHAPRETA_510206,312178.860,2624365.200,130.6200,0.1750,1.8000,0.1150,-1
KHAPRETA_510206,312179.860,2624365.200,130.6400,0.7934,1.7800,0.1137,-1
KHAPRETA_510206,312192.860,2624365.200,131.9400,0.0000,0.4800,0.0307,-1
KHAPRETA_510206,312196.860,2624365.200,131.3600,0.0000,1.0600,0.0677,-1
KHAPRETA_510206,312199.860,2624365.200,132.0900,0.0000,0.3300,0.0211,-1
KHAPRETA_510206,312209.860,2624365.200,131.6400,0.0000,0.7800,0.0498,-1
KHAPRETA_510206,312231.860,2624365.200,132.4100,1.0619,0.0100,0.0006,-1
KHAPRETA_510206,312233.860,2624365.200,132.0100,0.1700,0.4100,0.0262,-1
KHAPRETA_510206,312237.860,2624365.200,132.0300,1.7257,0.3900,0.0249,-1
KHAPRETA_510206,312238.860,2624365.200,132.0300,0.0400,0.3900,0.0249,-1
KHAPRETA_510206,312239.860,2624365.200,131.9500,1.6008,0.4700,0.0300,-1
KHAPRETA_510206,312241.860,2624365.200,132.1100,1.0269,0.3100,0.0198,-1
KHAPRETA_510206,312242.860,2624365.200,131.8300,1.1669,0.5900,0.0377,-1
KHAPRETA_510206,312245.860,2624365.200,131.8300,0.0000,0.5900,0.0377,-1
KHAPRETA_510206,312309.860,2624365.200,132.4200,0.0000,0.0000,0.0000,-1
KHAPRETA_510206,311879.860,2624366.200,129.5400,0.0000,2.8800,0.1840,-1
KHAPRETA_510206,311884.860,2624366.200,129.2800,0.0581,3.1400,0.2006,-1
KHAPRETA_510206,311885.860,2624366.200,129.6600,0.2750,2.7600,0.1764,-1
KHAPRETA_510206,311886.860,2624366.200,128.7300,0.1968,3.6900,0.2358,-1
KHAPRETA_510206,311889.860,2624366.200,129.2200,0.0000,3.2000,0.2045,-1
KHAPRETA_510206,311891.860,2624366.200,129.8100,0.0000,2.6100,0.1668,-1
KHAPRETA_510206,311909.860,2624366.200,127.3000,0.0000,5.1200,0.3272,-1
KHAPRETA_510206,311915.860,2624366.200,127.9600,1.9419,4.4600,0.2850,-1
KHAPRETA_510206,311916.860,2624366.200,127.0100,1.6503,5.4100,0.3457,-1
KHAPRETA_510206,311923.860,2624366.200,127.8900,1.2581,4.5300,0.2895,-1
KHAPRETA_510206,311924.860,2624366.200,127.2600,0.9431,5.1600,0.3297,-1
KHAPRETA_510206,311926.860,2624366.200,127.4100,1.2136,5.0100,0.3201,-1
KHAPRETA_510206,311927.860,2624366.200,127.3500,1.7052,5.0700,0.3240,-1
KHAPRETA_510206,311948.860,2624366.200,128.7000,0.1369,3.7200,0.2377,-1
KHAPRETA_510206,311950.860,2624366.200,129.2000,0.0000,3.2200,0.2058,-1
KHAPRETA_510206,311953.860,2624366.200,126.6100,1.4331,5.8100,0.3712,-1
KHAPRETA_510206,311955.860,2624366.200,125.7700,2.6311,6.6500,0.4249,-1
KHAPRETA_510206,311956.860,2624366.200,125.8700,2.8434,6.5500,0.4185,-1
KHAPRETA_510206,311971.860,2624366.200,128.0200,0.0000,4.4000,0.2811,-1
KHAPRETA_510206,311983.860,2624366.200,128.8900,0.4203,3.5300,0.2256,-1
KHAPRETA_510206,311984.860,2624366.200,128.9400,0.2150,3.4800,0.2224,-1
KHAPRETA_510206,311985.860,2624366.200,129.3200,0.4692,3.1000,0.1981,-1
KHAPRETA_510206,311987.860,2624366.200,129.5100,0.0000,2.9100,0.1859,-1
KHAPRETA_510206,311990.860,2624366.200,128.9000,0.2431,3.5200,0.2249,-1
KHAPRETA_510206,311995.860,2624366.200,129.3000,0.0000,3.1200,0.1994,-1
KHAPRETA_510206,311998.860,2624366.200,129.3000,0.5327,3.1200,0.1994,-1
KHAPRETA_510206,311999.860,2624366.200,128.7600,0.2381,3.6600,0.2339,-1
KHAPRETA_510206,312002.860,2624366.200,129.1500,0.4381,3.2700,0.2089,-1
KHAPRETA_510206,312007.860,2624366.200,127.7700,1.0581,4.6500,0.2971,-1
KHAPRETA_510206,312008.860,2624366.200,127.6600,1.0031,4.7600,0.3042,-1
KHAPRETA_510206,312019.860,2624366.200,129.4100,0.2354,3.0100,0.1923,-1
KHAPRETA_510206,312020.860,2624366.200,129.4100,0.1831,3.0100,0.1923,-1
KHAPRETA_510206,312025.860,2624366.200,129.3400,0.9769,3.0800,0.1968,-1
KHAPRETA_510206,312028.860,2624366.200,130.7100,0.9855,1.7100,0.1093,-1
KHAPRETA_510206,312029.860,2624366.200,128.3000,0.6576,4.1200,0.2633,-1
KHAPRETA_510206,312031.860,2624366.200,128.1800,1.0797,4.2400,0.2709,-1
KHAPRETA_510206,312032.860,2624366.200,128.2000,0.7981,4.2200,0.2696,-1
KHAPRETA_510206,312036.860,2624366.200,128.3400,0.0000,4.0800,0.2607,-1
KHAPRETA_510206,312039.860,2624366.200,128.5500,0.7314,3.8700,0.2473,-1
KHAPRETA_510206,312040.860,2624366.200,129.0100,0.0600,3.4100,0.2179,-1
KHAPRETA_510206,312041.860,2624366.200,128.6700,0.3831,3.7500,0.2396,-1
KHAPRETA_510206,312044.860,2624366.200,128.6600,0.7481,3.7600,0.2403,-1
KHAPRETA_510206,312046.860,2624366.200,128.2900,0.0000,4.1300,0.2639,-1
KHAPRETA_510206,312050.860,2624366.200,128.6700,0.5681,3.7500,0.2396,-1
KHAPRETA_510206,312051.860,2624366.200,128.6400,0.5531,3.7800,0.2415,-1
KHAPRETA_510206,312059.860,2624366.200,128.2100,0.8281,4.2100,0.2690,-1
KHAPRETA_510206,312069.860,2624366.200,129.2100,0.0000,3.2100,0.2051,-1
KHAPRETA_510206,312079.860,2624366.200,129.2400,0.0000,3.1800,0.2032,-1
KHAPRETA_510206,312081.860,2624366.200,129.2000,0.0000,3.2200,0.2058,-1
KHAPRETA_510206,312086.860,2624366.200,129.2700,0.2631,3.1500,0.2013,-1
KHAPRETA_510206,312091.860,2624366.200,129.3300,0.2031,3.0900,0.1974,-1
KHAPRETA_510206,312096.860,2624366.200,129.4400,0.1731,2.9800,0.1904,-1
KHAPRETA_510206,312098.860,2624366.200,129.4700,0.0000,2.9500,0.1885,-1
KHAPRETA_510206,312107.860,2624366.200,129.8600,0.0000,2.5600,0.1636,-1
KHAPRETA_510206,312109.860,2624366.200,129.8700,0.0425,2.5500,0.1629,-1
KHAPRETA_510206,312110.860,2624366.200,129.8400,0.0469,2.5800,0.1649,-1
KHAPRETA_510206,312122.860,2624366.200,130.0200,0.1069,2.4000,0.1534,-1
KHAPRETA_510206,312123.860,2624366.200,129.9900,0.1655,2.4300,0.1553,-1
KHAPRETA_510206,312125.860,2624366.200,129.8700,0.2146,2.5500,0.1629,-1
KHAPRETA_510206,312126.860,2624366.200,130.1900,0.2900,2.2300,0.1425,-1
KHAPRETA_510206,312127.860,2624366.200,130.4500,0.2175,1.9700,0.1259,-1
KHAPRETA_510206,312130.860,2624366.200,130.2100,0.4369,2.2100,0.1412,-1
KHAPRETA_510206,312133.860,2624366.200,130.2800,0.0000,2.1400,0.1367,-1
KHAPRETA_510206,312137.860,2624366.200,130.5700,0.5069,1.8500,0.1182,-1
KHAPRETA_510206,312138.860,2624366.200,130.7900,0.3969,1.6300,0.1042,-1
KHAPRETA_510206,312140.860,2624366.200,130.8600,0.0000,1.5600,0.0997,-1
KHAPRETA_510206,312143.860,2624366.200,130.6700,0.0000,1.7500,0.1118,-1
KHAPRETA_510206,312145.860,2624366.200,130.6500,0.3769,1.7700,0.1131,-1
KHAPRETA_510206,312147.860,2624366.200,130.6100,0.3419,1.8100,0.1157,-1
KHAPRETA_510206,312151.860,2624366.200,130.8700,0.5369,1.5500,0.0990,-1
KHAPRETA_510206,312154.860,2624366.200,130.4900,0.5759,1.9300,0.1233,-1
KHAPRETA_510206,312155.860,2624366.200,130.6800,0.1500,1.7400,0.1112,-1
KHAPRETA_510206,312156.860,2624366.200,130.7900,0.2450,1.6300,0.1042,-1
KHAPRETA_510206,312157.860,2624366.200,131.1700,0.5618,1.2500,0.0799,-1
KHAPRETA_510206,312158.860,2624366.200,131.0000,0.8767,1.4200,0.0907,-1
KHAPRETA_510206,312165.860,2624366.200,131.0200,0.5819,1.4000,0.0895,-1
KHAPRETA_510206,312167.860,2624366.200,130.9000,0.7819,1.5200,0.0971,-1
KHAPRETA_510206,312174.860,2624366.200,131.0800,1.3315,1.3400,0.0856,-1
KHAPRETA_510206,312175.860,2624366.200,131.7800,0.4650,0.6400,0.0409,-1
KHAPRETA_510206,312176.860,2624366.200,132.0100,1.1954,0.4100,0.0262,-1
KHAPRETA_510206,312179.860,2624366.200,131.1200,0.4319,1.3000,0.0831,-1
KHAPRETA_510206,312184.860,2624366.200,130.8000,0.5819,1.6200,0.1035,-1
KHAPRETA_510206,312185.860,2624366.200,130.9400,0.0650,1.4800,0.0946,-1
KHAPRETA_510206,312186.860,2624366.200,130.9300,0.0300,1.4900,0.0952,-1
KHAPRETA_510206,312187.860,2624366.200,131.0000,0.5769,1.4200,0.0907,-1
KHAPRETA_510206,312195.860,2624366.200,131.7500,0.0000,0.6700,0.0428,-1
KHAPRETA_510206,312197.860,2624366.200,131.9900,0.0000,0.4300,0.0275,-1
KHAPRETA_510206,312201.860,2624366.200,132.4000,1.2769,0.0200,0.0013,-1
KHAPRETA_510206,312211.860,2624366.200,131.7100,1.1569,0.7100,0.0454,-1
KHAPRETA_510206,312224.860,2624366.200,132.2900,0.0000,0.1300,0.0083,-1
KHAPRETA_510206,312233.860,2624366.200,132.3600,1.1169,0.0600,0.0038,-1
KHAPRETA_510206,312235.860,2624366.200,132.0400,1.1369,0.3800,0.0243,-1
KHAPRETA_510206,312239.860,2624366.200,132.0500,1.0869,0.3700,0.0236,-1
KHAPRETA_510206,312243.860,2624366.200,131.7100,0.0000,0.7100,0.0454,-1
KHAPRETA_510206,311911.860,2624367.200,127.9600,1.3531,4.4600,0.2850,-1
KHAPRETA_510206,311915.860,2624367.200,127.0500,0.9081,5.3700,0.3431,-1
KHAPRETA_510206,311917.860,2624367.200,127.2300,0.0000,5.1900,0.3316,-1
KHAPRETA_510206,311926.860,2624367.200,127.4500,1.2291,4.9700,0.3176,-1
KHAPRETA_510206,311927.860,2624367.200,127.3200,1.6805,5.1000,0.3259,-1
KHAPRETA_510206,311952.860,2624367.200,126.7600,0.0000,5.6600,0.3617,-1
KHAPRETA_510206,311956.860,2624367.200,125.7400,1.9531,6.6800,0.4268,-1
KHAPRETA_510206,311972.860,2624367.200,128.8300,0.2681,3.5900,0.2294,-1
KHAPRETA_510206,311973.860,2624367.200,129.2400,0.5274,3.1800,0.2032,-1
KHAPRETA_510206,311975.860,2624367.200,128.9600,0.0000,3.4600,0.2211,-1
KHAPRETA_510206,311981.860,2624367.200,128.9800,0.3181,3.4400,0.2198,-1
KHAPRETA_510206,311982.860,2624367.200,129.1400,0.3981,3.2800,0.2096,-1
KHAPRETA_510206,311985.860,2624367.200,129.3500,0.1200,3.0700,0.1962,-1
KHAPRETA_510206,311990.860,2624367.200,129.2900,0.4381,3.1300,0.2000,-1
KHAPRETA_510206,311992.860,2624367.200,129.1400,0.6531,3.2800,0.2096,-1
KHAPRETA_510206,311998.860,2624367.200,129.3100,0.2381,3.1100,0.1987,-1
KHAPRETA_510206,312001.860,2624367.200,128.8800,0.5327,3.5400,0.2262,-1
KHAPRETA_510206,312002.860,2624367.200,128.9000,0.3197,3.5200,0.2249,-1
KHAPRETA_510206,312003.860,2624367.200,128.7500,0.6900,3.6700,0.2345,-1
KHAPRETA_510206,312005.860,2624367.200,127.7600,1.4611,4.6600,0.2978,-1
KHAPRETA_510206,312006.860,2624367.200,127.7400,1.0081,4.6800,0.2990,-1
KHAPRETA_510206,312010.860,2624367.200,127.6600,0.0000,4.7600,0.3042,-1
KHAPRETA_510206,312019.860,2624367.200,129.4800,0.1831,2.9400,0.1879,-1
KHAPRETA_510206,312025.860,2624367.200,131.7300,0.2687,0.6900,0.0441,-1
KHAPRETA_510206,312026.860,2624367.200,130.0900,0.9769,2.3300,0.1489,-1
KHAPRETA_510206,312028.860,2624367.200,128.4700,0.6576,3.9500,0.2524,-1
KHAPRETA_510206,312029.860,2624367.200,128.8500,0.7660,3.5700,0.2281,-1
KHAPRETA_510206,312030.860,2624367.200,128.8800,0.4631,3.5400,0.2262,-1
KHAPRETA_510206,312035.860,2624367.200,128.0900,0.0000,4.3300,0.2767,-1
KHAPRETA_510206,312037.860,2624367.200,128.5800,0.0000,3.8400,0.2454,-1
KHAPRETA_510206,312042.860,2624367.200,128.6200,0.6431,3.8000,0.2428,-1
KHAPRETA_510206,312045.860,2624367.200,128.6400,0.0000,3.7800,0.2415,-1
KHAPRETA_510206,312056.860,2624367.200,128.3400,0.0000,4.0800,0.2607,-1
KHAPRETA_510206,312059.860,2624367.200,128.1200,0.0900,4.3000,0.2748,-1
KHAPRETA_510206,312066.860,2624367.200,129.0700,1.1730,3.3500,0.2141,-1
KHAPRETA_510206,312067.860,2624367.200,129.2400,1.2335,3.1800,0.2032,-1
KHAPRETA_510206,312070.860,2624367.200,129.2100,0.4362,3.2100,0.2051,-1
KHAPRETA_510206,312071.860,2624367.200,129.1300,0.2831,3.2900,0.2102,-1
KHAPRETA_510206,312077.860,2624367.200,129.2800,0.0000,3.1400,0.2006,-1
KHAPRETA_510206,312085.860,2624367.200,129.2800,0.2431,3.1400,0.2006,-1
KHAPRETA_510206,312087.860,2624367.200,129.2400,0.0000,3.1800,0.2032,-1
KHAPRETA_510206,312091.860,2624367.200,129.3700,0.2231,3.0500,0.1949,-1
KHAPRETA_510206,312093.860,2624367.200,129.4400,0.0000,2.9800,0.1904,-1
KHAPRETA_510206,312096.860,2624367.200,129.4300,0.0100,2.9900,0.1911,-1
KHAPRETA_510206,312102.860,2624367.200,129.4100,0.0000,3.0100,0.1923,-1
KHAPRETA_510206,312106.860,2624367.200,129.6400,0.0000,2.7800,0.1776,-1
KHAPRETA_510206,312108.860,2624367.200,129.7000,0.0281,2.7200,0.1738,-1
KHAPRETA_510206,312109.860,2624367.200,129.7200,0.0384,2.7000,0.1725,-1
KHAPRETA_510206,312129.860,2624367.200,130.0400,0.2419,2.3800,0.1521,-1
KHAPRETA_510206,312134.860,2624367.200,130.1500,0.0000,2.2700,0.1450,-1
KHAPRETA_510206,312136.860,2624367.200,130.3400,0.0000,2.0800,0.1329,-1
KHAPRETA_510206,312144.860,2624367.200,130.4300,0.3769,1.9900,0.1272,-1
KHAPRETA_510206,312145.860,2624367.200,130.5300,0.4383,1.8900,0.1208,-1
KHAPRETA_510206,312146.860,2624367.200,130.5000,0.3769,1.9200,0.1227,-1
KHAPRETA_510206,312150.860,2624367.200,130.8200,0.0000,1.6000,0.1022,-1
KHAPRETA_510206,312152.860,2624367.200,130.7200,0.0000,1.7000,0.1086,-1
KHAPRETA_510206,312157.860,2624367.200,130.8800,0.6969,1.5400,0.0984,-1
KHAPRETA_510206,312160.860,2624367.200,131.2400,0.6669,1.1800,0.0754,-1
KHAPRETA_510206,312161.860,2624367.200,131.1100,0.7319,1.3100,0.0837,-1
KHAPRETA_510206,312164.860,2624367.200,131.1600,0.8230,1.2600,0.0805,-1
KHAPRETA_510206,312165.860,2624367.200,130.9400,0.9304,1.4800,0.0946,-1
KHAPRETA_510206,312167.860,2624367.200,131.3400,0.1450,1.0800,0.0690,-1
KHAPRETA_510206,312169.860,2624367.200,131.2400,1.0004,1.1800,0.0754,-1
KHAPRETA_510206,312170.860,2624367.200,131.2400,0.7319,1.1800,0.0754,-1
KHAPRETA_510206,312172.860,2624367.200,130.4600,0.4669,1.9600,0.1252,-1
KHAPRETA_510206,312176.860,2624367.200,131.0800,1.1169,1.3400,0.0856,-1
KHAPRETA_510206,312178.860,2624367.200,130.6300,0.0000,1.7900,0.1144,-1
KHAPRETA_510206,312192.860,2624367.200,131.2600,0.0000,1.1600,0.0741,-1
KHAPRETA_510206,312194.860,2624367.200,131.6200,0.0000,0.8000,0.0511,-1
KHAPRETA_510206,312201.860,2624367.200,132.3300,1.3119,0.0900,0.0058,-1
KHAPRETA_510206,312208.860,2624367.200,132.0700,0.0000,0.3500,0.0224,-1
KHAPRETA_510206,312211.860,2624367.200,132.0900,0.9669,0.3300,0.0211,-1
KHAPRETA_510206,312235.860,2624367.200,132.0500,0.0700,0.3700,0.0236,-1
KHAPRETA_510206,312238.860,2624367.200,131.9800,1.0969,0.4400,0.0281,-1
KHAPRETA_510206,312244.860,2624367.200,131.8700,0.0000,0.5500,0.0351,-1
KHAPRETA_510206,312247.860,2624367.200,131.6700,1.1069,0.7500,0.0479,-1
KHAPRETA_510206,312248.860,2624367.200,131.9900,0.1150,0.4300,0.0275,-1
KHAPRETA_510206,312249.860,2624367.200,131.9000,1.1069,0.5200,0.0332,-1
KHAPRETA_510206,312256.860,2624367.200,132.1400,0.0000,0.2800,0.0179,-1
KHAPRETA_510206,311877.860,2624368.200,129.4900,0.0531,2.9300,0.1872,-1
KHAPRETA_510206,311878.860,2624368.200,129.6700,0.1431,2.7500,0.1757,-1
KHAPRETA_510206,311884.860,2624368.200,130.3600,0.2431,2.0600,0.1316,-1
KHAPRETA_510206,311885.860,2624368.200,129.2900,0.2919,3.1300,0.2000,-1
KHAPRETA_510206,311909.860,2624368.200,126.8900,0.0000,5.5300,0.3534,-1
KHAPRETA_510206,311911.860,2624368.200,127.0700,1.3357,5.3500,0.3419,-1
KHAPRETA_510206,311912.860,2624368.200,127.1800,1.3531,5.2400,0.3348,-1
KHAPRETA_510206,311916.860,2624368.200,127.3500,0.0000,5.0700,0.3240,-1
KHAPRETA_510206,311923.860,2624368.200,129.8700,0.0000,2.5500,0.1629,-1
KHAPRETA_510206,311926.860,2624368.200,127.5100,0.1150,4.9100,0.3137,-1
KHAPRETA_510206,311946.860,2624368.200,126.9300,1.2431,5.4900,0.3508,-1
KHAPRETA_510206,311947.860,2624368.200,127.2900,1.4231,5.1300,0.3278,-1
KHAPRETA_510206,311953.860,2624368.200,125.5800,0.0000,6.8400,0.4371,-1
KHAPRETA_510206,311973.860,2624368.200,129.3100,0.2681,3.1100,0.1987,-1
KHAPRETA_510206,311977.860,2624368.200,129.3600,0.0000,3.0600,0.1955,-1
KHAPRETA_510206,311983.860,2624368.200,128.6000,0.0000,3.8200,0.2441,-1
KHAPRETA_510206,311985.860,2624368.200,129.0800,0.2131,3.3400,0.2134,-1
KHAPRETA_510206,311992.860,2624368.200,128.4700,0.0100,3.9500,0.2524,-1
KHAPRETA_510206,311994.860,2624368.200,129.2000,0.0000,3.2200,0.2058,-1
KHAPRETA_510206,312000.860,2624368.200,129.4500,0.3031,2.9700,0.1898,-1
KHAPRETA_510206,312001.860,2624368.200,129.1700,0.1775,3.2500,0.2077,-1
KHAPRETA_510206,312003.860,2624368.200,128.7100,0.3950,3.7100,0.2371,-1
KHAPRETA_510206,312005.860,2624368.200,127.6800,1.0081,4.7400,0.3029,-1
KHAPRETA_510206,312008.860,2624368.200,127.5800,0.0000,4.8400,0.3093,-1
KHAPRETA_510206,312027.860,2624368.200,132.1900,0.0000,0.2300,0.0147,-1
KHAPRETA_510206,312031.860,2624368.200,128.5100,0.7881,3.9100,0.2498,-1
KHAPRETA_510206,312032.860,2624368.200,128.2000,0.6331,4.2200,0.2696,-1
KHAPRETA_510206,312034.860,2624368.200,128.3400,0.0000,4.0800,0.2607,-1
KHAPRETA_510206,312041.860,2624368.200,128.2600,0.6431,4.1600,0.2658,-1
KHAPRETA_510206,312042.860,2624368.200,128.4900,0.6085,3.9300,0.2511,-1
KHAPRETA_510206,312043.860,2624368.200,128.6400,0.5768,3.7800,0.2415,-1
KHAPRETA_510206,312044.860,2624368.200,128.7400,0.5681,3.6800,0.2351,-1
KHAPRETA_510206,312048.860,2624368.200,128.6800,0.0000,3.7400,0.2390,-1
KHAPRETA_510206,312051.860,2624368.200,128.5100,0.6731,3.9100,0.2498,-1
KHAPRETA_510206,312052.860,2624368.200,128.4300,0.0850,3.9900,0.2550,-1
KHAPRETA_510206,312053.860,2624368.200,128.3400,0.6731,4.0800,0.2607,-1
KHAPRETA_510206,312055.860,2624368.200,128.2500,0.0000,4.1700,0.2665,-1
KHAPRETA_510206,312057.860,2624368.200,128.1200,0.0000,4.3000,0.2748,-1
KHAPRETA_510206,312059.860,2624368.200,128.3900,0.8281,4.0300,0.2575,-1
KHAPRETA_510206,312061.860,2624368.200,128.4500,0.0000,3.9700,0.2537,-1
KHAPRETA_510206,312064.860,2624368.200,130.3700,0.0000,2.0500,0.1310,-1
KHAPRETA_510206,312066.860,2624368.200,132.0600,1.9136,0.3600,0.0230,-1
KHAPRETA_510206,312067.860,2624368.200,132.1400,1.4942,0.2800,0.0179,-1
KHAPRETA_510206,312068.860,2624368.200,129.1200,1.1819,3.3000,0.2109,-1
KHAPRETA_510206,312070.860,2624368.200,129.1900,0.2831,3.2300,0.2064,-1
KHAPRETA_510206,312072.860,2624368.200,129.2000,0.2831,3.2200,0.2058,-1
KHAPRETA_510206,312078.860,2624368.200,129.4200,0.2981,3.0000,0.1917,-1
KHAPRETA_510206,312081.860,2624368.200,129.2100,0.2881,3.2100,0.2051,-1
KHAPRETA_510206,312085.860,2624368.200,129.2900,0.2481,3.1300,0.2000,-1
KHAPRETA_510206,312089.860,2624368.200,129.3200,0.0000,3.1000,0.1981,-1
KHAPRETA_510206,312092.860,2624368.200,129.3700,0.2131,3.0500,0.1949,-1
KHAPRETA_510206,312095.860,2624368.200,129.3500,0.2590,3.0700,0.1962,-1
KHAPRETA_510206,312096.860,2624368.200,129.4200,0.2745,3.0000,0.1917,-1
KHAPRETA_510206,312099.860,2624368.200,129.3800,0.1681,3.0400,0.1942,-1
KHAPRETA_510206,312100.860,2624368.200,129.4400,0.1981,2.9800,0.1904,-1
KHAPRETA_510206,312104.860,2624368.200,129.4100,0.3003,3.0100,0.1923,-1
KHAPRETA_510206,312105.860,2624368.200,129.4100,0.1831,3.0100,0.1923,-1
KHAPRETA_510206,312109.860,2624368.200,129.8800,0.0281,2.5400,0.1623,-1
KHAPRETA_510206,312118.860,2624368.200,129.9800,0.1619,2.4400,0.1559,-1
KHAPRETA_510206,312119.860,2624368.200,130.1000,0.1747,2.3200,0.1482,-1
KHAPRETA_510206,312129.860,2624368.200,130.2600,0.3665,2.1600,0.1380,-1
KHAPRETA_510206,312130.860,2624368.200,130.4600,0.2419,1.9600,0.1252,-1
KHAPRETA_510206,312132.860,2624368.200,130.3700,0.2419,2.0500,0.1310,-1
KHAPRETA_510206,312133.860,2624368.200,130.2600,0.2969,2.1600,0.1380,-1
KHAPRETA_510206,312135.860,2624368.200,130.8600,0.0000,1.5600,0.0997,-1
KHAPRETA_510206,312137.860,2624368.200,130.5400,0.0000,1.8800,0.1201,-1
KHAPRETA_510206,312139.860,2624368.200,130.2800,0.0000,2.1400,0.1367,-1
KHAPRETA_510206,312141.860,2624368.200,130.6200,0.0000,1.8000,0.1150,-1
KHAPRETA_510206,312143.860,2624368.200,130.6200,0.0000,1.8000,0.1150,-1
KHAPRETA_510206,312147.860,2624368.200,130.3600,0.0000,2.0600,0.1316,-1
KHAPRETA_510206,312154.860,2624368.200,130.5400,0.0000,1.8800,0.1201,-1
KHAPRETA_510206,312163.860,2624368.200,130.9400,0.5819,1.4800,0.0946,-1
KHAPRETA_510206,312164.860,2624368.200,130.9400,0.6022,1.4800,0.0946,-1
KHAPRETA_510206,312167.860,2624368.200,131.1900,1.1058,1.2300,0.0786,-1
KHAPRETA_510206,312168.860,2624368.200,131.3400,0.7274,1.0800,0.0690,-1
KHAPRETA_510206,312169.860,2624368.200,131.1400,0.7832,1.2800,0.0818,-1
KHAPRETA_510206,312171.860,2624368.200,130.6400,0.6293,1.7800,0.1137,-1
KHAPRETA_510206,312172.860,2624368.200,130.7100,0.3501,1.7100,0.1093,-1
KHAPRETA_510206,312173.860,2624368.200,130.7900,0.4669,1.6300,0.1042,-1
KHAPRETA_510206,312186.860,2624368.200,131.0300,0.0000,1.3900,0.0888,-1
KHAPRETA_510206,312235.860,2624368.200,132.1800,1.6508,0.2400,0.0153,-1
KHAPRETA_510206,312236.860,2624368.200,132.1700,1.2019,0.2500,0.0160,-1
KHAPRETA_510206,312238.860,2624368.200,131.9700,0.0300,0.4500,0.0288,-1
KHAPRETA_510206,312240.860,2624368.200,132.1800,0.0000,0.2400,0.0153,-1
KHAPRETA_510206,312253.860,2624368.200,132.0600,1.1419,0.3600,0.0230,-1
KHAPRETA_510206,311895.860,2624369.200,130.1400,0.0000,2.2800,0.1457,-1
KHAPRETA_510206,311911.860,2624369.200,127.3300,1.3531,5.0900,0.3252,-1
KHAPRETA_510206,311914.860,2624369.200,127.0100,0.0000,5.4100,0.3457,-1
KHAPRETA_510206,311921.860,2624369.200,132.0900,0.0000,0.3300,0.0211,-1
KHAPRETA_510206,311924.860,2624369.200,130.1300,0.0000,2.2900,0.1463,-1
KHAPRETA_510206,311926.860,2624369.200,127.6800,1.1331,4.7400,0.3029,-1
KHAPRETA_510206,311928.860,2624369.200,128.1800,0.0000,4.2400,0.2709,-1
KHAPRETA_510206,311949.860,2624369.200,125.9100,1.9831,6.5100,0.4160,-1
KHAPRETA_510206,311954.860,2624369.200,125.6100,0.0000,6.8100,0.4351,-1
KHAPRETA_510206,311957.860,2624369.200,125.7200,0.0000,6.7000,0.4281,-1
KHAPRETA_510206,311970.860,2624369.200,128.7800,0.4831,3.6400,0.2326,-1
KHAPRETA_510206,311971.860,2624369.200,128.8100,0.0400,3.6100,0.2307,-1
KHAPRETA_510206,311972.860,2624369.200,128.8600,0.4831,3.5600,0.2275,-1
KHAPRETA_510206,311975.860,2624369.200,129.0100,0.0000,3.4100,0.2179,-1
KHAPRETA_510206,311978.860,2624369.200,129.1700,0.0000,3.2500,0.2077,-1
KHAPRETA_510206,311981.860,2624369.200,129.3400,0.0000,3.0800,0.1968,-1
KHAPRETA_510206,311984.860,2624369.200,128.9900,0.0000,3.4300,0.2192,-1
KHAPRETA_510206,311986.860,2624369.200,129.4100,0.2709,3.0100,0.1923,-1
KHAPRETA_510206,311987.860,2624369.200,129.5000,0.1831,2.9200,0.1866,-1
KHAPRETA_510206,311991.860,2624369.200,129.2400,0.3281,3.1800,0.2032,-1
KHAPRETA_510206,311992.860,2624369.200,129.1200,0.7059,3.3000,0.2109,-1
KHAPRETA_510206,312001.860,2624369.200,129.0200,0.7154,3.4000,0.2173,-1
KHAPRETA_510206,312002.860,2624369.200,128.4800,0.5300,3.9400,0.2518,-1
KHAPRETA_510206,312003.860,2624369.200,127.9600,0.1235,4.4600,0.2850,-1
KHAPRETA_510206,312004.860,2624369.200,128.2500,1.3456,4.1700,0.2665,-1
KHAPRETA_510206,312010.860,2624369.200,127.7200,0.0000,4.7000,0.3003,-1
KHAPRETA_510206,312029.860,2624369.200,132.1900,0.1719,0.2300,0.0147,-1
KHAPRETA_510206,312030.860,2624369.200,130.1200,1.2069,2.3000,0.1470,-1
KHAPRETA_510206,312043.860,2624369.200,128.6500,0.5681,3.7700,0.2409,-1
KHAPRETA_510206,312050.860,2624369.200,128.2400,0.7081,4.1800,0.2671,-1
KHAPRETA_510206,312058.860,2624369.200,128.4300,0.6131,3.9900,0.2550,-1
KHAPRETA_510206,312066.860,2624369.200,132.0800,1.1419,0.3400,0.0217,-1
KHAPRETA_510206,312072.860,2624369.200,129.2100,0.2881,3.2100,0.2051,-1
KHAPRETA_510206,312078.860,2624369.200,129.1800,0.3689,3.2400,0.2070,-1
KHAPRETA_510206,312079.860,2624369.200,129.1300,0.2931,3.2900,0.2102,-1
KHAPRETA_510206,312080.860,2624369.200,129.1700,0.0350,3.2500,0.2077,-1
KHAPRETA_510206,312081.860,2624369.200,129.2000,0.3034,3.2200,0.2058,-1
KHAPRETA_510206,312084.860,2624369.200,129.2800,0.0000,3.1400,0.2006,-1
KHAPRETA_510206,312087.860,2624369.200,129.2600,0.2431,3.1600,0.2019,-1
KHAPRETA_510206,312088.860,2624369.200,129.2900,0.2581,3.1300,0.2000,-1
KHAPRETA_510206,312090.860,2624369.200,129.3800,0.0000,3.0400,0.1942,-1
KHAPRETA_510206,312092.860,2624369.200,129.3500,0.3091,3.0700,0.1962,-1
KHAPRETA_510206,312093.860,2624369.200,129.3100,0.1781,3.1100,0.1987,-1
KHAPRETA_510206,312094.860,2624369.200,129.3400,0.0450,3.0800,0.1968,-1
KHAPRETA_510206,312095.860,2624369.200,129.4000,0.3049,3.0200,0.1930,-1
KHAPRETA_510206,312097.860,2624369.200,129.4400,0.1831,2.9800,0.1904,-1
KHAPRETA_510206,312102.860,2624369.200,129.4800,0.2131,2.9400,0.1879,-1
KHAPRETA_510206,312103.860,2624369.200,129.3500,0.0900,3.0700,0.1962,-1
KHAPRETA_510206,312104.860,2624369.200,129.3000,0.2809,3.1200,0.1994,-1
KHAPRETA_510206,312110.860,2624369.200,129.9000,0.0000,2.5200,0.1610,-1
KHAPRETA_510206,312119.860,2624369.200,130.0600,0.1619,2.3600,0.1508,-1
KHAPRETA_510206,312126.860,2624369.200,130.4100,0.2819,2.0100,0.1284,-1
KHAPRETA_510206,312134.860,2624369.200,130.8700,0.0000,1.5500,0.0990,-1
KHAPRETA_510206,312146.860,2624369.200,130.6400,0.0000,1.7800,0.1137,-1
KHAPRETA_510206,312148.860,2624369.200,130.5900,0.0000,1.8300,0.1169,-1
KHAPRETA_510206,312150.860,2624369.200,130.7700,0.0000,1.6500,0.1054,-1
KHAPRETA_510206,312152.860,2624369.200,130.7200,0.4619,1.7000,0.1086,-1
KHAPRETA_510206,312153.860,2624369.200,130.7000,0.7074,1.7200,0.1099,-1
KHAPRETA_510206,312155.860,2624369.200,130.9000,0.5819,1.5200,0.0971,-1
KHAPRETA_510206,312156.860,2624369.200,130.9400,0.5619,1.4800,0.0946,-1
KHAPRETA_510206,312164.860,2624369.200,131.4700,0.5819,0.9500,0.0607,-1
KHAPRETA_510206,312168.860,2624369.200,131.2300,0.7975,1.1900,0.0760,-1
KHAPRETA_510206,312169.860,2624369.200,131.3300,0.9967,1.0900,0.0696,-1
KHAPRETA_510206,312171.860,2624369.200,130.6200,0.1550,1.8000,0.1150,-1
KHAPRETA_510206,312175.860,2624369.200,130.7300,0.0000,1.6900,0.1080,-1
KHAPRETA_510206,312185.860,2624369.200,130.8100,0.5919,1.6100,0.1029,-1
KHAPRETA_510206,312187.860,2624369.200,131.2200,0.6169,1.2000,0.0767,-1
KHAPRETA_510206,312188.860,2624369.200,131.0100,0.7219,1.4100,0.0901,-1
KHAPRETA_510206,312192.860,2624369.200,131.0600,0.0000,1.3600,0.0869,-1
KHAPRETA_510206,312194.860,2624369.200,131.2000,0.0000,1.2200,0.0780,-1
KHAPRETA_510206,312196.860,2624369.200,131.3100,0.7919,1.1100,0.0709,-1
KHAPRETA_510206,312198.860,2624369.200,131.4800,0.0000,0.9400,0.0601,-1
KHAPRETA_510206,312209.860,2624369.200,131.7900,0.0000,0.6300,0.0403,-1
KHAPRETA_510206,312238.860,2624369.200,132.0400,1.0969,0.3800,0.0243,-1
KHAPRETA_510206,312248.860,2624369.200,131.8600,0.0000,0.5600,0.0358,-1
KHAPRETA_510206,312250.860,2624369.200,131.9000,1.0919,0.5200,0.0332,-1
KHAPRETA_510206,312253.860,2624369.200,132.0600,0.0200,0.3600,0.0230,-1
KHAPRETA_510206,311905.860,2624370.200,127.8500,1.9775,4.5700,0.2920,-1
KHAPRETA_510206,311906.860,2624370.200,126.9300,0.9631,5.4900,0.3508,-1
KHAPRETA_510206,311910.860,2624370.200,126.9600,0.7931,5.4600,0.3489,-1
KHAPRETA_510206,311912.860,2624370.200,127.0500,0.0000,5.3700,0.3431,-1
KHAPRETA_510206,311925.860,2624370.200,130.8500,0.0000,1.5700,0.1003,-1
KHAPRETA_510206,311946.860,2624370.200,132.1800,0.0000,0.2400,0.0153,-1
KHAPRETA_510206,311948.860,2624370.200,125.9000,2.8329,6.5200,0.4166,-1
KHAPRETA_510206,311949.860,2624370.200,125.8100,2.7373,6.6100,0.4224,-1
KHAPRETA_510206,311958.860,2624370.200,125.7100,0.0000,6.7100,0.4288,-1
KHAPRETA_510206,311973.860,2624370.200,129.0800,0.1981,3.3400,0.2134,-1
KHAPRETA_510206,311976.860,2624370.200,129.0600,0.1181,3.3600,0.2147,-1
KHAPRETA_510206,311980.860,2624370.200,129.0700,0.2931,3.3500,0.2141,-1
KHAPRETA_510206,311986.860,2624370.200,129.3100,0.2050,3.1100,0.1987,-1
KHAPRETA_510206,311990.860,2624370.200,129.3200,0.0000,3.1000,0.1981,-1
KHAPRETA_510206,311994.860,2624370.200,129.0700,0.0000,3.3500,0.2141,-1
KHAPRETA_510206,312000.860,2624370.200,127.8900,0.0000,4.5300,0.2895,-1
KHAPRETA_510206,312003.860,2624370.200,128.8000,1.3456,3.6200,0.2313,-1
KHAPRETA_510206,312004.860,2624370.200,127.7900,0.6524,4.6300,0.2958,-1
KHAPRETA_510206,312005.860,2624370.200,127.9500,1.2866,4.4700,0.2856,-1
KHAPRETA_510206,312007.860,2624370.200,127.5800,0.0000,4.8400,0.3093,-1
KHAPRETA_510206,312032.860,2624370.200,127.7100,0.0000,4.7100,0.3010,-1
KHAPRETA_510206,312036.860,2624370.200,127.3900,1.5315,5.0300,0.3214,-1
KHAPRETA_510206,312037.860,2624370.200,127.6700,1.1931,4.7500,0.3035,-1
KHAPRETA_510206,312041.860,2624370.200,128.1100,1.2561,4.3100,0.2754,-1
KHAPRETA_510206,312042.860,2624370.200,128.0300,1.2176,4.3900,0.2805,-1
KHAPRETA_510206,312044.860,2624370.200,128.5900,0.0000,3.8300,0.2447,-1
KHAPRETA_510206,312046.860,2624370.200,128.8900,0.0000,3.5300,0.2256,-1
KHAPRETA_510206,312049.860,2624370.200,128.3600,0.8488,4.0600,0.2594,-1
KHAPRETA_510206,312050.860,2624370.200,128.3600,1.0446,4.0600,0.2594,-1
KHAPRETA_510206,312058.860,2624370.200,128.5500,0.9483,3.8700,0.2473,-1
KHAPRETA_510206,312059.860,2624370.200,128.4400,0.6131,3.9800,0.2543,-1
KHAPRETA_510206,312061.860,2624370.200,131.6500,0.0000,0.7700,0.0492,-1
KHAPRETA_510206,312065.860,2624370.200,131.9100,0.0000,0.5100,0.0326,-1
KHAPRETA_510206,312068.860,2624370.200,132.2100,0.2981,0.2100,0.0134,-1
KHAPRETA_510206,312069.860,2624370.200,129.1800,1.2169,3.2400,0.2070,-1
KHAPRETA_510206,312076.860,2624370.200,129.2000,0.0000,3.2200,0.2058,-1
KHAPRETA_510206,312079.860,2624370.200,129.1900,0.3231,3.2300,0.2064,-1
KHAPRETA_510206,312081.860,2624370.200,129.1800,0.2881,3.2400,0.2070,-1
KHAPRETA_510206,312093.860,2624370.200,129.4200,0.2331,3.0000,0.1917,-1
KHAPRETA_510206,312097.860,2624370.200,129.4100,0.0500,3.0100,0.1923,-1
KHAPRETA_510206,312099.860,2624370.200,129.4000,0.0000,3.0200,0.1930,-1
KHAPRETA_510206,312105.860,2624370.200,129.1700,0.4466,3.2500,0.2077,-1
KHAPRETA_510206,312106.860,2624370.200,129.1200,0.3044,3.3000,0.2109,-1
KHAPRETA_510206,312117.860,2624370.200,130.1400,0.0000,2.2800,0.1457,-1
KHAPRETA_510206,312120.860,2624370.200,130.0100,0.0000,2.4100,0.1540,-1
KHAPRETA_510206,312123.860,2624370.200,130.2500,0.2969,2.1700,0.1387,-1
KHAPRETA_510206,312124.860,2624370.200,130.3700,0.2369,2.0500,0.1310,-1
KHAPRETA_510206,312126.860,2624370.200,130.3400,0.3169,2.0800,0.1329,-1
KHAPRETA_510206,312128.860,2624370.200,130.7900,0.0000,1.6300,0.1042,-1
KHAPRETA_510206,312130.860,2624370.200,130.6100,0.5450,1.8100,0.1157,-1
KHAPRETA_510206,312131.860,2624370.200,130.6700,0.4169,1.7500,0.1118,-1
KHAPRETA_510206,312135.860,2624370.200,130.8900,0.3219,1.5300,0.0978,-1
KHAPRETA_510206,312136.860,2624370.200,130.4200,0.5569,2.0000,0.1278,-1
KHAPRETA_510206,312142.860,2624370.200,130.7300,0.0000,1.6900,0.1080,-1
KHAPRETA_510206,312144.860,2624370.200,130.8700,0.0000,1.5500,0.0990,-1
KHAPRETA_510206,312153.860,2624370.200,130.8300,0.4619,1.5900,0.1016,-1
KHAPRETA_510206,312159.860,2624370.200,130.3800,0.0000,2.0400,0.1304,-1
KHAPRETA_510206,312163.860,2624370.200,130.8400,0.6319,1.5800,0.1010,-1
KHAPRETA_510206,312165.860,2624370.200,131.4500,0.0000,0.9700,0.0620,-1
KHAPRETA_510206,312167.860,2624370.200,131.7500,0.9619,0.6700,0.0428,-1
KHAPRETA_510206,312168.860,2624370.200,131.7000,1.2258,0.7200,0.0460,-1
KHAPRETA_510206,312170.860,2624370.200,131.0100,0.2769,1.4100,0.0901,-1
KHAPRETA_510206,312171.860,2624370.200,130.3300,0.4243,2.0900,0.1335,-1
KHAPRETA_510206,312172.860,2624370.200,131.1000,0.2769,1.3200,0.0843,-1
KHAPRETA_510206,312176.860,2624370.200,132.2200,0.0000,0.2000,0.0128,-1
KHAPRETA_510206,312184.860,2624370.200,131.0900,0.5919,1.3300,0.0850,-1
KHAPRETA_510206,312185.860,2624370.200,130.9600,0.5525,1.4600,0.0933,-1
KHAPRETA_510206,312186.860,2624370.200,130.7000,0.8162,1.7200,0.1099,-1
KHAPRETA_510206,312196.860,2624370.200,131.3600,0.0500,1.0600,0.0677,-1
KHAPRETA_510206,312201.860,2624370.200,131.7200,0.9619,0.7000,0.0447,-1
KHAPRETA_510206,312202.860,2624370.200,131.7000,0.9719,0.7200,0.0460,-1
KHAPRETA_510206,312206.860,2624370.200,132.2900,1.0069,0.1300,0.0083,-1
KHAPRETA_510206,312208.860,2624370.200,131.9700,0.0000,0.4500,0.0288,-1
KHAPRETA_510206,312233.860,2624370.200,132.4100,1.2319,0.0100,0.0006,-1
KHAPRETA_510206,312234.860,2624370.200,132.2400,0.1100,0.1800,0.0115,-1
KHAPRETA_510206,312235.860,2624370.200,132.1900,1.2319,0.2300,0.0147,-1
KHAPRETA_510206,312250.860,2624370.200,131.9600,1.5448,0.4600,0.0294,-1
KHAPRETA_510206,312251.860,2624370.200,132.0200,1.0919,0.4000,0.0256,-1
KHAPRETA_510206,312253.860,2624370.200,132.1000,1.1419,0.3200,0.0204,-1
KHAPRETA_510206,311882.860,2624371.200,129.1800,0.0931,3.2400,0.2070,-1
KHAPRETA_510206,311883.860,2624371.200,129.5900,0.0650,2.8300,0.1808,-1
KHAPRETA_510206,311884.860,2624371.200,129.3100,0.0931,3.1100,0.1987,-1
KHAPRETA_510206,311897.860,2624371.200,130.8200,0.4369,1.6000,0.1022,-1
KHAPRETA_510206,311898.860,2624371.200,130.6500,0.5800,1.7700,0.1131,-1
KHAPRETA_510206,311899.860,2624371.200,129.6600,0.4579,2.7600,0.1764,-1
KHAPRETA_510206,311903.860,2624371.200,126.8700,1.3681,5.5500,0.3546,-1
KHAPRETA_510206,311904.860,2624371.200,127.0400,0.0800,5.3800,0.3438,-1
KHAPRETA_510206,311905.860,2624371.200,127.0300,1.6730,5.3900,0.3444,-1
KHAPRETA_510206,311910.860,2624371.200,128.1900,0.6550,4.2300,0.2703,-1
KHAPRETA_510206,311928.860,2624371.200,132.0700,0.6869,0.3500,0.0224,-1
KHAPRETA_510206,311929.860,2624371.200,131.1500,1.3168,1.2700,0.0812,-1
KHAPRETA_510206,311933.860,2624371.200,129.1800,0.0000,3.2400,0.2070,-1
KHAPRETA_510206,311948.860,2624371.200,125.7300,1.9381,6.6900,0.4275,-1
KHAPRETA_510206,311953.860,2624371.200,126.0700,1.8081,6.3500,0.4058,-1
KHAPRETA_510206,311954.860,2624371.200,126.1600,1.8531,6.2600,0.4000,-1
KHAPRETA_510206,311956.860,2624371.200,125.7600,0.0000,6.6600,0.4256,-1
KHAPRETA_510206,311961.860,2624371.200,126.6100,1.7531,5.8100,0.3712,-1
KHAPRETA_510206,311971.860,2624371.200,129.2000,0.2831,3.2200,0.2058,-1
KHAPRETA_510206,311972.860,2624371.200,129.2100,0.3354,3.2100,0.2051,-1
KHAPRETA_510206,311973.860,2624371.200,129.3800,0.4486,3.0400,0.1942,-1
KHAPRETA_510206,311976.860,2624371.200,129.5400,0.3740,2.8800,0.1840,-1
KHAPRETA_510206,311977.860,2624371.200,129.5600,0.1691,2.8600,0.1827,-1
KHAPRETA_510206,311978.860,2624371.200,129.2400,0.1450,3.1800,0.2032,-1
KHAPRETA_510206,311979.860,2624371.200,129.2700,0.0250,3.1500,0.2013,-1
KHAPRETA_510206,311980.860,2624371.200,129.1900,0.3698,3.2300,0.2064,-1
KHAPRETA_510206,311981.860,2624371.200,129.4900,0.2931,2.9300,0.1872,-1
KHAPRETA_510206,311983.860,2624371.200,129.5700,0.2219,2.8500,0.1821,-1
KHAPRETA_510206,311985.860,2624371.200,129.2100,0.0219,3.2100,0.2051,-1
KHAPRETA_510206,311986.860,2624371.200,129.8200,0.3667,2.6000,0.1661,-1
KHAPRETA_510206,311992.860,2624371.200,129.6200,0.2575,2.8000,0.1789,-1
KHAPRETA_510206,311993.860,2624371.200,129.3400,0.0781,3.0800,0.1968,-1
KHAPRETA_510206,312004.860,2624371.200,129.2400,1.2866,3.1800,0.2032,-1
KHAPRETA_510206,312005.860,2624371.200,128.1400,0.9516,4.2800,0.2735,-1
KHAPRETA_510206,312036.860,2624371.200,132.0000,2.0950,0.4200,0.0268,-1
KHAPRETA_510206,312041.860,2624371.200,127.9700,0.8884,4.4500,0.2843,-1
KHAPRETA_510206,312042.860,2624371.200,128.0000,1.2561,4.4200,0.2824,-1
KHAPRETA_510206,312048.860,2624371.200,128.6100,0.4681,3.8100,0.2435,-1
KHAPRETA_510206,312049.860,2624371.200,128.8400,0.5861,3.5800,0.2288,-1
KHAPRETA_510206,312051.860,2624371.200,128.5000,0.7931,3.9200,0.2505,-1
KHAPRETA_510206,312055.860,2624371.200,128.1200,0.0000,4.3000,0.2748,-1
KHAPRETA_510206,312063.860,2624371.200,131.7800,0.0000,0.6400,0.0409,-1
KHAPRETA_510206,312066.860,2624371.200,131.9700,1.0769,0.4500,0.0288,-1
KHAPRETA_510206,312070.860,2624371.200,129.0900,1.2712,3.3300,0.2128,-1
KHAPRETA_510206,312071.860,2624371.200,129.1900,0.4323,3.2300,0.2064,-1
KHAPRETA_510206,312083.860,2624371.200,129.2100,0.0000,3.2100,0.2051,-1
KHAPRETA_510206,312087.860,2624371.200,129.3600,0.0000,3.0600,0.1955,-1
KHAPRETA_510206,312094.860,2624371.200,129.3000,0.2281,3.1200,0.1994,-1
KHAPRETA_510206,312095.860,2624371.200,129.3200,0.2381,3.1000,0.1981,-1
KHAPRETA_510206,312097.860,2624371.200,129.3400,0.1831,3.0800,0.1968,-1
KHAPRETA_510206,312105.860,2624371.200,129.1700,0.1723,3.2500,0.2077,-1
KHAPRETA_510206,312106.860,2624371.200,129.7200,0.3529,2.7000,0.1725,-1
KHAPRETA_510206,312107.860,2624371.200,129.4300,0.0363,2.9900,0.1911,-1
KHAPRETA_510206,312110.860,2624371.200,130.3100,0.2619,2.1100,0.1348,-1
KHAPRETA_510206,312112.860,2624371.200,130.4200,0.0000,2.0000,0.1278,-1
KHAPRETA_510206,312115.860,2624371.200,130.5700,0.0000,1.8500,0.1182,-1
KHAPRETA_510206,312129.860,2624371.200,130.4500,0.3119,1.9700,0.1259,-1
KHAPRETA_510206,312130.860,2624371.200,130.4000,0.5361,2.0200,0.1291,-1
KHAPRETA_510206,312132.860,2624371.200,130.6700,0.0000,1.7500,0.1118,-1
KHAPRETA_510206,312134.860,2624371.200,130.8400,0.0000,1.5800,0.1010,-1
KHAPRETA_510206,312137.860,2624371.200,130.7000,0.0000,1.7200,0.1099,-1
KHAPRETA_510206,312140.860,2624371.200,130.7500,0.3719,1.6700,0.1067,-1
KHAPRETA_510206,312141.860,2624371.200,130.5200,0.6957,1.9000,0.1214,-1
KHAPRETA_510206,312149.860,2624371.200,130.7100,0.0000,1.7100,0.1093,-1
KHAPRETA_510206,312155.860,2624371.200,131.0900,0.7114,1.3300,0.0850,-1
KHAPRETA_510206,312156.860,2624371.200,130.9700,0.1650,1.4500,0.0927,-1
KHAPRETA_510206,312157.860,2624371.200,130.7600,0.6521,1.6600,0.1061,-1
KHAPRETA_510206,312158.860,2624371.200,130.9400,0.4919,1.4800,0.0946,-1
KHAPRETA_510206,312160.860,2624371.200,130.9600,0.5619,1.4600,0.0933,-1
KHAPRETA_510206,312163.860,2624371.200,131.0400,0.5319,1.3800,0.0882,-1
KHAPRETA_510206,312186.860,2624371.200,130.9000,0.4619,1.5200,0.0971,-1
KHAPRETA_510206,312194.860,2624371.200,131.1000,0.0000,1.3200,0.0843,-1
KHAPRETA_510206,312196.860,2624371.200,131.2100,0.0950,1.2100,0.0773,-1
KHAPRETA_510206,312198.860,2624371.200,131.4200,0.0000,1.0000,0.0639,-1
KHAPRETA_510206,312204.860,2624371.200,131.5800,1.3226,0.8400,0.0537,-1
KHAPRETA_510206,312205.860,2624371.200,131.7200,1.0074,0.7000,0.0447,-1
KHAPRETA_510206,312206.860,2624371.200,131.7900,1.2569,0.6300,0.0403,-1
KHAPRETA_510206,312207.860,2624371.200,131.7200,1.0069,0.7000,0.0447,-1
KHAPRETA_510206,312231.860,2624371.200,132.3500,0.0000,0.0700,0.0045,-1
KHAPRETA_510206,311899.860,2624372.200,130.0500,0.0581,2.3700,0.1514,-1
KHAPRETA_510206,311909.860,2624372.200,127.6300,0.7531,4.7900,0.3061,-1
KHAPRETA_510206,311910.860,2624372.200,128.2700,1.3343,4.1500,0.2652,-1
KHAPRETA_510206,311929.860,2624372.200,131.0700,0.9267,1.3500,0.0863,-1
KHAPRETA_510206,311930.860,2624372.200,131.0200,0.6469,1.4000,0.0895,-1
KHAPRETA_510206,311932.860,2624372.200,127.8000,0.8431,4.6200,0.2952,-1
KHAPRETA_510206,311934.860,2624372.200,125.7800,2.1031,6.6400,0.4243,-1
KHAPRETA_510206,311946.860,2624372.200,131.3200,0.0000,1.1000,0.0703,-1
KHAPRETA_510206,311951.860,2624372.200,125.6100,1.9081,6.8100,0.4351,-1
KHAPRETA_510206,311952.860,2624372.200,125.9600,2.0831,6.4600,0.4128,-1
KHAPRETA_510206,311958.860,2624372.200,125.9900,0.0000,6.4300,0.4109,-1
KHAPRETA_510206,311961.860,2624372.200,126.2700,1.5831,6.1500,0.3930,-1
KHAPRETA_510206,311968.860,2624372.200,131.1900,0.5879,1.2300,0.0786,-1
KHAPRETA_510206,311969.860,2624372.200,129.7100,0.7069,2.7100,0.1732,-1
KHAPRETA_510206,311972.860,2624372.200,129.1300,0.1400,3.2900,0.2102,-1
KHAPRETA_510206,311975.860,2624372.200,129.4100,0.1181,3.0100,0.1923,-1
KHAPRETA_510206,311977.860,2624372.200,129.6200,0.1081,2.8000,0.1789,-1
KHAPRETA_510206,311983.860,2624372.200,130.2200,0.1700,2.2000,0.1406,-1
KHAPRETA_510206,311988.860,2624372.200,130.0200,0.0269,2.4000,0.1534,-1
KHAPRETA_510206,311989.860,2624372.200,129.8300,0.1219,2.5900,0.1655,-1
KHAPRETA_510206,311992.860,2624372.200,130.0500,0.0781,2.3700,0.1514,-1
KHAPRETA_510206,311995.860,2624372.200,129.2300,0.2581,3.1900,0.2038,-1
KHAPRETA_510206,311996.860,2624372.200,129.2600,0.2731,3.1600,0.2019,-1
KHAPRETA_510206,311998.860,2624372.200,128.9600,1.0931,3.4600,0.2211,-1
KHAPRETA_510206,311999.860,2624372.200,127.5900,0.6350,4.8300,0.3086,-1
KHAPRETA_510206,312000.860,2624372.200,127.6900,0.5400,4.7300,0.3022,-1
KHAPRETA_510206,312001.860,2624372.200,128.6700,0.5114,3.7500,0.2396,-1
KHAPRETA_510206,312002.860,2624372.200,128.4300,0.4850,3.9900,0.2550,-1
KHAPRETA_510206,312003.860,2624372.200,127.7000,1.2204,4.7200,0.3016,-1
KHAPRETA_510206,312006.860,2624372.200,128.1700,0.0765,4.2500,0.2716,-1
KHAPRETA_510206,312007.860,2624372.200,129.9100,1.8616,2.5100,0.1604,-1
KHAPRETA_510206,312008.860,2624372.200,131.5300,0.0669,0.8900,0.0569,-1
KHAPRETA_510206,312010.860,2624372.200,131.4200,1.2669,1.0000,0.0639,-1
KHAPRETA_510206,312036.860,2624372.200,131.5800,1.5341,0.8400,0.0537,-1
KHAPRETA_510206,312037.860,2624372.200,131.8900,1.8400,0.5300,0.0339,-1
KHAPRETA_510206,312038.860,2624372.200,127.9000,0.0400,4.5200,0.2888,-1
KHAPRETA_510206,312039.860,2624372.200,131.8100,0.9381,0.6100,0.0390,-1
KHAPRETA_510206,312041.860,2624372.200,128.0600,0.0550,4.3600,0.2786,-1
KHAPRETA_510206,312049.860,2624372.200,128.4800,0.4500,3.9400,0.2518,-1
KHAPRETA_510206,312051.860,2624372.200,128.1900,0.6381,4.2300,0.2703,-1
KHAPRETA_510206,312059.860,2624372.200,128.3700,0.9944,4.0500,0.2588,-1
KHAPRETA_510206,312060.860,2624372.200,128.3500,0.7031,4.0700,0.2601,-1
KHAPRETA_510206,312062.860,2624372.200,128.6300,0.6081,3.7900,0.2422,-1
KHAPRETA_510206,312066.860,2624372.200,131.9300,0.0350,0.4900,0.0313,-1
KHAPRETA_510206,312070.860,2624372.200,132.2500,0.4323,0.1700,0.0109,-1
KHAPRETA_510206,312071.860,2624372.200,129.2500,1.2712,3.1700,0.2026,-1
KHAPRETA_510206,312100.860,2624372.200,129.3300,0.2381,3.0900,0.1974,-1
KHAPRETA_510206,312101.860,2624372.200,129.3000,0.2681,3.1200,0.1994,-1
KHAPRETA_510206,312102.860,2624372.200,129.3200,0.2381,3.1000,0.1981,-1
KHAPRETA_510206,312105.860,2624372.200,129.5100,0.1700,2.9100,0.1859,-1
KHAPRETA_510206,312107.860,2624372.200,129.7300,0.2650,2.6900,0.1719,-1
KHAPRETA_510206,312110.860,2624372.200,130.3000,0.2669,2.1200,0.1355,-1
KHAPRETA_510206,312119.860,2624372.200,129.9800,0.2149,2.4400,0.1559,-1
KHAPRETA_510206,312120.860,2624372.200,130.0800,0.0350,2.3400,0.1495,-1
KHAPRETA_510206,312121.860,2624372.200,130.0500,0.1519,2.3700,0.1514,-1
KHAPRETA_510206,312125.860,2624372.200,130.4600,0.0000,1.9600,0.1252,-1
KHAPRETA_510206,312131.860,2624372.200,130.5200,0.0000,1.9000,0.1214,-1
KHAPRETA_510206,312133.860,2624372.200,130.4700,0.0000,1.9500,0.1246,-1
KHAPRETA_510206,312135.860,2624372.200,130.5800,0.6049,1.8400,0.1176,-1
KHAPRETA_510206,312136.860,2624372.200,130.9200,0.4997,1.5000,0.0958,-1
KHAPRETA_510206,312141.860,2624372.200,130.7700,0.3719,1.6500,0.1054,-1
KHAPRETA_510206,312145.860,2624372.200,130.6400,0.0000,1.7800,0.1137,-1
KHAPRETA_510206,312152.860,2624372.200,130.8900,0.9122,1.5300,0.0978,-1
KHAPRETA_510206,312153.860,2624372.200,131.0100,0.7300,1.4100,0.0901,-1
KHAPRETA_510206,312155.860,2624372.200,130.5500,0.1050,1.8700,0.1195,-1
KHAPRETA_510206,312157.860,2624372.200,131.0800,0.4919,1.3400,0.0856,-1
KHAPRETA_510206,312159.860,2624372.200,131.0100,0.5619,1.4100,0.0901,-1
KHAPRETA_510206,312160.860,2624372.200,130.9000,0.6174,1.5200,0.0971,-1
KHAPRETA_510206,312170.860,2624372.200,130.9900,0.0000,1.4300,0.0914,-1
KHAPRETA_510206,312187.860,2624372.200,130.8500,0.5669,1.5700,0.1003,-1
KHAPRETA_510206,312188.860,2624372.200,130.9100,0.7664,1.5100,0.0965,-1
KHAPRETA_510206,312196.860,2624372.200,131.1700,0.7169,1.2500,0.0799,-1
KHAPRETA_510206,312201.860,2624372.200,131.5900,0.0000,0.8300,0.0530,-1
KHAPRETA_510206,312204.860,2624372.200,131.5700,1.3481,0.8500,0.0543,-1
KHAPRETA_510206,312205.860,2624372.200,131.7800,0.8970,0.6400,0.0409,-1
KHAPRETA_510206,312248.860,2624372.200,132.0400,0.0000,0.3800,0.0243,-1
KHAPRETA_510206,312250.860,2624372.200,132.1100,1.6543,0.3100,0.0198,-1
KHAPRETA_510206,312251.860,2624372.200,132.0600,1.1669,0.3600,0.0230,-1
KHAPRETA_510206,311905.860,2624373.200,126.9600,0.0000,5.4600,0.3489,-1
KHAPRETA_510206,311915.860,2624373.200,131.6300,0.6069,0.7900,0.0505,-1
KHAPRETA_510206,311916.860,2624373.200,130.9900,1.3983,1.4300,0.0914,-1
KHAPRETA_510206,311931.860,2624373.200,130.6300,0.8431,1.7900,0.1144,-1
KHAPRETA_510206,311932.860,2624373.200,128.0900,2.6975,4.3300,0.2767,-1
KHAPRETA_510206,311933.860,2624373.200,125.6100,1.2600,6.8100,0.4351,-1
KHAPRETA_510206,311934.860,2624373.200,125.5700,2.8864,6.8500,0.4377,-1
KHAPRETA_510206,311944.860,2624373.200,126.2100,0.8219,6.2100,0.3968,-1
KHAPRETA_510206,311945.860,2624373.200,131.4200,1.7831,1.0000,0.0639,-1
KHAPRETA_510206,311947.860,2624373.200,125.5600,0.0000,6.8600,0.4383,-1
KHAPRETA_510206,311950.860,2624373.200,125.6500,0.0000,6.7700,0.4326,-1
KHAPRETA_510206,311953.860,2624373.200,126.0400,0.0000,6.3800,0.4077,-1
KHAPRETA_510206,311956.860,2624373.200,125.8900,0.0000,6.5300,0.4173,-1
KHAPRETA_510206,311959.860,2624373.200,126.2600,0.0000,6.1600,0.3936,-1
KHAPRETA_510206,311968.860,2624373.200,130.9500,0.7069,1.4700,0.0939,-1
KHAPRETA_510206,311971.860,2624373.200,129.5300,0.1431,2.8900,0.1847,-1
KHAPRETA_510206,311972.860,2624373.200,129.4900,0.1651,2.9300,0.1872,-1
KHAPRETA_510206,311974.860,2624373.200,129.6800,0.1388,2.7400,0.1751,-1
KHAPRETA_510206,311975.860,2624373.200,129.5400,0.2644,2.8800,0.1840,-1
KHAPRETA_510206,311979.860,2624373.200,129.5300,0.0497,2.8900,0.1847,-1
KHAPRETA_510206,311980.860,2624373.200,129.8400,0.1231,2.5800,0.1649,-1
KHAPRETA_510206,311982.860,2624373.200,129.4200,0.1347,3.0000,0.1917,-1
KHAPRETA_510206,311983.860,2624373.200,129.9100,0.3813,2.5100,0.1604,-1
KHAPRETA_510206,311984.860,2624373.200,130.0400,0.0669,2.3800,0.1521,-1
KHAPRETA_510206,311990.860,2624373.200,130.0500,0.0000,2.3700,0.1514,-1
KHAPRETA_510206,311994.860,2624373.200,129.9900,0.0000,2.4300,0.1553,-1
KHAPRETA_510206,312001.860,2624373.200,129.0700,0.5531,3.3500,0.2141,-1
KHAPRETA_510206,312003.860,2624373.200,127.7400,1.4126,4.6800,0.2990,-1
KHAPRETA_510206,312004.860,2624373.200,127.8600,1.1378,4.5600,0.2914,-1
KHAPRETA_510206,312006.860,2624373.200,129.8500,1.1349,2.5700,0.1642,-1
KHAPRETA_510206,312007.860,2624373.200,131.3800,0.0765,1.0400,0.0665,-1
KHAPRETA_510206,312010.860,2624373.200,132.3100,0.8219,0.1100,0.0070,-1
KHAPRETA_510206,312041.860,2624373.200,128.0800,0.0800,4.3400,0.2773,-1
KHAPRETA_510206,312045.860,2624373.200,128.0300,0.0000,4.3900,0.2805,-1
KHAPRETA_510206,312047.860,2624373.200,127.9700,0.0000,4.4500,0.2843,-1
KHAPRETA_510206,312049.860,2624373.200,127.9400,0.6481,4.4800,0.2863,-1
KHAPRETA_510206,312052.860,2624373.200,128.1200,0.0000,4.3000,0.2748,-1
KHAPRETA_510206,312056.860,2624373.200,128.4300,0.0000,3.9900,0.2550,-1
KHAPRETA_510206,312059.860,2624373.200,128.3900,0.0650,4.0300,0.2575,-1
KHAPRETA_510206,312062.860,2624373.200,128.5600,0.8283,3.8600,0.2466,-1
KHAPRETA_510206,312063.860,2624373.200,128.5800,1.8704,3.8400,0.2454,-1
KHAPRETA_510206,312064.860,2624373.200,131.7800,1.1455,0.6400,0.0409,-1
KHAPRETA_510206,312066.860,2624373.200,131.9000,1.1172,0.5200,0.0332,-1
KHAPRETA_510206,312067.860,2624373.200,132.0100,1.0926,0.4100,0.0262,-1
KHAPRETA_510206,312075.860,2624373.200,129.1600,0.3331,3.2600,0.2083,-1
KHAPRETA_510206,312076.860,2624373.200,129.1100,0.3081,3.3100,0.2115,-1
KHAPRETA_510206,312078.860,2624373.200,129.1900,0.3281,3.2300,0.2064,-1
KHAPRETA_510206,312081.860,2624373.200,129.2300,0.0000,3.1900,0.2038,-1
KHAPRETA_510206,312084.860,2624373.200,129.3200,0.0000,3.1000,0.1981,-1
KHAPRETA_510206,312086.860,2624373.200,129.2400,0.0000,3.1800,0.2032,-1
KHAPRETA_510206,312088.860,2624373.200,129.3300,0.2481,3.0900,0.1974,-1
KHAPRETA_510206,312089.860,2624373.200,129.2800,0.2231,3.1400,0.2006,-1
KHAPRETA_510206,312091.860,2624373.200,129.3200,0.0000,3.1000,0.1981,-1
KHAPRETA_510206,312094.860,2624373.200,129.3900,0.2281,3.0300,0.1936,-1
KHAPRETA_510206,312101.860,2624373.200,129.2400,0.0200,3.1800,0.2032,-1
KHAPRETA_510206,312104.860,2624373.200,129.2900,0.1331,3.1300,0.2000,-1
KHAPRETA_510206,312105.860,2624373.200,129.5100,0.2771,2.9100,0.1859,-1
KHAPRETA_510206,312107.860,2624373.200,129.9600,0.2350,2.4600,0.1572,-1
KHAPRETA_510206,312115.860,2624373.200,130.3700,0.3169,2.0500,0.1310,-1
KHAPRETA_510206,312116.860,2624373.200,130.4100,0.2969,2.0100,0.1284,-1
KHAPRETA_510206,312119.860,2624373.200,130.0800,0.1019,2.3400,0.1495,-1
KHAPRETA_510206,312122.860,2624373.200,130.4400,0.0000,1.9800,0.1265,-1
KHAPRETA_510206,312132.860,2624373.200,130.7300,0.0000,1.6900,0.1080,-1
KHAPRETA_510206,312135.860,2624373.200,130.1700,0.3637,2.2500,0.1438,-1
KHAPRETA_510206,312136.860,2624373.200,130.3700,0.6049,2.0500,0.1310,-1
KHAPRETA_510206,312139.860,2624373.200,130.9500,0.5869,1.4700,0.0939,-1
KHAPRETA_510206,312140.860,2624373.200,130.9500,0.5869,1.4700,0.0939,-1
KHAPRETA_510206,312142.860,2624373.200,130.3100,0.3469,2.1100,0.1348,-1
KHAPRETA_510206,312143.860,2624373.200,130.4700,0.2600,1.9500,0.1246,-1
KHAPRETA_510206,312144.860,2624373.200,130.8300,0.3469,1.5900,0.1016,-1
KHAPRETA_510206,312146.860,2624373.200,130.6700,0.3519,1.7500,0.1118,-1
KHAPRETA_510206,312149.860,2624373.200,130.9500,0.5569,1.4700,0.0939,-1
KHAPRETA_510206,312150.860,2624373.200,130.8900,0.0450,1.5300,0.0978,-1
KHAPRETA_510206,312151.860,2624373.200,130.8600,0.6669,1.5600,0.0997,-1
KHAPRETA_510206,312152.860,2624373.200,131.1200,0.5613,1.3000,0.0831,-1
KHAPRETA_510206,312153.860,2624373.200,130.7200,0.6746,1.7000,0.1086,-1
KHAPRETA_510206,312155.860,2624373.200,130.8800,0.2850,1.5400,0.0984,-1
KHAPRETA_510206,312160.860,2624373.200,130.9100,0.2200,1.5100,0.0965,-1
KHAPRETA_510206,312185.860,2624373.200,130.8200,0.4619,1.6000,0.1022,-1
KHAPRETA_510206,312188.860,2624373.200,130.8700,0.5669,1.5500,0.0990,-1
KHAPRETA_510206,312205.860,2624373.200,131.7100,1.0019,0.7100,0.0454,-1
KHAPRETA_510206,312250.860,2624373.200,132.1700,1.1669,0.2500,0.0160,-1
KHAPRETA_510206,312252.860,2624373.200,132.3200,0.0000,0.1000,0.0064,-1
KHAPRETA_510206,311900.860,2624374.200,131.5500,0.0000,0.8700,0.0556,-1
KHAPRETA_510206,311902.860,2624374.200,128.2500,1.4531,4.1700,0.2665,-1
KHAPRETA_510206,311904.860,2624374.200,126.9300,1.3981,5.4900,0.3508,-1
KHAPRETA_510206,311908.860,2624374.200,127.2600,1.1781,5.1600,0.3297,-1
KHAPRETA_510206,311916.860,2624374.200,131.8700,0.6069,0.5500,0.0351,-1
KHAPRETA_510206,311919.860,2624374.200,131.3800,0.7419,1.0400,0.0665,-1
KHAPRETA_510206,311920.860,2624374.200,131.2600,0.8019,1.1600,0.0741,-1
KHAPRETA_510206,311949.860,2624374.200,125.6700,0.0000,6.7500,0.4313,-1
KHAPRETA_510206,311951.860,2624374.200,125.8100,0.0000,6.6100,0.4224,-1
KHAPRETA_510206,311954.860,2624374.200,126.0500,2.1231,6.3700,0.4070,-1
KHAPRETA_510206,311955.860,2624374.200,125.5300,1.8631,6.8900,0.4403,-1
KHAPRETA_510206,311960.860,2624374.200,126.3300,0.0000,6.0900,0.3891,-1
KHAPRETA_510206,311962.860,2624374.200,126.7400,0.0000,5.6800,0.3629,-1
KHAPRETA_510206,311964.860,2624374.200,129.5900,0.3980,2.8300,0.1808,-1
KHAPRETA_510206,311965.860,2624374.200,129.4500,0.0931,2.9700,0.1898,-1
KHAPRETA_510206,311972.860,2624374.200,129.3500,0.1431,3.0700,0.1962,-1
KHAPRETA_510206,311974.860,2624374.200,129.6300,0.1554,2.7900,0.1783,-1
KHAPRETA_510206,311975.860,2624374.200,129.9300,0.1515,2.4900,0.1591,-1
KHAPRETA_510206,311976.860,2624374.200,129.8200,0.0800,2.6000,0.1661,-1
KHAPRETA_510206,311977.860,2624374.200,130.0900,0.0219,2.3300,0.1489,-1
KHAPRETA_510206,311979.860,2624374.200,129.7000,0.1231,2.7200,0.1738,-1
KHAPRETA_510206,311982.860,2624374.200,130.0100,0.1781,2.4100,0.1540,-1
KHAPRETA_510206,311986.860,2624374.200,130.0500,0.0000,2.3700,0.1514,-1
KHAPRETA_510206,311989.860,2624374.200,130.1500,0.0000,2.2700,0.1450,-1
KHAPRETA_510206,311991.860,2624374.200,130.8200,0.5699,1.6000,0.1022,-1
KHAPRETA_510206,311992.860,2624374.200,130.0600,0.5219,2.3600,0.1508,-1
KHAPRETA_510206,311996.860,2624374.200,129.4000,0.0000,3.0200,0.1930,-1
KHAPRETA_510206,312004.860,2624374.200,128.7600,0.9581,3.6600,0.2339,-1
KHAPRETA_510206,312008.860,2624374.200,131.1700,0.0000,1.2500,0.0799,-1
KHAPRETA_510206,312037.860,2624374.200,130.1700,0.0000,2.2500,0.1438,-1
KHAPRETA_510206,312041.860,2624374.200,127.9000,1.2646,4.5200,0.2888,-1
KHAPRETA_510206,312042.860,2624374.200,127.9000,1.4366,4.5200,0.2888,-1
KHAPRETA_510206,312054.860,2624374.200,128.4800,0.0000,3.9400,0.2518,-1
KHAPRETA_510206,312057.860,2624374.200,128.4100,0.0000,4.0100,0.2562,-1
KHAPRETA_510206,312059.860,2624374.200,128.5000,0.9523,3.9200,0.2505,-1
KHAPRETA_510206,312060.860,2624374.200,128.4700,0.6381,3.9500,0.2524,-1
KHAPRETA_510206,312063.860,2624374.200,131.6800,0.9770,0.7400,0.0473,-1
KHAPRETA_510206,312064.860,2624374.200,131.7300,1.3820,0.6900,0.0441,-1
KHAPRETA_510206,312066.860,2624374.200,131.8800,1.4726,0.5400,0.0345,-1
KHAPRETA_510206,312067.860,2624374.200,130.2900,2.3322,2.1300,0.1361,-1
KHAPRETA_510206,312068.860,2624374.200,128.7300,0.2569,3.6900,0.2358,-1
KHAPRETA_510206,312071.860,2624374.200,128.9200,0.5231,3.5000,0.2236,-1
KHAPRETA_510206,312077.860,2624374.200,129.1100,0.3281,3.3100,0.2115,-1
KHAPRETA_510206,312078.860,2624374.200,129.1200,0.2965,3.3000,0.2109,-1
KHAPRETA_510206,312079.860,2624374.200,129.2000,0.3281,3.2200,0.2058,-1
KHAPRETA_510206,312094.860,2624374.200,129.3200,0.1931,3.1000,0.1981,-1
KHAPRETA_510206,312097.860,2624374.200,129.2200,0.0000,3.2000,0.2045,-1
KHAPRETA_510206,312101.860,2624374.200,129.3400,0.2650,3.0800,0.1968,-1
KHAPRETA_510206,312106.860,2624374.200,129.9100,0.2119,2.5100,0.1604,-1
KHAPRETA_510206,312107.860,2624374.200,130.2000,0.1137,2.2200,0.1419,-1
KHAPRETA_510206,312109.860,2624374.200,130.2300,0.2969,2.1900,0.1399,-1
KHAPRETA_510206,312114.860,2624374.200,130.4200,0.0000,2.0000,0.1278,-1
KHAPRETA_510206,312118.860,2624374.200,130.4300,0.0000,1.9900,0.1272,-1
KHAPRETA_510206,312125.860,2624374.200,130.2800,0.0000,2.1400,0.1367,-1
KHAPRETA_510206,312129.860,2624374.200,130.9100,0.8250,1.5100,0.0965,-1
KHAPRETA_510206,312130.860,2624374.200,130.6900,0.7188,1.7300,0.1105,-1
KHAPRETA_510206,312135.860,2624374.200,130.1600,0.1969,2.2600,0.1444,-1
KHAPRETA_510206,312137.860,2624374.200,130.5400,0.4970,1.8800,0.1201,-1
KHAPRETA_510206,312138.860,2624374.200,130.2500,0.3819,2.1700,0.1387,-1
KHAPRETA_510206,312145.860,2624374.200,130.6900,0.3519,1.7300,0.1105,-1
KHAPRETA_510206,312146.860,2624374.200,130.4800,0.1097,1.9400,0.1240,-1
KHAPRETA_510206,312147.860,2624374.200,130.8500,0.3519,1.5700,0.1003,-1
KHAPRETA_510206,312151.860,2624374.200,131.0900,0.5419,1.3300,0.0850,-1
KHAPRETA_510206,312153.860,2624374.200,130.8900,0.1100,1.5300,0.0978,-1
KHAPRETA_510206,312155.860,2624374.200,131.1200,0.0900,1.3000,0.0831,-1
KHAPRETA_510206,312159.860,2624374.200,131.3700,0.3419,1.0500,0.0671,-1
KHAPRETA_510206,312160.860,2624374.200,130.4600,0.9780,1.9600,0.1252,-1
KHAPRETA_510206,312164.860,2624374.200,131.1000,0.0000,1.3200,0.0843,-1
KHAPRETA_510206,312182.860,2624374.200,130.7400,0.0000,1.6800,0.1073,-1
KHAPRETA_510206,312185.860,2624374.200,130.7000,0.7276,1.7200,0.1099,-1
KHAPRETA_510206,312186.860,2624374.200,130.7900,0.6970,1.6300,0.1042,-1
KHAPRETA_510206,312191.860,2624374.200,130.9600,0.6419,1.4600,0.0933,-1
KHAPRETA_510206,312195.860,2624374.200,131.1300,0.6919,1.2900,0.0824,-1
KHAPRETA_510206,312196.860,2624374.200,131.1600,0.0250,1.2600,0.0805,-1
KHAPRETA_510206,312197.860,2624374.200,131.1800,0.1600,1.2400,0.0792,-1
KHAPRETA_510206,312198.860,2624374.200,131.4800,0.1500,0.9400,0.0601,-1
KHAPRETA_510206,312199.860,2624374.200,131.4800,0.0000,0.9400,0.0601,-1
KHAPRETA_510206,312200.860,2624374.200,131.4800,0.8519,0.9400,0.0601,-1
KHAPRETA_510206,312216.860,2624374.200,132.3100,0.0000,0.1100,0.0070,-1
KHAPRETA_510206,312247.860,2624374.200,132.2300,0.0000,0.1900,0.0121,-1
KHAPRETA_510206,311902.860,2624375.200,126.8700,0.7631,5.5500,0.3546,-1
KHAPRETA_510206,311904.860,2624375.200,126.9800,1.4231,5.4400,0.3476,-1
KHAPRETA_510206,311906.860,2624375.200,127.1300,0.0000,5.2900,0.3380,-1
KHAPRETA_510206,311908.860,2624375.200,127.4200,1.2581,5.0000,0.3195,-1
KHAPRETA_510206,311915.860,2624375.200,131.6400,0.0000,0.7800,0.0498,-1
KHAPRETA_510206,311932.860,2624375.200,129.3900,0.0000,3.0300,0.1936,-1
KHAPRETA_510206,311934.860,2624375.200,125.8400,2.1581,6.5800,0.4204,-1
KHAPRETA_510206,311935.860,2624375.200,125.4600,1.9681,6.9600,0.4447,-1
KHAPRETA_510206,311937.860,2624375.200,125.5800,0.0000,6.8400,0.4371,-1
KHAPRETA_510206,311939.860,2624375.200,125.4800,1.7981,6.9400,0.4435,-1
KHAPRETA_510206,311940.860,2624375.200,126.1800,2.1481,6.2400,0.3987,-1
KHAPRETA_510206,311945.860,2624375.200,125.4000,2.2031,7.0200,0.4486,-1
KHAPRETA_510206,311946.860,2624375.200,125.3700,3.1015,7.0500,0.4505,-1
KHAPRETA_510206,311952.860,2624375.200,125.8400,0.0000,6.5800,0.4204,-1
KHAPRETA_510206,311956.860,2624375.200,125.8700,1.9081,6.5500,0.4185,-1
KHAPRETA_510206,311957.860,2624375.200,125.9600,1.9531,6.4600,0.4128,-1
KHAPRETA_510206,311961.860,2624375.200,126.6200,0.0000,5.8000,0.3706,-1
KHAPRETA_510206,311964.860,2624375.200,129.0500,0.0931,3.3700,0.2153,-1
KHAPRETA_510206,311968.860,2624375.200,131.0400,0.0000,1.3800,0.0882,-1
KHAPRETA_510206,311974.860,2624375.200,129.9500,0.0731,2.4700,0.1578,-1
KHAPRETA_510206,311983.860,2624375.200,129.0900,0.0000,3.3300,0.2128,-1
KHAPRETA_510206,311987.860,2624375.200,130.0400,0.0000,2.3800,0.1521,-1
KHAPRETA_510206,311990.860,2624375.200,130.2300,0.5519,2.1900,0.1399,-1
KHAPRETA_510206,311991.860,2624375.200,130.8800,0.5691,1.5400,0.0984,-1
KHAPRETA_510206,311995.860,2624375.200,129.4600,0.8119,2.9600,0.1891,-1
KHAPRETA_510206,312002.860,2624375.200,131.8900,0.0000,0.5300,0.0339,-1
KHAPRETA_510206,312009.860,2624375.200,132.3100,1.0969,0.1100,0.0070,-1
KHAPRETA_510206,312038.860,2624375.200,130.6700,0.8019,1.7500,0.1118,-1
KHAPRETA_510206,312042.860,2624375.200,127.6000,0.9381,4.8200,0.3080,-1
KHAPRETA_510206,312046.860,2624375.200,127.9900,0.8731,4.4300,0.2831,-1
KHAPRETA_510206,312047.860,2624375.200,128.0300,0.8931,4.3900,0.2805,-1
KHAPRETA_510206,312056.860,2624375.200,128.4800,0.0000,3.9400,0.2518,-1
KHAPRETA_510206,312063.860,2624375.200,128.5600,1.5900,3.8600,0.2466,-1
KHAPRETA_510206,312065.860,2624375.200,129.4800,0.3881,2.9400,0.1879,-1
KHAPRETA_510206,312066.860,2624375.200,129.0000,1.6923,3.4200,0.2185,-1
KHAPRETA_510206,312067.860,2624375.200,128.5700,0.4654,3.8500,0.2460,-1
KHAPRETA_510206,312069.860,2624375.200,128.6700,0.5581,3.7500,0.2396,-1
KHAPRETA_510206,312071.860,2624375.200,128.7300,0.3857,3.6900,0.2358,-1
KHAPRETA_510206,312072.860,2624375.200,129.0100,0.5231,3.4100,0.2179,-1
KHAPRETA_510206,312082.860,2624375.200,129.2500,0.2681,3.1700,0.2026,-1
KHAPRETA_510206,312087.860,2624375.200,129.2800,0.0000,3.1400,0.2006,-1
KHAPRETA_510206,312091.860,2624375.200,129.2900,0.0000,3.1300,0.2000,-1
KHAPRETA_510206,312095.860,2624375.200,129.3700,0.0000,3.0500,0.1949,-1
KHAPRETA_510206,312101.860,2624375.200,129.7700,0.2549,2.6500,0.1693,-1
KHAPRETA_510206,312102.860,2624375.200,130.0400,0.0300,2.3800,0.1521,-1
KHAPRETA_510206,312103.860,2624375.200,129.8300,0.2496,2.5900,0.1655,-1
KHAPRETA_510206,312105.860,2624375.200,130.2500,0.0000,2.1700,0.1387,-1
KHAPRETA_510206,312109.860,2624375.200,130.3700,0.3580,2.0500,0.1310,-1
KHAPRETA_510206,312110.860,2624375.200,130.3300,0.2969,2.0900,0.1335,-1
KHAPRETA_510206,312116.860,2624375.200,130.4100,0.0000,2.0100,0.1284,-1
KHAPRETA_510206,312123.860,2624375.200,130.4600,0.0000,1.9600,0.1252,-1
KHAPRETA_510206,312129.860,2624375.200,131.1500,0.7188,1.2700,0.0812,-1
KHAPRETA_510206,312130.860,2624375.200,130.6600,0.8250,1.7600,0.1125,-1
KHAPRETA_510206,312137.860,2624375.200,130.6500,0.0750,1.7700,0.1131,-1
KHAPRETA_510206,312140.860,2624375.200,130.7300,0.5169,1.6900,0.1080,-1
KHAPRETA_510206,312141.860,2624375.200,130.8100,0.4769,1.6100,0.1029,-1
KHAPRETA_510206,312144.860,2624375.200,130.4800,0.0000,1.9400,0.1240,-1
KHAPRETA_510206,312146.860,2624375.200,130.8200,0.3519,1.6000,0.1022,-1
KHAPRETA_510206,312148.860,2624375.200,130.5600,0.0000,1.8600,0.1188,-1
KHAPRETA_510206,312152.860,2624375.200,130.7400,0.6811,1.6800,0.1073,-1
KHAPRETA_510206,312153.860,2624375.200,130.5000,0.7365,1.9200,0.1227,-1
KHAPRETA_510206,312155.860,2624375.200,130.7000,0.8357,1.7200,0.1099,-1
KHAPRETA_510206,312156.860,2624375.200,130.7700,0.4619,1.6500,0.1054,-1
KHAPRETA_510206,312161.860,2624375.200,130.9700,0.6419,1.4500,0.0927,-1
KHAPRETA_510206,312186.860,2624375.200,130.8200,0.5175,1.6000,0.1022,-1
KHAPRETA_510206,312187.860,2624375.200,130.8100,0.5219,1.6100,0.1029,-1
KHAPRETA_510206,312189.860,2624375.200,130.8900,0.0000,1.5300,0.0978,-1
KHAPRETA_510206,312191.860,2624375.200,131.0600,0.5919,1.3600,0.0869,-1
KHAPRETA_510206,312193.860,2624375.200,131.1100,0.0000,1.3100,0.0837,-1
KHAPRETA_510206,312201.860,2624375.200,131.6500,0.8319,0.7700,0.0492,-1
KHAPRETA_510206,312246.860,2624375.200,132.3200,0.0000,0.1000,0.0064,-1
KHAPRETA_510206,312249.860,2624375.200,132.2800,0.0000,0.1400,0.0089,-1
KHAPRETA_510206,311905.860,2624376.200,127.0300,0.0000,5.3900,0.3444,-1
KHAPRETA_510206,311907.860,2624376.200,127.2300,0.0000,5.1900,0.3316,-1
KHAPRETA_510206,311914.860,2624376.200,131.1500,0.0000,1.2700,0.0812,-1
KHAPRETA_510206,311941.860,2624376.200,125.5800,2.2181,6.8400,0.4371,-1
KHAPRETA_510206,311942.860,2624376.200,125.3400,2.0981,7.0800,0.4524,-1
KHAPRETA_510206,311944.860,2624376.200,125.3200,0.0000,7.1000,0.4537,-1
KHAPRETA_510206,311946.860,2624376.200,125.3800,2.2031,7.0400,0.4498,-1
KHAPRETA_510206,311949.860,2624376.200,125.7000,0.0000,6.7200,0.4294,-1
KHAPRETA_510206,311966.860,2624376.200,129.2100,0.1931,3.2100,0.2051,-1
KHAPRETA_510206,311967.860,2624376.200,129.3900,0.2831,3.0300,0.1936,-1
KHAPRETA_510206,311969.860,2624376.200,129.3500,0.8581,3.0700,0.1962,-1
KHAPRETA_510206,311970.860,2624376.200,128.0600,0.0150,4.3600,0.2786,-1
KHAPRETA_510206,311971.860,2624376.200,129.3800,0.8581,3.0400,0.1942,-1
KHAPRETA_510206,311973.860,2624376.200,129.7300,0.4631,2.6900,0.1719,-1
KHAPRETA_510206,311995.860,2624376.200,131.4000,0.1581,1.0200,0.0652,-1
KHAPRETA_510206,312004.860,2624376.200,130.4200,0.5869,2.0000,0.1278,-1
KHAPRETA_510206,312006.860,2624376.200,130.6400,0.6169,1.7800,0.1137,-1
KHAPRETA_510206,312007.860,2624376.200,131.0100,1.0363,1.4100,0.0901,-1
KHAPRETA_510206,312009.860,2624376.200,131.9700,0.5750,0.4500,0.0288,-1
KHAPRETA_510206,312036.860,2624376.200,131.1500,0.0000,1.2700,0.0812,-1
KHAPRETA_510206,312038.860,2624376.200,131.3800,0.4469,1.0400,0.0665,-1
KHAPRETA_510206,312049.860,2624376.200,128.0900,0.0000,4.3300,0.2767,-1
KHAPRETA_510206,312055.860,2624376.200,128.5100,0.0000,3.9100,0.2498,-1
KHAPRETA_510206,312057.860,2624376.200,128.5300,0.5431,3.8900,0.2486,-1
KHAPRETA_510206,312059.860,2624376.200,128.5200,0.0000,3.9000,0.2492,-1
KHAPRETA_510206,312063.860,2624376.200,128.5000,0.6081,3.9200,0.2505,-1
KHAPRETA_510206,312066.860,2624376.200,128.6200,0.3881,3.8000,0.2428,-1
KHAPRETA_510206,312069.860,2624376.200,128.6600,0.3440,3.7600,0.2403,-1
KHAPRETA_510206,312070.860,2624376.200,129.0900,0.4010,3.3300,0.2128,-1
KHAPRETA_510206,312071.860,2624376.200,128.8300,0.4901,3.5900,0.2294,-1
KHAPRETA_510206,312074.860,2624376.200,129.1800,0.0000,3.2400,0.2070,-1
KHAPRETA_510206,312076.860,2624376.200,129.1300,0.0000,3.2900,0.2102,-1
KHAPRETA_510206,312082.860,2624376.200,129.2400,0.0300,3.1800,0.2032,-1
KHAPRETA_510206,312090.860,2624376.200,129.2800,0.2081,3.1400,0.2006,-1
KHAPRETA_510206,312097.860,2624376.200,129.4400,0.0000,2.9800,0.1904,-1
KHAPRETA_510206,312103.860,2624376.200,130.2000,0.2050,2.2200,0.1419,-1
KHAPRETA_510206,312117.860,2624376.200,130.4300,0.4695,1.9900,0.1272,-1
KHAPRETA_510206,312118.860,2624376.200,130.4300,0.0250,1.9900,0.1272,-1
KHAPRETA_510206,312119.860,2624376.200,130.4800,0.3269,1.9400,0.1240,-1
KHAPRETA_510206,312134.860,2624376.200,130.6100,0.7353,1.8100,0.1157,-1
KHAPRETA_510206,312135.860,2624376.200,130.8600,0.6449,1.5600,0.0997,-1
KHAPRETA_510206,312137.860,2624376.200,130.6900,0.1100,1.7300,0.1105,-1
KHAPRETA_510206,312139.860,2624376.200,130.4200,0.0000,2.0000,0.1278,-1
KHAPRETA_510206,312142.860,2624376.200,130.9100,0.0000,1.5100,0.0965,-1
KHAPRETA_510206,312145.860,2624376.200,130.9800,0.0000,1.4400,0.0920,-1
KHAPRETA_510206,312147.860,2624376.200,130.8900,0.0000,1.5300,0.0978,-1
KHAPRETA_510206,312149.860,2624376.200,130.8000,0.7316,1.6200,0.1035,-1
KHAPRETA_510206,312150.860,2624376.200,130.8500,0.8017,1.5700,0.1003,-1
KHAPRETA_510206,312152.860,2624376.200,130.9300,0.4819,1.4900,0.0952,-1
KHAPRETA_510206,312157.860,2624376.200,130.8200,0.4569,1.6000,0.1022,-1
KHAPRETA_510206,312158.860,2624376.200,130.6900,0.5219,1.7300,0.1105,-1
KHAPRETA_510206,312161.860,2624376.200,131.0600,0.5969,1.3600,0.0869,-1
KHAPRETA_510206,312183.860,2624376.200,130.6100,0.0000,1.8100,0.1157,-1
KHAPRETA_510206,312186.860,2624376.200,130.8400,0.5219,1.5800,0.1010,-1
KHAPRETA_510206,312188.860,2624376.200,130.9600,0.0000,1.4600,0.0933,-1
KHAPRETA_510206,312190.860,2624376.200,131.1400,0.8769,1.2800,0.0818,-1
KHAPRETA_510206,312194.860,2624376.200,131.1400,0.0000,1.2800,0.0818,-1
KHAPRETA_510206,312200.860,2624376.200,131.4700,0.8319,0.9500,0.0607,-1
KHAPRETA_510206,312201.860,2624376.200,131.4400,0.9385,0.9800,0.0626,-1
KHAPRETA_510206,312202.860,2624376.200,131.5800,0.0750,0.8400,0.0537,-1
KHAPRETA_510206,312203.860,2624376.200,131.5900,0.9019,0.8300,0.0530,-1
KHAPRETA_510206,311906.860,2624377.200,128.0200,0.6681,4.4000,0.2811,-1
KHAPRETA_510206,311933.860,2624377.200,126.3900,0.0000,6.0300,0.3853,-1
KHAPRETA_510206,311938.860,2624377.200,125.9200,0.0000,6.5000,0.4153,-1
KHAPRETA_510206,311951.860,2624377.200,126.6300,1.8431,5.7900,0.3700,-1
KHAPRETA_510206,311952.860,2624377.200,126.0900,1.5731,6.3300,0.4045,-1
KHAPRETA_510206,311954.860,2624377.200,126.0700,0.0000,6.3500,0.4058,-1
KHAPRETA_510206,311956.860,2624377.200,126.1100,0.0000,6.3100,0.4032,-1
KHAPRETA_510206,311960.860,2624377.200,126.2500,1.8081,6.1700,0.3942,-1
KHAPRETA_510206,311963.860,2624377.200,129.6000,0.0000,2.8200,0.1802,-1
KHAPRETA_510206,311972.860,2624377.200,129.1900,0.6620,3.2300,0.2064,-1
KHAPRETA_510206,311973.860,2624377.200,128.8500,0.2940,3.5700,0.2281,-1
KHAPRETA_510206,311975.860,2624377.200,129.3400,0.1781,3.0800,0.1968,-1
KHAPRETA_510206,311982.860,2624377.200,130.9900,0.0000,1.4300,0.0914,-1
KHAPRETA_510206,312004.860,2624377.200,130.9500,0.5150,1.4700,0.0939,-1
KHAPRETA_510206,312007.860,2624377.200,131.6600,0.8422,0.7600,0.0486,-1
KHAPRETA_510206,312008.860,2624377.200,131.3500,0.2500,1.0700,0.0684,-1
KHAPRETA_510206,312009.860,2624377.200,131.1600,1.3500,1.2600,0.0805,-1
KHAPRETA_510206,312043.860,2624377.200,127.0600,0.0000,5.3600,0.3425,-1
KHAPRETA_510206,312050.860,2624377.200,128.4900,0.0000,3.9300,0.2511,-1
KHAPRETA_510206,312056.860,2624377.200,128.5000,0.5431,3.9200,0.2505,-1
KHAPRETA_510206,312057.860,2624377.200,128.6900,1.0509,3.7300,0.2383,-1
KHAPRETA_510206,312061.860,2624377.200,128.5700,0.5931,3.8500,0.2460,-1
KHAPRETA_510206,312062.860,2624377.200,128.5900,0.6031,3.8300,0.2447,-1
KHAPRETA_510206,312068.860,2624377.200,129.5200,0.5281,2.9000,0.1853,-1
KHAPRETA_510206,312069.860,2624377.200,128.7200,1.2167,3.7000,0.2364,-1
KHAPRETA_510206,312070.860,2624377.200,130.5600,0.4937,1.8600,0.1188,-1
KHAPRETA_510206,312071.860,2624377.200,129.4300,0.6143,2.9900,0.1911,-1
KHAPRETA_510206,312073.860,2624377.200,129.1000,0.0000,3.3200,0.2121,-1
KHAPRETA_510206,312075.860,2624377.200,129.2900,0.0000,3.1300,0.2000,-1
KHAPRETA_510206,312082.860,2624377.200,129.3100,0.0000,3.1100,0.1987,-1
KHAPRETA_510206,312088.860,2624377.200,129.3000,0.2131,3.1200,0.1994,-1
KHAPRETA_510206,312089.860,2624377.200,129.3500,0.0300,3.0700,0.1962,-1
KHAPRETA_510206,312090.860,2624377.200,129.3600,0.3270,3.0600,0.1955,-1
KHAPRETA_510206,312094.860,2624377.200,129.4300,0.1981,2.9900,0.1911,-1
KHAPRETA_510206,312095.860,2624377.200,129.3800,0.1731,3.0400,0.1942,-1
KHAPRETA_510206,312098.860,2624377.200,129.9500,0.0000,2.4700,0.1578,-1
KHAPRETA_510206,312103.860,2624377.200,130.2400,0.2119,2.1800,0.1393,-1
KHAPRETA_510206,312109.860,2624377.200,130.2900,0.0000,2.1300,0.1361,-1
KHAPRETA_510206,312117.860,2624377.200,130.4500,0.3269,1.9700,0.1259,-1
KHAPRETA_510206,312124.860,2624377.200,130.5300,0.6747,1.8900,0.1208,-1
KHAPRETA_510206,312125.860,2624377.200,130.8600,0.5809,1.5600,0.0997,-1
KHAPRETA_510206,312127.860,2624377.200,130.7200,0.2319,1.7000,0.1086,-1
KHAPRETA_510206,312128.860,2624377.200,130.2400,0.4719,2.1800,0.1393,-1
KHAPRETA_510206,312133.860,2624377.200,131.0700,0.4969,1.3500,0.0863,-1
KHAPRETA_510206,312134.860,2624377.200,130.7700,0.4448,1.6500,0.1054,-1
KHAPRETA_510206,312135.860,2624377.200,130.7600,0.5453,1.6600,0.1061,-1
KHAPRETA_510206,312136.860,2624377.200,130.6500,0.1650,1.7700,0.1131,-1
KHAPRETA_510206,312137.860,2624377.200,130.4300,0.6322,1.9900,0.1272,-1
KHAPRETA_510206,312143.860,2624377.200,130.6200,0.8331,1.8000,0.1150,-1
KHAPRETA_510206,312144.860,2624377.200,130.8500,0.4219,1.5700,0.1003,-1
KHAPRETA_510206,312148.860,2624377.200,130.9400,0.4969,1.4800,0.0946,-1
KHAPRETA_510206,312149.860,2624377.200,130.7700,0.1589,1.6500,0.1054,-1
KHAPRETA_510206,312150.860,2624377.200,131.0100,0.7316,1.4100,0.0901,-1
KHAPRETA_510206,312154.860,2624377.200,130.7100,0.6578,1.7100,0.1093,-1
KHAPRETA_510206,312155.860,2624377.200,130.3500,0.4669,2.0700,0.1323,-1
KHAPRETA_510206,312160.860,2624377.200,130.5100,0.2919,1.9100,0.1220,-1
KHAPRETA_510206,312185.860,2624377.200,130.9800,0.7019,1.4400,0.0920,-1
KHAPRETA_510206,312190.860,2624377.200,131.5300,1.1109,0.8900,0.0569,-1
KHAPRETA_510206,312191.860,2624377.200,131.5300,1.2473,0.8900,0.0569,-1
KHAPRETA_510206,312196.860,2624377.200,131.1600,0.7069,1.2600,0.0805,-1
KHAPRETA_510206,312197.860,2624377.200,131.1900,0.6919,1.2300,0.0786,-1
KHAPRETA_510206,312242.860,2624377.200,132.2300,0.0000,0.1900,0.0121,-1
KHAPRETA_510206,312246.860,2624377.200,132.2900,1.7917,0.1300,0.0083,-1
KHAPRETA_510206,312247.860,2624377.200,132.3100,1.2569,0.1100,0.0070,-1
KHAPRETA_510206,311904.860,2624378.200,132.3800,0.0000,0.0400,0.0026,-1
KHAPRETA_510206,311906.860,2624378.200,128.4400,0.8781,3.9800,0.2543,-1
KHAPRETA_510206,311914.860,2624378.200,130.8100,0.0000,1.6100,0.1029,-1
KHAPRETA_510206,311932.860,2624378.200,126.7400,0.0000,5.6800,0.3629,-1
KHAPRETA_510206,311949.860,2624378.200,126.5200,0.0000,5.9000,0.3770,-1
KHAPRETA_510206,311953.860,2624378.200,126.1400,0.0000,6.2800,0.4013,-1
KHAPRETA_510206,311960.860,2624378.200,126.1600,1.7631,6.2600,0.4000,-1
KHAPRETA_510206,311966.860,2624378.200,131.1100,0.0000,1.3100,0.0837,-1
KHAPRETA_510206,311968.860,2624378.200,131.8200,0.0000,0.6000,0.0383,-1
KHAPRETA_510206,311972.860,2624378.200,128.8300,0.1400,3.5900,0.2294,-1
KHAPRETA_510206,311975.860,2624378.200,129.4200,0.2181,3.0000,0.1917,-1
KHAPRETA_510206,311984.860,2624378.200,131.5400,0.0000,0.8800,0.0562,-1
KHAPRETA_510206,311995.860,2624378.200,130.7800,1.1169,1.6400,0.1048,-1
KHAPRETA_510206,312002.860,2624378.200,131.6000,0.0000,0.8200,0.0524,-1
KHAPRETA_510206,312004.860,2624378.200,131.4500,0.5869,0.9700,0.0620,-1
KHAPRETA_510206,312007.860,2624378.200,131.6100,0.9419,0.8100,0.0518,-1
KHAPRETA_510206,312035.860,2624378.200,131.8200,0.0000,0.6000,0.0383,-1
KHAPRETA_510206,312057.860,2624378.200,130.2000,0.9250,2.2200,0.1419,-1
KHAPRETA_510206,312067.860,2624378.200,129.9400,0.4731,2.4800,0.1585,-1
KHAPRETA_510206,312069.860,2624378.200,130.8600,1.1450,1.5600,0.0997,-1
KHAPRETA_510206,312072.860,2624378.200,129.0300,0.3969,3.3900,0.2166,-1
KHAPRETA_510206,312078.860,2624378.200,129.3000,0.3181,3.1200,0.1994,-1
KHAPRETA_510206,312079.860,2624378.200,129.1400,0.0300,3.2800,0.2096,-1
KHAPRETA_510206,312080.860,2624378.200,129.2400,0.0350,3.1800,0.2032,-1
KHAPRETA_510206,312081.860,2624378.200,129.2100,0.0000,3.2100,0.2051,-1
KHAPRETA_510206,312082.860,2624378.200,129.2400,0.2874,3.1800,0.2032,-1
KHAPRETA_510206,312105.860,2624378.200,130.2500,0.0000,2.1700,0.1387,-1
KHAPRETA_510206,312115.860,2624378.200,130.4200,0.0000,2.0000,0.1278,-1
KHAPRETA_510206,312118.860,2624378.200,130.3700,0.3019,2.0500,0.1310,-1
KHAPRETA_510206,312122.860,2624378.200,130.1100,0.0000,2.3100,0.1476,-1
KHAPRETA_510206,312124.860,2624378.200,130.5800,0.4424,1.8400,0.1176,-1
KHAPRETA_510206,312125.860,2624378.200,130.6600,0.4098,1.7600,0.1125,-1
KHAPRETA_510206,312129.860,2624378.200,130.8500,0.0000,1.5700,0.1003,-1
KHAPRETA_510206,312139.860,2624378.200,130.6700,0.4619,1.7500,0.1118,-1
KHAPRETA_510206,312140.860,2624378.200,130.7000,0.4469,1.7200,0.1099,-1
KHAPRETA_510206,312143.860,2624378.200,131.0500,0.0200,1.3700,0.0875,-1
KHAPRETA_510206,312145.860,2624378.200,130.9000,0.0000,1.5200,0.0971,-1
KHAPRETA_510206,312149.860,2624378.200,131.1100,0.4969,1.3100,0.0837,-1
KHAPRETA_510206,312151.860,2624378.200,131.0900,0.7934,1.3300,0.0850,-1
KHAPRETA_510206,312152.860,2624378.200,131.1500,0.0900,1.2700,0.0812,-1
KHAPRETA_510206,312153.860,2624378.200,130.9100,0.0950,1.5100,0.0965,-1
KHAPRETA_510206,312154.860,2624378.200,130.9600,0.6137,1.4600,0.0933,-1
KHAPRETA_510206,312156.860,2624378.200,130.7600,0.6169,1.6600,0.1061,-1
KHAPRETA_510206,312157.860,2624378.200,131.0100,0.4919,1.4100,0.0901,-1
KHAPRETA_510206,312160.860,2624378.200,130.3600,0.4308,2.0600,0.1316,-1
KHAPRETA_510206,312161.860,2624378.200,130.5800,0.2919,1.8400,0.1176,-1
KHAPRETA_510206,312163.860,2624378.200,131.0000,0.0000,1.4200,0.0907,-1
KHAPRETA_510206,312178.860,2624378.200,131.0800,0.0000,1.3400,0.0856,-1
KHAPRETA_510206,312182.860,2624378.200,131.2300,0.0000,1.1900,0.0760,-1
KHAPRETA_510206,312184.860,2624378.200,130.9700,0.7019,1.4500,0.0927,-1
KHAPRETA_510206,312185.860,2624378.200,131.1800,0.6066,1.2400,0.0792,-1
KHAPRETA_510206,312186.860,2624378.200,131.1200,0.3150,1.3000,0.0831,-1
KHAPRETA_510206,312187.860,2624378.200,131.8100,0.1600,0.6100,0.0390,-1
KHAPRETA_510206,312188.860,2624378.200,131.4400,1.0169,0.9800,0.0626,-1
KHAPRETA_510206,312191.860,2624378.200,131.5500,0.0150,0.8700,0.0556,-1
KHAPRETA_510206,312194.860,2624378.200,131.3900,0.0000,1.0300,0.0658,-1
KHAPRETA_510206,312202.860,2624378.200,131.7200,0.0000,0.7000,0.0447,-1
KHAPRETA_510206,312246.860,2624378.200,132.3100,0.0300,0.1100,0.0070,-1
KHAPRETA_510206,311931.860,2624379.200,131.4000,1.0369,1.0200,0.0652,-1
KHAPRETA_510206,311933.860,2624379.200,125.6900,0.0000,6.7300,0.4300,-1
KHAPRETA_510206,311938.860,2624379.200,126.2500,2.0331,6.1700,0.3942,-1
KHAPRETA_510206,311939.860,2624379.200,125.7100,1.7631,6.7100,0.4288,-1
KHAPRETA_510206,311948.860,2624379.200,126.3800,0.0000,6.0400,0.3859,-1
KHAPRETA_510206,311950.860,2624379.200,126.1800,0.0000,6.2400,0.3987,-1
KHAPRETA_510206,311952.860,2624379.200,126.2400,0.0000,6.1800,0.3949,-1
KHAPRETA_510206,311955.860,2624379.200,126.2800,1.7281,6.1400,0.3923,-1
KHAPRETA_510206,311965.860,2624379.200,130.8300,0.0000,1.5900,0.1016,-1
KHAPRETA_510206,311972.860,2624379.200,128.9100,0.4731,3.5100,0.2243,-1
KHAPRETA_510206,311974.860,2624379.200,132.0700,0.0000,0.3500,0.0224,-1
KHAPRETA_510206,311983.860,2624379.200,131.2600,0.0000,1.1600,0.0741,-1
KHAPRETA_510206,311985.860,2624379.200,131.1300,0.0000,1.2900,0.0824,-1
KHAPRETA_510206,311994.860,2624379.200,130.2900,1.1169,2.1300,0.1361,-1
KHAPRETA_510206,311995.860,2624379.200,132.0100,0.2950,0.4100,0.0262,-1
KHAPRETA_510206,312003.860,2624379.200,131.4300,0.9369,0.9900,0.0633,-1
KHAPRETA_510206,312009.860,2624379.200,131.7800,0.0000,0.6400,0.0409,-1
KHAPRETA_510206,312016.860,2624379.200,127.9600,0.8581,4.4600,0.2850,-1
KHAPRETA_510206,312028.860,2624379.200,127.9900,0.8531,4.4300,0.2831,-1
KHAPRETA_510206,312033.860,2624379.200,127.9200,0.8481,4.5000,0.2875,-1
KHAPRETA_510206,312037.860,2624379.200,130.8800,0.8331,1.5400,0.0984,-1
KHAPRETA_510206,312042.860,2624379.200,130.2100,0.0000,2.2100,0.1412,-1
KHAPRETA_510206,312054.860,2624379.200,128.7800,0.5831,3.6400,0.2326,-1
KHAPRETA_510206,312057.860,2624379.200,130.5400,0.3250,1.8800,0.1201,-1
KHAPRETA_510206,312059.860,2624379.200,128.5400,0.5931,3.8800,0.2479,-1
KHAPRETA_510206,312060.860,2624379.200,128.5900,0.6181,3.8300,0.2447,-1
KHAPRETA_510206,312065.860,2624379.200,128.6800,0.6081,3.7400,0.2390,-1
KHAPRETA_510206,312066.860,2624379.200,128.5600,0.4740,3.8600,0.2466,-1
KHAPRETA_510206,312067.860,2624379.200,128.8300,0.6136,3.5900,0.2294,-1
KHAPRETA_510206,312069.860,2624379.200,131.0100,0.7952,1.4100,0.0901,-1
KHAPRETA_510206,312070.860,2624379.200,130.9400,0.0600,1.4800,0.0946,-1
KHAPRETA_510206,312071.860,2624379.200,131.1300,0.3499,1.2900,0.0824,-1
KHAPRETA_510206,312072.860,2624379.200,130.5700,0.7729,1.8500,0.1182,-1
KHAPRETA_510206,312077.860,2624379.200,129.1400,0.0000,3.2800,0.2096,-1
KHAPRETA_510206,312082.860,2624379.200,129.2100,0.2681,3.2100,0.2051,-1
KHAPRETA_510206,312088.860,2624379.200,129.3000,0.0000,3.1200,0.1994,-1
KHAPRETA_510206,312090.860,2624379.200,129.4300,0.0481,2.9900,0.1911,-1
KHAPRETA_510206,312092.860,2624379.200,129.6000,0.0000,2.8200,0.1802,-1
KHAPRETA_510206,312095.860,2624379.200,130.0700,0.0000,2.3500,0.1502,-1
KHAPRETA_510206,312098.860,2624379.200,130.1100,0.2399,2.3100,0.1476,-1
KHAPRETA_510206,312099.860,2624379.200,130.1700,0.1669,2.2500,0.1438,-1
KHAPRETA_510206,312103.860,2624379.200,130.2100,0.2119,2.2100,0.1412,-1
KHAPRETA_510206,312111.860,2624379.200,130.3600,0.0000,2.0600,0.1316,-1
KHAPRETA_510206,312118.860,2624379.200,130.3800,0.2969,2.0400,0.1304,-1
KHAPRETA_510206,312124.860,2624379.200,130.4900,0.6123,1.9300,0.1233,-1
KHAPRETA_510206,312125.860,2624379.200,130.7000,0.4753,1.7200,0.1099,-1
KHAPRETA_510206,312126.860,2624379.200,130.8400,0.6428,1.5800,0.1010,-1
KHAPRETA_510206,312134.860,2624379.200,130.6200,0.5119,1.8000,0.1150,-1
KHAPRETA_510206,312141.860,2624379.200,130.6200,0.3969,1.8000,0.1150,-1
KHAPRETA_510206,312142.860,2624379.200,130.5700,0.5973,1.8500,0.1182,-1
KHAPRETA_510206,312143.860,2624379.200,130.6600,0.4133,1.7600,0.1125,-1
KHAPRETA_510206,312150.860,2624379.200,130.9900,0.3969,1.4300,0.0914,-1
KHAPRETA_510206,312151.860,2624379.200,130.5700,0.8944,1.8500,0.1182,-1
KHAPRETA_510206,312154.860,2624379.200,131.1800,0.6720,1.2400,0.0792,-1
KHAPRETA_510206,312155.860,2624379.200,131.1200,1.1000,1.3000,0.0831,-1
KHAPRETA_510206,312158.860,2624379.200,131.3500,0.7969,1.0700,0.0684,-1
KHAPRETA_510206,312159.860,2624379.200,131.3700,0.5854,1.0500,0.0671,-1
KHAPRETA_510206,312160.860,2624379.200,130.8200,0.8229,1.6000,0.1022,-1
KHAPRETA_510206,312162.860,2624379.200,130.4400,0.0000,1.9800,0.1265,-1
KHAPRETA_510206,312164.860,2624379.200,130.5800,0.0000,1.8400,0.1176,-1
KHAPRETA_510206,312177.860,2624379.200,131.0300,0.0000,1.3900,0.0888,-1
KHAPRETA_510206,312179.860,2624379.200,130.8200,0.0000,1.6000,0.1022,-1
KHAPRETA_510206,312191.860,2624379.200,131.5000,0.8869,0.9200,0.0588,-1
KHAPRETA_510206,312193.860,2624379.200,131.7500,0.0000,0.6700,0.0428,-1
KHAPRETA_510206,312198.860,2624379.200,131.2200,0.7619,1.2000,0.0767,-1
KHAPRETA_510206,312199.860,2624379.200,131.3000,0.7219,1.1200,0.0716,-1
KHAPRETA_510206,312203.860,2624379.200,131.8100,0.0000,0.6100,0.0390,-1
KHAPRETA_510206,312246.860,2624379.200,132.3500,1.2669,0.0700,0.0045,-1
KHAPRETA_510206,311908.860,2624380.200,127.7100,0.0000,4.7100,0.3010,-1
KHAPRETA_510206,311912.860,2624380.200,129.7100,0.0000,2.7100,0.1732,-1
KHAPRETA_510206,311915.860,2624380.200,131.4900,0.7019,0.9300,0.0594,-1
KHAPRETA_510206,311931.860,2624380.200,131.8500,2.3667,0.5700,0.0364,-1
KHAPRETA_510206,311932.860,2624380.200,130.8500,1.1050,1.5700,0.1003,-1
KHAPRETA_510206,311934.860,2624380.200,125.6500,2.7710,6.7700,0.4326,-1
KHAPRETA_510206,311935.860,2624380.200,126.1100,2.0631,6.3100,0.4032,-1
KHAPRETA_510206,311945.860,2624380.200,125.2600,0.0000,7.1600,0.4575,-1
KHAPRETA_510206,311951.860,2624380.200,126.1500,1.7631,6.2700,0.4006,-1
KHAPRETA_510206,311953.860,2624380.200,126.2100,1.6331,6.2100,0.3968,-1
KHAPRETA_510206,311955.860,2624380.200,126.3200,0.0850,6.1000,0.3898,-1
KHAPRETA_510206,311959.860,2624380.200,126.5800,0.0000,5.8400,0.3732,-1
KHAPRETA_510206,311982.860,2624380.200,128.9200,0.0000,3.5000,0.2236,-1
KHAPRETA_510206,311995.860,2624380.200,131.0700,0.3750,1.3500,0.0863,-1
KHAPRETA_510206,312003.860,2624380.200,131.6500,1.1077,0.7700,0.0492,-1
KHAPRETA_510206,312004.860,2624380.200,131.2500,0.0050,1.1700,0.0748,-1
KHAPRETA_510206,312005.860,2624380.200,131.6400,0.0300,0.7800,0.0498,-1
KHAPRETA_510206,312006.860,2624380.200,131.3100,1.1667,1.1100,0.0709,-1
KHAPRETA_510206,312016.860,2624380.200,128.0600,1.2357,4.3600,0.2786,-1
KHAPRETA_510206,312017.860,2624380.200,128.1000,0.0400,4.3200,0.2760,-1
KHAPRETA_510206,312018.860,2624380.200,128.1400,0.8381,4.2800,0.2735,-1
KHAPRETA_510206,312020.860,2624380.200,128.1900,0.0000,4.2300,0.2703,-1
KHAPRETA_510206,312022.860,2624380.200,128.0700,0.8381,4.3500,0.2780,-1
KHAPRETA_510206,312025.860,2624380.200,128.0900,0.0000,4.3300,0.2767,-1
KHAPRETA_510206,312028.860,2624380.200,128.0700,0.0750,4.3500,0.2780,-1
KHAPRETA_510206,312033.860,2624380.200,128.0800,1.2811,4.3400,0.2773,-1
KHAPRETA_510206,312034.860,2624380.200,128.0100,1.2100,4.4100,0.2818,-1
KHAPRETA_510206,312036.860,2624380.200,128.0900,1.1399,4.3300,0.2767,-1
KHAPRETA_510206,312037.860,2624380.200,128.1100,1.2937,4.3100,0.2754,-1
KHAPRETA_510206,312038.860,2624380.200,130.4300,1.4700,1.9900,0.1272,-1
KHAPRETA_510206,312039.860,2624380.200,131.0500,0.3269,1.3700,0.0875,-1
KHAPRETA_510206,312054.860,2624380.200,128.6100,0.4981,3.8100,0.2435,-1
KHAPRETA_510206,312057.860,2624380.200,130.8500,0.3819,1.5700,0.1003,-1
KHAPRETA_510206,312062.860,2624380.200,128.7700,0.0000,3.6500,0.2332,-1
KHAPRETA_510206,312066.860,2624380.200,128.8400,0.4100,3.5800,0.2288,-1
KHAPRETA_510206,312068.860,2624380.200,130.2500,0.3569,2.1700,0.1387,-1
KHAPRETA_510206,312071.860,2624380.200,130.3700,0.6769,2.0500,0.1310,-1
KHAPRETA_510206,312078.860,2624380.200,129.1400,0.2681,3.2800,0.2096,-1
KHAPRETA_510206,312080.860,2624380.200,129.2100,0.0000,3.2100,0.2051,-1
KHAPRETA_510206,312083.860,2624380.200,129.2300,0.2681,3.1900,0.2038,-1
KHAPRETA_510206,312084.860,2624380.200,129.2400,0.2731,3.1800,0.2032,-1
KHAPRETA_510206,312087.860,2624380.200,129.2300,0.0000,3.1900,0.2038,-1
KHAPRETA_510206,312090.860,2624380.200,129.6800,0.1731,2.7400,0.1751,-1
KHAPRETA_510206,312098.860,2624380.200,130.0500,0.0200,2.3700,0.1514,-1
KHAPRETA_510206,312100.860,2624380.200,130.1900,0.2069,2.2300,0.1425,-1
KHAPRETA_510206,312101.860,2624380.200,130.1900,0.2069,2.2300,0.1425,-1
KHAPRETA_510206,312103.860,2624380.200,130.2000,0.2072,2.2200,0.1419,-1
KHAPRETA_510206,312104.860,2624380.200,130.1900,0.0050,2.2300,0.1425,-1
KHAPRETA_510206,312105.860,2624380.200,130.1900,0.2069,2.2300,0.1425,-1
KHAPRETA_510206,312107.860,2624380.200,130.2300,0.2219,2.1900,0.1399,-1
KHAPRETA_510206,312117.860,2624380.200,130.4500,0.0000,1.9700,0.1259,-1
KHAPRETA_510206,312119.860,2624380.200,130.5000,0.0000,1.9200,0.1227,-1
KHAPRETA_510206,312126.860,2624380.200,130.6700,0.5319,1.7500,0.1118,-1
KHAPRETA_510206,312128.860,2624380.200,130.7800,0.0000,1.6400,0.1048,-1
KHAPRETA_510206,312133.860,2624380.200,130.4400,0.5119,1.9800,0.1265,-1
KHAPRETA_510206,312134.860,2624380.200,130.8000,0.4568,1.6200,0.1035,-1
KHAPRETA_510206,312135.860,2624380.200,130.7900,0.7065,1.6300,0.1042,-1
KHAPRETA_510206,312137.860,2624380.200,130.4000,0.5769,2.0200,0.1291,-1
KHAPRETA_510206,312138.860,2624380.200,130.9300,0.3119,1.4900,0.0952,-1
KHAPRETA_510206,312142.860,2624380.200,130.9700,0.6557,1.4500,0.0927,-1
KHAPRETA_510206,312143.860,2624380.200,130.8200,0.4442,1.6000,0.1022,-1
KHAPRETA_510206,312144.860,2624380.200,130.8800,0.6351,1.5400,0.0984,-1
KHAPRETA_510206,312145.860,2624380.200,131.2800,0.5519,1.1400,0.0728,-1
KHAPRETA_510206,312154.860,2624380.200,130.9400,1.1000,1.4800,0.0946,-1
KHAPRETA_510206,312155.860,2624380.200,131.4700,0.8889,0.9500,0.0607,-1
KHAPRETA_510206,312157.860,2624380.200,131.4300,0.0000,0.9900,0.0633,-1
KHAPRETA_510206,312159.860,2624380.200,130.8200,0.9392,1.6000,0.1022,-1
KHAPRETA_510206,312160.860,2624380.200,130.7700,0.7381,1.6500,0.1054,-1
KHAPRETA_510206,312163.860,2624380.200,130.8800,0.0000,1.5400,0.0984,-1
KHAPRETA_510206,312174.860,2624380.200,130.9400,0.0000,1.4800,0.0946,-1
KHAPRETA_510206,312180.860,2624380.200,130.9600,0.0000,1.4600,0.0933,-1
KHAPRETA_510206,312183.860,2624380.200,131.3100,0.8969,1.1100,0.0709,-1
KHAPRETA_510206,312195.860,2624380.200,131.2500,0.0000,1.1700,0.0748,-1
KHAPRETA_510206,312197.860,2624380.200,131.1400,0.0000,1.2800,0.0818,-1
KHAPRETA_510206,312200.860,2624380.200,131.2400,0.0000,1.1800,0.0754,-1
KHAPRETA_510206,312202.860,2624380.200,131.3600,0.0000,1.0600,0.0677,-1
KHAPRETA_510206,312245.860,2624380.200,132.3500,0.0000,0.0700,0.0045,-1
KHAPRETA_510206,311906.860,2624381.200,131.2700,0.9881,1.1500,0.0735,-1
KHAPRETA_510206,311907.860,2624381.200,127.8000,0.7469,4.6200,0.2952,-1
KHAPRETA_510206,311915.860,2624381.200,131.1800,0.8569,1.2400,0.0792,-1
KHAPRETA_510206,311931.860,2624381.200,126.7900,1.1050,5.6300,0.3597,-1
KHAPRETA_510206,311932.860,2624381.200,130.5400,1.5867,1.8800,0.1201,-1
KHAPRETA_510206,311934.860,2624381.200,125.6200,2.0631,6.8000,0.4345,-1
KHAPRETA_510206,311939.860,2624381.200,125.7100,1.9981,6.7100,0.4288,-1
KHAPRETA_510206,311940.860,2624381.200,125.7800,2.0331,6.6400,0.4243,-1
KHAPRETA_510206,311943.860,2624381.200,125.4200,3.1015,7.0000,0.4473,-1
KHAPRETA_510206,311944.860,2624381.200,125.4000,2.1781,7.0200,0.4486,-1
KHAPRETA_510206,311946.860,2624381.200,125.3500,0.0000,7.0700,0.4518,-1
KHAPRETA_510206,311949.860,2624381.200,125.8700,1.9731,6.5500,0.4185,-1
KHAPRETA_510206,311951.860,2624381.200,126.2500,1.8131,6.1700,0.3942,-1
KHAPRETA_510206,311953.860,2624381.200,126.5100,0.2200,5.9100,0.3776,-1
KHAPRETA_510206,311955.860,2624381.200,126.4500,1.7192,5.9700,0.3815,-1
KHAPRETA_510206,311956.860,2624381.200,126.3700,0.0750,6.0500,0.3866,-1
KHAPRETA_510206,311957.860,2624381.200,126.6000,1.7031,5.8200,0.3719,-1
KHAPRETA_510206,311974.860,2624381.200,132.3400,0.0000,0.0800,0.0051,-1
KHAPRETA_510206,311980.860,2624381.200,128.6300,0.0000,3.7900,0.2422,-1
KHAPRETA_510206,311995.860,2624381.200,131.2600,1.0072,1.1600,0.0741,-1
KHAPRETA_510206,311996.860,2624381.200,131.3200,0.7419,1.1000,0.0703,-1
KHAPRETA_510206,312006.860,2624381.200,131.1800,0.9906,1.2400,0.0792,-1
KHAPRETA_510206,312007.860,2624381.200,131.0300,0.1600,1.3900,0.0888,-1
KHAPRETA_510206,312008.860,2624381.200,131.5000,0.6269,0.9200,0.0588,-1
KHAPRETA_510206,312015.860,2624381.200,128.1900,0.0000,4.2300,0.2703,-1
KHAPRETA_510206,312022.860,2624381.200,128.1000,0.8531,4.3200,0.2760,-1
KHAPRETA_510206,312024.860,2624381.200,128.1200,0.0000,4.3000,0.2748,-1
KHAPRETA_510206,312028.860,2624381.200,128.1400,0.0150,4.2800,0.2735,-1
KHAPRETA_510206,312032.860,2624381.200,128.0200,0.0000,4.4000,0.2811,-1
KHAPRETA_510206,312034.860,2624381.200,128.0500,0.8831,4.3700,0.2792,-1
KHAPRETA_510206,312036.860,2624381.200,128.2200,0.8431,4.2000,0.2684,-1
KHAPRETA_510206,312040.860,2624381.200,128.4100,1.0781,4.0100,0.2562,-1
KHAPRETA_510206,312041.860,2624381.200,127.6200,0.6831,4.8000,0.3067,-1
KHAPRETA_510206,312043.860,2624381.200,126.8400,0.0000,5.5800,0.3565,-1
KHAPRETA_510206,312052.860,2624381.200,128.5200,0.5739,3.9000,0.2492,-1
KHAPRETA_510206,312053.860,2624381.200,130.2700,0.6281,2.1500,0.1374,-1
KHAPRETA_510206,312058.860,2624381.200,130.7800,0.6981,1.6400,0.1048,-1
KHAPRETA_510206,312059.860,2624381.200,128.3800,0.6277,4.0400,0.2581,-1
KHAPRETA_510206,312061.860,2624381.200,128.8100,0.0000,3.6100,0.2307,-1
KHAPRETA_510206,312064.860,2624381.200,128.6500,0.3581,3.7700,0.2409,-1
KHAPRETA_510206,312065.860,2624381.200,129.0600,0.3650,3.3600,0.2147,-1
KHAPRETA_510206,312066.860,2624381.200,129.3800,0.5893,3.0400,0.1942,-1
KHAPRETA_510206,312068.860,2624381.200,130.4900,0.4716,1.9300,0.1233,-1
KHAPRETA_510206,312069.860,2624381.200,130.7000,0.4587,1.7200,0.1099,-1
KHAPRETA_510206,312075.860,2624381.200,129.7000,0.0881,2.7200,0.1738,-1
KHAPRETA_510206,312076.860,2624381.200,129.6000,0.0381,2.8200,0.1802,-1
KHAPRETA_510206,312078.860,2624381.200,129.2400,0.0000,3.1800,0.2032,-1
KHAPRETA_510206,312082.860,2624381.200,129.1800,0.0000,3.2400,0.2070,-1
KHAPRETA_510206,312088.860,2624381.200,129.5100,0.0000,2.9100,0.1859,-1
KHAPRETA_510206,312091.860,2624381.200,130.0900,0.0000,2.3300,0.1489,-1
KHAPRETA_510206,312098.860,2624381.200,130.0700,0.1369,2.3500,0.1502,-1
KHAPRETA_510206,312102.860,2624381.200,130.2200,0.2269,2.2000,0.1406,-1
KHAPRETA_510206,312103.860,2624381.200,130.2300,0.3069,2.1900,0.1399,-1
KHAPRETA_510206,312106.860,2624381.200,130.1100,0.2219,2.3100,0.1476,-1
KHAPRETA_510206,312107.860,2624381.200,130.2200,0.1706,2.2000,0.1406,-1
KHAPRETA_510206,312112.860,2624381.200,130.3000,0.3019,2.1200,0.1355,-1
KHAPRETA_510206,312113.860,2624381.200,130.3800,0.2619,2.0400,0.1304,-1
KHAPRETA_510206,312120.860,2624381.200,130.4900,0.0000,1.9300,0.1233,-1
KHAPRETA_510206,312124.860,2624381.200,130.1400,0.2019,2.2800,0.1457,-1
KHAPRETA_510206,312127.860,2624381.200,130.3000,0.2569,2.1200,0.1355,-1
KHAPRETA_510206,312135.860,2624381.200,130.7500,0.7870,1.6700,0.1067,-1
KHAPRETA_510206,312136.860,2624381.200,130.9800,0.4869,1.4400,0.0920,-1
KHAPRETA_510206,312144.860,2624381.200,130.9600,0.0050,1.4600,0.0933,-1
KHAPRETA_510206,312146.860,2624381.200,130.9600,0.0000,1.4600,0.0933,-1
KHAPRETA_510206,312148.860,2624381.200,130.6600,0.0000,1.7600,0.1125,-1
KHAPRETA_510206,312156.860,2624381.200,131.0500,0.0000,1.3700,0.0875,-1
KHAPRETA_510206,312161.860,2624381.200,130.4400,0.0000,1.9800,0.1265,-1
KHAPRETA_510206,312177.860,2624381.200,130.8600,0.0000,1.5600,0.0997,-1
KHAPRETA_510206,312181.860,2624381.200,130.9300,0.0000,1.4900,0.0952,-1
KHAPRETA_510206,312183.860,2624381.200,131.5700,0.7669,0.8500,0.0543,-1
KHAPRETA_510206,312196.860,2624381.200,131.4500,0.8919,0.9700,0.0620,-1
KHAPRETA_510206,311886.860,2624382.200,127.5300,0.0000,4.8900,0.3125,-1
KHAPRETA_510206,311899.860,2624382.200,131.6700,0.0000,0.7500,0.0479,-1
KHAPRETA_510206,311937.860,2624382.200,125.9400,1.0326,6.4800,0.4141,-1
KHAPRETA_510206,311938.860,2624382.200,128.2100,2.3913,4.2100,0.2690,-1
KHAPRETA_510206,311941.860,2624382.200,126.1000,0.0000,6.3200,0.4038,-1
KHAPRETA_510206,311943.860,2624382.200,125.3800,2.1781,7.0400,0.4498,-1
KHAPRETA_510206,311948.860,2624382.200,126.0300,2.7482,6.3900,0.4083,-1
KHAPRETA_510206,311949.860,2624382.200,125.8300,2.7061,6.5900,0.4211,-1
KHAPRETA_510206,311953.860,2624382.200,126.6500,1.6331,5.7700,0.3687,-1
KHAPRETA_510206,311955.860,2624382.200,126.7900,1.6631,5.6300,0.3597,-1
KHAPRETA_510206,311982.860,2624382.200,128.5100,0.0000,3.9100,0.2498,-1
KHAPRETA_510206,312010.860,2624382.200,131.6300,0.7469,0.7900,0.0505,-1
KHAPRETA_510206,312016.860,2624382.200,128.1600,0.8431,4.2600,0.2722,-1
KHAPRETA_510206,312017.860,2624382.200,128.0900,1.1570,4.3300,0.2767,-1
KHAPRETA_510206,312025.860,2624382.200,128.0800,0.8181,4.3400,0.2773,-1
KHAPRETA_510206,312027.860,2624382.200,128.1500,0.8681,4.2700,0.2728,-1
KHAPRETA_510206,312028.860,2624382.200,128.0400,0.8190,4.3800,0.2799,-1
KHAPRETA_510206,312029.860,2624382.200,128.0700,0.0500,4.3500,0.2780,-1
KHAPRETA_510206,312030.860,2624382.200,128.1400,1.1854,4.2800,0.2735,-1
KHAPRETA_510206,312037.860,2624382.200,128.1100,0.0000,4.3100,0.2754,-1
KHAPRETA_510206,312044.860,2624382.200,126.8400,1.4631,5.5800,0.3565,-1
KHAPRETA_510206,312052.860,2624382.200,128.7400,1.9500,3.6800,0.2351,-1
KHAPRETA_510206,312054.860,2624382.200,130.5300,0.0000,1.8900,0.1208,-1
KHAPRETA_510206,312056.860,2624382.200,130.7000,0.0000,1.7200,0.1099,-1
KHAPRETA_510206,312059.860,2624382.200,130.5300,0.6981,1.8900,0.1208,-1
KHAPRETA_510206,312063.860,2624382.200,128.6800,0.0000,3.7400,0.2390,-1
KHAPRETA_510206,312067.860,2624382.200,130.8000,0.5657,1.6200,0.1035,-1
KHAPRETA_510206,312068.860,2624382.200,130.4400,0.9624,1.9800,0.1265,-1
KHAPRETA_510206,312069.860,2624382.200,129.2000,0.5688,3.2200,0.2058,-1
KHAPRETA_510206,312071.860,2624382.200,129.2500,0.0000,3.1700,0.2026,-1
KHAPRETA_510206,312077.860,2624382.200,129.1500,0.3181,3.2700,0.2089,-1
KHAPRETA_510206,312078.860,2624382.200,129.1400,0.4121,3.2800,0.2096,-1
KHAPRETA_510206,312083.860,2624382.200,129.1900,0.2331,3.2300,0.2064,-1
KHAPRETA_510206,312087.860,2624382.200,129.8500,0.0000,2.5700,0.1642,-1
KHAPRETA_510206,312089.860,2624382.200,130.0700,0.0000,2.3500,0.1502,-1
KHAPRETA_510206,312094.860,2624382.200,130.0500,0.0000,2.3700,0.1514,-1
KHAPRETA_510206,312096.860,2624382.200,130.0900,0.0000,2.3300,0.1489,-1
KHAPRETA_510206,312107.860,2624382.200,130.1600,0.2219,2.2600,0.1444,-1
KHAPRETA_510206,312115.860,2624382.200,130.4400,0.3169,1.9800,0.1265,-1
KHAPRETA_510206,312116.860,2624382.200,130.4100,0.3271,2.0100,0.1284,-1
KHAPRETA_510206,312117.860,2624382.200,130.4200,0.3169,2.0000,0.1278,-1
KHAPRETA_510206,312122.860,2624382.200,130.4200,0.0000,2.0000,0.1278,-1
KHAPRETA_510206,312124.860,2624382.200,130.1800,0.3230,2.2400,0.1431,-1
KHAPRETA_510206,312125.860,2624382.200,130.3100,0.2569,2.1100,0.1348,-1
KHAPRETA_510206,312126.860,2624382.200,130.1800,0.4271,2.2400,0.1431,-1
KHAPRETA_510206,312127.860,2624382.200,130.2900,0.3307,2.1300,0.1361,-1
KHAPRETA_510206,312130.860,2624382.200,130.4200,0.0000,2.0000,0.1278,-1
KHAPRETA_510206,312133.860,2624382.200,131.0200,0.4969,1.4000,0.0895,-1
KHAPRETA_510206,312134.860,2624382.200,130.7700,0.6219,1.6500,0.1054,-1
KHAPRETA_510206,312138.860,2624382.200,130.9900,0.0000,1.4300,0.0914,-1
KHAPRETA_510206,312141.860,2624382.200,131.1200,0.0000,1.3000,0.0831,-1
KHAPRETA_510206,312144.860,2624382.200,130.8900,0.5919,1.5300,0.0978,-1
KHAPRETA_510206,312149.860,2624382.200,130.5700,0.4819,1.8500,0.1182,-1
KHAPRETA_510206,312151.860,2624382.200,130.5500,0.0000,1.8700,0.1195,-1
KHAPRETA_510206,312159.860,2624382.200,130.6500,0.6746,1.7700,0.1131,-1
KHAPRETA_510206,312160.860,2624382.200,130.7500,0.4369,1.6700,0.1067,-1
KHAPRETA_510206,312173.860,2624382.200,130.8000,0.5019,1.6200,0.1035,-1
KHAPRETA_510206,312196.860,2624382.200,131.5600,0.8369,0.8600,0.0550,-1
KHAPRETA_510206,312200.860,2624382.200,131.3100,0.7269,1.1100,0.0709,-1
KHAPRETA_510206,312201.860,2624382.200,131.2300,0.7669,1.1900,0.0760,-1
KHAPRETA_510206,312205.860,2624382.200,131.5600,0.0000,0.8600,0.0550,-1
KHAPRETA_510206,312207.860,2624382.200,131.6400,0.0000,0.7800,0.0498,-1
KHAPRETA_510206,311889.860,2624383.200,127.5700,0.0000,4.8500,0.3099,-1
KHAPRETA_510206,311893.860,2624383.200,127.4600,0.0000,4.9600,0.3169,-1
KHAPRETA_510206,311902.860,2624383.200,131.7400,0.0000,0.6800,0.0435,-1
KHAPRETA_510206,311904.860,2624383.200,132.3100,1.7282,0.1100,0.0070,-1
KHAPRETA_510206,311905.860,2624383.200,132.2500,1.8131,0.1700,0.0109,-1
KHAPRETA_510206,311909.860,2624383.200,131.8000,0.8369,0.6200,0.0396,-1
KHAPRETA_510206,311910.860,2624383.200,131.4500,0.0200,0.9700,0.0620,-1
KHAPRETA_510206,311911.860,2624383.200,131.7600,1.5018,0.6600,0.0422,-1
KHAPRETA_510206,311919.860,2624383.200,132.0500,0.0000,0.3700,0.0236,-1
KHAPRETA_510206,311930.860,2624383.200,131.9000,0.0000,0.5200,0.0332,-1
KHAPRETA_510206,311932.860,2624383.200,125.8600,0.0000,6.5600,0.4192,-1
KHAPRETA_510206,311937.860,2624383.200,128.4300,2.3913,3.9900,0.2550,-1
KHAPRETA_510206,311938.860,2624383.200,126.9200,1.0326,5.5000,0.3514,-1
KHAPRETA_510206,311942.860,2624383.200,125.7500,0.0000,6.6700,0.4262,-1
KHAPRETA_510206,311944.860,2624383.200,125.4100,2.1581,7.0100,0.4479,-1
KHAPRETA_510206,311948.860,2624383.200,125.9500,1.8731,6.4700,0.4134,-1
KHAPRETA_510206,311951.860,2624383.200,126.7600,0.0000,5.6600,0.3617,-1
KHAPRETA_510206,311956.860,2624383.200,126.9300,0.0000,5.4900,0.3508,-1
KHAPRETA_510206,311980.860,2624383.200,129.4400,0.1526,2.9800,0.1904,-1
KHAPRETA_510206,311981.860,2624383.200,129.5200,0.1681,2.9000,0.1853,-1
KHAPRETA_510206,311985.860,2624383.200,128.9300,0.0000,3.4900,0.2230,-1
KHAPRETA_510206,312009.860,2624383.200,131.2100,0.7469,1.2100,0.0773,-1
KHAPRETA_510206,312010.860,2624383.200,131.2700,0.4681,1.1500,0.0735,-1
KHAPRETA_510206,312011.860,2624383.200,132.0700,1.3354,0.3500,0.0224,-1
KHAPRETA_510206,312014.860,2624383.200,131.9500,0.0000,0.4700,0.0300,-1
KHAPRETA_510206,312017.860,2624383.200,128.1200,0.8431,4.3000,0.2748,-1
KHAPRETA_510206,312019.860,2624383.200,128.0700,0.8431,4.3500,0.2780,-1
KHAPRETA_510206,312020.860,2624383.200,128.0900,0.8531,4.3300,0.2767,-1
KHAPRETA_510206,312023.860,2624383.200,128.0700,0.0000,4.3500,0.2780,-1
KHAPRETA_510206,312025.860,2624383.200,128.1400,0.8481,4.2800,0.2735,-1
KHAPRETA_510206,312030.860,2624383.200,128.1300,0.8181,4.2900,0.2741,-1
KHAPRETA_510206,312033.860,2624383.200,128.1400,0.7931,4.2800,0.2735,-1
KHAPRETA_510206,312036.860,2624383.200,128.1500,0.0000,4.2700,0.2728,-1
KHAPRETA_510206,312039.860,2624383.200,128.2300,0.7931,4.1900,0.2677,-1
KHAPRETA_510206,312040.860,2624383.200,128.1900,0.7731,4.2300,0.2703,-1
KHAPRETA_510206,312044.860,2624383.200,126.8500,0.1150,5.5700,0.3559,-1
KHAPRETA_510206,312046.860,2624383.200,130.1300,0.0000,2.2900,0.1463,-1
KHAPRETA_510206,312052.860,2624383.200,132.4200,0.5181,0.0000,0.0000,-1
KHAPRETA_510206,312058.860,2624383.200,130.7200,0.5269,1.7000,0.1086,-1
KHAPRETA_510206,312062.860,2624383.200,128.6800,0.6431,3.7400,0.2390,-1
KHAPRETA_510206,312065.860,2624383.200,128.7000,0.1431,3.7200,0.2377,-1
KHAPRETA_510206,312066.860,2624383.200,129.4900,0.0800,2.9300,0.1872,-1
KHAPRETA_510206,312067.860,2624383.200,128.8600,0.5131,3.5600,0.2275,-1
KHAPRETA_510206,312068.860,2624383.200,129.4200,0.5657,3.0000,0.1917,-1
KHAPRETA_510206,312070.860,2624383.200,128.8200,0.0000,3.6000,0.2300,-1
KHAPRETA_510206,312073.860,2624383.200,129.0800,0.0000,3.3400,0.2134,-1
KHAPRETA_510206,312079.860,2624383.200,129.2200,0.2781,3.2000,0.2045,-1
KHAPRETA_510206,312083.860,2624383.200,129.3100,0.0850,3.1100,0.1987,-1
KHAPRETA_510206,312085.860,2624383.200,129.4900,0.0000,2.9300,0.1872,-1
KHAPRETA_510206,312088.860,2624383.200,130.0000,0.0000,2.4200,0.1546,-1
KHAPRETA_510206,312091.860,2624383.200,129.9700,0.1469,2.4500,0.1565,-1
KHAPRETA_510206,312092.860,2624383.200,130.0700,0.0969,2.3500,0.1502,-1
KHAPRETA_510206,312106.860,2624383.200,130.2300,0.0000,2.1900,0.1399,-1
KHAPRETA_510206,312110.860,2624383.200,130.2400,0.0000,2.1800,0.1393,-1
KHAPRETA_510206,312116.860,2624383.200,130.4300,0.3169,1.9900,0.1272,-1
KHAPRETA_510206,312121.860,2624383.200,130.4400,0.0000,1.9800,0.1265,-1
KHAPRETA_510206,312125.860,2624383.200,130.2900,0.4270,2.1300,0.1361,-1
KHAPRETA_510206,312126.860,2624383.200,130.6300,0.3268,1.7900,0.1144,-1
KHAPRETA_510206,312128.860,2624383.200,130.9500,0.0000,1.4700,0.0939,-1
KHAPRETA_510206,312136.860,2624383.200,130.9500,0.7169,1.4700,0.0939,-1
KHAPRETA_510206,312139.860,2624383.200,130.9300,0.9469,1.4900,0.0952,-1
KHAPRETA_510206,312140.860,2624383.200,131.2700,0.9717,1.1500,0.0735,-1
KHAPRETA_510206,312142.860,2624383.200,131.4700,0.7838,0.9500,0.0607,-1
KHAPRETA_510206,312143.860,2624383.200,130.7300,0.8469,1.6900,0.1080,-1
KHAPRETA_510206,312146.860,2624383.200,131.1300,0.3819,1.2900,0.0824,-1
KHAPRETA_510206,312147.860,2624383.200,130.5400,0.6769,1.8800,0.1201,-1
KHAPRETA_510206,312149.860,2624383.200,130.7400,0.3969,1.6800,0.1073,-1
KHAPRETA_510206,312159.860,2624383.200,130.7100,0.4369,1.7100,0.1093,-1
KHAPRETA_510206,312166.860,2624383.200,130.8300,1.0369,1.5900,0.1016,-1
KHAPRETA_510206,312168.860,2624383.200,130.9800,0.5019,1.4400,0.0920,-1
KHAPRETA_510206,312173.860,2624383.200,130.7800,0.0250,1.6400,0.1048,-1
KHAPRETA_510206,312178.860,2624383.200,131.0100,0.0000,1.4100,0.0901,-1
KHAPRETA_510206,312181.860,2624383.200,131.0000,0.0000,1.4200,0.0907,-1
KHAPRETA_510206,312184.860,2624383.200,131.1600,0.0000,1.2600,0.0805,-1
KHAPRETA_510206,312206.860,2624383.200,131.5400,0.0000,0.8800,0.0562,-1
KHAPRETA_510206,311886.860,2624384.200,127.6700,0.0000,4.7500,0.3035,-1
KHAPRETA_510206,311888.860,2624384.200,127.7000,0.0000,4.7200,0.3016,-1
KHAPRETA_510206,311904.860,2624384.200,132.1900,1.8131,0.2300,0.0147,-1
KHAPRETA_510206,311905.860,2624384.200,132.3700,1.7282,0.0500,0.0032,-1
KHAPRETA_510206,311911.860,2624384.200,132.2700,0.9919,0.1500,0.0096,-1
KHAPRETA_510206,311927.860,2624384.200,131.1600,0.0000,1.2600,0.0805,-1
KHAPRETA_510206,311936.860,2624384.200,128.3900,0.2331,4.0300,0.2575,-1
KHAPRETA_510206,311940.860,2624384.200,125.7800,1.8081,6.6400,0.4243,-1
KHAPRETA_510206,311941.860,2624384.200,126.1600,1.9981,6.2600,0.4000,-1
KHAPRETA_510206,311943.860,2624384.200,127.4100,2.1581,5.0100,0.3201,-1
KHAPRETA_510206,311944.860,2624384.200,125.4600,2.4830,6.9600,0.4447,-1
KHAPRETA_510206,311954.860,2624384.200,132.3300,0.0000,0.0900,0.0058,-1
KHAPRETA_510206,311979.860,2624384.200,131.6000,0.7963,0.8200,0.0524,-1
KHAPRETA_510206,311980.860,2624384.200,129.6100,1.4135,2.8100,0.1796,-1
KHAPRETA_510206,311984.860,2624384.200,128.8900,0.0000,3.5300,0.2256,-1
KHAPRETA_510206,312010.860,2624384.200,131.2600,1.9869,1.1600,0.0741,-1
KHAPRETA_510206,312011.860,2624384.200,131.9900,1.3660,0.4300,0.0275,-1
KHAPRETA_510206,312013.860,2624384.200,131.4700,0.0000,0.9500,0.0607,-1
KHAPRETA_510206,312015.860,2624384.200,128.2700,0.0000,4.1500,0.2652,-1
KHAPRETA_510206,312022.860,2624384.200,128.1700,0.8481,4.2500,0.2716,-1
KHAPRETA_510206,312026.860,2624384.200,128.1000,0.8681,4.3200,0.2760,-1
KHAPRETA_510206,312029.860,2624384.200,128.1200,0.0000,4.3000,0.2748,-1
KHAPRETA_510206,312033.860,2624384.200,128.1900,0.8181,4.2300,0.2703,-1
KHAPRETA_510206,312035.860,2624384.200,128.1600,0.0000,4.2600,0.2722,-1
KHAPRETA_510206,312042.860,2624384.200,128.1400,0.0000,4.2800,0.2735,-1
KHAPRETA_510206,312044.860,2624384.200,127.0700,1.4631,5.3500,0.3419,-1
KHAPRETA_510206,312054.860,2624384.200,130.5300,0.0000,1.8900,0.1208,-1
KHAPRETA_510206,312057.860,2624384.200,130.6400,0.5269,1.7800,0.1137,-1
KHAPRETA_510206,312058.860,2624384.200,130.8300,0.6398,1.5900,0.1016,-1
KHAPRETA_510206,312061.860,2624384.200,129.9800,0.6431,2.4400,0.1559,-1
KHAPRETA_510206,312062.860,2624384.200,128.4900,0.1039,3.9300,0.2511,-1
KHAPRETA_510206,312064.860,2624384.200,129.0600,0.4981,3.3600,0.2147,-1
KHAPRETA_510206,312072.860,2624384.200,128.8600,0.0000,3.5600,0.2275,-1
KHAPRETA_510206,312078.860,2624384.200,128.9100,0.2781,3.5100,0.2243,-1
KHAPRETA_510206,312079.860,2624384.200,129.2200,0.5146,3.2000,0.2045,-1
KHAPRETA_510206,312081.860,2624384.200,129.1900,0.0000,3.2300,0.2064,-1
KHAPRETA_510206,312083.860,2624384.200,129.3600,0.2850,3.0600,0.1955,-1
KHAPRETA_510206,312089.860,2624384.200,129.9500,0.1319,2.4700,0.1578,-1
KHAPRETA_510206,312090.860,2624384.200,130.0400,0.0869,2.3800,0.1521,-1
KHAPRETA_510206,312097.860,2624384.200,130.1600,0.1669,2.2600,0.1444,-1
KHAPRETA_510206,312098.860,2624384.200,130.1100,0.0350,2.3100,0.1476,-1
KHAPRETA_510206,312099.860,2624384.200,130.0900,0.1669,2.3300,0.1489,-1
KHAPRETA_510206,312111.860,2624384.200,130.2500,0.0000,2.1700,0.1387,-1
KHAPRETA_510206,312113.860,2624384.200,130.3200,0.2769,2.1000,0.1342,-1
KHAPRETA_510206,312122.860,2624384.200,130.4200,0.0000,2.0000,0.1278,-1
KHAPRETA_510206,312124.860,2624384.200,130.5300,0.2719,1.8900,0.1208,-1
KHAPRETA_510206,312125.860,2624384.200,130.3200,0.3781,2.1000,0.1342,-1
KHAPRETA_510206,312129.860,2624384.200,130.9300,0.0000,1.4900,0.0952,-1
KHAPRETA_510206,312133.860,2624384.200,130.8300,0.5869,1.5900,0.1016,-1
KHAPRETA_510206,312134.860,2624384.200,130.9500,0.5269,1.4700,0.0939,-1
KHAPRETA_510206,312136.860,2624384.200,131.2100,0.0250,1.2100,0.0773,-1
KHAPRETA_510206,312138.860,2624384.200,131.2300,0.5819,1.1900,0.0760,-1
KHAPRETA_510206,312139.860,2624384.200,130.9400,0.1598,1.4800,0.0946,-1
KHAPRETA_510206,312140.860,2624384.200,131.3400,0.9469,1.0800,0.0690,-1
KHAPRETA_510206,312142.860,2624384.200,131.0200,0.0950,1.4000,0.0895,-1
KHAPRETA_510206,312145.860,2624384.200,131.3600,0.4719,1.0600,0.0677,-1
KHAPRETA_510206,312148.860,2624384.200,130.9400,0.0000,1.4800,0.0946,-1
KHAPRETA_510206,312150.860,2624384.200,130.8200,0.4669,1.6000,0.1022,-1
KHAPRETA_510206,312152.860,2624384.200,131.0500,0.0000,1.3700,0.0875,-1
KHAPRETA_510206,312155.860,2624384.200,130.3900,0.0000,2.0300,0.1297,-1
KHAPRETA_510206,312161.860,2624384.200,131.2300,1.1319,1.1900,0.0760,-1
KHAPRETA_510206,312162.860,2624384.200,132.0400,0.7269,0.3800,0.0243,-1
KHAPRETA_510206,312164.860,2624384.200,131.6400,0.0000,0.7800,0.0498,-1
KHAPRETA_510206,312166.860,2624384.200,131.8500,0.6286,0.5700,0.0364,-1
KHAPRETA_510206,312167.860,2624384.200,130.7700,0.5350,1.6500,0.1054,-1
KHAPRETA_510206,312168.860,2624384.200,130.7800,0.7806,1.6400,0.1048,-1
KHAPRETA_510206,312171.860,2624384.200,130.7600,0.5869,1.6600,0.1061,-1
KHAPRETA_510206,312173.860,2624384.200,130.8500,0.7610,1.5700,0.1003,-1
KHAPRETA_510206,312174.860,2624384.200,130.9200,0.5369,1.5000,0.0958,-1
KHAPRETA_510206,312176.860,2624384.200,131.2900,0.7769,1.1300,0.0722,-1
KHAPRETA_510206,312177.860,2624384.200,131.3300,1.1547,1.0900,0.0696,-1
KHAPRETA_510206,312180.860,2624384.200,130.8900,0.0000,1.5300,0.0978,-1
KHAPRETA_510206,312183.860,2624384.200,131.1000,0.0000,1.3200,0.0843,-1
KHAPRETA_510206,312195.860,2624384.200,131.3800,1.1161,1.0400,0.0665,-1
KHAPRETA_510206,312196.860,2624384.200,131.2300,0.8019,1.1900,0.0760,-1
KHAPRETA_510206,312199.860,2624384.200,131.3500,0.7569,1.0700,0.0684,-1
KHAPRETA_510206,312200.860,2624384.200,131.2900,0.7869,1.1300,0.0722,-1
KHAPRETA_510206,312204.860,2624384.200,131.3100,0.7569,1.1100,0.0709,-1
KHAPRETA_510206,312212.860,2624384.200,131.6300,0.0000,0.7900,0.0505,-1
KHAPRETA_510206,311890.860,2624385.200,127.5200,0.0000,4.9000,0.3131,-1
KHAPRETA_510206,311893.860,2624385.200,127.3800,1.1081,5.0400,0.3220,-1
KHAPRETA_510206,311894.860,2624385.200,127.5600,1.6017,4.8600,0.3105,-1
KHAPRETA_510206,311908.860,2624385.200,131.7100,0.0000,0.7100,0.0454,-1
KHAPRETA_510206,311924.860,2624385.200,127.9800,0.0000,4.4400,0.2837,-1
KHAPRETA_510206,311929.860,2624385.200,125.4700,0.9681,6.9500,0.4441,-1
KHAPRETA_510206,311935.860,2624385.200,129.3400,0.2331,3.0800,0.1968,-1
KHAPRETA_510206,311936.860,2624385.200,129.3100,0.7266,3.1100,0.1987,-1
KHAPRETA_510206,311979.860,2624385.200,131.3600,1.2897,1.0600,0.0677,-1
KHAPRETA_510206,311980.860,2624385.200,131.6000,1.3770,0.8200,0.0524,-1
KHAPRETA_510206,311981.860,2624385.200,129.1700,1.0588,3.2500,0.2077,-1
KHAPRETA_510206,311986.860,2624385.200,130.2400,0.0000,2.1800,0.1393,-1
KHAPRETA_510206,312008.860,2624385.200,131.2200,0.7469,1.2000,0.0767,-1
KHAPRETA_510206,312009.860,2624385.200,131.2700,1.8216,1.1500,0.0735,-1
KHAPRETA_510206,312010.860,2624385.200,127.9700,1.7251,4.4500,0.2843,-1
KHAPRETA_510206,312016.860,2624385.200,128.1200,0.0000,4.3000,0.2748,-1
KHAPRETA_510206,312022.860,2624385.200,128.0800,1.1571,4.3400,0.2773,-1
KHAPRETA_510206,312023.860,2624385.200,128.1100,1.1475,4.3100,0.2754,-1
KHAPRETA_510206,312026.860,2624385.200,128.0400,1.1470,4.3800,0.2799,-1
KHAPRETA_510206,312027.860,2624385.200,128.2100,0.8681,4.2100,0.2690,-1
KHAPRETA_510206,312036.860,2624385.200,128.1600,0.8131,4.2600,0.2722,-1
KHAPRETA_510206,312048.860,2624385.200,130.1800,0.0781,2.2400,0.1431,-1
KHAPRETA_510206,312052.860,2624385.200,132.2300,0.0000,0.1900,0.0121,-1
KHAPRETA_510206,312056.860,2624385.200,130.7600,0.0000,1.6600,0.1061,-1
KHAPRETA_510206,312062.860,2624385.200,128.7200,0.6431,3.7000,0.2364,-1
KHAPRETA_510206,312064.860,2624385.200,128.7800,0.3581,3.6400,0.2326,-1
KHAPRETA_510206,312073.860,2624385.200,128.8600,0.0000,3.5600,0.2275,-1
KHAPRETA_510206,312083.860,2624385.200,129.8800,0.2081,2.5400,0.1623,-1
KHAPRETA_510206,312085.860,2624385.200,129.8900,0.0000,2.5300,0.1617,-1
KHAPRETA_510206,312088.860,2624385.200,130.0300,0.0000,2.3900,0.1527,-1
KHAPRETA_510206,312092.860,2624385.200,130.0200,0.1469,2.4000,0.1534,-1
KHAPRETA_510206,312093.860,2624385.200,130.0700,0.1760,2.3500,0.1502,-1
KHAPRETA_510206,312101.860,2624385.200,130.1300,0.2119,2.2900,0.1463,-1
KHAPRETA_510206,312104.860,2624385.200,130.1100,0.1819,2.3100,0.1476,-1
KHAPRETA_510206,312105.860,2624385.200,130.1400,0.1669,2.2800,0.1457,-1
KHAPRETA_510206,312113.860,2624385.200,130.3300,0.3953,2.0900,0.1335,-1
KHAPRETA_510206,312114.860,2624385.200,130.3500,0.3139,2.0700,0.1323,-1
KHAPRETA_510206,312115.860,2624385.200,130.4000,0.0500,2.0200,0.1291,-1
KHAPRETA_510206,312116.860,2624385.200,130.4500,0.3119,1.9700,0.1259,-1
KHAPRETA_510206,312118.860,2624385.200,130.4500,0.4801,1.9700,0.1259,-1
KHAPRETA_510206,312119.860,2624385.200,130.4600,0.3369,1.9600,0.1252,-1
KHAPRETA_510206,312125.860,2624385.200,130.2300,0.2719,2.1900,0.1399,-1
KHAPRETA_510206,312128.860,2624385.200,131.0000,0.5169,1.4200,0.0907,-1
KHAPRETA_510206,312132.860,2624385.200,130.7400,0.0000,1.6800,0.1073,-1
KHAPRETA_510206,312135.860,2624385.200,131.1900,0.6119,1.2300,0.0786,-1
KHAPRETA_510206,312136.860,2624385.200,131.0000,1.0069,1.4200,0.0907,-1
KHAPRETA_510206,312139.860,2624385.200,131.2300,0.5819,1.1900,0.0760,-1
KHAPRETA_510206,312141.860,2624385.200,131.0600,0.9570,1.3600,0.0869,-1
KHAPRETA_510206,312142.860,2624385.200,131.2800,0.8938,1.1400,0.0728,-1
KHAPRETA_510206,312145.860,2624385.200,130.7200,0.8587,1.7000,0.1086,-1
KHAPRETA_510206,312146.860,2624385.200,130.4400,0.4719,1.9800,0.1265,-1
KHAPRETA_510206,312149.860,2624385.200,131.1200,0.4669,1.3000,0.0831,-1
KHAPRETA_510206,312150.860,2624385.200,130.7100,0.0430,1.7100,0.1093,-1
KHAPRETA_510206,312151.860,2624385.200,131.0700,0.4669,1.3500,0.0863,-1
KHAPRETA_510206,312166.860,2624385.200,131.6000,1.0369,0.8200,0.0524,-1
KHAPRETA_510206,312171.860,2624385.200,130.9500,0.4919,1.4700,0.0939,-1
KHAPRETA_510206,312177.860,2624385.200,131.5200,1.0272,0.9000,0.0575,-1
KHAPRETA_510206,312178.860,2624385.200,131.1200,0.8719,1.3000,0.0831,-1
KHAPRETA_510206,312182.860,2624385.200,130.8500,0.5219,1.5700,0.1003,-1
KHAPRETA_510206,312191.860,2624385.200,131.2900,1.0642,1.1300,0.0722,-1
KHAPRETA_510206,312192.860,2624385.200,131.2200,0.6884,1.2000,0.0767,-1
KHAPRETA_510206,312193.860,2624385.200,131.2000,0.7219,1.2200,0.0780,-1
KHAPRETA_510206,312195.860,2624385.200,131.4700,0.0550,0.9500,0.0607,-1
KHAPRETA_510206,312198.860,2624385.200,131.1800,0.0000,1.2400,0.0792,-1
KHAPRETA_510206,312204.860,2624385.200,131.2900,0.7669,1.1300,0.0722,-1
KHAPRETA_510206,312211.860,2624385.200,131.4500,0.0000,0.9700,0.0620,-1
KHAPRETA_510206,312214.860,2624385.200,131.5900,0.0000,0.8300,0.0530,-1
KHAPRETA_510206,311886.860,2624386.200,127.7000,0.0000,4.7200,0.3016,-1
KHAPRETA_510206,311888.860,2624386.200,127.5900,0.0000,4.8300,0.3086,-1
KHAPRETA_510206,311891.860,2624386.200,127.4900,1.1281,4.9300,0.3150,-1
KHAPRETA_510206,311894.860,2624386.200,127.6500,1.1081,4.7700,0.3048,-1
KHAPRETA_510206,311897.860,2624386.200,127.6000,0.0000,4.8200,0.3080,-1
KHAPRETA_510206,311921.860,2624386.200,129.1800,0.0000,3.2400,0.2070,-1
KHAPRETA_510206,311929.860,2624386.200,127.8400,2.1531,4.5800,0.2927,-1
KHAPRETA_510206,311938.860,2624386.200,128.5900,1.0687,3.8300,0.2447,-1
KHAPRETA_510206,311939.860,2624386.200,128.2900,0.4650,4.1300,0.2639,-1
KHAPRETA_510206,311940.860,2624386.200,127.6600,0.7431,4.7600,0.3042,-1
KHAPRETA_510206,311980.860,2624386.200,131.2800,1.0588,1.1400,0.0728,-1
KHAPRETA_510206,311981.860,2624386.200,128.7000,0.7688,3.7200,0.2377,-1
KHAPRETA_510206,311983.860,2624386.200,129.0100,0.8966,3.4100,0.2179,-1
KHAPRETA_510206,311984.860,2624386.200,128.5800,0.2200,3.8400,0.2454,-1
KHAPRETA_510206,311985.860,2624386.200,129.4500,0.5981,2.9700,0.1898,-1
KHAPRETA_510206,312006.860,2624386.200,131.3900,0.0000,1.0300,0.0658,-1
KHAPRETA_510206,312009.860,2624386.200,128.1300,1.1041,4.2900,0.2741,-1
KHAPRETA_510206,312010.860,2624386.200,128.1500,1.2219,4.2700,0.2728,-1
KHAPRETA_510206,312015.860,2624386.200,128.1800,0.8281,4.2400,0.2709,-1
KHAPRETA_510206,312019.860,2624386.200,128.1000,0.7931,4.3200,0.2760,-1
KHAPRETA_510206,312023.860,2624386.200,128.2300,0.0200,4.1900,0.2677,-1
KHAPRETA_510206,312025.860,2624386.200,128.1200,0.0000,4.3000,0.2748,-1
KHAPRETA_510206,312029.860,2624386.200,128.1200,0.0000,4.3000,0.2748,-1
KHAPRETA_510206,312035.860,2624386.200,128.1400,0.8131,4.2800,0.2735,-1
KHAPRETA_510206,312036.860,2624386.200,128.1500,1.1499,4.2700,0.2728,-1
KHAPRETA_510206,312039.860,2624386.200,128.1800,0.0000,4.2400,0.2709,-1
KHAPRETA_510206,312045.860,2624386.200,127.6700,0.7981,4.7500,0.3035,-1
KHAPRETA_510206,312047.860,2624386.200,126.9600,0.0781,5.4600,0.3489,-1
KHAPRETA_510206,312048.860,2624386.200,129.6200,1.4789,2.8000,0.1789,-1
KHAPRETA_510206,312049.860,2624386.200,129.8900,1.3100,2.5300,0.1617,-1
KHAPRETA_510206,312050.860,2624386.200,127.0000,1.4542,5.4200,0.3463,-1
KHAPRETA_510206,312055.860,2624386.200,130.1200,0.1819,2.3000,0.1470,-1
KHAPRETA_510206,312060.860,2624386.200,128.9200,0.0281,3.5000,0.2236,-1
KHAPRETA_510206,312065.860,2624386.200,128.7700,0.0000,3.6500,0.2332,-1
KHAPRETA_510206,312069.860,2624386.200,128.7600,0.0000,3.6600,0.2339,-1
KHAPRETA_510206,312076.860,2624386.200,128.7700,0.0000,3.6500,0.2332,-1
KHAPRETA_510206,312080.860,2624386.200,129.7200,0.0000,2.7000,0.1725,-1
KHAPRETA_510206,312082.860,2624386.200,129.9600,0.0919,2.4600,0.1572,-1
KHAPRETA_510206,312087.860,2624386.200,129.9600,0.0000,2.4600,0.1572,-1
KHAPRETA_510206,312093.860,2624386.200,130.0300,0.1469,2.3900,0.1527,-1
KHAPRETA_510206,312095.860,2624386.200,130.0300,0.0000,2.3900,0.1527,-1
KHAPRETA_510206,312101.860,2624386.200,130.2000,0.0000,2.2200,0.1419,-1
KHAPRETA_510206,312112.860,2624386.200,130.3100,0.0000,2.1100,0.1348,-1
KHAPRETA_510206,312114.860,2624386.200,130.4000,0.2869,2.0200,0.1291,-1
KHAPRETA_510206,312118.860,2624386.200,130.4500,0.0150,1.9700,0.1259,-1
KHAPRETA_510206,312128.860,2624386.200,130.8100,0.6119,1.6100,0.1029,-1
KHAPRETA_510206,312130.860,2624386.200,131.1100,0.0000,1.3100,0.0837,-1
KHAPRETA_510206,312133.860,2624386.200,131.2500,0.0000,1.1700,0.0748,-1
KHAPRETA_510206,312138.860,2624386.200,131.3100,0.6819,1.1100,0.0709,-1
KHAPRETA_510206,312140.860,2624386.200,131.1500,0.5919,1.2700,0.0812,-1
KHAPRETA_510206,312141.860,2624386.200,130.9600,0.6896,1.4600,0.0933,-1
KHAPRETA_510206,312143.860,2624386.200,131.0700,0.3019,1.3500,0.0863,-1
KHAPRETA_510206,312148.860,2624386.200,131.1600,0.4419,1.2600,0.0805,-1
KHAPRETA_510206,312150.860,2624386.200,130.7500,0.4669,1.6700,0.1067,-1
KHAPRETA_510206,312162.860,2624386.200,132.2500,0.0000,0.1700,0.0109,-1
KHAPRETA_510206,312164.860,2624386.200,130.5000,0.0000,1.9200,0.1227,-1
KHAPRETA_510206,312172.860,2624386.200,131.5500,1.1887,0.8700,0.0556,-1
KHAPRETA_510206,312173.860,2624386.200,131.5400,0.8869,0.8800,0.0562,-1
KHAPRETA_510206,312181.860,2624386.200,130.8700,0.5219,1.5500,0.0990,-1
KHAPRETA_510206,312182.860,2624386.200,130.8200,0.7664,1.6000,0.1022,-1
KHAPRETA_510206,312189.860,2624386.200,131.3400,0.6869,1.0800,0.0690,-1
KHAPRETA_510206,312190.860,2624386.200,131.1500,0.7119,1.2700,0.0812,-1
KHAPRETA_510206,312191.860,2624386.200,131.3400,0.7569,1.0800,0.0690,-1
KHAPRETA_510206,312192.860,2624386.200,131.1500,1.0642,1.2700,0.0812,-1
KHAPRETA_510206,312194.860,2624386.200,131.2900,0.8569,1.1300,0.0722,-1
KHAPRETA_510206,312195.860,2624386.200,131.4900,1.1359,0.9300,0.0594,-1
KHAPRETA_510206,312205.860,2624386.200,131.3400,0.0000,1.0800,0.0690,-1
KHAPRETA_510206,312207.860,2624386.200,131.6000,0.0000,0.8200,0.0524,-1
KHAPRETA_510206,312215.860,2624386.200,132.0000,0.0000,0.4200,0.0268,-1
KHAPRETA_510206,311885.860,2624387.200,127.7500,0.0000,4.6700,0.2984,-1
KHAPRETA_510206,311887.860,2624387.200,127.4000,0.0000,5.0200,0.3208,-1
KHAPRETA_510206,311890.860,2624387.200,127.5100,1.5883,4.9100,0.3137,-1
KHAPRETA_510206,311891.860,2624387.200,127.5200,1.6095,4.9000,0.3131,-1
KHAPRETA_510206,311899.860,2624387.200,128.2200,0.0000,4.2000,0.2684,-1
KHAPRETA_510206,311922.860,2624387.200,127.9900,0.0000,4.4300,0.2831,-1
KHAPRETA_510206,311926.860,2624387.200,128.3600,1.1948,4.0600,0.2594,-1
KHAPRETA_510206,311927.860,2624387.200,127.9800,0.7081,4.4400,0.2837,-1
KHAPRETA_510206,311938.860,2624387.200,128.2400,0.5931,4.1800,0.2671,-1
KHAPRETA_510206,311960.860,2624387.200,126.7700,0.0000,5.6500,0.3610,-1
KHAPRETA_510206,311978.860,2624387.200,128.3600,0.8831,4.0600,0.2594,-1
KHAPRETA_510206,311979.860,2624387.200,128.0100,0.7081,4.4100,0.2818,-1
KHAPRETA_510206,311981.860,2624387.200,128.8500,0.5381,3.5700,0.2281,-1
KHAPRETA_510206,311983.860,2624387.200,128.4400,0.3831,3.9800,0.2543,-1
KHAPRETA_510206,312011.860,2624387.200,128.1300,0.8431,4.2900,0.2741,-1
KHAPRETA_510206,312012.860,2624387.200,128.0900,1.1640,4.3300,0.2767,-1
KHAPRETA_510206,312015.860,2624387.200,128.1200,0.7981,4.3000,0.2748,-1
KHAPRETA_510206,312019.860,2624387.200,128.1900,0.8381,4.2300,0.2703,-1
KHAPRETA_510206,312022.860,2624387.200,128.2800,1.1534,4.1400,0.2645,-1
KHAPRETA_510206,312023.860,2624387.200,128.1500,0.7497,4.2700,0.2728,-1
KHAPRETA_510206,312027.860,2624387.200,128.1400,0.8031,4.2800,0.2735,-1
KHAPRETA_510206,312028.860,2624387.200,128.1700,1.1187,4.2500,0.2716,-1
KHAPRETA_510206,312034.860,2624387.200,128.1800,0.0000,4.2400,0.2709,-1
KHAPRETA_510206,312040.860,2624387.200,128.1400,0.0000,4.2800,0.2735,-1
KHAPRETA_510206,312043.860,2624387.200,128.1900,0.0000,4.2300,0.2703,-1
KHAPRETA_510206,312045.860,2624387.200,128.1800,1.5035,4.2400,0.2709,-1
KHAPRETA_510206,312046.860,2624387.200,127.6300,0.8502,4.7900,0.3061,-1
KHAPRETA_510206,312050.860,2624387.200,126.8700,1.3881,5.5500,0.3546,-1
KHAPRETA_510206,312053.860,2624387.200,127.7800,0.0000,4.6400,0.2965,-1
KHAPRETA_510206,312055.860,2624387.200,130.1400,1.4681,2.2800,0.1457,-1
KHAPRETA_510206,312056.860,2624387.200,128.2200,0.9959,4.2000,0.2684,-1
KHAPRETA_510206,312057.860,2624387.200,128.8600,1.4336,3.5600,0.2275,-1
KHAPRETA_510206,312058.860,2624387.200,130.9500,0.5500,1.4700,0.0939,-1
KHAPRETA_510206,312059.860,2624387.200,129.9600,0.6290,2.4600,0.1572,-1
KHAPRETA_510206,312060.860,2624387.200,129.7200,0.4378,2.7000,0.1725,-1
KHAPRETA_510206,312067.860,2624387.200,128.7100,0.7295,3.7100,0.2371,-1
KHAPRETA_510206,312068.860,2624387.200,128.7100,0.5331,3.7100,0.2371,-1
KHAPRETA_510206,312072.860,2624387.200,128.7500,0.0000,3.6700,0.2345,-1
KHAPRETA_510206,312077.860,2624387.200,129.0800,0.0569,3.3400,0.2134,-1
KHAPRETA_510206,312082.860,2624387.200,129.9600,0.0919,2.4600,0.1572,-1
KHAPRETA_510206,312094.860,2624387.200,130.0400,0.1569,2.3800,0.1521,-1
KHAPRETA_510206,312098.860,2624387.200,130.1000,0.1669,2.3200,0.1482,-1
KHAPRETA_510206,312099.860,2624387.200,130.1100,0.0150,2.3100,0.1476,-1
KHAPRETA_510206,312100.860,2624387.200,130.1300,0.0100,2.2900,0.1463,-1
KHAPRETA_510206,312101.860,2624387.200,130.1300,0.2761,2.2900,0.1463,-1
KHAPRETA_510206,312103.860,2624387.200,130.1800,0.0000,2.2400,0.1431,-1
KHAPRETA_510206,312105.860,2624387.200,130.1400,0.2678,2.2800,0.1457,-1
KHAPRETA_510206,312106.860,2624387.200,130.2100,0.2469,2.2100,0.1412,-1
KHAPRETA_510206,312110.860,2624387.200,130.3500,0.0000,2.0700,0.1323,-1
KHAPRETA_510206,312115.860,2624387.200,130.4200,0.0000,2.0000,0.1278,-1
KHAPRETA_510206,312117.860,2624387.200,130.4500,0.3519,1.9700,0.1259,-1
KHAPRETA_510206,312118.860,2624387.200,130.4800,0.0224,1.9400,0.1240,-1
KHAPRETA_510206,312119.860,2624387.200,130.4100,0.0250,2.0100,0.1284,-1
KHAPRETA_510206,312120.860,2624387.200,130.4300,0.4811,1.9900,0.1272,-1
KHAPRETA_510206,312125.860,2624387.200,130.5800,0.2669,1.8400,0.1176,-1
KHAPRETA_510206,312126.860,2624387.200,130.3100,0.5376,2.1100,0.1348,-1
KHAPRETA_510206,312129.860,2624387.200,130.6600,0.5269,1.7600,0.1125,-1
KHAPRETA_510206,312132.860,2624387.200,130.9300,0.0000,1.4900,0.0952,-1
KHAPRETA_510206,312136.860,2624387.200,131.3100,0.0000,1.1100,0.0709,-1
KHAPRETA_510206,312138.860,2624387.200,131.1400,0.6722,1.2800,0.0818,-1
KHAPRETA_510206,312139.860,2624387.200,131.1200,0.6819,1.3000,0.0831,-1
KHAPRETA_510206,312141.860,2624387.200,130.9400,0.7539,1.4800,0.0946,-1
KHAPRETA_510206,312142.860,2624387.200,130.7100,0.5487,1.7100,0.1093,-1
KHAPRETA_510206,312143.860,2624387.200,130.3800,0.7979,2.0400,0.1304,-1
KHAPRETA_510206,312145.860,2624387.200,130.8800,0.0000,1.5400,0.0984,-1
KHAPRETA_510206,312147.860,2624387.200,131.0400,0.4419,1.3800,0.0882,-1
KHAPRETA_510206,312148.860,2624387.200,130.6600,0.9371,1.7600,0.1125,-1
KHAPRETA_510206,312166.860,2624387.200,130.5900,0.0000,1.8300,0.1169,-1
KHAPRETA_510206,312172.860,2624387.200,131.3700,0.8869,1.0500,0.0671,-1
KHAPRETA_510206,312174.860,2624387.200,131.2200,0.0000,1.2000,0.0767,-1
KHAPRETA_510206,312177.860,2624387.200,130.8900,0.5469,1.5300,0.0978,-1
KHAPRETA_510206,312178.860,2624387.200,130.8700,0.8274,1.5500,0.0990,-1
KHAPRETA_510206,312180.860,2624387.200,130.9500,0.0000,1.4700,0.0939,-1
KHAPRETA_510206,312183.860,2624387.200,130.8200,0.6269,1.6000,0.1022,-1
KHAPRETA_510206,312184.860,2624387.200,131.0300,0.5219,1.3900,0.0888,-1
KHAPRETA_510206,312186.860,2624387.200,131.5300,0.0000,0.8900,0.0569,-1
KHAPRETA_510206,312190.860,2624387.200,131.2000,0.6869,1.2200,0.0780,-1
KHAPRETA_510206,312204.860,2624387.200,131.3700,0.0000,1.0500,0.0671,-1
KHAPRETA_510206,312206.860,2624387.200,131.3800,0.0000,1.0400,0.0665,-1
KHAPRETA_510206,312210.860,2624387.200,132.3500,0.0000,0.0700,0.0045,-1
KHAPRETA_510206,311888.860,2624388.200,127.5700,1.1931,4.8500,0.3099,-1
KHAPRETA_510206,311890.860,2624388.200,127.5400,1.1331,4.8800,0.3118,-1
KHAPRETA_510206,311896.860,2624388.200,127.6400,1.1881,4.7800,0.3054,-1
KHAPRETA_510206,311897.860,2624388.200,127.4000,1.0681,5.0200,0.3208,-1
KHAPRETA_510206,311915.860,2624388.200,131.7700,0.9519,0.6500,0.0415,-1
KHAPRETA_510206,311916.860,2624388.200,131.6800,0.9969,0.7400,0.0473,-1
KHAPRETA_510206,311921.860,2624388.200,128.7900,0.0000,3.6300,0.2319,-1
KHAPRETA_510206,311926.860,2624388.200,128.2000,0.0050,4.2200,0.2696,-1
KHAPRETA_510206,311936.860,2624388.200,128.9100,0.0000,3.5100,0.2243,-1
KHAPRETA_510206,311946.860,2624388.200,131.8900,0.0000,0.5300,0.0339,-1
KHAPRETA_510206,311975.860,2624388.200,129.8200,0.0000,2.6000,0.1661,-1
KHAPRETA_510206,311980.860,2624388.200,127.9000,0.0000,4.5200,0.2888,-1
KHAPRETA_510206,312003.860,2624388.200,128.0300,0.8681,4.3900,0.2805,-1
KHAPRETA_510206,312004.860,2624388.200,128.0400,0.8731,4.3800,0.2799,-1
KHAPRETA_510206,312008.860,2624388.200,128.2200,0.8331,4.2000,0.2684,-1
KHAPRETA_510206,312009.860,2624388.200,128.1100,0.7781,4.3100,0.2754,-1
KHAPRETA_510206,312012.860,2624388.200,128.1300,0.0100,4.2900,0.2741,-1
KHAPRETA_510206,312017.860,2624388.200,128.1400,0.8231,4.2800,0.2735,-1
KHAPRETA_510206,312018.860,2624388.200,128.1300,0.8181,4.2900,0.2741,-1
KHAPRETA_510206,312022.860,2624388.200,128.1400,1.1122,4.2800,0.2735,-1
KHAPRETA_510206,312023.860,2624388.200,128.1300,1.1534,4.2900,0.2741,-1
KHAPRETA_510206,312025.860,2624388.200,128.2500,0.7881,4.1700,0.2665,-1
KHAPRETA_510206,312028.860,2624388.200,128.2500,1.1322,4.1700,0.2665,-1
KHAPRETA_510206,312029.860,2624388.200,128.1800,0.7631,4.2400,0.2709,-1
KHAPRETA_510206,312033.860,2624388.200,128.1500,0.0000,4.2700,0.2728,-1
KHAPRETA_510206,312035.860,2624388.200,128.1400,0.0000,4.2800,0.2735,-1
KHAPRETA_510206,312037.860,2624388.200,128.2800,0.8219,4.1400,0.2645,-1
KHAPRETA_510206,312041.860,2624388.200,128.1900,0.7881,4.2300,0.2703,-1
KHAPRETA_510206,312042.860,2624388.200,128.2000,0.7931,4.2200,0.2696,-1
KHAPRETA_510206,312044.860,2624388.200,128.7900,0.2881,3.6300,0.2319,-1
KHAPRETA_510206,312046.860,2624388.200,129.1900,1.0731,3.2300,0.2064,-1
KHAPRETA_510206,312054.860,2624388.200,127.6200,1.0731,4.8000,0.3067,-1
KHAPRETA_510206,312055.860,2624388.200,127.6300,0.3638,4.7900,0.3061,-1
KHAPRETA_510206,312056.860,2624388.200,128.2500,0.7871,4.1700,0.2665,-1
KHAPRETA_510206,312057.860,2624388.200,128.9000,0.8900,3.5200,0.2249,-1
KHAPRETA_510206,312059.860,2624388.200,130.0400,0.1800,2.3800,0.1521,-1
KHAPRETA_510206,312067.860,2624388.200,128.7800,0.5331,3.6400,0.2326,-1
KHAPRETA_510206,312074.860,2624388.200,128.8100,0.0000,3.6100,0.2307,-1
KHAPRETA_510206,312076.860,2624388.200,129.1500,0.0614,3.2700,0.2089,-1
KHAPRETA_510206,312077.860,2624388.200,129.8900,0.4681,2.5300,0.1617,-1
KHAPRETA_510206,312081.860,2624388.200,129.9200,0.0000,2.5000,0.1597,-1
KHAPRETA_510206,312088.860,2624388.200,129.9600,0.1219,2.4600,0.1572,-1
KHAPRETA_510206,312089.860,2624388.200,130.0200,0.0919,2.4000,0.1534,-1
KHAPRETA_510206,312092.860,2624388.200,130.0100,0.0000,2.4100,0.1540,-1
KHAPRETA_510206,312094.860,2624388.200,130.0900,0.1319,2.3300,0.1489,-1
KHAPRETA_510206,312096.860,2624388.200,130.1300,0.0000,2.2900,0.1463,-1
KHAPRETA_510206,312105.860,2624388.200,130.0900,0.1830,2.3300,0.1489,-1
KHAPRETA_510206,312106.860,2624388.200,130.1100,0.2295,2.3100,0.1476,-1
KHAPRETA_510206,312107.860,2624388.200,130.2400,0.1669,2.1800,0.1393,-1
KHAPRETA_510206,312109.860,2624388.200,130.3100,0.0000,2.1100,0.1348,-1
KHAPRETA_510206,312112.860,2624388.200,130.3600,0.0000,2.0600,0.1316,-1
KHAPRETA_510206,312118.860,2624388.200,130.4700,0.3519,1.9500,0.1246,-1
KHAPRETA_510206,312120.860,2624388.200,130.5000,0.3269,1.9200,0.1227,-1
KHAPRETA_510206,312126.860,2624388.200,130.4900,0.3572,1.9300,0.1233,-1
KHAPRETA_510206,312127.860,2624388.200,130.4700,0.0850,1.9500,0.1246,-1
KHAPRETA_510206,312128.860,2624388.200,130.6600,0.1800,1.7600,0.1125,-1
KHAPRETA_510206,312129.860,2624388.200,130.8300,0.6250,1.5900,0.1016,-1
KHAPRETA_510206,312135.860,2624388.200,131.3000,0.0000,1.1200,0.0716,-1
KHAPRETA_510206,312138.860,2624388.200,131.3500,0.0750,1.0700,0.0684,-1
KHAPRETA_510206,312142.860,2624388.200,130.7200,0.4669,1.7000,0.1086,-1
KHAPRETA_510206,312144.860,2624388.200,131.1000,0.0000,1.3200,0.0843,-1
KHAPRETA_510206,312146.860,2624388.200,131.2100,0.5969,1.2100,0.0773,-1
KHAPRETA_510206,312169.860,2624388.200,131.3700,0.0000,1.0500,0.0671,-1
KHAPRETA_510206,312171.860,2624388.200,131.1300,0.0000,1.2900,0.0824,-1
KHAPRETA_510206,312178.860,2624388.200,131.0000,0.5469,1.4200,0.0907,-1
KHAPRETA_510206,312194.860,2624388.200,131.4900,0.7669,0.9300,0.0594,-1
KHAPRETA_510206,312201.860,2624388.200,131.7300,0.0000,0.6900,0.0441,-1
KHAPRETA_510206,312205.860,2624388.200,131.4100,0.0000,1.0100,0.0645,-1
KHAPRETA_510206,312211.860,2624388.200,131.5500,0.9569,0.8700,0.0556,-1
KHAPRETA_510206,312257.860,2624388.200,132.4200,0.0000,0.0000,0.0000,-1
KHAPRETA_510206,311888.860,2624389.200,127.3900,1.1185,5.0300,0.3214,-1
KHAPRETA_510206,311889.860,2624389.200,127.5400,1.1931,4.8800,0.3118,-1
KHAPRETA_510206,311898.860,2624389.200,127.3600,0.0000,5.0600,0.3233,-1
KHAPRETA_510206,311912.860,2624389.200,132.2800,1.1919,0.1400,0.0089,-1
KHAPRETA_510206,311913.860,2624389.200,132.1600,0.0100,0.2600,0.0166,-1
KHAPRETA_510206,311914.860,2624389.200,132.3000,1.1919,0.1200,0.0077,-1
KHAPRETA_510206,311926.860,2624389.200,128.3700,0.7881,4.0500,0.2588,-1
KHAPRETA_510206,311928.860,2624389.200,128.7300,0.5481,3.6900,0.2358,-1
KHAPRETA_510206,311935.860,2624389.200,129.1100,0.0000,3.3100,0.2115,-1
KHAPRETA_510206,311937.860,2624389.200,128.9700,0.2481,3.4500,0.2204,-1
KHAPRETA_510206,311938.860,2624389.200,129.2800,1.1900,3.1400,0.2006,-1
KHAPRETA_510206,311939.860,2624389.200,126.5900,0.2481,5.8300,0.3725,-1
KHAPRETA_510206,311982.860,2624389.200,127.9000,0.0000,4.5200,0.2888,-1
KHAPRETA_510206,311984.860,2624389.200,127.9700,0.8681,4.4500,0.2843,-1
KHAPRETA_510206,311985.860,2624389.200,128.0400,0.0350,4.3800,0.2799,-1
KHAPRETA_510206,311986.860,2624389.200,128.0400,0.8937,4.3800,0.2799,-1
KHAPRETA_510206,311987.860,2624389.200,127.9700,0.8681,4.4500,0.2843,-1
KHAPRETA_510206,311992.860,2624389.200,131.6100,0.0000,0.8100,0.0518,-1
KHAPRETA_510206,312011.860,2624389.200,128.2100,1.1536,4.2100,0.2690,-1
KHAPRETA_510206,312012.860,2624389.200,128.1100,1.1360,4.3100,0.2754,-1
KHAPRETA_510206,312016.860,2624389.200,128.1700,0.0000,4.2500,0.2716,-1
KHAPRETA_510206,312025.860,2624389.200,128.2000,0.7631,4.2200,0.2696,-1
KHAPRETA_510206,312037.860,2624389.200,131.4200,2.0450,1.0000,0.0639,-1
KHAPRETA_510206,312039.860,2624389.200,130.6200,0.0000,1.8000,0.1150,-1
KHAPRETA_510206,312044.860,2624389.200,129.2000,0.4931,3.2200,0.2058,-1
KHAPRETA_510206,312056.860,2624389.200,127.2900,0.7631,5.1300,0.3278,-1
KHAPRETA_510206,312059.860,2624389.200,129.6000,0.2511,2.8200,0.1802,-1
KHAPRETA_510206,312060.860,2624389.200,129.7300,0.1473,2.6900,0.1719,-1
KHAPRETA_510206,312075.860,2624389.200,129.2100,0.0231,3.2100,0.2051,-1
KHAPRETA_510206,312076.860,2624389.200,129.7300,0.4221,2.6900,0.1719,-1
KHAPRETA_510206,312093.860,2624389.200,130.0300,0.0000,2.3900,0.1527,-1
KHAPRETA_510206,312104.860,2624389.200,130.1800,0.2569,2.2400,0.1431,-1
KHAPRETA_510206,312105.860,2624389.200,130.2900,0.2557,2.1300,0.1361,-1
KHAPRETA_510206,312110.860,2624389.200,130.2800,0.0000,2.1400,0.1367,-1
KHAPRETA_510206,312113.860,2624389.200,130.3700,0.0000,2.0500,0.1310,-1
KHAPRETA_510206,312117.860,2624389.200,130.4400,0.0000,1.9800,0.1265,-1
KHAPRETA_510206,312119.860,2624389.200,130.4800,0.0000,1.9400,0.1240,-1
KHAPRETA_510206,312124.860,2624389.200,130.5600,0.0000,1.8600,0.1188,-1
KHAPRETA_510206,312126.860,2624389.200,130.4800,0.3569,1.9400,0.1240,-1
KHAPRETA_510206,312134.860,2624389.200,131.4400,0.0000,0.9800,0.0626,-1
KHAPRETA_510206,312138.860,2624389.200,131.2900,0.6970,1.1300,0.0722,-1
KHAPRETA_510206,312139.860,2624389.200,131.1700,0.7569,1.2500,0.0799,-1
KHAPRETA_510206,312143.860,2624389.200,131.4300,0.0000,0.9900,0.0633,-1
KHAPRETA_510206,312145.860,2624389.200,130.9500,0.5969,1.4700,0.0939,-1
KHAPRETA_510206,312146.860,2624389.200,130.9700,0.9266,1.4500,0.0927,-1
KHAPRETA_510206,312167.860,2624389.200,130.6900,0.0000,1.7300,0.1105,-1
KHAPRETA_510206,312170.860,2624389.200,130.7500,0.0000,1.6700,0.1067,-1
KHAPRETA_510206,312174.860,2624389.200,130.8500,0.5269,1.5700,0.1003,-1
KHAPRETA_510206,312175.860,2624389.200,130.8300,0.5369,1.5900,0.1016,-1
KHAPRETA_510206,312182.860,2624389.200,130.8900,0.8938,1.5300,0.0978,-1
KHAPRETA_510206,312183.860,2624389.200,131.0600,0.5569,1.3600,0.0869,-1
KHAPRETA_510206,312191.860,2624389.200,131.1000,0.6769,1.3200,0.0843,-1
KHAPRETA_510206,312192.860,2624389.200,131.1300,0.6619,1.2900,0.0824,-1
KHAPRETA_510206,312194.860,2624389.200,131.3100,0.8569,1.1100,0.0709,-1
KHAPRETA_510206,312207.860,2624389.200,131.4300,0.0000,0.9900,0.0633,-1
KHAPRETA_510206,312211.860,2624389.200,131.6900,0.8869,0.7300,0.0466,-1
KHAPRETA_510206,311888.860,2624390.200,127.6300,1.1931,4.7900,0.3061,-1
KHAPRETA_510206,311890.860,2624390.200,127.6000,0.0000,4.8200,0.3080,-1
KHAPRETA_510206,311910.860,2624390.200,130.6200,0.6469,1.8000,0.1150,-1
KHAPRETA_510206,311911.860,2624390.200,131.0700,0.4219,1.3500,0.0863,-1
KHAPRETA_510206,311928.860,2624390.200,128.6800,0.5231,3.7400,0.2390,-1
KHAPRETA_510206,311930.860,2624390.200,128.4000,0.5331,4.0200,0.2569,-1
KHAPRETA_510206,311933.860,2624390.200,129.0600,0.6995,3.3600,0.2147,-1
KHAPRETA_510206,311934.860,2624390.200,129.1600,0.6339,3.2600,0.2083,-1
KHAPRETA_510206,311940.860,2624390.200,130.6000,0.1681,1.8200,0.1163,-1
KHAPRETA_510206,311941.860,2624390.200,129.4400,1.0879,2.9800,0.1904,-1
KHAPRETA_510206,311943.860,2624390.200,130.0600,0.0000,2.3600,0.1508,-1
KHAPRETA_510206,311961.860,2624390.200,130.3500,0.2619,2.0700,0.1323,-1
KHAPRETA_510206,311974.860,2624390.200,128.3000,0.7781,4.1200,0.2633,-1
KHAPRETA_510206,311975.860,2624390.200,128.2200,0.7381,4.2000,0.2684,-1
KHAPRETA_510206,311977.860,2624390.200,128.0200,0.9231,4.4000,0.2811,-1
KHAPRETA_510206,311978.860,2624390.200,127.9300,0.8781,4.4900,0.2869,-1
KHAPRETA_510206,311980.860,2624390.200,127.8900,1.3309,4.5300,0.2895,-1
KHAPRETA_510206,311981.860,2624390.200,127.8300,0.9431,4.5900,0.2933,-1
KHAPRETA_510206,311986.860,2624390.200,127.9900,0.8681,4.4300,0.2831,-1
KHAPRETA_510206,311988.860,2624390.200,127.9800,0.8281,4.4400,0.2837,-1
KHAPRETA_510206,312011.860,2624390.200,128.1800,0.7831,4.2400,0.2709,-1
KHAPRETA_510206,312015.860,2624390.200,128.2000,0.0000,4.2200,0.2696,-1
KHAPRETA_510206,312017.860,2624390.200,128.2100,0.0000,4.2100,0.2690,-1
KHAPRETA_510206,312020.860,2624390.200,128.2000,0.0000,4.2200,0.2696,-1
KHAPRETA_510206,312026.860,2624390.200,128.1600,0.0000,4.2600,0.2722,-1
KHAPRETA_510206,312028.860,2624390.200,128.1700,0.0000,4.2500,0.2716,-1
KHAPRETA_510206,312033.860,2624390.200,128.2000,0.0000,4.2200,0.2696,-1
KHAPRETA_510206,312036.860,2624390.200,130.8200,1.2969,1.6000,0.1022,-1
KHAPRETA_510206,312037.860,2624390.200,132.3700,0.9737,0.0500,0.0032,-1
KHAPRETA_510206,312040.860,2624390.200,128.0500,0.7831,4.3700,0.2792,-1
KHAPRETA_510206,312041.860,2624390.200,128.2100,0.0350,4.2100,0.2690,-1
KHAPRETA_510206,312042.860,2624390.200,128.1200,0.7831,4.3000,0.2748,-1
KHAPRETA_510206,312045.860,2624390.200,128.6900,0.9842,3.7300,0.2383,-1
KHAPRETA_510206,312046.860,2624390.200,128.4300,0.3850,3.9900,0.2550,-1
KHAPRETA_510206,312047.860,2624390.200,127.9200,0.6731,4.5000,0.2875,-1
KHAPRETA_510206,312051.860,2624390.200,127.2000,0.4981,5.2200,0.3335,-1
KHAPRETA_510206,312053.860,2624390.200,127.0900,0.9119,5.3300,0.3406,-1
KHAPRETA_510206,312055.860,2624390.200,127.0500,0.0569,5.3700,0.3431,-1
KHAPRETA_510206,312058.860,2624390.200,129.2500,0.3346,3.1700,0.2026,-1
KHAPRETA_510206,312059.860,2624390.200,129.5400,0.6367,2.8800,0.1840,-1
KHAPRETA_510206,312060.860,2624390.200,129.5400,0.1026,2.8800,0.1840,-1
KHAPRETA_510206,312061.860,2624390.200,129.7400,0.0900,2.6800,0.1712,-1
KHAPRETA_510206,312062.860,2624390.200,129.3600,0.0181,3.0600,0.1955,-1
KHAPRETA_510206,312064.860,2624390.200,128.9600,0.0000,3.4600,0.2211,-1
KHAPRETA_510206,312066.860,2624390.200,128.8100,0.0000,3.6100,0.2307,-1
KHAPRETA_510206,312068.860,2624390.200,128.9700,0.0000,3.4500,0.2204,-1
KHAPRETA_510206,312073.860,2624390.200,129.1000,0.1810,3.3200,0.2121,-1
KHAPRETA_510206,312074.860,2624390.200,129.4300,0.3381,2.9900,0.1911,-1
KHAPRETA_510206,312079.860,2624390.200,129.8800,0.0000,2.5400,0.1623,-1
KHAPRETA_510206,312081.860,2624390.200,129.9000,0.0419,2.5200,0.1610,-1
KHAPRETA_510206,312082.860,2624390.200,129.8600,0.0619,2.5600,0.1636,-1
KHAPRETA_510206,312107.860,2624390.200,130.2800,0.3598,2.1400,0.1367,-1
KHAPRETA_510206,312108.860,2624390.200,130.2900,0.0350,2.1300,0.1361,-1
KHAPRETA_510206,312109.860,2624390.200,130.2100,0.3268,2.2100,0.1412,-1
KHAPRETA_510206,312112.860,2624390.200,130.4400,0.0000,1.9800,0.1265,-1
KHAPRETA_510206,312123.860,2624390.200,130.5500,0.0000,1.8700,0.1195,-1
KHAPRETA_510206,312128.860,2624390.200,130.4300,0.5994,1.9900,0.1272,-1
KHAPRETA_510206,312129.860,2624390.200,130.7000,0.3269,1.7200,0.1099,-1
KHAPRETA_510206,312131.860,2624390.200,131.3200,0.7619,1.1000,0.0703,-1
KHAPRETA_510206,312132.860,2624390.200,131.3000,1.1023,1.1200,0.0716,-1
KHAPRETA_510206,312138.860,2624390.200,131.3600,0.0550,1.0600,0.0677,-1
KHAPRETA_510206,312141.860,2624390.200,130.8500,0.0000,1.5700,0.1003,-1
KHAPRETA_510206,312144.860,2624390.200,130.9800,0.0000,1.4400,0.0920,-1
KHAPRETA_510206,312148.860,2624390.200,130.4400,0.0000,1.9800,0.1265,-1
KHAPRETA_510206,312168.860,2624390.200,130.8000,0.0000,1.6200,0.1035,-1
KHAPRETA_510206,312182.860,2624390.200,131.0200,0.5569,1.4000,0.0895,-1
KHAPRETA_510206,312197.860,2624390.200,132.0800,0.0000,0.3400,0.0217,-1
KHAPRETA_510206,312202.860,2624390.200,131.6600,0.0000,0.7600,0.0486,-1
KHAPRETA_510206,312209.860,2624390.200,131.5400,0.0000,0.8800,0.0562,-1
KHAPRETA_510206,312212.860,2624390.200,132.1400,1.1319,0.2800,0.0179,-1
KHAPRETA_510206,312213.860,2624390.200,132.0400,1.6365,0.3800,0.0243,-1
KHAPRETA_510206,311892.860,2624391.200,127.5000,0.0000,4.9200,0.3144,-1
KHAPRETA_510206,311896.860,2624391.200,127.5300,0.0000,4.8900,0.3125,-1
KHAPRETA_510206,311898.860,2624391.200,127.6300,1.1681,4.7900,0.3061,-1
KHAPRETA_510206,311930.860,2624391.200,128.7100,0.6881,3.7100,0.2371,-1
KHAPRETA_510206,311933.860,2624391.200,128.5200,0.6339,3.9000,0.2492,-1
KHAPRETA_510206,311934.860,2624391.200,128.7300,0.6995,3.6900,0.2358,-1
KHAPRETA_510206,311936.860,2624391.200,129.3100,0.2831,3.1100,0.1987,-1
KHAPRETA_510206,311941.860,2624391.200,131.7900,0.1681,0.6300,0.0403,-1
KHAPRETA_510206,311961.860,2624391.200,130.3000,0.2869,2.1200,0.1355,-1
KHAPRETA_510206,311976.860,2624391.200,127.9500,0.0000,4.4700,0.2856,-1
KHAPRETA_510206,311980.860,2624391.200,127.9600,0.9431,4.4600,0.2850,-1
KHAPRETA_510206,311985.860,2624391.200,127.9200,0.0000,4.5000,0.2875,-1
KHAPRETA_510206,311988.860,2624391.200,128.1200,0.8981,4.3000,0.2748,-1
KHAPRETA_510206,311990.860,2624391.200,128.0900,0.0000,4.3300,0.2767,-1
KHAPRETA_510206,312013.860,2624391.200,128.1800,0.7631,4.2400,0.2709,-1
KHAPRETA_510206,312014.860,2624391.200,128.2500,1.1429,4.1700,0.2665,-1
KHAPRETA_510206,312019.860,2624391.200,128.1700,0.7581,4.2500,0.2716,-1
KHAPRETA_510206,312023.860,2624391.200,128.2300,0.0000,4.1900,0.2677,-1
KHAPRETA_510206,312031.860,2624391.200,128.1900,0.7981,4.2300,0.2703,-1
KHAPRETA_510206,312032.860,2624391.200,128.1800,0.7931,4.2400,0.2709,-1
KHAPRETA_510206,312035.860,2624391.200,127.9700,0.0000,4.4500,0.2843,-1
KHAPRETA_510206,312044.860,2624391.200,128.2100,0.7181,4.2100,0.2690,-1
KHAPRETA_510206,312045.860,2624391.200,128.3400,0.8205,4.0800,0.2607,-1
KHAPRETA_510206,312051.860,2624391.200,128.7800,0.5984,3.6400,0.2326,-1
KHAPRETA_510206,312052.860,2624391.200,128.8600,1.4765,3.5600,0.2275,-1
KHAPRETA_510206,312053.860,2624391.200,131.6000,0.8640,0.8200,0.0524,-1
KHAPRETA_510206,312054.860,2624391.200,130.2400,0.8550,2.1800,0.1393,-1
KHAPRETA_510206,312055.860,2624391.200,129.8900,1.3936,2.5300,0.1617,-1
KHAPRETA_510206,312056.860,2624391.200,130.8200,0.0569,1.6000,0.1022,-1
KHAPRETA_510206,312058.860,2624391.200,129.1500,0.6059,3.2700,0.2089,-1
KHAPRETA_510206,312059.860,2624391.200,130.8400,0.3346,1.5800,0.1010,-1
KHAPRETA_510206,312063.860,2624391.200,129.4400,0.4231,2.9800,0.1904,-1
KHAPRETA_510206,312072.860,2624391.200,129.2000,0.0531,3.2200,0.2058,-1
KHAPRETA_510206,312073.860,2624391.200,129.6700,0.4441,2.7500,0.1757,-1
KHAPRETA_510206,312077.860,2624391.200,129.8600,0.0719,2.5600,0.1636,-1
KHAPRETA_510206,312078.860,2624391.200,129.9200,0.0419,2.5000,0.1597,-1
KHAPRETA_510206,312080.860,2624391.200,129.8800,0.0000,2.5400,0.1623,-1
KHAPRETA_510206,312100.860,2624391.200,130.1600,0.0000,2.2600,0.1444,-1
KHAPRETA_510206,312103.860,2624391.200,130.2000,0.0000,2.2200,0.1419,-1
KHAPRETA_510206,312107.860,2624391.200,130.2800,0.0150,2.1400,0.1367,-1
KHAPRETA_510206,312109.860,2624391.200,130.1800,0.2169,2.2400,0.1431,-1
KHAPRETA_510206,312122.860,2624391.200,130.4400,0.0000,1.9800,0.1265,-1
KHAPRETA_510206,312128.860,2624391.200,130.5400,0.3269,1.8800,0.1201,-1
KHAPRETA_510206,312132.860,2624391.200,131.3500,0.1000,1.0700,0.0684,-1
KHAPRETA_510206,312136.860,2624391.200,130.8600,0.4919,1.5600,0.0997,-1
KHAPRETA_510206,312138.860,2624391.200,131.4000,0.7919,1.0200,0.0652,-1
KHAPRETA_510206,312143.860,2624391.200,130.8900,0.4119,1.5300,0.0978,-1
KHAPRETA_510206,312146.860,2624391.200,130.5100,0.0000,1.9100,0.1220,-1
KHAPRETA_510206,312169.860,2624391.200,130.7200,0.5069,1.7000,0.1086,-1
KHAPRETA_510206,312174.860,2624391.200,130.8600,0.0000,1.5600,0.0997,-1
KHAPRETA_510206,312187.860,2624391.200,131.1900,1.1069,1.2300,0.0786,-1
KHAPRETA_510206,312189.860,2624391.200,131.2500,1.2919,1.1700,0.0748,-1
KHAPRETA_510206,312191.860,2624391.200,131.5700,0.0000,0.8500,0.0543,-1
KHAPRETA_510206,312199.860,2624391.200,132.0100,1.2919,0.4100,0.0262,-1
KHAPRETA_510206,312205.860,2624391.200,131.5000,0.0000,0.9200,0.0588,-1
KHAPRETA_510206,312213.860,2624391.200,132.0400,1.1319,0.3800,0.0243,-1
KHAPRETA_510206,312223.860,2624391.200,132.4200,0.0000,0.0000,0.0000,-1
KHAPRETA_510206,311888.860,2624392.200,127.5300,0.0000,4.8900,0.3125,-1
KHAPRETA_510206,311894.860,2624392.200,127.5500,0.0000,4.8700,0.3112,-1
KHAPRETA_510206,311897.860,2624392.200,127.5000,1.6273,4.9200,0.3144,-1
KHAPRETA_510206,311898.860,2624392.200,127.4400,1.5642,4.9800,0.3182,-1
KHAPRETA_510206,311921.860,2624392.200,125.8600,0.0000,6.5600,0.4192,-1
KHAPRETA_510206,311931.860,2624392.200,130.8900,0.9111,1.5300,0.0978,-1
KHAPRETA_510206,311932.860,2624392.200,131.3100,0.8461,1.1100,0.0709,-1
KHAPRETA_510206,311936.860,2624392.200,129.2100,0.5550,3.2100,0.2051,-1
KHAPRETA_510206,311977.860,2624392.200,127.9300,0.0000,4.4900,0.2869,-1
KHAPRETA_510206,311979.860,2624392.200,127.8700,0.0000,4.5500,0.2907,-1
KHAPRETA_510206,311989.860,2624392.200,127.9900,0.8081,4.4300,0.2831,-1
KHAPRETA_510206,311997.860,2624392.200,128.0100,0.0000,4.4100,0.2818,-1
KHAPRETA_510206,311999.860,2624392.200,132.3900,0.6731,0.0300,0.0019,-1
KHAPRETA_510206,312009.860,2624392.200,128.1200,0.0000,4.3000,0.2748,-1
KHAPRETA_510206,312012.860,2624392.200,128.2000,0.0000,4.2200,0.2696,-1
KHAPRETA_510206,312014.860,2624392.200,128.1400,0.7631,4.2800,0.2735,-1
KHAPRETA_510206,312019.860,2624392.200,128.2600,0.8031,4.1600,0.2658,-1
KHAPRETA_510206,312024.860,2624392.200,128.2600,0.0000,4.1600,0.2658,-1
KHAPRETA_510206,312029.860,2624392.200,128.3200,0.0000,4.1000,0.2620,-1
KHAPRETA_510206,312033.860,2624392.200,128.2500,0.0000,4.1700,0.2665,-1
KHAPRETA_510206,312043.860,2624392.200,131.6400,0.0000,0.7800,0.0498,-1
KHAPRETA_510206,312045.860,2624392.200,128.2000,0.7181,4.2200,0.2696,-1
KHAPRETA_510206,312049.860,2624392.200,127.5700,0.0000,4.8500,0.3099,-1
KHAPRETA_510206,312051.860,2624392.200,127.9700,0.6462,4.4500,0.2843,-1
KHAPRETA_510206,312052.860,2624392.200,128.9000,0.4650,3.5200,0.2249,-1
KHAPRETA_510206,312053.860,2624392.200,128.1300,1.7943,4.2900,0.2741,-1
KHAPRETA_510206,312058.860,2624392.200,128.6700,0.3131,3.7500,0.2396,-1
KHAPRETA_510206,312063.860,2624392.200,128.9300,0.1681,3.4900,0.2230,-1
KHAPRETA_510206,312066.860,2624392.200,129.9100,0.1119,2.5100,0.1604,-1
KHAPRETA_510206,312067.860,2624392.200,130.0000,0.0669,2.4200,0.1546,-1
KHAPRETA_510206,312071.860,2624392.200,129.3900,0.0000,3.0300,0.1936,-1
KHAPRETA_510206,312075.860,2624392.200,129.8400,0.0000,2.5800,0.1649,-1
KHAPRETA_510206,312084.860,2624392.200,129.8800,0.0000,2.5400,0.1623,-1
KHAPRETA_510206,312090.860,2624392.200,129.9900,0.0919,2.4300,0.1553,-1
KHAPRETA_510206,312091.860,2624392.200,129.9600,0.0100,2.4600,0.1572,-1
KHAPRETA_510206,312092.860,2624392.200,130.0100,0.0919,2.4100,0.1540,-1
KHAPRETA_510206,312097.860,2624392.200,129.9400,0.0000,2.4800,0.1585,-1
KHAPRETA_510206,312101.860,2624392.200,130.1200,0.2069,2.3000,0.1470,-1
KHAPRETA_510206,312102.860,2624392.200,130.1900,0.2614,2.2300,0.1425,-1
KHAPRETA_510206,312106.860,2624392.200,130.3000,0.2369,2.1200,0.1355,-1
KHAPRETA_510206,312107.860,2624392.200,130.2500,0.3634,2.1700,0.1387,-1
KHAPRETA_510206,312111.860,2624392.200,130.3100,0.0000,2.1100,0.1348,-1
KHAPRETA_510206,312120.860,2624392.200,130.5700,0.0000,1.8500,0.1182,-1
KHAPRETA_510206,312130.860,2624392.200,130.7200,0.0000,1.7000,0.1086,-1
KHAPRETA_510206,312132.860,2624392.200,131.1000,1.1379,1.3200,0.0843,-1
KHAPRETA_510206,312133.860,2624392.200,131.4200,0.6619,1.0000,0.0639,-1
KHAPRETA_510206,312136.860,2624392.200,130.7600,0.5419,1.6600,0.1061,-1
KHAPRETA_510206,312143.860,2624392.200,130.6000,0.5569,1.8200,0.1163,-1
KHAPRETA_510206,312145.860,2624392.200,130.8600,0.0000,1.5600,0.0997,-1
KHAPRETA_510206,312147.860,2624392.200,130.5100,0.0000,1.9100,0.1220,-1
KHAPRETA_510206,312169.860,2624392.200,130.7900,0.0050,1.6300,0.1042,-1
KHAPRETA_510206,312172.860,2624392.200,130.7600,0.0000,1.6600,0.1061,-1
KHAPRETA_510206,312175.860,2624392.200,130.9000,0.0000,1.5200,0.0971,-1
KHAPRETA_510206,312177.860,2624392.200,131.0200,1.4136,1.4000,0.0895,-1
KHAPRETA_510206,312178.860,2624392.200,131.0300,0.6219,1.3900,0.0888,-1
KHAPRETA_510206,312187.860,2624392.200,131.9900,1.0239,0.4300,0.0275,-1
KHAPRETA_510206,312188.860,2624392.200,131.6300,1.1223,0.7900,0.0505,-1
KHAPRETA_510206,312189.860,2624392.200,132.3600,1.1842,0.0600,0.0038,-1
KHAPRETA_510206,312199.860,2624392.200,132.3600,1.5867,0.0600,0.0038,-1
KHAPRETA_510206,312200.860,2624392.200,132.0300,1.7210,0.3900,0.0249,-1
KHAPRETA_510206,312210.860,2624392.200,131.7000,1.0119,0.7200,0.0460,-1
KHAPRETA_510206,312215.860,2624392.200,132.2300,0.0000,0.1900,0.0121,-1
KHAPRETA_510206,311889.860,2624393.200,127.5100,0.0000,4.9100,0.3137,-1
KHAPRETA_510206,311897.860,2624393.200,127.5100,1.1381,4.9100,0.3137,-1
KHAPRETA_510206,311926.860,2624393.200,127.1400,0.0000,5.2800,0.3374,-1
KHAPRETA_510206,311931.860,2624393.200,130.7600,0.8461,1.6600,0.1061,-1
KHAPRETA_510206,311932.860,2624393.200,131.0500,0.9111,1.3700,0.0875,-1
KHAPRETA_510206,311936.860,2624393.200,130.4200,1.5300,2.0000,0.1278,-1
KHAPRETA_510206,311940.860,2624393.200,129.7000,0.0000,2.7200,0.1738,-1
KHAPRETA_510206,311984.860,2624393.200,127.9600,0.8981,4.4600,0.2850,-1
KHAPRETA_510206,311985.860,2624393.200,127.9800,0.9081,4.4400,0.2837,-1
KHAPRETA_510206,311989.860,2624393.200,128.1600,1.2559,4.2600,0.2722,-1
KHAPRETA_510206,311990.860,2624393.200,128.0100,0.8081,4.4100,0.2818,-1
KHAPRETA_510206,311999.860,2624393.200,128.4300,1.4960,3.9900,0.2550,-1
KHAPRETA_510206,312000.860,2624393.200,128.3200,0.6731,4.1000,0.2620,-1
KHAPRETA_510206,312006.860,2624393.200,128.1700,0.0000,4.2500,0.2716,-1
KHAPRETA_510206,312016.860,2624393.200,128.2100,0.0000,4.2100,0.2690,-1
KHAPRETA_510206,312018.860,2624393.200,128.2400,0.0000,4.1800,0.2671,-1
KHAPRETA_510206,312027.860,2624393.200,128.3000,0.7231,4.1200,0.2633,-1
KHAPRETA_510206,312028.860,2624393.200,128.3300,0.7381,4.0900,0.2613,-1
KHAPRETA_510206,312032.860,2624393.200,128.2700,0.0000,4.1500,0.2652,-1
KHAPRETA_510206,312044.860,2624393.200,128.2400,0.0000,4.1800,0.2671,-1
KHAPRETA_510206,312047.860,2624393.200,127.9600,0.9581,4.4600,0.2850,-1
KHAPRETA_510206,312048.860,2624393.200,127.8600,0.9081,4.5600,0.2914,-1
KHAPRETA_510206,312051.860,2624393.200,127.8300,0.9031,4.5900,0.2933,-1
KHAPRETA_510206,312053.860,2624393.200,128.1200,1.3515,4.3000,0.2748,-1
KHAPRETA_510206,312054.860,2624393.200,131.9200,0.9103,0.5000,0.0319,-1
KHAPRETA_510206,312056.860,2624393.200,128.7300,0.4819,3.6900,0.2358,-1
KHAPRETA_510206,312059.860,2624393.200,132.3000,0.1069,0.1200,0.0077,-1
KHAPRETA_510206,312070.860,2624393.200,130.0400,1.3219,2.3800,0.1521,-1
KHAPRETA_510206,312072.860,2624393.200,129.6400,0.0000,2.7800,0.1776,-1
KHAPRETA_510206,312078.860,2624393.200,129.8600,0.0000,2.5600,0.1636,-1
KHAPRETA_510206,312083.860,2624393.200,129.9400,0.0000,2.4800,0.1585,-1
KHAPRETA_510206,312102.860,2624393.200,130.1700,0.2069,2.2500,0.1438,-1
KHAPRETA_510206,312115.860,2624393.200,130.4600,0.0000,1.9600,0.1252,-1
KHAPRETA_510206,312117.860,2624393.200,130.3700,0.3269,2.0500,0.1310,-1
KHAPRETA_510206,312118.860,2624393.200,130.4300,0.0600,1.9900,0.1272,-1
KHAPRETA_510206,312119.860,2624393.200,130.4900,0.3269,1.9300,0.1233,-1
KHAPRETA_510206,312124.860,2624393.200,130.6600,0.4019,1.7600,0.1125,-1
KHAPRETA_510206,312129.860,2624393.200,130.5200,0.0000,1.9000,0.1214,-1
KHAPRETA_510206,312134.860,2624393.200,131.1100,0.9473,1.3100,0.0837,-1
KHAPRETA_510206,312135.860,2624393.200,131.0700,0.6669,1.3500,0.0863,-1
KHAPRETA_510206,312139.860,2624393.200,131.2300,0.0000,1.1900,0.0760,-1
KHAPRETA_510206,312141.860,2624393.200,130.5500,0.3169,1.8700,0.1195,-1
KHAPRETA_510206,312144.860,2624393.200,131.2300,0.0000,1.1900,0.0760,-1
KHAPRETA_510206,312149.860,2624393.200,130.2600,0.0000,2.1600,0.1380,-1
KHAPRETA_510206,312169.860,2624393.200,130.7300,0.5069,1.6900,0.1080,-1
KHAPRETA_510206,312173.860,2624393.200,130.6400,0.0000,1.7800,0.1137,-1
KHAPRETA_510206,312176.860,2624393.200,131.1900,1.2669,1.2300,0.0786,-1
KHAPRETA_510206,312177.860,2624393.200,132.3100,0.9416,0.1100,0.0070,-1
KHAPRETA_510206,312187.860,2624393.200,132.0600,1.5655,0.3600,0.0230,-1
KHAPRETA_510206,312188.860,2624393.200,131.9900,1.4708,0.4300,0.0275,-1
KHAPRETA_510206,312200.860,2624393.200,132.0500,1.5867,0.3700,0.0236,-1
KHAPRETA_510206,312201.860,2624393.200,132.0100,1.1369,0.4100,0.0262,-1
KHAPRETA_510206,312203.860,2624393.200,131.8200,1.1769,0.6000,0.0383,-1
KHAPRETA_510206,312205.860,2624393.200,131.8600,0.0000,0.5600,0.0358,-1
KHAPRETA_510206,312210.860,2624393.200,131.8000,0.9619,0.6200,0.0396,-1
KHAPRETA_510206,312233.860,2624393.200,132.4200,0.0000,0.0000,0.0000,-1
KHAPRETA_510206,311890.860,2624394.200,127.5600,1.0281,4.8600,0.3105,-1
KHAPRETA_510206,311895.860,2624394.200,127.4100,1.1981,5.0100,0.3201,-1
KHAPRETA_510206,311908.860,2624394.200,131.6000,0.0000,0.8200,0.0524,-1
KHAPRETA_510206,311920.860,2624394.200,126.0400,0.0000,6.3800,0.4077,-1
KHAPRETA_510206,311923.860,2624394.200,126.2500,0.0000,6.1700,0.3942,-1
KHAPRETA_510206,311929.860,2624394.200,129.9400,0.8598,2.4800,0.1585,-1
KHAPRETA_510206,311930.860,2624394.200,130.6100,0.0819,1.8100,0.1157,-1
KHAPRETA_510206,311936.860,2624394.200,132.2700,0.3219,0.1500,0.0096,-1
KHAPRETA_510206,311938.860,2624394.200,131.7200,0.8869,0.7000,0.0447,-1
KHAPRETA_510206,311975.860,2624394.200,127.9900,0.0000,4.4300,0.2831,-1
KHAPRETA_510206,311977.860,2624394.200,127.9800,0.0000,4.4400,0.2837,-1
KHAPRETA_510206,311980.860,2624394.200,127.9100,0.8981,4.5100,0.2882,-1
KHAPRETA_510206,311991.860,2624394.200,128.0400,0.8431,4.3800,0.2799,-1
KHAPRETA_510206,311992.860,2624394.200,128.0900,0.0000,4.3300,0.2767,-1
KHAPRETA_510206,311993.860,2624394.200,128.0400,0.0100,4.3800,0.2799,-1
KHAPRETA_510206,311994.860,2624394.200,128.0700,0.8681,4.3500,0.2780,-1
KHAPRETA_510206,311996.860,2624394.200,128.0900,1.1430,4.3300,0.2767,-1
KHAPRETA_510206,311997.860,2624394.200,128.1300,1.1923,4.2900,0.2741,-1
KHAPRETA_510206,312001.860,2624394.200,128.2500,0.0000,4.1700,0.2665,-1
KHAPRETA_510206,312004.860,2624394.200,128.1500,0.0000,4.2700,0.2728,-1
KHAPRETA_510206,312008.860,2624394.200,128.1000,0.8281,4.3200,0.2760,-1
KHAPRETA_510206,312009.860,2624394.200,128.1200,0.8381,4.3000,0.2748,-1
KHAPRETA_510206,312011.860,2624394.200,128.2600,0.0000,4.1600,0.2658,-1
KHAPRETA_510206,312013.860,2624394.200,128.2700,0.0000,4.1500,0.2652,-1
KHAPRETA_510206,312023.860,2624394.200,128.2600,0.0000,4.1600,0.2658,-1
KHAPRETA_510206,312046.860,2624394.200,128.0600,0.0000,4.3600,0.2786,-1
KHAPRETA_510206,312052.860,2624394.200,128.8100,0.0000,3.6100,0.2307,-1
KHAPRETA_510206,312054.860,2624394.200,129.0200,1.8436,3.4000,0.2173,-1
KHAPRETA_510206,312055.860,2624394.200,132.3400,0.8600,0.0800,0.0051,-1
KHAPRETA_510206,312056.860,2624394.200,130.7400,1.7525,1.6800,0.1073,-1
KHAPRETA_510206,312059.860,2624394.200,129.9900,0.9542,2.4300,0.1553,-1
KHAPRETA_510206,312060.860,2624394.200,130.4100,0.9600,2.0100,0.1284,-1
KHAPRETA_510206,312061.860,2624394.200,131.9100,0.3169,0.5100,0.0326,-1
KHAPRETA_510206,312064.860,2624394.200,128.8800,0.6481,3.5400,0.2262,-1
KHAPRETA_510206,312066.860,2624394.200,131.7300,0.0000,0.6900,0.0441,-1
KHAPRETA_510206,312070.860,2624394.200,132.4200,0.1319,0.0000,0.0000,-1
KHAPRETA_510206,312074.860,2624394.200,129.8400,0.0000,2.5800,0.1649,-1
KHAPRETA_510206,312076.860,2624394.200,129.7800,0.0000,2.6400,0.1687,-1
KHAPRETA_510206,312085.860,2624394.200,129.9300,0.0719,2.4900,0.1591,-1
KHAPRETA_510206,312086.860,2624394.200,129.9200,0.0815,2.5000,0.1597,-1
KHAPRETA_510206,312090.860,2624394.200,130.0400,0.1219,2.3800,0.1521,-1
KHAPRETA_510206,312098.860,2624394.200,130.0800,0.0000,2.3400,0.1495,-1
KHAPRETA_510206,312107.860,2624394.200,130.2900,0.2869,2.1300,0.1361,-1
KHAPRETA_510206,312113.860,2624394.200,130.4100,0.3169,2.0100,0.1284,-1
KHAPRETA_510206,312121.860,2624394.200,130.5400,0.0000,1.8800,0.1201,-1
KHAPRETA_510206,312124.860,2624394.200,130.5800,0.6008,1.8400,0.1176,-1
KHAPRETA_510206,312125.860,2624394.200,130.5900,0.4019,1.8300,0.1169,-1
KHAPRETA_510206,312128.860,2624394.200,130.4800,0.0000,1.9400,0.1240,-1
KHAPRETA_510206,312132.860,2624394.200,130.9200,0.6119,1.5000,0.0958,-1
KHAPRETA_510206,312133.860,2624394.200,131.0000,0.3671,1.4200,0.0907,-1
KHAPRETA_510206,312134.860,2624394.200,131.1600,0.9051,1.2600,0.0805,-1
KHAPRETA_510206,312141.860,2624394.200,130.4100,0.3869,2.0100,0.1284,-1
KHAPRETA_510206,312143.860,2624394.200,131.2300,0.4369,1.1900,0.0760,-1
KHAPRETA_510206,312190.860,2624394.200,132.1600,0.0000,0.2600,0.0166,-1
KHAPRETA_510206,312197.860,2624394.200,131.8800,1.1769,0.5400,0.0345,-1
KHAPRETA_510206,312203.860,2624394.200,132.1300,1.0219,0.2900,0.0185,-1
KHAPRETA_510206,312206.860,2624394.200,131.8600,0.0000,0.5600,0.0358,-1
KHAPRETA_510206,312234.860,2624394.200,132.4200,0.0000,0.0000,0.0000,-1
KHAPRETA_510206,311890.860,2624395.200,127.7200,1.6100,4.7000,0.3003,-1
KHAPRETA_510206,311891.860,2624395.200,127.4400,0.1050,4.9800,0.3182,-1
KHAPRETA_510206,311892.860,2624395.200,127.5100,1.1681,4.9100,0.3137,-1
KHAPRETA_510206,311895.860,2624395.200,127.3800,1.1831,5.0400,0.3220,-1
KHAPRETA_510206,311899.860,2624395.200,127.5700,0.0000,4.8500,0.3099,-1
KHAPRETA_510206,311918.860,2624395.200,128.7300,1.1831,3.6900,0.2358,-1
KHAPRETA_510206,311929.860,2624395.200,131.2800,0.0819,1.1400,0.0728,-1
KHAPRETA_510206,311931.860,2624395.200,131.5500,1.0569,0.8700,0.0556,-1
KHAPRETA_510206,311938.860,2624395.200,131.5500,0.9719,0.8700,0.0556,-1
KHAPRETA_510206,311940.860,2624395.200,132.1100,0.0000,0.3100,0.0198,-1
KHAPRETA_510206,311974.860,2624395.200,127.9700,0.0000,4.4500,0.2843,-1
KHAPRETA_510206,311979.860,2624395.200,128.1100,0.8981,4.3100,0.2754,-1
KHAPRETA_510206,311980.860,2624395.200,127.9800,1.2508,4.4400,0.2837,-1
KHAPRETA_510206,311982.860,2624395.200,127.9800,0.0000,4.4400,0.2837,-1
KHAPRETA_510206,311996.860,2624395.200,128.1900,1.1923,4.2300,0.2703,-1
KHAPRETA_510206,311997.860,2624395.200,128.0900,0.8238,4.3300,0.2767,-1
KHAPRETA_510206,311998.860,2624395.200,128.1200,0.8431,4.3000,0.2748,-1
KHAPRETA_510206,312002.860,2624395.200,128.2100,0.8131,4.2100,0.2690,-1
KHAPRETA_510206,312003.860,2624395.200,128.1500,0.7831,4.2700,0.2728,-1
KHAPRETA_510206,312012.860,2624395.200,128.2700,0.0000,4.1500,0.2652,-1
KHAPRETA_510206,312017.860,2624395.200,128.3000,0.0000,4.1200,0.2633,-1
KHAPRETA_510206,312019.860,2624395.200,128.2500,0.7531,4.1700,0.2665,-1
KHAPRETA_510206,312050.860,2624395.200,128.2600,0.0000,4.1600,0.2658,-1
KHAPRETA_510206,312053.860,2624395.200,129.4500,0.2984,2.9700,0.1898,-1
KHAPRETA_510206,312054.860,2624395.200,129.2700,1.5039,3.1500,0.2013,-1
KHAPRETA_510206,312056.860,2624395.200,131.1200,0.3600,1.3000,0.0831,-1
KHAPRETA_510206,312058.860,2624395.200,129.3100,0.3619,3.1100,0.1987,-1
KHAPRETA_510206,312059.860,2624395.200,130.5000,0.2599,1.9200,0.1227,-1
KHAPRETA_510206,312063.860,2624395.200,129.0200,1.3479,3.4000,0.2173,-1
KHAPRETA_510206,312064.860,2624395.200,128.4800,0.5862,3.9400,0.2518,-1
KHAPRETA_510206,312071.860,2624395.200,129.4500,0.0000,2.9700,0.1898,-1
KHAPRETA_510206,312075.860,2624395.200,129.7300,0.0181,2.6900,0.1719,-1
KHAPRETA_510206,312080.860,2624395.200,129.7900,0.0000,2.6300,0.1681,-1
KHAPRETA_510206,312082.860,2624395.200,129.7800,0.0498,2.6400,0.1687,-1
KHAPRETA_510206,312083.860,2624395.200,129.8600,0.0019,2.5600,0.1636,-1
KHAPRETA_510206,312086.860,2624395.200,129.8300,0.0719,2.5900,0.1655,-1
KHAPRETA_510206,312090.860,2624395.200,130.0200,0.1831,2.4000,0.1534,-1
KHAPRETA_510206,312091.860,2624395.200,130.0300,0.1219,2.3900,0.1527,-1
KHAPRETA_510206,312099.860,2624395.200,130.0900,0.0000,2.3300,0.1489,-1
KHAPRETA_510206,312101.860,2624395.200,130.1300,0.2169,2.2900,0.1463,-1
KHAPRETA_510206,312102.860,2624395.200,130.2100,0.2574,2.2100,0.1412,-1
KHAPRETA_510206,312106.860,2624395.200,130.3500,0.4093,2.0700,0.1323,-1
KHAPRETA_510206,312107.860,2624395.200,130.3500,0.2570,2.0700,0.1323,-1
KHAPRETA_510206,312108.860,2624395.200,130.3600,0.2869,2.0600,0.1316,-1
KHAPRETA_510206,312113.860,2624395.200,130.4100,0.4518,2.0100,0.1284,-1
KHAPRETA_510206,312114.860,2624395.200,130.4200,0.4482,2.0000,0.1278,-1
KHAPRETA_510206,312119.860,2624395.200,130.4100,0.3169,2.0100,0.1284,-1
KHAPRETA_510206,312131.860,2624395.200,130.8300,0.3119,1.5900,0.1016,-1
KHAPRETA_510206,312133.860,2624395.200,130.4700,0.2550,1.9500,0.1246,-1
KHAPRETA_510206,312135.860,2624395.200,131.4100,0.6071,1.0100,0.0645,-1
KHAPRETA_510206,312136.860,2624395.200,130.7200,0.8169,1.7000,0.1086,-1
KHAPRETA_510206,312140.860,2624395.200,131.1800,0.0000,1.2400,0.0792,-1
KHAPRETA_510206,312143.860,2624395.200,130.6500,0.7269,1.7700,0.1131,-1
KHAPRETA_510206,312146.860,2624395.200,130.3700,0.3819,2.0500,0.1310,-1
KHAPRETA_510206,312170.860,2624395.200,130.7300,0.6169,1.6900,0.1080,-1
KHAPRETA_510206,312174.860,2624395.200,130.5900,0.7519,1.8300,0.1169,-1
KHAPRETA_510206,312180.860,2624395.200,132.1100,0.0000,0.3100,0.0198,-1
KHAPRETA_510206,312182.860,2624395.200,132.0800,0.0000,0.3400,0.0217,-1
KHAPRETA_510206,312186.860,2624395.200,131.7800,0.0000,0.6400,0.0409,-1
KHAPRETA_510206,312188.860,2624395.200,131.9800,0.9369,0.4400,0.0281,-1
KHAPRETA_510206,312197.860,2624395.200,132.1300,1.0519,0.2900,0.0185,-1
KHAPRETA_510206,312199.860,2624395.200,132.3400,1.2869,0.0800,0.0051,-1
KHAPRETA_510206,312200.860,2624395.200,132.3500,0.0300,0.0700,0.0045,-1
KHAPRETA_510206,312201.860,2624395.200,132.4000,1.7205,0.0200,0.0013,-1
KHAPRETA_510206,312208.860,2624395.200,131.7800,0.0000,0.6400,0.0409,-1
KHAPRETA_510206,312215.860,2624395.200,132.2600,0.0000,0.1600,0.0102,-1
KHAPRETA_510206,312233.860,2624395.200,132.4200,0.0000,0.0000,0.0000,-1
KHAPRETA_510206,311897.860,2624396.200,127.4900,0.0000,4.9300,0.3150,-1
KHAPRETA_510206,311917.860,2624396.200,129.2600,1.1831,3.1600,0.2019,-1
KHAPRETA_510206,311918.860,2624396.200,127.4100,0.5833,5.0100,0.3201,-1
KHAPRETA_510206,311922.860,2624396.200,126.1200,0.0000,6.3000,0.4026,-1
KHAPRETA_510206,311928.860,2624396.200,130.9200,0.0000,1.5000,0.0958,-1
KHAPRETA_510206,311930.860,2624396.200,131.5400,1.0569,0.8800,0.0562,-1
KHAPRETA_510206,311931.860,2624396.200,131.8900,0.9857,0.5300,0.0339,-1
KHAPRETA_510206,311932.860,2624396.200,132.4000,1.0569,0.0200,0.0013,-1
KHAPRETA_510206,311976.860,2624396.200,127.9900,0.0000,4.4300,0.2831,-1
KHAPRETA_510206,311989.860,2624396.200,128.1800,0.0000,4.2400,0.2709,-1
KHAPRETA_510206,311992.860,2624396.200,128.1000,0.0000,4.3200,0.2760,-1
KHAPRETA_510206,311994.860,2624396.200,128.0800,0.0000,4.3400,0.2773,-1
KHAPRETA_510206,312004.860,2624396.200,128.2300,0.8081,4.1900,0.2677,-1
KHAPRETA_510206,312006.860,2624396.200,128.1700,1.1464,4.2500,0.2716,-1
KHAPRETA_510206,312007.860,2624396.200,128.1700,0.8031,4.2500,0.2716,-1
KHAPRETA_510206,312009.860,2624396.200,128.2000,0.7881,4.2200,0.2696,-1
KHAPRETA_510206,312010.860,2624396.200,128.2000,0.7881,4.2200,0.2696,-1
KHAPRETA_510206,312014.860,2624396.200,128.2700,0.0000,4.1500,0.2652,-1
KHAPRETA_510206,312019.860,2624396.200,128.2700,0.0100,4.1500,0.2652,-1
KHAPRETA_510206,312021.860,2624396.200,128.2900,0.0000,4.1300,0.2639,-1
KHAPRETA_510206,312047.860,2624396.200,128.9200,0.0000,3.5000,0.2236,-1
KHAPRETA_510206,312049.860,2624396.200,128.6800,0.0000,3.7400,0.2390,-1
KHAPRETA_510206,312051.860,2624396.200,129.1400,0.1331,3.2800,0.2096,-1
KHAPRETA_510206,312052.860,2624396.200,129.5100,0.1600,2.9100,0.1859,-1
KHAPRETA_510206,312053.860,2624396.200,129.4600,1.2606,2.9600,0.1891,-1
KHAPRETA_510206,312054.860,2624396.200,132.0100,1.2313,0.4100,0.0262,-1
KHAPRETA_510206,312055.860,2624396.200,131.8700,0.2750,0.5500,0.0351,-1
KHAPRETA_510206,312056.860,2624396.200,131.4600,1.2440,0.9600,0.0613,-1
KHAPRETA_510206,312059.860,2624396.200,130.2200,0.3619,2.2000,0.1406,-1
KHAPRETA_510206,312063.860,2624396.200,132.1400,0.3781,0.2800,0.0179,-1
KHAPRETA_510206,312075.860,2624396.200,129.7400,0.0231,2.6800,0.1712,-1
KHAPRETA_510206,312078.860,2624396.200,129.6900,0.0000,2.7300,0.1744,-1
KHAPRETA_510206,312082.860,2624396.200,129.8300,0.0019,2.5900,0.1655,-1
KHAPRETA_510206,312092.860,2624396.200,130.0100,0.0000,2.4100,0.1540,-1
KHAPRETA_510206,312094.860,2624396.200,130.0500,0.1869,2.3700,0.1514,-1
KHAPRETA_510206,312095.860,2624396.200,130.1500,0.1369,2.2700,0.1450,-1
KHAPRETA_510206,312097.860,2624396.200,130.1700,0.2329,2.2500,0.1438,-1
KHAPRETA_510206,312098.860,2624396.200,130.0400,0.1969,2.3800,0.1521,-1
KHAPRETA_510206,312100.860,2624396.200,130.1000,0.0000,2.3200,0.1482,-1
KHAPRETA_510206,312102.860,2624396.200,130.1500,0.2169,2.2700,0.1450,-1
KHAPRETA_510206,312105.860,2624396.200,130.2400,0.3760,2.1800,0.1393,-1
KHAPRETA_510206,312106.860,2624396.200,130.3600,0.3690,2.0600,0.1316,-1
KHAPRETA_510206,312114.860,2624396.200,130.4100,0.4624,2.0100,0.1284,-1
KHAPRETA_510206,312115.860,2624396.200,130.4400,0.3169,1.9800,0.1265,-1
KHAPRETA_510206,312119.860,2624396.200,130.4100,0.3169,2.0100,0.1284,-1
KHAPRETA_510206,312121.860,2624396.200,130.5000,0.0000,1.9200,0.1227,-1
KHAPRETA_510206,312131.860,2624396.200,130.4000,0.1750,2.0200,0.1291,-1
KHAPRETA_510206,312133.860,2624396.200,130.4900,0.8692,1.9300,0.1233,-1
KHAPRETA_510206,312134.860,2624396.200,131.3700,0.0250,1.0500,0.0671,-1
KHAPRETA_510206,312135.860,2624396.200,130.5400,0.8569,1.8800,0.1201,-1
KHAPRETA_510206,312142.860,2624396.200,130.6600,0.5919,1.7600,0.1125,-1
KHAPRETA_510206,312144.860,2624396.200,130.9900,0.8519,1.4300,0.0914,-1
KHAPRETA_510206,312146.860,2624396.200,130.5400,0.3050,1.8800,0.1201,-1
KHAPRETA_510206,312169.860,2624396.200,131.3100,0.6169,1.1100,0.0709,-1
KHAPRETA_510206,312170.860,2624396.200,131.0100,0.9031,1.4100,0.0901,-1
KHAPRETA_510206,312172.860,2624396.200,130.5100,0.0000,1.9100,0.1220,-1
KHAPRETA_510206,312174.860,2624396.200,131.2800,0.4069,1.1400,0.0728,-1
KHAPRETA_510206,312183.860,2624396.200,131.4800,1.2243,0.9400,0.0601,-1
KHAPRETA_510206,312184.860,2624396.200,131.6000,0.8519,0.8200,0.0524,-1
KHAPRETA_510206,312188.860,2624396.200,131.6500,0.0200,0.7700,0.0492,-1
KHAPRETA_510206,312201.860,2624396.200,132.0600,1.3119,0.3600,0.0230,-1
KHAPRETA_510206,312206.860,2624396.200,131.8600,1.0519,0.5600,0.0358,-1
KHAPRETA_510206,312216.860,2624396.200,132.1500,0.0000,0.2700,0.0173,-1
KHAPRETA_510206,311896.860,2624397.200,127.6000,1.0481,4.8200,0.3080,-1
KHAPRETA_510206,311913.860,2624397.200,132.2300,0.0000,0.1900,0.0121,-1
KHAPRETA_510206,311929.860,2624397.200,131.7800,0.0000,0.6400,0.0409,-1
KHAPRETA_510206,311975.860,2624397.200,128.0200,0.0000,4.4000,0.2811,-1
KHAPRETA_510206,311982.860,2624397.200,128.0200,1.2173,4.4000,0.2811,-1
KHAPRETA_510206,311983.860,2624397.200,128.0900,0.8781,4.3300,0.2767,-1
KHAPRETA_510206,311986.860,2624397.200,128.1000,0.8231,4.3200,0.2760,-1
KHAPRETA_510206,311995.860,2624397.200,128.1600,0.0000,4.2600,0.2722,-1
KHAPRETA_510206,312004.860,2624397.200,128.1600,1.1255,4.2600,0.2722,-1
KHAPRETA_510206,312005.860,2624397.200,128.1400,0.0100,4.2800,0.2735,-1
KHAPRETA_510206,312006.860,2624397.200,128.1400,1.1464,4.2800,0.2735,-1
KHAPRETA_510206,312012.860,2624397.200,128.2400,0.0000,4.1800,0.2671,-1
KHAPRETA_510206,312016.860,2624397.200,128.3000,0.0000,4.1200,0.2633,-1
KHAPRETA_510206,312019.860,2624397.200,128.2700,1.0509,4.1500,0.2652,-1
KHAPRETA_510206,312020.860,2624397.200,128.3100,0.7531,4.1100,0.2626,-1
KHAPRETA_510206,312029.860,2624397.200,128.3100,0.0000,4.1100,0.2626,-1
KHAPRETA_510206,312032.860,2624397.200,128.7300,0.0000,3.6900,0.2358,-1
KHAPRETA_510206,312048.860,2624397.200,129.0000,0.0000,3.4200,0.2185,-1
KHAPRETA_510206,312057.860,2624397.200,132.3000,0.0000,0.1200,0.0077,-1
KHAPRETA_510206,312071.860,2624397.200,129.1900,0.1981,3.2300,0.2064,-1
KHAPRETA_510206,312072.860,2624397.200,129.3800,0.2931,3.0400,0.1942,-1
KHAPRETA_510206,312074.860,2624397.200,129.5300,0.0000,2.8900,0.1847,-1
KHAPRETA_510206,312077.860,2624397.200,129.8200,0.0000,2.6000,0.1661,-1
KHAPRETA_510206,312083.860,2624397.200,129.8700,0.0000,2.5500,0.1629,-1
KHAPRETA_510206,312089.860,2624397.200,129.9600,0.0000,2.4600,0.1572,-1
KHAPRETA_510206,312097.860,2624397.200,130.1600,0.1969,2.2600,0.1444,-1
KHAPRETA_510206,312101.860,2624397.200,130.1400,0.1869,2.2800,0.1457,-1
KHAPRETA_510206,312105.860,2624397.200,130.2500,0.2319,2.1700,0.1387,-1
KHAPRETA_510206,312113.860,2624397.200,130.4300,0.0000,1.9900,0.1272,-1
KHAPRETA_510206,312120.860,2624397.200,130.4300,0.3069,1.9900,0.1272,-1
KHAPRETA_510206,312123.860,2624397.200,130.5200,0.0000,1.9000,0.1214,-1
KHAPRETA_510206,312126.860,2624397.200,130.4300,0.0000,1.9900,0.1272,-1
KHAPRETA_510206,312131.860,2624397.200,130.4800,0.3119,1.9400,0.1240,-1
KHAPRETA_510206,312135.860,2624397.200,130.7800,0.3819,1.6400,0.1048,-1
KHAPRETA_510206,312137.860,2624397.200,130.5000,0.0000,1.9200,0.1227,-1
KHAPRETA_510206,312140.860,2624397.200,130.6100,0.0000,1.8100,0.1157,-1
KHAPRETA_510206,312142.860,2624397.200,130.9600,0.4419,1.4600,0.0933,-1
KHAPRETA_510206,312144.860,2624397.200,131.4800,0.5461,0.9400,0.0601,-1
KHAPRETA_510206,312145.860,2624397.200,130.8000,0.2500,1.6200,0.1035,-1
KHAPRETA_510206,312146.860,2624397.200,130.9800,0.6387,1.4400,0.0920,-1
KHAPRETA_510206,312180.860,2624397.200,131.4400,0.0000,0.9800,0.0626,-1
KHAPRETA_510206,312183.860,2624397.200,131.4100,0.8519,1.0100,0.0645,-1
KHAPRETA_510206,312186.860,2624397.200,131.4600,0.0000,0.9600,0.0613,-1
KHAPRETA_510206,312188.860,2624397.200,132.0200,0.1200,0.4000,0.0256,-1
KHAPRETA_510206,312192.860,2624397.200,132.3500,0.0000,0.0700,0.0045,-1
KHAPRETA_510206,312206.860,2624397.200,131.8800,1.0419,0.5400,0.0345,-1
KHAPRETA_510206,312210.860,2624397.200,131.8700,0.0000,0.5500,0.0351,-1
KHAPRETA_510206,312212.860,2624397.200,132.2300,1.0569,0.1900,0.0121,-1
KHAPRETA_510206,312215.860,2624397.200,131.9900,1.0919,0.4300,0.0275,-1
KHAPRETA_510206,312227.860,2624397.200,132.4200,0.0000,0.0000,0.0000,-1
KHAPRETA_510206,311896.860,2624398.200,127.6800,1.0881,4.7400,0.3029,-1
KHAPRETA_510206,311922.860,2624398.200,126.5000,0.0000,5.9200,0.3783,-1
KHAPRETA_510206,311971.860,2624398.200,128.0400,0.0000,4.3800,0.2799,-1
KHAPRETA_510206,311974.860,2624398.200,127.9900,0.0000,4.4300,0.2831,-1
KHAPRETA_510206,311977.860,2624398.200,128.0700,0.8931,4.3500,0.2780,-1
KHAPRETA_510206,311978.860,2624398.200,127.9900,1.1994,4.4300,0.2831,-1
KHAPRETA_510206,311982.860,2624398.200,128.0200,0.0150,4.4000,0.2811,-1
KHAPRETA_510206,311986.860,2624398.200,128.1300,0.0450,4.2900,0.2741,-1
KHAPRETA_510206,311988.860,2624398.200,128.2300,0.0000,4.1900,0.2677,-1
KHAPRETA_510206,311990.860,2624398.200,128.2100,0.0000,4.2100,0.2690,-1
KHAPRETA_510206,311993.860,2624398.200,128.1400,0.8181,4.2800,0.2735,-1
KHAPRETA_510206,312001.860,2624398.200,128.1700,0.7781,4.2500,0.2716,-1
KHAPRETA_510206,312007.860,2624398.200,128.2000,0.7931,4.2200,0.2696,-1
KHAPRETA_510206,312008.860,2624398.200,128.1900,0.7881,4.2300,0.2703,-1
KHAPRETA_510206,312010.860,2624398.200,128.2400,0.0000,4.1800,0.2671,-1
KHAPRETA_510206,312025.860,2624398.200,128.3900,0.0000,4.0300,0.2575,-1
KHAPRETA_510206,312027.860,2624398.200,129.4500,0.1719,2.9700,0.1898,-1
KHAPRETA_510206,312028.860,2624398.200,130.1200,0.1631,2.3000,0.1470,-1
KHAPRETA_510206,312030.860,2624398.200,129.4500,0.3531,2.9700,0.1898,-1
KHAPRETA_510206,312031.860,2624398.200,129.0700,0.1631,3.3500,0.2141,-1
KHAPRETA_510206,312047.860,2624398.200,129.3400,0.3531,3.0800,0.1968,-1
KHAPRETA_510206,312049.860,2624398.200,129.2600,0.0000,3.1600,0.2019,-1
KHAPRETA_510206,312051.860,2624398.200,129.3500,0.0000,3.0700,0.1962,-1
KHAPRETA_510206,312076.860,2624398.200,129.8200,0.0731,2.6000,0.1661,-1
KHAPRETA_510206,312080.860,2624398.200,129.9200,0.0069,2.5000,0.1597,-1
KHAPRETA_510206,312081.860,2624398.200,129.7900,0.0719,2.6300,0.1681,-1
KHAPRETA_510206,312085.860,2624398.200,129.8100,0.0000,2.6100,0.1668,-1
KHAPRETA_510206,312090.860,2624398.200,129.9700,0.0969,2.4500,0.1565,-1
KHAPRETA_510206,312091.860,2624398.200,129.9700,0.0050,2.4500,0.1565,-1
KHAPRETA_510206,312092.860,2624398.200,129.9600,0.1481,2.4600,0.1572,-1
KHAPRETA_510206,312095.860,2624398.200,130.0600,0.0000,2.3600,0.1508,-1
KHAPRETA_510206,312098.860,2624398.200,130.1900,0.2119,2.2300,0.1425,-1
KHAPRETA_510206,312101.860,2624398.200,130.1500,0.3027,2.2700,0.1450,-1
KHAPRETA_510206,312102.860,2624398.200,130.2600,0.1869,2.1600,0.1380,-1
KHAPRETA_510206,312114.860,2624398.200,130.4300,0.0000,1.9900,0.1272,-1
KHAPRETA_510206,312120.860,2624398.200,130.3900,0.3269,2.0300,0.1297,-1
KHAPRETA_510206,312124.860,2624398.200,130.4900,0.0000,1.9300,0.1233,-1
KHAPRETA_510206,312141.860,2624398.200,130.8500,0.0000,1.5700,0.1003,-1
KHAPRETA_510206,312144.860,2624398.200,130.6100,0.8519,1.8100,0.1157,-1
KHAPRETA_510206,312170.860,2624398.200,130.8200,0.6569,1.6000,0.1022,-1
KHAPRETA_510206,312172.860,2624398.200,130.6800,0.0000,1.7400,0.1112,-1
KHAPRETA_510206,312174.860,2624398.200,131.2000,0.8819,1.2200,0.0780,-1
KHAPRETA_510206,312182.860,2624398.200,131.2700,0.0000,1.1500,0.0735,-1
KHAPRETA_510206,312185.860,2624398.200,131.6400,0.0000,0.7800,0.0498,-1
KHAPRETA_510206,312188.860,2624398.200,131.8900,1.5483,0.5300,0.0339,-1
KHAPRETA_510206,312189.860,2624398.200,131.9100,1.4461,0.5100,0.0326,-1
KHAPRETA_510206,312212.860,2624398.200,131.8900,1.2269,0.5300,0.0339,-1
KHAPRETA_510206,312215.860,2624398.200,131.9600,1.1069,0.4600,0.0294,-1
KHAPRETA_510206,312219.860,2624398.200,132.4000,1.1919,0.0200,0.0013,-1
KHAPRETA_510206,312229.860,2624398.200,132.3500,0.0000,0.0700,0.0045,-1
KHAPRETA_510206,312231.860,2624398.200,132.3500,0.0000,0.0700,0.0045,-1
KHAPRETA_510206,311897.860,2624399.200,127.5100,0.0000,4.9100,0.3137,-1
KHAPRETA_510206,311899.860,2624399.200,127.6000,0.0000,4.8200,0.3080,-1
KHAPRETA_510206,311915.860,2624399.200,132.3200,1.0669,0.1000,0.0064,-1
KHAPRETA_510206,311916.860,2624399.200,131.9100,1.2719,0.5100,0.0326,-1
KHAPRETA_510206,311921.860,2624399.200,125.9900,0.0000,6.4300,0.4109,-1
KHAPRETA_510206,311973.860,2624399.200,128.0700,0.0000,4.3500,0.2780,-1
KHAPRETA_510206,311976.860,2624399.200,128.0400,0.8531,4.3800,0.2799,-1
KHAPRETA_510206,311978.860,2624399.200,128.0900,1.2179,4.3300,0.2767,-1
KHAPRETA_510206,311979.860,2624399.200,128.1200,0.8431,4.3000,0.2748,-1
KHAPRETA_510206,311981.860,2624399.200,128.0500,1.1687,4.3700,0.2792,-1
KHAPRETA_510206,311982.860,2624399.200,128.0500,1.2312,4.3700,0.2792,-1
KHAPRETA_510206,311985.860,2624399.200,128.1200,1.0698,4.3000,0.2748,-1
KHAPRETA_510206,311986.860,2624399.200,128.1900,1.1675,4.2300,0.2703,-1
KHAPRETA_510206,311989.860,2624399.200,128.1700,0.0000,4.2500,0.2716,-1
KHAPRETA_510206,311993.860,2624399.200,128.1400,0.8486,4.2800,0.2735,-1
KHAPRETA_510206,311994.860,2624399.200,128.0800,0.8181,4.3400,0.2773,-1
KHAPRETA_510206,311996.860,2624399.200,128.1100,0.8231,4.3100,0.2754,-1
KHAPRETA_510206,312000.860,2624399.200,128.2400,0.7781,4.1800,0.2671,-1
KHAPRETA_510206,312001.860,2624399.200,128.2200,0.7681,4.2000,0.2684,-1
KHAPRETA_510206,312005.860,2624399.200,128.2000,0.0000,4.2200,0.2696,-1
KHAPRETA_510206,312014.860,2624399.200,128.3000,0.0000,4.1200,0.2633,-1
KHAPRETA_510206,312023.860,2624399.200,128.8200,0.0000,3.6000,0.2300,-1
KHAPRETA_510206,312047.860,2624399.200,129.0700,0.3192,3.3500,0.2141,-1
KHAPRETA_510206,312048.860,2624399.200,129.3100,0.4433,3.1100,0.1987,-1
KHAPRETA_510206,312053.860,2624399.200,129.3300,0.0000,3.0900,0.1974,-1
KHAPRETA_510206,312057.860,2624399.200,131.2500,0.3931,1.1700,0.0748,-1
KHAPRETA_510206,312074.860,2624399.200,129.3800,0.1181,3.0400,0.1942,-1
KHAPRETA_510206,312075.860,2624399.200,129.5400,0.1250,2.8800,0.1840,-1
KHAPRETA_510206,312076.860,2624399.200,129.6300,0.1201,2.7900,0.1783,-1
KHAPRETA_510206,312086.860,2624399.200,129.8000,0.1056,2.6200,0.1674,-1
KHAPRETA_510206,312087.860,2624399.200,129.9700,0.1065,2.4500,0.1565,-1
KHAPRETA_510206,312088.860,2624399.200,129.9800,0.0969,2.4400,0.1559,-1
KHAPRETA_510206,312092.860,2624399.200,130.0000,0.0800,2.4200,0.1546,-1
KHAPRETA_510206,312094.860,2624399.200,130.1400,0.0000,2.2800,0.1457,-1
KHAPRETA_510206,312098.860,2624399.200,130.2000,0.3071,2.2200,0.1419,-1
KHAPRETA_510206,312099.860,2624399.200,130.2300,0.1500,2.1900,0.1399,-1
KHAPRETA_510206,312100.860,2624399.200,129.9000,0.2269,2.5200,0.1610,-1
KHAPRETA_510206,312105.860,2624399.200,130.2800,0.0000,2.1400,0.1367,-1
KHAPRETA_510206,312107.860,2624399.200,130.3600,0.2669,2.0600,0.1316,-1
KHAPRETA_510206,312108.860,2624399.200,130.3100,0.2919,2.1100,0.1348,-1
KHAPRETA_510206,312111.860,2624399.200,130.3200,0.4018,2.1000,0.1342,-1
KHAPRETA_510206,312112.860,2624399.200,130.4100,0.0100,2.0100,0.1284,-1
KHAPRETA_510206,312113.860,2624399.200,130.3400,0.3169,2.0800,0.1329,-1
KHAPRETA_510206,312117.860,2624399.200,130.4100,0.0000,2.0100,0.1284,-1
KHAPRETA_510206,312119.860,2624399.200,130.0100,0.0000,2.4100,0.1540,-1
KHAPRETA_510206,312122.860,2624399.200,130.4000,0.3148,2.0200,0.1291,-1
KHAPRETA_510206,312123.860,2624399.200,130.1100,0.3119,2.3100,0.1476,-1
KHAPRETA_510206,312125.860,2624399.200,130.2300,0.6419,2.1900,0.1399,-1
KHAPRETA_510206,312126.860,2624399.200,131.0600,0.1950,1.3600,0.0869,-1
KHAPRETA_510206,312127.860,2624399.200,130.6200,0.6419,1.8000,0.1150,-1
KHAPRETA_510206,312132.860,2624399.200,131.0300,0.0000,1.3900,0.0888,-1
KHAPRETA_510206,312138.860,2624399.200,131.1300,0.7369,1.2900,0.0824,-1
KHAPRETA_510206,312139.860,2624399.200,131.2500,0.0350,1.1700,0.0748,-1
KHAPRETA_510206,312140.860,2624399.200,131.2000,0.7369,1.2200,0.0780,-1
KHAPRETA_510206,312153.860,2624399.200,130.6400,0.0000,1.7800,0.1137,-1
KHAPRETA_510206,312170.860,2624399.200,131.0900,0.5219,1.3300,0.0850,-1
KHAPRETA_510206,312174.860,2624399.200,131.5400,0.7119,0.8800,0.0562,-1
KHAPRETA_510206,312180.860,2624399.200,131.4000,0.0000,1.0200,0.0652,-1
KHAPRETA_510206,312183.860,2624399.200,131.3400,0.0000,1.0800,0.0690,-1
KHAPRETA_510206,312187.860,2624399.200,131.5000,0.0000,0.9200,0.0588,-1
KHAPRETA_510206,312189.860,2624399.200,131.7500,1.2727,0.6700,0.0428,-1
KHAPRETA_510206,312190.860,2624399.200,132.2700,0.9869,0.1500,0.0096,-1
KHAPRETA_510206,312193.860,2624399.200,132.1500,0.0000,0.2700,0.0173,-1
KHAPRETA_510206,312208.860,2624399.200,131.9100,1.5590,0.5100,0.0326,-1
KHAPRETA_510206,312209.860,2624399.200,131.9200,0.0150,0.5000,0.0319,-1
KHAPRETA_510206,312210.860,2624399.200,131.9400,0.0950,0.4800,0.0307,-1
KHAPRETA_510206,312211.860,2624399.200,132.1100,1.0819,0.3100,0.0198,-1
KHAPRETA_510206,312214.860,2624399.200,131.9700,1.0819,0.4500,0.0288,-1
KHAPRETA_510206,312219.860,2624399.200,132.1600,1.8378,0.2600,0.0166,-1
KHAPRETA_510206,312220.860,2624399.200,132.3500,1.1919,0.0700,0.0045,-1
KHAPRETA_510206,312228.860,2624399.200,132.3200,0.0000,0.1000,0.0064,-1
KHAPRETA_510206,312232.860,2624399.200,132.3300,1.3119,0.0900,0.0058,-1
KHAPRETA_510206,312233.860,2624399.200,132.4000,1.2769,0.0200,0.0013,-1
KHAPRETA_510206,311976.860,2624400.200,128.0700,0.8681,4.3500,0.2780,-1
KHAPRETA_510206,311981.860,2624400.200,128.2000,0.8631,4.2200,0.2696,-1
KHAPRETA_510206,311984.860,2624400.200,128.1200,1.0736,4.3000,0.2748,-1
KHAPRETA_510206,311985.860,2624400.200,128.3400,1.1711,4.0800,0.2607,-1
KHAPRETA_510206,311987.860,2624400.200,128.0900,0.9281,4.3300,0.2767,-1
KHAPRETA_510206,311988.860,2624400.200,127.9200,1.2245,4.5000,0.2875,-1
KHAPRETA_510206,311993.860,2624400.200,128.2000,0.8181,4.2200,0.2696,-1
KHAPRETA_510206,311996.860,2624400.200,128.1300,1.1606,4.2900,0.2741,-1
KHAPRETA_510206,311997.860,2624400.200,128.1600,0.8231,4.2600,0.2722,-1
KHAPRETA_510206,312001.860,2624400.200,128.1700,0.0050,4.2500,0.2716,-1
KHAPRETA_510206,312003.860,2624400.200,128.2000,0.0000,4.2200,0.2696,-1
KHAPRETA_510206,312018.860,2624400.200,129.4400,0.4281,2.9800,0.1904,-1
KHAPRETA_510206,312019.860,2624400.200,128.9200,0.1681,3.5000,0.2236,-1
KHAPRETA_510206,312021.860,2624400.200,129.2300,0.3501,3.1900,0.2038,-1
KHAPRETA_510206,312022.860,2624400.200,129.0800,0.2731,3.3400,0.2134,-1
KHAPRETA_510206,312027.860,2624400.200,129.3800,0.1281,3.0400,0.1942,-1
KHAPRETA_510206,312028.860,2624400.200,129.5200,0.1981,2.9000,0.1853,-1
KHAPRETA_510206,312031.860,2624400.200,129.3100,0.0000,3.1100,0.1987,-1
KHAPRETA_510206,312035.860,2624400.200,129.4500,0.1981,2.9700,0.1898,-1
KHAPRETA_510206,312037.860,2624400.200,129.2800,0.0000,3.1400,0.2006,-1
KHAPRETA_510206,312046.860,2624400.200,128.9200,0.0000,3.5000,0.2236,-1
KHAPRETA_510206,312048.860,2624400.200,129.2400,0.2600,3.1800,0.2032,-1
KHAPRETA_510206,312052.860,2624400.200,129.3300,0.0000,3.0900,0.1974,-1
KHAPRETA_510206,312055.860,2624400.200,129.2900,0.0000,3.1300,0.2000,-1
KHAPRETA_510206,312057.860,2624400.200,128.9900,0.7369,3.4300,0.2192,-1
KHAPRETA_510206,312077.860,2624400.200,129.6700,0.1231,2.7500,0.1757,-1
KHAPRETA_510206,312078.860,2624400.200,129.5300,0.0531,2.8900,0.1847,-1
KHAPRETA_510206,312081.860,2624400.200,129.9100,0.0000,2.5100,0.1604,-1
KHAPRETA_510206,312085.860,2624400.200,129.9300,0.0419,2.4900,0.1591,-1
KHAPRETA_510206,312086.860,2624400.200,129.8600,0.0233,2.5600,0.1636,-1
KHAPRETA_510206,312087.860,2624400.200,129.8900,0.0431,2.5300,0.1617,-1
KHAPRETA_510206,312089.860,2624400.200,130.0500,0.0000,2.3700,0.1514,-1
KHAPRETA_510206,312092.860,2624400.200,130.1200,0.1119,2.3000,0.1470,-1
KHAPRETA_510206,312095.860,2624400.200,130.1900,0.0000,2.2300,0.1425,-1
KHAPRETA_510206,312097.860,2624400.200,130.1600,0.2069,2.2600,0.1444,-1
KHAPRETA_510206,312102.860,2624400.200,130.1500,0.0000,2.2700,0.1450,-1
KHAPRETA_510206,312104.860,2624400.200,130.2400,0.0000,2.1800,0.1393,-1
KHAPRETA_510206,312111.860,2624400.200,130.2700,0.2719,2.1500,0.1374,-1
KHAPRETA_510206,312116.860,2624400.200,130.1900,0.5369,2.2300,0.1425,-1
KHAPRETA_510206,312120.860,2624400.200,130.3600,0.0000,2.0600,0.1316,-1
KHAPRETA_510206,312122.860,2624400.200,130.3100,0.3119,2.1100,0.1348,-1
KHAPRETA_510206,312128.860,2624400.200,131.3100,1.0171,1.1100,0.0709,-1
KHAPRETA_510206,312129.860,2624400.200,131.0400,0.7669,1.3800,0.0882,-1
KHAPRETA_510206,312135.860,2624400.200,131.6900,0.0000,0.7300,0.0466,-1
KHAPRETA_510206,312142.860,2624400.200,130.9100,0.8969,1.5100,0.0965,-1
KHAPRETA_510206,312143.860,2624400.200,131.5700,1.0400,0.8500,0.0543,-1
KHAPRETA_510206,312146.860,2624400.200,131.0500,0.6381,1.3700,0.0875,-1
KHAPRETA_510206,312147.860,2624400.200,130.4500,0.7277,1.9700,0.1259,-1
KHAPRETA_510206,312154.860,2624400.200,130.7900,0.4619,1.6300,0.1042,-1
KHAPRETA_510206,312155.860,2624400.200,130.7000,0.5069,1.7200,0.1099,-1
KHAPRETA_510206,312173.860,2624400.200,130.7600,0.0000,1.6600,0.1061,-1
KHAPRETA_510206,312175.860,2624400.200,131.2900,0.0000,1.1300,0.0722,-1
KHAPRETA_510206,312184.860,2624400.200,131.4400,0.0000,0.9800,0.0626,-1
KHAPRETA_510206,312189.860,2624400.200,132.4200,0.9869,0.0000,0.0000,-1
KHAPRETA_510206,312207.860,2624400.200,132.1000,1.1319,0.3200,0.0204,-1
KHAPRETA_510206,312208.860,2624400.200,132.0400,1.5775,0.3800,0.0243,-1
KHAPRETA_510206,312213.860,2624400.200,132.2400,1.0819,0.1800,0.0115,-1
KHAPRETA_510206,312214.860,2624400.200,131.9400,1.6495,0.4800,0.0307,-1
KHAPRETA_510206,312218.860,2624400.200,131.9900,0.0000,0.4300,0.0275,-1
KHAPRETA_510206,312221.860,2624400.200,132.2100,1.2519,0.2100,0.0134,-1
KHAPRETA_510206,312222.860,2624400.200,132.2800,1.7140,0.1400,0.0089,-1
KHAPRETA_510206,311896.860,2624401.200,127.6700,0.0000,4.7500,0.3035,-1
KHAPRETA_510206,311972.860,2624401.200,128.0200,0.8181,4.4000,0.2811,-1
KHAPRETA_510206,311973.860,2624401.200,128.1400,0.8781,4.2800,0.2735,-1
KHAPRETA_510206,311977.860,2624401.200,128.0800,0.0000,4.3400,0.2773,-1
KHAPRETA_510206,311982.860,2624401.200,128.1300,0.0000,4.2900,0.2741,-1
KHAPRETA_510206,311984.860,2624401.200,128.1800,0.8281,4.2400,0.2709,-1
KHAPRETA_510206,311988.860,2624401.200,128.0000,0.9281,4.4200,0.2824,-1
KHAPRETA_510206,311991.860,2624401.200,128.2000,0.0000,4.2200,0.2696,-1
KHAPRETA_510206,311994.860,2624401.200,128.1800,0.8081,4.2400,0.2709,-1
KHAPRETA_510206,311995.860,2624401.200,128.1600,0.7981,4.2600,0.2722,-1
KHAPRETA_510206,311998.860,2624401.200,128.1400,0.0000,4.2800,0.2735,-1
KHAPRETA_510206,312001.860,2624401.200,128.2100,0.8031,4.2100,0.2690,-1
KHAPRETA_510206,312005.860,2624401.200,128.2700,0.7631,4.1500,0.2652,-1
KHAPRETA_510206,312006.860,2624401.200,128.2500,1.0615,4.1700,0.2665,-1
KHAPRETA_510206,312008.860,2624401.200,128.2300,0.0000,4.1900,0.2677,-1
KHAPRETA_510206,312011.860,2624401.200,128.8300,0.7366,3.5900,0.2294,-1
KHAPRETA_510206,312012.860,2624401.200,128.3200,0.4731,4.1000,0.2620,-1
KHAPRETA_510206,312015.860,2624401.200,129.1300,0.4431,3.2900,0.2102,-1
KHAPRETA_510206,312016.860,2624401.200,128.8900,0.2400,3.5300,0.2256,-1
KHAPRETA_510206,312017.860,2624401.200,129.6100,0.4431,2.8100,0.1796,-1
KHAPRETA_510206,312021.860,2624401.200,129.7000,0.2731,2.7200,0.1738,-1
KHAPRETA_510206,312026.860,2624401.200,129.3100,0.0000,3.1100,0.1987,-1
KHAPRETA_510206,312032.860,2624401.200,129.3100,0.0000,3.1100,0.1987,-1
KHAPRETA_510206,312034.860,2624401.200,129.3500,0.1981,3.0700,0.1962,-1
KHAPRETA_510206,312035.860,2624401.200,129.3800,0.2683,3.0400,0.1942,-1
KHAPRETA_510206,312040.860,2624401.200,129.7100,0.0000,2.7100,0.1732,-1
KHAPRETA_510206,312042.860,2624401.200,129.3800,0.1581,3.0400,0.1942,-1
KHAPRETA_510206,312048.860,2624401.200,128.7900,0.2681,3.6300,0.2319,-1
KHAPRETA_510206,312076.860,2624401.200,129.6800,0.0000,2.7400,0.1751,-1
KHAPRETA_510206,312083.860,2624401.200,129.9100,0.0181,2.5100,0.1604,-1
KHAPRETA_510206,312087.860,2624401.200,129.9500,0.0569,2.4700,0.1578,-1
KHAPRETA_510206,312096.860,2624401.200,130.2000,0.2069,2.2200,0.1419,-1
KHAPRETA_510206,312097.860,2624401.200,130.1900,0.0250,2.2300,0.1425,-1
KHAPRETA_510206,312098.860,2624401.200,130.2000,0.2402,2.2200,0.1419,-1
KHAPRETA_510206,312100.860,2624401.200,130.1400,0.0000,2.2800,0.1457,-1
KHAPRETA_510206,312105.860,2624401.200,129.8700,0.2469,2.5500,0.1629,-1
KHAPRETA_510206,312106.860,2624401.200,130.2700,0.1831,2.1500,0.1374,-1
KHAPRETA_510206,312108.860,2624401.200,129.9700,0.1569,2.4500,0.1565,-1
KHAPRETA_510206,312109.860,2624401.200,130.0900,0.3747,2.3300,0.1489,-1
KHAPRETA_510206,312113.860,2624401.200,130.2600,0.3019,2.1600,0.1380,-1
KHAPRETA_510206,312114.860,2624401.200,130.3800,0.2419,2.0400,0.1304,-1
KHAPRETA_510206,312116.860,2624401.200,130.8500,0.6451,1.5700,0.1003,-1
KHAPRETA_510206,312117.860,2624401.200,130.6600,0.5369,1.7600,0.1125,-1
KHAPRETA_510206,312121.860,2624401.200,130.9500,0.0000,1.4700,0.0939,-1
KHAPRETA_510206,312124.860,2624401.200,131.0800,1.1177,1.3400,0.0856,-1
KHAPRETA_510206,312125.860,2624401.200,131.4300,0.7816,0.9900,0.0633,-1
KHAPRETA_510206,312126.860,2624401.200,131.4700,0.8269,0.9500,0.0607,-1
KHAPRETA_510206,312128.860,2624401.200,131.3700,0.7669,1.0500,0.0671,-1
KHAPRETA_510206,312130.860,2624401.200,131.1700,0.0000,1.2500,0.0799,-1
KHAPRETA_510206,312143.860,2624401.200,131.5200,1.0802,0.9000,0.0575,-1
KHAPRETA_510206,312144.860,2624401.200,130.9800,0.8719,1.4400,0.0920,-1
KHAPRETA_510206,312146.860,2624401.200,130.8600,0.7277,1.5600,0.0997,-1
KHAPRETA_510206,312147.860,2624401.200,130.4800,0.6381,1.9400,0.1240,-1
KHAPRETA_510206,312164.860,2624401.200,132.2700,0.0000,0.1500,0.0096,-1
KHAPRETA_510206,312166.860,2624401.200,131.9000,1.0019,0.5200,0.0332,-1
KHAPRETA_510206,312190.860,2624401.200,132.0000,0.0000,0.4200,0.0268,-1
KHAPRETA_510206,312212.860,2624401.200,132.0300,0.0000,0.3900,0.0249,-1
KHAPRETA_510206,312222.860,2624401.200,132.1900,1.2519,0.2300,0.0147,-1
KHAPRETA_510206,311986.860,2624402.200,128.4100,0.7481,4.0100,0.2562,-1
KHAPRETA_510206,311993.860,2624402.200,128.2900,0.0000,4.1300,0.2639,-1
KHAPRETA_510206,312006.860,2624402.200,128.2800,1.0721,4.1400,0.2645,-1
KHAPRETA_510206,312007.860,2624402.200,128.2700,0.9303,4.1500,0.2652,-1
KHAPRETA_510206,312010.860,2624402.200,129.3100,0.3895,3.1100,0.1987,-1
KHAPRETA_510206,312011.860,2624402.200,130.0000,0.5274,2.4200,0.1546,-1
KHAPRETA_510206,312019.860,2624402.200,129.5900,0.2581,2.8300,0.1808,-1
KHAPRETA_510206,312020.860,2624402.200,129.2600,0.0931,3.1600,0.2019,-1
KHAPRETA_510206,312024.860,2624402.200,129.3100,0.2331,3.1100,0.1987,-1
KHAPRETA_510206,312036.860,2624402.200,129.4300,0.0000,2.9900,0.1911,-1
KHAPRETA_510206,312038.860,2624402.200,129.6400,0.0000,2.7800,0.1776,-1
KHAPRETA_510206,312042.860,2624402.200,129.4600,0.1981,2.9600,0.1891,-1
KHAPRETA_510206,312046.860,2624402.200,128.8700,0.3831,3.5500,0.2268,-1
KHAPRETA_510206,312051.860,2624402.200,129.2400,0.2631,3.1800,0.2032,-1
KHAPRETA_510206,312053.860,2624402.200,129.2400,0.1781,3.1800,0.2032,-1
KHAPRETA_510206,312054.860,2624402.200,129.4200,0.2681,3.0000,0.1917,-1
KHAPRETA_510206,312057.860,2624402.200,129.0900,0.3531,3.3300,0.2128,-1
KHAPRETA_510206,312075.860,2624402.200,129.4700,0.0000,2.9500,0.1885,-1
KHAPRETA_510206,312079.860,2624402.200,129.6700,0.0781,2.7500,0.1757,-1
KHAPRETA_510206,312080.860,2624402.200,129.6200,0.2390,2.8000,0.1789,-1
KHAPRETA_510206,312082.860,2624402.200,129.8300,0.0421,2.5900,0.1655,-1
KHAPRETA_510206,312083.860,2624402.200,129.7400,0.0287,2.6800,0.1712,-1
KHAPRETA_510206,312097.860,2624402.200,130.1100,0.2402,2.3100,0.1476,-1
KHAPRETA_510206,312098.860,2624402.200,130.0200,0.2698,2.4000,0.1534,-1
KHAPRETA_510206,312101.860,2624402.200,129.9300,0.0000,2.4900,0.1591,-1
KHAPRETA_510206,312106.860,2624402.200,130.1300,0.2469,2.2900,0.1463,-1
KHAPRETA_510206,312109.860,2624402.200,130.5000,0.2200,1.9200,0.1227,-1
KHAPRETA_510206,312111.860,2624402.200,130.2300,0.5219,2.1900,0.1399,-1
KHAPRETA_510206,312116.860,2624402.200,131.1300,0.1700,1.2900,0.0824,-1
KHAPRETA_510206,312118.860,2624402.200,130.8800,0.6469,1.5400,0.0984,-1
KHAPRETA_510206,312119.860,2624402.200,131.0700,0.5519,1.3500,0.0863,-1
KHAPRETA_510206,312123.860,2624402.200,131.1200,0.7519,1.3000,0.0831,-1
KHAPRETA_510206,312124.860,2624402.200,131.2800,0.6575,1.1400,0.0728,-1
KHAPRETA_510206,312125.860,2624402.200,131.2900,1.1177,1.1300,0.0722,-1
KHAPRETA_510206,312127.860,2624402.200,131.2400,0.0000,1.1800,0.0754,-1
KHAPRETA_510206,312132.860,2624402.200,131.5600,0.0000,0.8600,0.0550,-1
KHAPRETA_510206,312134.860,2624402.200,131.6400,1.3183,0.7800,0.0498,-1
KHAPRETA_510206,312135.860,2624402.200,131.6800,0.0900,0.7400,0.0473,-1
KHAPRETA_510206,312136.860,2624402.200,131.4600,0.1750,0.9600,0.0613,-1
KHAPRETA_510206,312137.860,2624402.200,131.3300,0.8419,1.0900,0.0696,-1
KHAPRETA_510206,312140.860,2624402.200,131.1300,1.3647,1.2900,0.0824,-1
KHAPRETA_510206,312141.860,2624402.200,132.0200,0.1750,0.4000,0.0256,-1
KHAPRETA_510206,312142.860,2624402.200,131.4800,1.4649,0.9400,0.0601,-1
KHAPRETA_510206,312145.860,2624402.200,131.2200,0.0000,1.2000,0.0767,-1
KHAPRETA_510206,312148.860,2624402.200,131.6300,0.0000,0.7900,0.0505,-1
KHAPRETA_510206,312166.860,2624402.200,131.7800,1.0619,0.6400,0.0409,-1
KHAPRETA_510206,312213.860,2624402.200,131.9000,1.0569,0.5200,0.0332,-1
KHAPRETA_510206,312214.860,2624402.200,131.8900,1.5018,0.5300,0.0339,-1
KHAPRETA_510206,312217.860,2624402.200,131.9700,0.0000,0.4500,0.0288,-1
KHAPRETA_510206,312219.860,2624402.200,131.9900,1.0969,0.4300,0.0275,-1
KHAPRETA_510206,312223.860,2624402.200,132.2000,1.3069,0.2200,0.0141,-1
KHAPRETA_510206,312224.860,2624402.200,132.3900,1.2119,0.0300,0.0019,-1
KHAPRETA_510206,311970.860,2624403.200,131.7400,0.0000,0.6800,0.0435,-1
KHAPRETA_510206,311974.860,2624403.200,128.1200,0.0000,4.3000,0.2748,-1
KHAPRETA_510206,311978.860,2624403.200,128.1500,0.7931,4.2700,0.2728,-1
KHAPRETA_510206,311979.860,2624403.200,128.1900,0.7981,4.2300,0.2703,-1
KHAPRETA_510206,311980.860,2624403.200,128.1600,0.7931,4.2600,0.2722,-1
KHAPRETA_510206,311982.860,2624403.200,128.1500,0.8181,4.2700,0.2728,-1
KHAPRETA_510206,311984.860,2624403.200,128.1600,0.7931,4.2600,0.2722,-1
KHAPRETA_510206,311986.860,2624403.200,128.2800,0.6831,4.1400,0.2645,-1
KHAPRETA_510206,311991.860,2624403.200,128.2800,0.5031,4.1400,0.2645,-1
KHAPRETA_510206,311996.860,2624403.200,128.2100,0.9890,4.2100,0.2690,-1
KHAPRETA_510206,311997.860,2624403.200,128.2400,0.7831,4.1800,0.2671,-1
KHAPRETA_510206,312002.860,2624403.200,128.3500,0.0000,4.0700,0.2601,-1
KHAPRETA_510206,312004.860,2624403.200,128.6200,0.0000,3.8000,0.2428,-1
KHAPRETA_510206,312007.860,2624403.200,128.6700,0.7531,3.7500,0.2396,-1
KHAPRETA_510206,312009.860,2624403.200,128.8900,0.3731,3.5300,0.2256,-1
KHAPRETA_510206,312010.860,2624403.200,129.0300,0.5006,3.3900,0.2166,-1
KHAPRETA_510206,312014.860,2624403.200,129.4100,0.0000,3.0100,0.1923,-1
KHAPRETA_510206,312017.860,2624403.200,129.3000,0.0000,3.1200,0.1994,-1
KHAPRETA_510206,312022.860,2624403.200,129.2900,0.0000,3.1300,0.2000,-1
KHAPRETA_510206,312024.860,2624403.200,129.3100,0.3440,3.1100,0.1987,-1
KHAPRETA_510206,312025.860,2624403.200,129.2700,0.0150,3.1500,0.2013,-1
KHAPRETA_510206,312026.860,2624403.200,129.3400,0.2531,3.0800,0.1968,-1
KHAPRETA_510206,312032.860,2624403.200,129.3400,0.0000,3.0800,0.1968,-1
KHAPRETA_510206,312037.860,2624403.200,129.4100,0.1981,3.0100,0.1923,-1
KHAPRETA_510206,312040.860,2624403.200,129.4200,0.0000,3.0000,0.1917,-1
KHAPRETA_510206,312046.860,2624403.200,129.0100,0.5653,3.4100,0.2179,-1
KHAPRETA_510206,312047.860,2624403.200,129.1000,0.3831,3.3200,0.2121,-1
KHAPRETA_510206,312051.860,2624403.200,129.2500,0.2681,3.1700,0.2026,-1
KHAPRETA_510206,312056.860,2624403.200,129.3800,0.4403,3.0400,0.1942,-1
KHAPRETA_510206,312057.860,2624403.200,129.0700,0.3961,3.3500,0.2141,-1
KHAPRETA_510206,312076.860,2624403.200,129.3200,0.0000,3.1000,0.1981,-1
KHAPRETA_510206,312080.860,2624403.200,129.3100,0.0781,3.1100,0.1987,-1
KHAPRETA_510206,312082.860,2624403.200,129.7000,0.0603,2.7200,0.1738,-1
KHAPRETA_510206,312083.860,2624403.200,129.8900,0.1511,2.5300,0.1617,-1
KHAPRETA_510206,312084.860,2624403.200,130.0000,0.0569,2.4200,0.1546,-1
KHAPRETA_510206,312093.860,2624403.200,130.0700,0.1469,2.3500,0.1502,-1
KHAPRETA_510206,312096.860,2624403.200,130.1200,0.0919,2.3000,0.1470,-1
KHAPRETA_510206,312100.860,2624403.200,129.9300,0.0000,2.4900,0.1591,-1
KHAPRETA_510206,312109.860,2624403.200,130.5300,0.1700,1.8900,0.1208,-1
KHAPRETA_510206,312111.860,2624403.200,130.8200,0.2900,1.6000,0.1022,-1
KHAPRETA_510206,312114.860,2624403.200,131.1500,0.7419,1.2700,0.0812,-1
KHAPRETA_510206,312115.860,2624403.200,131.2600,0.6822,1.1600,0.0741,-1
KHAPRETA_510206,312116.860,2624403.200,131.1900,1.0043,1.2300,0.0786,-1
KHAPRETA_510206,312121.860,2624403.200,131.4800,1.1194,0.9400,0.0601,-1
KHAPRETA_510206,312122.860,2624403.200,131.4700,0.8519,0.9500,0.0607,-1
KHAPRETA_510206,312128.860,2624403.200,131.3500,1.0119,1.0700,0.0684,-1
KHAPRETA_510206,312133.860,2624403.200,131.6400,0.9119,0.7800,0.0498,-1
KHAPRETA_510206,312134.860,2624403.200,131.6000,1.3180,0.8200,0.0524,-1
KHAPRETA_510206,312140.860,2624403.200,131.3300,0.1650,1.0900,0.0696,-1
KHAPRETA_510206,312142.860,2624403.200,131.6600,1.2627,0.7600,0.0486,-1
KHAPRETA_510206,312143.860,2624403.200,131.6400,1.3321,0.7800,0.0498,-1
KHAPRETA_510206,312149.860,2624403.200,131.8800,0.0000,0.5400,0.0345,-1
KHAPRETA_510206,312189.860,2624403.200,132.0000,0.9869,0.4200,0.0268,-1
KHAPRETA_510206,312190.860,2624403.200,131.7500,0.9919,0.6700,0.0428,-1
KHAPRETA_510206,312191.860,2624403.200,131.7200,0.9869,0.7000,0.0447,-1
KHAPRETA_510206,312212.860,2624403.200,132.3100,0.0000,0.1100,0.0070,-1
KHAPRETA_510206,312214.860,2624403.200,131.9000,1.0569,0.5200,0.0332,-1
KHAPRETA_510206,312219.860,2624403.200,131.9700,1.1069,0.4500,0.0288,-1
KHAPRETA_510206,312228.860,2624403.200,132.2700,0.0000,0.1500,0.0096,-1
KHAPRETA_510206,312230.860,2624403.200,132.3800,0.0000,0.0400,0.0026,-1
KHAPRETA_510206,311969.860,2624404.200,132.4100,1.2919,0.0100,0.0006,-1
KHAPRETA_510206,311975.860,2624404.200,128.2900,0.8131,4.1300,0.2639,-1
KHAPRETA_510206,311977.860,2624404.200,128.2200,0.0000,4.2000,0.2684,-1
KHAPRETA_510206,311979.860,2624404.200,128.1800,0.0200,4.2400,0.2709,-1
KHAPRETA_510206,311982.860,2624404.200,128.1400,0.0450,4.2800,0.2735,-1
KHAPRETA_510206,311984.860,2624404.200,128.1900,0.8081,4.2300,0.2703,-1
KHAPRETA_510206,311991.860,2624404.200,128.7700,0.7481,3.6500,0.2332,-1
KHAPRETA_510206,311993.860,2624404.200,129.0500,0.0000,3.3700,0.2153,-1
KHAPRETA_510206,311995.860,2624404.200,128.7300,0.7763,3.6900,0.2358,-1
KHAPRETA_510206,311996.860,2624404.200,128.5300,0.9417,3.8900,0.2486,-1
KHAPRETA_510206,311999.860,2624404.200,129.4000,0.0000,3.0200,0.1930,-1
KHAPRETA_510206,312003.860,2624404.200,128.9400,0.0000,3.4800,0.2224,-1
KHAPRETA_510206,312006.860,2624404.200,129.0900,0.0000,3.3300,0.2128,-1
KHAPRETA_510206,312011.860,2624404.200,129.3300,0.2231,3.0900,0.1974,-1
KHAPRETA_510206,312016.860,2624404.200,129.2400,0.0000,3.1800,0.2032,-1
KHAPRETA_510206,312023.860,2624404.200,129.3200,0.0000,3.1000,0.1981,-1
KHAPRETA_510206,312029.860,2624404.200,129.3700,0.1881,3.0500,0.1949,-1
KHAPRETA_510206,312037.860,2624404.200,129.3800,0.2589,3.0400,0.1942,-1
KHAPRETA_510206,312038.860,2624404.200,129.4100,0.1981,3.0100,0.1923,-1
KHAPRETA_510206,312056.860,2624404.200,129.2500,0.1981,3.1700,0.2026,-1
KHAPRETA_510206,312060.860,2624404.200,129.0800,0.0000,3.3400,0.2134,-1
KHAPRETA_510206,312077.860,2624404.200,129.8300,0.6019,2.5900,0.1655,-1
KHAPRETA_510206,312078.860,2624404.200,130.9800,0.1200,1.4400,0.0920,-1
KHAPRETA_510206,312079.860,2624404.200,129.5900,0.6019,2.8300,0.1808,-1
KHAPRETA_510206,312082.860,2624404.200,129.8700,0.0381,2.5500,0.1629,-1
KHAPRETA_510206,312088.860,2624404.200,129.9800,0.1419,2.4400,0.1559,-1
KHAPRETA_510206,312089.860,2624404.200,130.0600,0.1019,2.3600,0.1508,-1
KHAPRETA_510206,312092.860,2624404.200,130.0700,0.1469,2.3500,0.1502,-1
KHAPRETA_510206,312093.860,2624404.200,130.0700,0.2078,2.3500,0.1502,-1
KHAPRETA_510206,312096.860,2624404.200,129.9600,0.1102,2.4600,0.1572,-1
KHAPRETA_510206,312097.860,2624404.200,129.7900,0.1733,2.6300,0.1681,-1
KHAPRETA_510206,312101.860,2624404.200,129.7100,0.1469,2.7100,0.1732,-1
KHAPRETA_510206,312102.860,2624404.200,130.0700,0.0331,2.3500,0.1502,-1
KHAPRETA_510206,312107.860,2624404.200,130.8200,0.5869,1.6000,0.1022,-1
KHAPRETA_510206,312109.860,2624404.200,130.8400,0.7018,1.5800,0.1010,-1
KHAPRETA_510206,312110.860,2624404.200,130.9600,0.0150,1.4600,0.0933,-1
KHAPRETA_510206,312111.860,2624404.200,130.8100,0.7892,1.6100,0.1029,-1
KHAPRETA_510206,312115.860,2624404.200,131.1400,0.7419,1.2800,0.0818,-1
KHAPRETA_510206,312117.860,2624404.200,131.3400,0.0000,1.0800,0.0690,-1
KHAPRETA_510206,312119.860,2624404.200,131.2900,0.0000,1.1300,0.0722,-1
KHAPRETA_510206,312121.860,2624404.200,131.2400,0.8519,1.1800,0.0754,-1
KHAPRETA_510206,312124.860,2624404.200,131.4800,1.0387,0.9400,0.0601,-1
KHAPRETA_510206,312125.860,2624404.200,131.2400,0.8519,1.1800,0.0754,-1
KHAPRETA_510206,312127.860,2624404.200,131.6700,1.0119,0.7500,0.0479,-1
KHAPRETA_510206,312128.860,2624404.200,131.8000,0.9699,0.6200,0.0396,-1
KHAPRETA_510206,312130.860,2624404.200,131.4200,0.0000,1.0000,0.0639,-1
KHAPRETA_510206,312135.860,2624404.200,131.5000,0.0000,0.9200,0.0588,-1
KHAPRETA_510206,312138.860,2624404.200,131.4600,0.0000,0.9600,0.0613,-1
KHAPRETA_510206,312140.860,2624404.200,131.4600,0.9453,0.9600,0.0613,-1
KHAPRETA_510206,312141.860,2624404.200,131.6600,1.2784,0.7600,0.0486,-1
KHAPRETA_510206,312143.860,2624404.200,131.6600,0.1350,0.7600,0.0486,-1
KHAPRETA_510206,312145.860,2624404.200,131.8800,0.9319,0.5400,0.0345,-1
KHAPRETA_510206,312146.860,2624404.200,131.6400,0.5500,0.7800,0.0498,-1
KHAPRETA_510206,312147.860,2624404.200,130.7800,0.1100,1.6400,0.1048,-1
KHAPRETA_510206,312148.860,2624404.200,131.8600,0.5019,0.5600,0.0358,-1
KHAPRETA_510206,312151.860,2624404.200,131.4900,0.2919,0.9300,0.0594,-1
KHAPRETA_510206,312190.860,2624404.200,131.7400,0.9869,0.6800,0.0435,-1
KHAPRETA_510206,312193.860,2624404.200,131.6700,0.9569,0.7500,0.0479,-1
KHAPRETA_510206,312215.860,2624404.200,131.9100,1.0819,0.5100,0.0326,-1
KHAPRETA_510206,312218.860,2624404.200,131.9500,1.1019,0.4700,0.0300,-1
KHAPRETA_510206,312223.860,2624404.200,132.1300,0.0000,0.2900,0.0185,-1
KHAPRETA_510206,311969.860,2624405.200,132.3600,1.3169,0.0600,0.0038,-1
KHAPRETA_510206,311972.860,2624405.200,128.1200,0.7881,4.3000,0.2748,-1
KHAPRETA_510206,311975.860,2624405.200,128.1500,0.0250,4.2700,0.2728,-1
KHAPRETA_510206,311978.860,2624405.200,128.1300,0.7731,4.2900,0.2741,-1
KHAPRETA_510206,311979.860,2624405.200,128.2300,1.1464,4.1900,0.2677,-1
KHAPRETA_510206,311982.860,2624405.200,128.2400,0.2650,4.1800,0.2671,-1
KHAPRETA_510206,311987.860,2624405.200,128.6500,0.4581,3.7700,0.2409,-1
KHAPRETA_510206,311995.860,2624405.200,128.8500,0.2000,3.5700,0.2281,-1
KHAPRETA_510206,312000.860,2624405.200,129.3800,0.5213,3.0400,0.1942,-1
KHAPRETA_510206,312001.860,2624405.200,128.9500,0.1981,3.4700,0.2217,-1
KHAPRETA_510206,312005.860,2624405.200,129.2100,0.0000,3.2100,0.2051,-1
KHAPRETA_510206,312011.860,2624405.200,129.3300,0.3299,3.0900,0.1974,-1
KHAPRETA_510206,312012.860,2624405.200,129.2900,0.2231,3.1300,0.2000,-1
KHAPRETA_510206,312014.860,2624405.200,129.2400,0.2631,3.1800,0.2032,-1
KHAPRETA_510206,312015.860,2624405.200,129.2500,0.2681,3.1700,0.2026,-1
KHAPRETA_510206,312017.860,2624405.200,129.2700,0.0000,3.1500,0.2013,-1
KHAPRETA_510206,312029.860,2624405.200,129.4000,0.2031,3.0200,0.1930,-1
KHAPRETA_510206,312036.860,2624405.200,129.4000,0.0000,3.0200,0.1930,-1
KHAPRETA_510206,312041.860,2624405.200,129.4400,0.0000,2.9800,0.1904,-1
KHAPRETA_510206,312045.860,2624405.200,128.9900,0.3731,3.4300,0.2192,-1
KHAPRETA_510206,312048.860,2624405.200,129.2400,0.2631,3.1800,0.2032,-1
KHAPRETA_510206,312049.860,2624405.200,129.2500,0.2681,3.1700,0.2026,-1
KHAPRETA_510206,312052.860,2624405.200,129.2800,0.0000,3.1400,0.2006,-1
KHAPRETA_510206,312058.860,2624405.200,129.3200,0.3031,3.1000,0.1981,-1
KHAPRETA_510206,312059.860,2624405.200,129.1700,0.2281,3.2500,0.2077,-1
KHAPRETA_510206,312064.860,2624405.200,129.0500,0.0000,3.3700,0.2153,-1
KHAPRETA_510206,312091.860,2624405.200,129.9600,0.0000,2.4600,0.1572,-1
KHAPRETA_510206,312096.860,2624405.200,129.9000,0.1962,2.5200,0.1610,-1
KHAPRETA_510206,312097.860,2624405.200,130.0700,0.0753,2.3500,0.1502,-1
KHAPRETA_510206,312098.860,2624405.200,129.7500,0.1469,2.6700,0.1706,-1
KHAPRETA_510206,312100.860,2624405.200,129.7100,0.3819,2.7100,0.1732,-1
KHAPRETA_510206,312103.860,2624405.200,130.2200,0.2669,2.2000,0.1406,-1
KHAPRETA_510206,312104.860,2624405.200,130.3100,0.0950,2.1100,0.1348,-1
KHAPRETA_510206,312105.860,2624405.200,130.4100,0.2669,2.0100,0.1284,-1
KHAPRETA_510206,312107.860,2624405.200,130.9500,0.5219,1.4700,0.0939,-1
KHAPRETA_510206,312112.860,2624405.200,130.9900,0.5669,1.4300,0.0914,-1
KHAPRETA_510206,312116.860,2624405.200,131.1200,0.6119,1.3000,0.0831,-1
KHAPRETA_510206,312118.860,2624405.200,131.5900,0.0000,0.8300,0.0530,-1
KHAPRETA_510206,312124.860,2624405.200,131.2500,0.8519,1.1700,0.0748,-1
KHAPRETA_510206,312126.860,2624405.200,131.2800,0.8069,1.1400,0.0728,-1
KHAPRETA_510206,312128.860,2624405.200,131.7700,0.1500,0.6500,0.0415,-1
KHAPRETA_510206,312131.860,2624405.200,131.2400,0.7819,1.1800,0.0754,-1
KHAPRETA_510206,312139.860,2624405.200,131.5400,0.8569,0.8800,0.0562,-1
KHAPRETA_510206,312140.860,2624405.200,131.4900,0.8457,0.9300,0.0594,-1
KHAPRETA_510206,312141.860,2624405.200,131.7000,0.9424,0.7200,0.0460,-1
KHAPRETA_510206,312142.860,2624405.200,131.4300,0.8923,0.9900,0.0633,-1
KHAPRETA_510206,312143.860,2624405.200,131.3700,1.2534,1.0500,0.0671,-1
KHAPRETA_510206,312151.860,2624405.200,130.3600,0.5400,2.0600,0.1316,-1
KHAPRETA_510206,312168.860,2624405.200,130.6100,0.0000,1.8100,0.1157,-1
KHAPRETA_510206,312191.860,2624405.200,131.7100,0.9219,0.7100,0.0454,-1
KHAPRETA_510206,312193.860,2624405.200,131.6900,1.4117,0.7300,0.0466,-1
KHAPRETA_510206,312194.860,2624405.200,131.8700,1.2912,0.5500,0.0351,-1
KHAPRETA_510206,312212.860,2624405.200,131.8600,0.0000,0.5600,0.0358,-1
KHAPRETA_510206,312214.860,2624405.200,131.9700,1.0819,0.4500,0.0288,-1
KHAPRETA_510206,312215.860,2624405.200,131.9400,1.5302,0.4800,0.0307,-1
KHAPRETA_510206,312217.860,2624405.200,131.9500,1.1019,0.4700,0.0300,-1
KHAPRETA_510206,312218.860,2624405.200,131.9800,1.5372,0.4400,0.0281,-1
KHAPRETA_510206,312221.860,2624405.200,132.0200,1.1419,0.4000,0.0256,-1
KHAPRETA_510206,312225.860,2624405.200,132.1800,1.2019,0.2400,0.0153,-1
KHAPRETA_510206,312228.860,2624405.200,132.3500,0.0000,0.0700,0.0045,-1
KHAPRETA_510206,311913.860,2624406.200,131.1000,0.9919,1.3200,0.0843,-1
KHAPRETA_510206,311940.860,2624406.200,130.7700,0.0000,1.6500,0.1054,-1
KHAPRETA_510206,311971.860,2624406.200,128.7200,0.7881,3.7000,0.2364,-1
KHAPRETA_510206,311972.860,2624406.200,128.2000,0.9821,4.2200,0.2696,-1
KHAPRETA_510206,311975.860,2624406.200,128.3400,0.4100,4.0800,0.2607,-1
KHAPRETA_510206,311982.860,2624406.200,128.6700,0.5350,3.7500,0.2396,-1
KHAPRETA_510206,311984.860,2624406.200,129.3000,0.0000,3.1200,0.1994,-1
KHAPRETA_510206,311987.860,2624406.200,128.8600,0.1850,3.5600,0.2275,-1
KHAPRETA_510206,311989.860,2624406.200,129.0700,0.0000,3.3500,0.2141,-1
KHAPRETA_510206,311995.860,2624406.200,129.1300,0.4631,3.2900,0.2102,-1
KHAPRETA_510206,312000.860,2624406.200,129.1400,0.1981,3.2800,0.2096,-1
KHAPRETA_510206,312002.860,2624406.200,129.1500,0.0000,3.2700,0.2089,-1
KHAPRETA_510206,312007.860,2624406.200,129.2100,0.3081,3.2100,0.2051,-1
KHAPRETA_510206,312009.860,2624406.200,129.1800,0.3081,3.2400,0.2070,-1
KHAPRETA_510206,312010.860,2624406.200,129.1600,0.2981,3.2600,0.2083,-1
KHAPRETA_510206,312013.860,2624406.200,129.2400,0.0000,3.1800,0.2032,-1
KHAPRETA_510206,312021.860,2624406.200,129.3100,0.0000,3.1100,0.1987,-1
KHAPRETA_510206,312023.860,2624406.200,129.3400,0.0000,3.0800,0.1968,-1
KHAPRETA_510206,312026.860,2624406.200,129.3400,0.0000,3.0800,0.1968,-1
KHAPRETA_510206,312028.860,2624406.200,129.3700,0.0000,3.0500,0.1949,-1
KHAPRETA_510206,312031.860,2624406.200,129.3900,0.0000,3.0300,0.1936,-1
KHAPRETA_510206,312045.860,2624406.200,129.0300,0.5454,3.3900,0.2166,-1
KHAPRETA_510206,312046.860,2624406.200,129.0200,0.3986,3.4000,0.2173,-1
KHAPRETA_510206,312047.860,2624406.200,129.0700,0.3781,3.3500,0.2141,-1
KHAPRETA_510206,312053.860,2624406.200,129.2400,0.2481,3.1800,0.2032,-1
KHAPRETA_510206,312054.860,2624406.200,129.2800,0.2681,3.1400,0.2006,-1
KHAPRETA_510206,312057.860,2624406.200,129.2100,0.0000,3.2100,0.2051,-1
KHAPRETA_510206,312061.860,2624406.200,129.1400,0.3481,3.2800,0.2096,-1
KHAPRETA_510206,312062.860,2624406.200,129.0800,0.0850,3.3400,0.2134,-1
KHAPRETA_510206,312063.860,2624406.200,128.9700,0.3481,3.4500,0.2204,-1
KHAPRETA_510206,312066.860,2624406.200,129.1900,0.0000,3.2300,0.2064,-1
KHAPRETA_510206,312090.860,2624406.200,129.6600,0.0000,2.7600,0.1764,-1
KHAPRETA_510206,312093.860,2624406.200,130.1300,0.1991,2.2900,0.1463,-1
KHAPRETA_510206,312094.860,2624406.200,129.6700,0.2300,2.7500,0.1757,-1
KHAPRETA_510206,312096.860,2624406.200,129.7000,0.0619,2.7200,0.1738,-1
KHAPRETA_510206,312100.860,2624406.200,130.5400,0.0331,1.8800,0.1201,-1
KHAPRETA_510206,312106.860,2624406.200,131.0100,0.5269,1.4100,0.0901,-1
KHAPRETA_510206,312112.860,2624406.200,130.9100,0.4015,1.5100,0.0965,-1
KHAPRETA_510206,312113.860,2624406.200,130.5700,0.7473,1.8500,0.1182,-1
KHAPRETA_510206,312115.860,2624406.200,131.1100,0.7697,1.3100,0.0837,-1
KHAPRETA_510206,312116.860,2624406.200,131.0000,0.9467,1.4200,0.0907,-1
KHAPRETA_510206,312120.860,2624406.200,131.2800,0.0000,1.1400,0.0728,-1
KHAPRETA_510206,312126.860,2624406.200,131.3900,0.7519,1.0300,0.0658,-1
KHAPRETA_510206,312128.860,2624406.200,131.5000,0.9969,0.9200,0.0588,-1
KHAPRETA_510206,312131.860,2624406.200,131.3400,0.7319,1.0800,0.0690,-1
KHAPRETA_510206,312133.860,2624406.200,131.6000,0.8069,0.8200,0.0524,-1
KHAPRETA_510206,312134.860,2624406.200,131.3900,0.1200,1.0300,0.0658,-1
KHAPRETA_510206,312135.860,2624406.200,131.8400,0.8069,0.5800,0.0371,-1
KHAPRETA_510206,312142.860,2624406.200,131.5300,0.1350,0.8900,0.0569,-1
KHAPRETA_510206,312145.860,2624406.200,131.4300,0.9419,0.9900,0.0633,-1
KHAPRETA_510206,312146.860,2624406.200,131.6600,0.8121,0.7600,0.0486,-1
KHAPRETA_510206,312147.860,2624406.200,131.4600,0.6400,0.9600,0.0613,-1
KHAPRETA_510206,312148.860,2624406.200,130.3800,0.6313,2.0400,0.1304,-1
KHAPRETA_510206,312149.860,2624406.200,130.3800,0.3019,2.0400,0.1304,-1
KHAPRETA_510206,312151.860,2624406.200,130.4100,0.0300,2.0100,0.1284,-1
KHAPRETA_510206,312190.860,2624406.200,132.0500,1.3288,0.3700,0.0236,-1
KHAPRETA_510206,312191.860,2624406.200,131.6200,0.9917,0.8000,0.0511,-1
KHAPRETA_510206,312192.860,2624406.200,131.6100,1.3180,0.8100,0.0518,-1
KHAPRETA_510206,312194.860,2624406.200,131.5100,0.1600,0.9100,0.0581,-1
KHAPRETA_510206,312221.860,2624406.200,132.0600,1.1219,0.3600,0.0230,-1
KHAPRETA_510206,312223.860,2624406.200,132.1400,1.6786,0.2800,0.0179,-1
KHAPRETA_510206,312224.860,2624406.200,132.1500,1.1871,0.2700,0.0173,-1
KHAPRETA_510206,312225.860,2624406.200,132.1800,1.1869,0.2400,0.0153,-1
KHAPRETA_510206,311913.860,2624407.200,131.7600,0.2200,0.6600,0.0422,-1
KHAPRETA_510206,311939.860,2624407.200,127.2200,1.1781,5.2000,0.3323,-1
KHAPRETA_510206,311941.860,2624407.200,126.8200,0.0000,5.6000,0.3578,-1
KHAPRETA_510206,311944.860,2624407.200,127.1500,0.0000,5.2700,0.3367,-1
KHAPRETA_510206,311953.860,2624407.200,127.1100,0.0000,5.3100,0.3393,-1
KHAPRETA_510206,311970.860,2624407.200,132.2700,0.0000,0.1500,0.0096,-1
KHAPRETA_510206,311975.860,2624407.200,128.9700,0.7181,3.4500,0.2204,-1
KHAPRETA_510206,311982.860,2624407.200,129.3100,0.5531,3.1100,0.1987,-1
KHAPRETA_510206,311987.860,2624407.200,129.0200,0.4581,3.4000,0.2173,-1
KHAPRETA_510206,311991.860,2624407.200,129.0800,0.0000,3.3400,0.2134,-1
KHAPRETA_510206,311993.860,2624407.200,129.0800,0.0000,3.3400,0.2134,-1
KHAPRETA_510206,312003.860,2624407.200,129.1800,0.3231,3.2400,0.2070,-1
KHAPRETA_510206,312004.860,2624407.200,129.1300,0.2981,3.2900,0.2102,-1
KHAPRETA_510206,312007.860,2624407.200,129.1600,0.2831,3.2600,0.2083,-1
KHAPRETA_510206,312017.860,2624407.200,129.2900,0.2231,3.1300,0.2000,-1
KHAPRETA_510206,312018.860,2624407.200,129.3300,0.2431,3.0900,0.1974,-1
KHAPRETA_510206,312024.860,2624407.200,129.3400,0.2081,3.0800,0.1968,-1
KHAPRETA_510206,312038.860,2624407.200,129.5300,0.0000,2.8900,0.1847,-1
KHAPRETA_510206,312046.860,2624407.200,128.9800,0.3781,3.4400,0.2198,-1
KHAPRETA_510206,312049.860,2624407.200,129.2500,0.0000,3.1700,0.2026,-1
KHAPRETA_510206,312056.860,2624407.200,129.2500,0.2581,3.1700,0.2026,-1
KHAPRETA_510206,312064.860,2624407.200,129.0700,0.5943,3.3500,0.2141,-1
KHAPRETA_510206,312065.860,2624407.200,128.8200,0.3531,3.6000,0.2300,-1
KHAPRETA_510206,312086.860,2624407.200,129.7100,0.0000,2.7100,0.1732,-1
KHAPRETA_510206,312088.860,2624407.200,129.6000,0.1097,2.8200,0.1802,-1
KHAPRETA_510206,312089.860,2624407.200,129.6600,0.0881,2.7600,0.1764,-1
KHAPRETA_510206,312093.860,2624407.200,130.1600,0.2300,2.2600,0.1444,-1
KHAPRETA_510206,312094.860,2624407.200,130.0700,0.3272,2.3500,0.1502,-1
KHAPRETA_510206,312097.860,2624407.200,130.1900,0.4319,2.2300,0.1425,-1
KHAPRETA_510206,312098.860,2624407.200,130.6400,0.2069,1.7800,0.1137,-1
KHAPRETA_510206,312101.860,2624407.200,129.9100,0.2669,2.5100,0.1604,-1
KHAPRETA_510206,312103.860,2624407.200,130.5300,0.5069,1.8900,0.1208,-1
KHAPRETA_510206,312105.860,2624407.200,130.7200,0.5269,1.7000,0.1086,-1
KHAPRETA_510206,312106.860,2624407.200,130.8300,0.4751,1.5900,0.1016,-1
KHAPRETA_510206,312112.860,2624407.200,131.1100,0.7473,1.3100,0.0837,-1
KHAPRETA_510206,312113.860,2624407.200,130.7500,0.7761,1.6700,0.1067,-1
KHAPRETA_510206,312115.860,2624407.200,130.7100,0.6669,1.7100,0.1093,-1
KHAPRETA_510206,312118.860,2624407.200,131.3400,0.0000,1.0800,0.0690,-1
KHAPRETA_510206,312121.860,2624407.200,131.1700,0.7369,1.2500,0.0799,-1
KHAPRETA_510206,312123.860,2624407.200,131.6500,0.5969,0.7700,0.0492,-1
KHAPRETA_510206,312125.860,2624407.200,131.4200,0.7719,1.0000,0.0639,-1
KHAPRETA_510206,312127.860,2624407.200,131.5900,0.0000,0.8300,0.0530,-1
KHAPRETA_510206,312130.860,2624407.200,131.4200,0.0000,1.0000,0.0639,-1
KHAPRETA_510206,312137.860,2624407.200,131.6000,0.9269,0.8200,0.0524,-1
KHAPRETA_510206,312141.860,2624407.200,131.2500,1.2556,1.1700,0.0748,-1
KHAPRETA_510206,312142.860,2624407.200,131.7000,1.1455,0.7200,0.0460,-1
KHAPRETA_510206,312146.860,2624407.200,131.4000,0.9419,1.0200,0.0652,-1
KHAPRETA_510206,312148.860,2624407.200,130.4300,0.4700,1.9900,0.1272,-1
KHAPRETA_510206,312151.860,2624407.200,130.4200,0.0150,2.0000,0.1278,-1
KHAPRETA_510206,312190.860,2624407.200,131.6900,0.1850,0.7300,0.0466,-1
KHAPRETA_510206,312192.860,2624407.200,131.6600,0.0150,0.7600,0.0486,-1
KHAPRETA_510206,312194.860,2624407.200,131.5500,0.0100,0.8700,0.0556,-1
KHAPRETA_510206,312212.860,2624407.200,131.9100,1.1419,0.5100,0.0326,-1
KHAPRETA_510206,312213.860,2624407.200,132.0600,1.0669,0.3600,0.0230,-1
KHAPRETA_510206,312216.860,2624407.200,131.9100,0.0000,0.5100,0.0326,-1
KHAPRETA_510206,312218.860,2624407.200,132.1800,0.0000,0.2400,0.0153,-1
KHAPRETA_510206,312223.860,2624407.200,132.1500,1.6751,0.2700,0.0173,-1
KHAPRETA_510206,312224.860,2624407.200,132.1500,1.1870,0.2700,0.0173,-1
KHAPRETA_510206,312225.860,2624407.200,132.1700,1.6892,0.2500,0.0160,-1
KHAPRETA_510206,312227.860,2624407.200,132.3400,0.0000,0.0800,0.0051,-1
KHAPRETA_510206,311911.860,2624408.200,125.7100,0.0000,6.7100,0.4288,-1
KHAPRETA_510206,311913.860,2624408.200,131.5400,0.9919,0.8800,0.0562,-1
KHAPRETA_510206,311939.860,2624408.200,127.4200,1.2781,5.0000,0.3195,-1
KHAPRETA_510206,311942.860,2624408.200,127.1100,0.0000,5.3100,0.3393,-1
KHAPRETA_510206,311948.860,2624408.200,127.7700,1.2781,4.6500,0.2971,-1
KHAPRETA_510206,311950.860,2624408.200,127.3100,1.8199,5.1100,0.3265,-1
KHAPRETA_510206,311951.860,2624408.200,127.3200,1.2331,5.1000,0.3259,-1
KHAPRETA_510206,311972.860,2624408.200,128.8600,0.0000,3.5600,0.2275,-1
KHAPRETA_510206,311984.860,2624408.200,129.0100,0.0000,3.4100,0.2179,-1
KHAPRETA_510206,311988.860,2624408.200,129.0700,0.3631,3.3500,0.2141,-1
KHAPRETA_510206,312001.860,2624408.200,129.1300,0.2781,3.2900,0.2102,-1
KHAPRETA_510206,312002.860,2624408.200,129.2200,0.3231,3.2000,0.2045,-1
KHAPRETA_510206,312011.860,2624408.200,129.1900,0.0000,3.2300,0.2064,-1
KHAPRETA_510206,312015.860,2624408.200,129.2700,0.3049,3.1500,0.2013,-1
KHAPRETA_510206,312016.860,2624408.200,129.3400,0.2531,3.0800,0.1968,-1
KHAPRETA_510206,312024.860,2624408.200,129.3600,0.2181,3.0600,0.1955,-1
KHAPRETA_510206,312029.860,2624408.200,129.4200,0.0000,3.0000,0.1917,-1
KHAPRETA_510206,312037.860,2624408.200,129.4200,0.1831,3.0000,0.1917,-1
KHAPRETA_510206,312039.860,2624408.200,129.4100,0.1931,3.0100,0.1923,-1
KHAPRETA_510206,312042.860,2624408.200,129.4300,0.1681,2.9900,0.1911,-1
KHAPRETA_510206,312051.860,2624408.200,129.3600,0.0000,3.0600,0.1955,-1
KHAPRETA_510206,312056.860,2624408.200,129.2600,0.2638,3.1600,0.2019,-1
KHAPRETA_510206,312057.860,2624408.200,129.2500,0.2581,3.1700,0.2026,-1
KHAPRETA_510206,312064.860,2624408.200,129.0700,0.3531,3.3500,0.2141,-1
KHAPRETA_510206,312088.860,2624408.200,129.5900,0.3800,2.8300,0.1808,-1
KHAPRETA_510206,312090.860,2624408.200,129.7100,0.0000,2.7100,0.1732,-1
KHAPRETA_510206,312092.860,2624408.200,129.7700,0.0000,2.6500,0.1693,-1
KHAPRETA_510206,312094.860,2624408.200,130.2000,0.1469,2.2200,0.1419,-1
KHAPRETA_510206,312101.860,2624408.200,130.3100,0.2559,2.1100,0.1348,-1
KHAPRETA_510206,312102.860,2624408.200,130.2700,0.2400,2.1500,0.1374,-1
KHAPRETA_510206,312103.860,2624408.200,130.7900,0.5352,1.6300,0.1042,-1
KHAPRETA_510206,312104.860,2624408.200,131.0300,0.7908,1.3900,0.0888,-1
KHAPRETA_510206,312106.860,2624408.200,131.1200,0.5269,1.3000,0.0831,-1
KHAPRETA_510206,312110.860,2624408.200,131.0100,0.6619,1.4100,0.0901,-1
KHAPRETA_510206,312111.860,2624408.200,131.1000,0.7531,1.3200,0.0843,-1
KHAPRETA_510206,312119.860,2624408.200,131.2100,0.6519,1.2100,0.0773,-1
KHAPRETA_510206,312121.860,2624408.200,131.2500,0.6969,1.1700,0.0748,-1
KHAPRETA_510206,312123.860,2624408.200,130.9700,0.6548,1.4500,0.0927,-1
KHAPRETA_510206,312124.860,2624408.200,130.9600,0.1750,1.4600,0.0933,-1
KHAPRETA_510206,312125.860,2624408.200,131.3200,0.6083,1.1000,0.0703,-1
KHAPRETA_510206,312134.860,2624408.200,131.5900,0.0000,0.8300,0.0530,-1
KHAPRETA_510206,312136.860,2624408.200,131.5300,0.9269,0.8900,0.0569,-1
KHAPRETA_510206,312137.860,2624408.200,131.6300,1.2652,0.7900,0.0505,-1
KHAPRETA_510206,312140.860,2624408.200,131.4400,0.8069,0.9800,0.0626,-1
KHAPRETA_510206,312141.860,2624408.200,131.3900,1.1114,1.0300,0.0658,-1
KHAPRETA_510206,312143.860,2624408.200,131.2600,0.0000,1.1600,0.0741,-1
KHAPRETA_510206,312145.860,2624408.200,131.1400,0.8769,1.2800,0.0818,-1
KHAPRETA_510206,312148.860,2624408.200,131.3200,0.3269,1.1000,0.0703,-1
KHAPRETA_510206,312151.860,2624408.200,130.3800,0.3219,2.0400,0.1304,-1
KHAPRETA_510206,312190.860,2624408.200,131.6800,0.9923,0.7400,0.0473,-1
KHAPRETA_510206,312191.860,2624408.200,131.7600,0.0200,0.6600,0.0422,-1
KHAPRETA_510206,312192.860,2624408.200,131.6400,1.0004,0.7800,0.0498,-1
KHAPRETA_510206,312194.860,2624408.200,131.4900,0.8869,0.9300,0.0594,-1
KHAPRETA_510206,312208.860,2624408.200,132.1000,0.0000,0.3200,0.0204,-1
KHAPRETA_510206,312215.860,2624408.200,131.9700,1.0869,0.4500,0.0288,-1
KHAPRETA_510206,312217.860,2624408.200,132.0100,0.0000,0.4100,0.0262,-1
KHAPRETA_510206,311936.860,2624409.200,127.3900,0.0000,5.0300,0.3214,-1
KHAPRETA_510206,311938.860,2624409.200,127.4500,0.0000,4.9700,0.3176,-1
KHAPRETA_510206,311943.860,2624409.200,127.1100,0.0000,5.3100,0.3393,-1
KHAPRETA_510206,311945.860,2624409.200,127.2500,1.7620,5.1700,0.3304,-1
KHAPRETA_510206,311946.860,2624409.200,127.0200,1.2631,5.4000,0.3450,-1
KHAPRETA_510206,311948.860,2624409.200,127.2200,1.0031,5.2000,0.3323,-1
KHAPRETA_510206,311950.860,2624409.200,127.0900,0.0400,5.3300,0.3406,-1
KHAPRETA_510206,311952.860,2624409.200,127.0800,0.0000,5.3400,0.3412,-1
KHAPRETA_510206,311974.860,2624409.200,129.5000,0.0000,2.9200,0.1866,-1
KHAPRETA_510206,311977.860,2624409.200,129.1300,0.0000,3.2900,0.2102,-1
KHAPRETA_510206,311981.860,2624409.200,129.0500,0.0000,3.3700,0.2153,-1
KHAPRETA_510206,311988.860,2624409.200,129.0500,0.3784,3.3700,0.2153,-1
KHAPRETA_510206,311989.860,2624409.200,129.0200,0.0150,3.4000,0.2173,-1
KHAPRETA_510206,311990.860,2624409.200,129.0200,0.5173,3.4000,0.2173,-1
KHAPRETA_510206,311998.860,2624409.200,129.1400,0.0000,3.2800,0.2096,-1
KHAPRETA_510206,312005.860,2624409.200,129.2100,0.2881,3.2100,0.2051,-1
KHAPRETA_510206,312006.860,2624409.200,129.2000,0.2792,3.2200,0.2058,-1
KHAPRETA_510206,312007.860,2624409.200,129.2600,0.2781,3.1600,0.2019,-1
KHAPRETA_510206,312008.860,2624409.200,129.2000,0.0250,3.2200,0.2058,-1
KHAPRETA_510206,312009.860,2624409.200,129.2100,0.0300,3.2100,0.2051,-1
KHAPRETA_510206,312010.860,2624409.200,129.2600,0.3830,3.1600,0.2019,-1
KHAPRETA_510206,312014.860,2624409.200,129.3900,0.2131,3.0300,0.1936,-1
KHAPRETA_510206,312015.860,2624409.200,129.3500,0.3183,3.0700,0.1962,-1
KHAPRETA_510206,312032.860,2624409.200,129.3900,0.0000,3.0300,0.1936,-1
KHAPRETA_510206,312036.860,2624409.200,129.4300,0.1831,2.9900,0.1911,-1
KHAPRETA_510206,312037.860,2624409.200,129.4100,0.2483,3.0100,0.1923,-1
KHAPRETA_510206,312039.860,2624409.200,129.3900,0.0100,3.0300,0.1936,-1
KHAPRETA_510206,312042.860,2624409.200,129.4400,0.1731,2.9800,0.1904,-1
KHAPRETA_510206,312050.860,2624409.200,129.2800,0.0000,3.1400,0.2006,-1
KHAPRETA_510206,312052.860,2624409.200,129.2900,0.0000,3.1300,0.2000,-1
KHAPRETA_510206,312056.860,2624409.200,129.2900,0.2581,3.1300,0.2000,-1
KHAPRETA_510206,312059.860,2624409.200,129.3200,0.2281,3.1000,0.1981,-1
KHAPRETA_510206,312063.860,2624409.200,129.1800,0.0000,3.2400,0.2070,-1
KHAPRETA_510206,312085.860,2624409.200,130.0300,0.0000,2.3900,0.1527,-1
KHAPRETA_510206,312088.860,2624409.200,130.3600,0.0931,2.0600,0.1316,-1
KHAPRETA_510206,312100.860,2624409.200,129.9600,0.3569,2.4600,0.1572,-1
KHAPRETA_510206,312104.860,2624409.200,130.9900,0.8554,1.4300,0.0914,-1
KHAPRETA_510206,312105.860,2624409.200,130.9400,0.6069,1.4800,0.0946,-1
KHAPRETA_510206,312111.860,2624409.200,130.6400,0.6619,1.7800,0.1137,-1
KHAPRETA_510206,312115.860,2624409.200,130.6500,0.0000,1.7700,0.1131,-1
KHAPRETA_510206,312119.860,2624409.200,131.0800,0.9657,1.3400,0.0856,-1
KHAPRETA_510206,312120.860,2624409.200,131.0700,0.6519,1.3500,0.0863,-1
KHAPRETA_510206,312123.860,2624409.200,131.0900,0.5969,1.3300,0.0850,-1
KHAPRETA_510206,312125.860,2624409.200,131.1400,0.7719,1.2800,0.0818,-1
KHAPRETA_510206,312128.860,2624409.200,131.4100,0.7519,1.0100,0.0645,-1
KHAPRETA_510206,312131.860,2624409.200,131.3300,1.1631,1.0900,0.0696,-1
KHAPRETA_510206,312132.860,2624409.200,131.6000,0.7769,0.8200,0.0524,-1
KHAPRETA_510206,312138.860,2624409.200,131.7600,0.0000,0.6600,0.0422,-1
KHAPRETA_510206,312142.860,2624409.200,130.9500,0.8919,1.4700,0.0939,-1
KHAPRETA_510206,312144.860,2624409.200,131.4300,1.1850,0.9900,0.0633,-1
KHAPRETA_510206,312145.860,2624409.200,131.5300,0.6820,0.8900,0.0569,-1
KHAPRETA_510206,312146.860,2624409.200,131.4100,0.0400,1.0100,0.0645,-1
KHAPRETA_510206,312147.860,2624409.200,131.4500,0.8169,0.9700,0.0620,-1
KHAPRETA_510206,312150.860,2624409.200,130.3900,0.0000,2.0300,0.1297,-1
KHAPRETA_510206,312153.860,2624409.200,130.8000,0.3519,1.6200,0.1035,-1
KHAPRETA_510206,312182.860,2624409.200,131.4900,0.0000,0.9300,0.0594,-1
KHAPRETA_510206,312190.860,2624409.200,131.6400,0.9519,0.7800,0.0498,-1
KHAPRETA_510206,312192.860,2624409.200,131.4000,0.9319,1.0200,0.0652,-1
KHAPRETA_510206,312201.860,2624409.200,132.1500,0.0000,0.2700,0.0173,-1
KHAPRETA_510206,312209.860,2624409.200,132.0100,1.1119,0.4100,0.0262,-1
KHAPRETA_510206,312210.860,2624409.200,132.0000,0.0450,0.4200,0.0268,-1
KHAPRETA_510206,312211.860,2624409.200,131.9200,1.1119,0.5000,0.0319,-1
KHAPRETA_510206,312215.860,2624409.200,131.9500,1.0969,0.4700,0.0300,-1
KHAPRETA_510206,312218.860,2624409.200,132.0000,0.0000,0.4200,0.0268,-1
KHAPRETA_510206,311933.860,2624410.200,129.3900,0.5281,3.0300,0.1936,-1
KHAPRETA_510206,311934.860,2624410.200,128.7200,0.1931,3.7000,0.2364,-1
KHAPRETA_510206,311942.860,2624410.200,127.1000,0.0000,5.3200,0.3399,-1
KHAPRETA_510206,311945.860,2624410.200,127.5800,1.2631,4.8400,0.3093,-1
KHAPRETA_510206,311947.860,2624410.200,127.1500,1.3031,5.2700,0.3367,-1
KHAPRETA_510206,311949.860,2624410.200,127.0700,1.7968,5.3500,0.3419,-1
KHAPRETA_510206,311950.860,2624410.200,127.2300,1.9065,5.1900,0.3316,-1
KHAPRETA_510206,311954.860,2624410.200,127.1500,0.0000,5.2700,0.3367,-1
KHAPRETA_510206,311967.860,2624410.200,128.5000,0.0000,3.9200,0.2505,-1
KHAPRETA_510206,311979.860,2624410.200,128.9100,0.0000,3.5100,0.2243,-1
KHAPRETA_510206,311982.860,2624410.200,129.0000,0.0000,3.4200,0.2185,-1
KHAPRETA_510206,311985.860,2624410.200,129.0800,0.3681,3.3400,0.2134,-1
KHAPRETA_510206,311987.860,2624410.200,129.1600,0.3681,3.2600,0.2083,-1
KHAPRETA_510206,311988.860,2624410.200,129.0400,0.3087,3.3800,0.2160,-1
KHAPRETA_510206,311990.860,2624410.200,129.0700,0.3781,3.3500,0.2141,-1
KHAPRETA_510206,311995.860,2624410.200,129.1600,0.0000,3.2600,0.2083,-1
KHAPRETA_510206,312004.860,2624410.200,129.2400,0.0000,3.1800,0.2032,-1
KHAPRETA_510206,312006.860,2624410.200,129.2200,0.4004,3.2000,0.2045,-1
KHAPRETA_510206,312007.860,2624410.200,129.2200,0.3794,3.2000,0.2045,-1
KHAPRETA_510206,312010.860,2624410.200,129.2600,0.2581,3.1600,0.2019,-1
KHAPRETA_510206,312012.860,2624410.200,129.2700,0.3544,3.1500,0.2013,-1
KHAPRETA_510206,312013.860,2624410.200,129.2800,0.3474,3.1400,0.2006,-1
KHAPRETA_510206,312016.860,2624410.200,129.3500,0.0000,3.0700,0.1962,-1
KHAPRETA_510206,312019.860,2624410.200,129.3300,0.3155,3.0900,0.1974,-1
KHAPRETA_510206,312020.860,2624410.200,129.3300,0.2231,3.0900,0.1974,-1
KHAPRETA_510206,312030.860,2624410.200,129.4000,0.2661,3.0200,0.1930,-1
KHAPRETA_510206,312031.860,2624410.200,129.4100,0.2624,3.0100,0.1923,-1
KHAPRETA_510206,312034.860,2624410.200,129.4400,0.1681,2.9800,0.1904,-1
KHAPRETA_510206,312039.860,2624410.200,129.4300,0.2433,2.9900,0.1911,-1
KHAPRETA_510206,312040.860,2624410.200,129.4800,0.1731,2.9400,0.1879,-1
KHAPRETA_510206,312043.860,2624410.200,129.4500,0.0000,2.9700,0.1898,-1
KHAPRETA_510206,312045.860,2624410.200,129.3800,0.1131,3.0400,0.1942,-1
KHAPRETA_510206,312046.860,2624410.200,129.5500,0.0200,2.8700,0.1834,-1
KHAPRETA_510206,312047.860,2624410.200,129.4200,0.1600,3.0000,0.1917,-1
KHAPRETA_510206,312048.860,2624410.200,129.2300,0.1781,3.1900,0.2038,-1
KHAPRETA_510206,312059.860,2624410.200,129.3200,0.2281,3.1000,0.1981,-1
KHAPRETA_510206,312069.860,2624410.200,129.5800,0.1331,2.8400,0.1815,-1
KHAPRETA_510206,312092.860,2624410.200,129.5900,0.1081,2.8300,0.1808,-1
KHAPRETA_510206,312093.860,2624410.200,129.5600,0.0931,2.8600,0.1827,-1
KHAPRETA_510206,312095.860,2624410.200,130.0200,0.0000,2.4000,0.1534,-1
KHAPRETA_510206,312097.860,2624410.200,130.0000,0.1919,2.4200,0.1546,-1
KHAPRETA_510206,312098.860,2624410.200,130.1600,0.1119,2.2600,0.1444,-1
KHAPRETA_510206,312100.860,2624410.200,130.4900,0.3880,1.9300,0.1233,-1
KHAPRETA_510206,312101.860,2624410.200,130.5300,0.3569,1.8900,0.1208,-1
KHAPRETA_510206,312103.860,2624410.200,130.8300,0.5619,1.5900,0.1016,-1
KHAPRETA_510206,312107.860,2624410.200,130.9200,0.7067,1.5000,0.0958,-1
KHAPRETA_510206,312108.860,2624410.200,130.9100,0.8018,1.5100,0.0965,-1
KHAPRETA_510206,312117.860,2624410.200,131.3500,0.7019,1.0700,0.0684,-1
KHAPRETA_510206,312126.860,2624410.200,131.5600,1.1914,0.8600,0.0550,-1
KHAPRETA_510206,312127.860,2624410.200,131.5200,0.1400,0.9000,0.0575,-1
KHAPRETA_510206,312128.860,2624410.200,131.2800,1.1949,1.1400,0.0728,-1
KHAPRETA_510206,312131.860,2624410.200,131.2200,0.7769,1.2000,0.0767,-1
KHAPRETA_510206,312134.860,2624410.200,131.5200,0.9069,0.9000,0.0575,-1
KHAPRETA_510206,312139.860,2624410.200,131.6400,0.6669,0.7800,0.0498,-1
KHAPRETA_510206,312140.860,2624410.200,131.1100,0.6972,1.3100,0.0837,-1
KHAPRETA_510206,312141.860,2624410.200,131.3500,0.2250,1.0700,0.0684,-1
KHAPRETA_510206,312142.860,2624410.200,131.5600,0.9817,0.8600,0.0550,-1
KHAPRETA_510206,312144.860,2624410.200,131.3700,0.0150,1.0500,0.0671,-1
KHAPRETA_510206,312153.860,2624410.200,130.4800,0.7528,1.9400,0.1240,-1
KHAPRETA_510206,312154.860,2624410.200,130.8800,0.5124,1.5400,0.0984,-1
KHAPRETA_510206,312155.860,2624410.200,131.1400,0.5519,1.2800,0.0818,-1
KHAPRETA_510206,312183.860,2624410.200,131.4100,0.0000,1.0100,0.0645,-1
KHAPRETA_510206,312187.860,2624410.200,131.5500,0.8969,0.8700,0.0556,-1
KHAPRETA_510206,312189.860,2624410.200,131.9300,0.0000,0.4900,0.0313,-1
KHAPRETA_510206,312191.860,2624410.200,131.6300,0.0000,0.7900,0.0505,-1
KHAPRETA_510206,312196.860,2624410.200,131.8500,0.0000,0.5700,0.0364,-1
KHAPRETA_510206,312213.860,2624410.200,131.9700,1.1019,0.4500,0.0288,-1
KHAPRETA_510206,312216.860,2624410.200,131.9400,0.0000,0.4800,0.0307,-1
KHAPRETA_510206,312222.860,2624410.200,132.1000,0.0000,0.3200,0.0204,-1
KHAPRETA_510206,311936.860,2624411.200,127.9200,0.0000,4.5000,0.2875,-1
KHAPRETA_510206,311938.860,2624411.200,127.2600,0.0000,5.1600,0.3297,-1
KHAPRETA_510206,311941.860,2624411.200,127.1300,0.0000,5.2900,0.3380,-1
KHAPRETA_510206,311946.860,2624411.200,127.2300,1.3031,5.1900,0.3316,-1
KHAPRETA_510206,311947.860,2624411.200,127.1700,1.8289,5.2500,0.3355,-1
KHAPRETA_510206,311949.860,2624411.200,127.2400,1.3531,5.1800,0.3310,-1
KHAPRETA_510206,311952.860,2624411.200,127.1800,1.2931,5.2400,0.3348,-1
KHAPRETA_510206,311969.860,2624411.200,129.3700,0.2581,3.0500,0.1949,-1
KHAPRETA_510206,311971.860,2624411.200,129.2000,0.1369,3.2200,0.2058,-1
KHAPRETA_510206,311972.860,2624411.200,130.0500,0.0350,2.3700,0.1514,-1
KHAPRETA_510206,311973.860,2624411.200,129.1300,0.5400,3.2900,0.2102,-1
KHAPRETA_510206,311974.860,2624411.200,128.9700,0.1100,3.4500,0.2204,-1
KHAPRETA_510206,311975.860,2624411.200,128.9100,0.4031,3.5100,0.2243,-1
KHAPRETA_510206,311985.860,2624411.200,129.0400,0.5030,3.3800,0.2160,-1
KHAPRETA_510206,311986.860,2624411.200,129.0500,0.5100,3.3700,0.2153,-1
KHAPRETA_510206,311988.860,2624411.200,129.0900,0.3681,3.3300,0.2128,-1
KHAPRETA_510206,312008.860,2624411.200,129.2300,0.2481,3.1900,0.2038,-1
KHAPRETA_510206,312011.860,2624411.200,129.2900,0.3614,3.1300,0.2000,-1
KHAPRETA_510206,312012.860,2624411.200,129.2700,0.2531,3.1500,0.2013,-1
KHAPRETA_510206,312013.860,2624411.200,129.3000,0.2535,3.1200,0.1994,-1
KHAPRETA_510206,312019.860,2624411.200,129.3300,0.2231,3.0900,0.1974,-1
KHAPRETA_510206,312021.860,2624411.200,129.4200,0.0000,3.0000,0.1917,-1
KHAPRETA_510206,312024.860,2624411.200,129.3700,0.0000,3.0500,0.1949,-1
KHAPRETA_510206,312027.860,2624411.200,129.3600,0.0000,3.0600,0.1955,-1
KHAPRETA_510206,312030.860,2624411.200,129.3900,0.2624,3.0300,0.1936,-1
KHAPRETA_510206,312031.860,2624411.200,129.4100,0.2661,3.0100,0.1923,-1
KHAPRETA_510206,312033.860,2624411.200,129.5100,0.1681,2.9100,0.1859,-1
KHAPRETA_510206,312034.860,2624411.200,129.4400,0.0403,2.9800,0.1904,-1
KHAPRETA_510206,312035.860,2624411.200,129.4300,0.2412,2.9900,0.1911,-1
KHAPRETA_510206,312037.860,2624411.200,129.4200,0.1631,3.0000,0.1917,-1
KHAPRETA_510206,312038.860,2624411.200,129.4500,0.2164,2.9700,0.1898,-1
KHAPRETA_510206,312053.860,2624411.200,129.3800,0.1981,3.0400,0.1942,-1
KHAPRETA_510206,312055.860,2624411.200,129.2300,0.2881,3.1900,0.2038,-1
KHAPRETA_510206,312062.860,2624411.200,129.3600,0.0000,3.0600,0.1955,-1
KHAPRETA_510206,312069.860,2624411.200,129.5100,0.8806,2.9100,0.1859,-1
KHAPRETA_510206,312070.860,2624411.200,131.3400,0.1812,1.0800,0.0690,-1
KHAPRETA_510206,312088.860,2624411.200,129.6500,0.0781,2.7700,0.1770,-1
KHAPRETA_510206,312089.860,2624411.200,129.6200,0.0901,2.8000,0.1789,-1
KHAPRETA_510206,312090.860,2624411.200,129.8300,0.2500,2.5900,0.1655,-1
KHAPRETA_510206,312091.860,2624411.200,130.1200,0.0269,2.3000,0.1470,-1
KHAPRETA_510206,312102.860,2624411.200,130.4600,0.6332,1.9600,0.1252,-1
KHAPRETA_510206,312103.860,2624411.200,130.9000,0.6282,1.5200,0.0971,-1
KHAPRETA_510206,312107.860,2624411.200,130.6200,0.8018,1.8000,0.1150,-1
KHAPRETA_510206,312108.860,2624411.200,130.9000,0.7067,1.5200,0.0971,-1
KHAPRETA_510206,312110.860,2624411.200,130.9900,0.0000,1.4300,0.0914,-1
KHAPRETA_510206,312114.860,2624411.200,131.1900,0.0000,1.2300,0.0786,-1
KHAPRETA_510206,312116.860,2624411.200,131.2500,0.7019,1.1700,0.0748,-1
KHAPRETA_510206,312117.860,2624411.200,131.1800,1.0781,1.2400,0.0792,-1
KHAPRETA_510206,312122.860,2624411.200,131.1200,0.0000,1.3000,0.0831,-1
KHAPRETA_510206,312125.860,2624411.200,131.3600,0.8119,1.0600,0.0677,-1
KHAPRETA_510206,312126.860,2624411.200,131.4000,1.1928,1.0200,0.0652,-1
KHAPRETA_510206,312129.860,2624411.200,131.4400,0.0000,0.9800,0.0626,-1
KHAPRETA_510206,312134.860,2624411.200,131.5900,0.0200,0.8300,0.0530,-1
KHAPRETA_510206,312140.860,2624411.200,131.1400,0.1950,1.2800,0.0818,-1
KHAPRETA_510206,312144.860,2624411.200,131.4600,0.0650,0.9600,0.0613,-1
KHAPRETA_510206,312147.860,2624411.200,130.9700,1.2562,1.4500,0.0927,-1
KHAPRETA_510206,312148.860,2624411.200,131.7100,0.5969,0.7100,0.0454,-1
KHAPRETA_510206,312151.860,2624411.200,130.3700,0.0000,2.0500,0.1310,-1
KHAPRETA_510206,312154.860,2624411.200,130.5600,0.5519,1.8600,0.1188,-1
KHAPRETA_510206,312184.860,2624411.200,131.4800,0.0000,0.9400,0.0601,-1
KHAPRETA_510206,312187.860,2624411.200,131.5700,0.9171,0.8500,0.0543,-1
KHAPRETA_510206,312188.860,2624411.200,131.6100,0.8969,0.8100,0.0518,-1
KHAPRETA_510206,312198.860,2624411.200,131.9600,1.6362,0.4600,0.0294,-1
KHAPRETA_510206,312199.860,2624411.200,132.0800,1.0919,0.3400,0.0217,-1
KHAPRETA_510206,312207.860,2624411.200,132.2100,1.2069,0.2100,0.0134,-1
KHAPRETA_510206,312210.860,2624411.200,132.1000,1.6009,0.3200,0.0204,-1
KHAPRETA_510206,312211.860,2624411.200,132.0200,1.1619,0.4000,0.0256,-1
KHAPRETA_510206,312213.860,2624411.200,131.9800,0.0250,0.4400,0.0281,-1
KHAPRETA_510206,312217.860,2624411.200,131.9600,0.0000,0.4600,0.0294,-1
KHAPRETA_510206,311906.860,2624412.200,130.8900,0.2519,1.5300,0.0978,-1
KHAPRETA_510206,311907.860,2624412.200,130.2800,0.5569,2.1400,0.1367,-1
KHAPRETA_510206,311934.860,2624412.200,129.4600,0.8433,2.9600,0.1891,-1
KHAPRETA_510206,311935.860,2624412.200,128.3600,1.0401,4.0600,0.2594,-1
KHAPRETA_510206,311939.860,2624412.200,127.2100,0.0000,5.2100,0.3329,-1
KHAPRETA_510206,311944.860,2624412.200,127.2300,0.0000,5.1900,0.3316,-1
KHAPRETA_510206,311950.860,2624412.200,127.3400,0.0000,5.0800,0.3246,-1
KHAPRETA_510206,311952.860,2624412.200,127.1900,1.8112,5.2300,0.3342,-1
KHAPRETA_510206,311953.860,2624412.200,127.2500,1.2232,5.1700,0.3304,-1
KHAPRETA_510206,311954.860,2624412.200,127.2200,1.2631,5.2000,0.3323,-1
KHAPRETA_510206,311958.860,2624412.200,130.2800,1.0919,2.1400,0.1367,-1
KHAPRETA_510206,311959.860,2624412.200,131.9600,0.9600,0.4600,0.0294,-1
KHAPRETA_510206,311960.860,2624412.200,132.2000,1.0919,0.2200,0.0141,-1
KHAPRETA_510206,311962.860,2624412.200,131.8000,0.9419,0.6200,0.0396,-1
KHAPRETA_510206,311969.860,2624412.200,129.2600,0.4558,3.1600,0.2019,-1
KHAPRETA_510206,311970.860,2624412.200,128.9600,0.4660,3.4600,0.2211,-1
KHAPRETA_510206,311977.860,2624412.200,128.9900,0.0000,3.4300,0.2192,-1
KHAPRETA_510206,311983.860,2624412.200,129.0200,0.3731,3.4000,0.2173,-1
KHAPRETA_510206,311984.860,2624412.200,129.0300,0.3781,3.3900,0.2166,-1
KHAPRETA_510206,311986.860,2624412.200,129.0700,0.4961,3.3500,0.2141,-1
KHAPRETA_510206,311987.860,2624412.200,129.1000,0.3531,3.3200,0.2121,-1
KHAPRETA_510206,311993.860,2624412.200,129.1400,0.4392,3.2800,0.2096,-1
KHAPRETA_510206,311994.860,2624412.200,129.1500,0.0050,3.2700,0.2089,-1
KHAPRETA_510206,311995.860,2624412.200,129.1300,0.3131,3.2900,0.2102,-1
KHAPRETA_510206,311999.860,2624412.200,129.2200,0.0000,3.2000,0.2045,-1
KHAPRETA_510206,312003.860,2624412.200,129.2300,0.0000,3.1900,0.2038,-1
KHAPRETA_510206,312006.860,2624412.200,129.2300,0.0000,3.1900,0.2038,-1
KHAPRETA_510206,312008.860,2624412.200,129.2800,0.3757,3.1400,0.2006,-1
KHAPRETA_510206,312009.860,2624412.200,129.2600,0.2481,3.1600,0.2019,-1
KHAPRETA_510206,312011.860,2624412.200,129.2600,0.2431,3.1600,0.2019,-1
KHAPRETA_510206,312013.860,2624412.200,129.3100,0.2381,3.1100,0.1987,-1
KHAPRETA_510206,312022.860,2624412.200,129.3500,0.2081,3.0700,0.1962,-1
KHAPRETA_510206,312023.860,2624412.200,129.3600,0.2131,3.0600,0.1955,-1
KHAPRETA_510206,312032.860,2624412.200,129.5400,0.0000,2.8800,0.1840,-1
KHAPRETA_510206,312034.860,2624412.200,129.4300,0.2412,2.9900,0.1911,-1
KHAPRETA_510206,312035.860,2624412.200,129.4300,0.1742,2.9900,0.1911,-1
KHAPRETA_510206,312036.860,2624412.200,129.3900,0.1731,3.0300,0.1936,-1
KHAPRETA_510206,312038.860,2624412.200,129.5300,0.1631,2.8900,0.1847,-1
KHAPRETA_510206,312039.860,2624412.200,129.4500,0.1231,2.9700,0.1898,-1
KHAPRETA_510206,312044.860,2624412.200,129.4600,0.0000,2.9600,0.1891,-1
KHAPRETA_510206,312053.860,2624412.200,129.3800,0.0800,3.0400,0.1942,-1
KHAPRETA_510206,312055.860,2624412.200,129.2000,0.2731,3.2200,0.2058,-1
KHAPRETA_510206,312059.860,2624412.200,129.4900,0.1831,2.9300,0.1872,-1
KHAPRETA_510206,312060.860,2624412.200,129.4100,0.1431,3.0100,0.1923,-1
KHAPRETA_510206,312063.860,2624412.200,129.3000,0.3981,3.1200,0.1994,-1
KHAPRETA_510206,312064.860,2624412.200,128.9800,0.2381,3.4400,0.2198,-1
KHAPRETA_510206,312066.860,2624412.200,128.8400,0.0000,3.5800,0.2288,-1
KHAPRETA_510206,312068.860,2624412.200,128.9100,0.5031,3.5100,0.2243,-1
KHAPRETA_510206,312069.860,2624412.200,128.7700,0.3373,3.6500,0.2332,-1
KHAPRETA_510206,312070.860,2624412.200,129.5300,0.9298,2.8900,0.1847,-1
KHAPRETA_510206,312072.860,2624412.200,131.0800,1.2078,1.3400,0.0856,-1
KHAPRETA_510206,312073.860,2624412.200,132.1200,0.6519,0.3000,0.0192,-1
KHAPRETA_510206,312075.860,2624412.200,132.2600,0.0000,0.1600,0.0102,-1
KHAPRETA_510206,312085.860,2624412.200,129.5700,0.0031,2.8500,0.1821,-1
KHAPRETA_510206,312086.860,2624412.200,129.7700,0.1232,2.6500,0.1693,-1
KHAPRETA_510206,312087.860,2624412.200,129.5800,0.0031,2.8400,0.1815,-1
KHAPRETA_510206,312089.860,2624412.200,129.7700,0.0781,2.6500,0.1693,-1
KHAPRETA_510206,312092.860,2624412.200,129.8100,0.0000,2.6100,0.1668,-1
KHAPRETA_510206,312098.860,2624412.200,129.8700,0.0000,2.5500,0.1629,-1
KHAPRETA_510206,312102.860,2624412.200,130.3600,0.3419,2.0600,0.1316,-1
KHAPRETA_510206,312104.860,2624412.200,130.7500,0.2669,1.6700,0.1067,-1
KHAPRETA_510206,312120.860,2624412.200,131.1900,0.8369,1.2300,0.0786,-1
KHAPRETA_510206,312123.860,2624412.200,131.1400,0.0000,1.2800,0.0818,-1
KHAPRETA_510206,312128.860,2624412.200,131.7700,0.5669,0.6500,0.0415,-1
KHAPRETA_510206,312130.860,2624412.200,131.2300,1.1700,1.1900,0.0760,-1
KHAPRETA_510206,312131.860,2624412.200,131.4800,0.7269,0.9400,0.0601,-1
KHAPRETA_510206,312134.860,2624412.200,131.4800,1.1438,0.9400,0.0601,-1
KHAPRETA_510206,312135.860,2624412.200,131.1700,0.0150,1.2500,0.0799,-1
KHAPRETA_510206,312136.860,2624412.200,131.5100,0.2050,0.9100,0.0581,-1
KHAPRETA_510206,312137.860,2624412.200,131.5800,0.8669,0.8400,0.0537,-1
KHAPRETA_510206,312139.860,2624412.200,131.6300,0.8619,0.7900,0.0505,-1
KHAPRETA_510206,312140.860,2624412.200,131.5000,1.1508,0.9200,0.0588,-1
KHAPRETA_510206,312143.860,2624412.200,131.4400,0.7319,0.9800,0.0626,-1
KHAPRETA_510206,312144.860,2624412.200,131.2400,1.1836,1.1800,0.0754,-1
KHAPRETA_510206,312147.860,2624412.200,131.3800,0.5969,1.0400,0.0665,-1
KHAPRETA_510206,312152.860,2624412.200,130.4000,0.0000,2.0200,0.1291,-1
KHAPRETA_510206,312155.860,2624412.200,130.5400,0.0000,1.8800,0.1201,-1
KHAPRETA_510206,312171.860,2624412.200,130.0900,0.0000,2.3300,0.1489,-1
KHAPRETA_510206,312185.860,2624412.200,132.0300,0.0000,0.3900,0.0249,-1
KHAPRETA_510206,312187.860,2624412.200,131.5200,0.8969,0.9000,0.0575,-1
KHAPRETA_510206,312193.860,2624412.200,131.7200,0.0000,0.7000,0.0447,-1
KHAPRETA_510206,312195.860,2624412.200,132.1600,1.0519,0.2600,0.0166,-1
KHAPRETA_510206,312198.860,2624412.200,132.1000,0.0400,0.3200,0.0204,-1
KHAPRETA_510206,312206.860,2624412.200,132.2400,1.2069,0.1800,0.0115,-1
KHAPRETA_510206,312207.860,2624412.200,132.1900,0.0696,0.2300,0.0147,-1
KHAPRETA_510206,312208.860,2624412.200,132.3700,1.2069,0.0500,0.0032,-1
KHAPRETA_510206,312210.860,2624412.200,132.0600,1.1619,0.3600,0.0230,-1
KHAPRETA_510206,312213.860,2624412.200,132.0200,1.1019,0.4000,0.0256,-1
KHAPRETA_510206,312215.860,2624412.200,131.9500,1.5301,0.4700,0.0300,-1
KHAPRETA_510206,312216.860,2624412.200,131.9300,1.0869,0.4900,0.0313,-1
KHAPRETA_510206,311934.860,2624413.200,128.8600,1.0401,3.5600,0.2275,-1
KHAPRETA_510206,311935.860,2624413.200,127.7200,0.8433,4.7000,0.3003,-1
KHAPRETA_510206,311943.860,2624413.200,127.1400,0.0000,5.2800,0.3374,-1
KHAPRETA_510206,311947.860,2624413.200,127.0100,1.3681,5.4100,0.3457,-1
KHAPRETA_510206,311948.860,2624413.200,127.0400,1.3831,5.3800,0.3438,-1
KHAPRETA_510206,311953.860,2624413.200,127.3300,0.0150,5.0900,0.3252,-1
KHAPRETA_510206,311962.860,2624413.200,131.6600,1.0119,0.7600,0.0486,-1
KHAPRETA_510206,311967.860,2624413.200,128.9400,0.3381,3.4800,0.2224,-1
KHAPRETA_510206,311970.860,2624413.200,129.0000,0.0350,3.4200,0.2185,-1
KHAPRETA_510206,311972.860,2624413.200,128.9800,0.4181,3.4400,0.2198,-1
KHAPRETA_510206,311978.860,2624413.200,128.9800,0.3931,3.4400,0.2198,-1
KHAPRETA_510206,311985.860,2624413.200,129.0500,0.0000,3.3700,0.2153,-1
KHAPRETA_510206,311989.860,2624413.200,129.1000,0.0000,3.3200,0.2121,-1
KHAPRETA_510206,311993.860,2624413.200,129.1600,0.3181,3.2600,0.2083,-1
KHAPRETA_510206,311997.860,2624413.200,129.1900,0.0000,3.2300,0.2064,-1
KHAPRETA_510206,312002.860,2624413.200,129.2400,0.2781,3.1800,0.2032,-1
KHAPRETA_510206,312005.860,2624413.200,129.2200,0.0000,3.2000,0.2045,-1
KHAPRETA_510206,312014.860,2624413.200,129.3200,0.1981,3.1000,0.1981,-1
KHAPRETA_510206,312016.860,2624413.200,129.4200,0.0000,3.0000,0.1917,-1
KHAPRETA_510206,312038.860,2624413.200,129.4400,0.1231,2.9800,0.1904,-1
KHAPRETA_510206,312046.860,2624413.200,129.4200,0.1581,3.0000,0.1917,-1
KHAPRETA_510206,312047.860,2624413.200,129.4600,0.1781,2.9600,0.1891,-1
KHAPRETA_510206,312049.860,2624413.200,129.3800,0.2931,3.0400,0.1942,-1
KHAPRETA_510206,312053.860,2624413.200,129.5400,0.1981,2.8800,0.1840,-1
KHAPRETA_510206,312062.860,2624413.200,129.4200,0.3581,3.0000,0.1917,-1
KHAPRETA_510206,312072.860,2624413.200,130.3600,0.0600,2.0600,0.1316,-1
KHAPRETA_510206,312074.860,2624413.200,132.1300,0.0000,0.2900,0.0185,-1
KHAPRETA_510206,312086.860,2624413.200,129.5300,0.0031,2.8900,0.1847,-1
KHAPRETA_510206,312090.860,2624413.200,129.7400,0.0000,2.6800,0.1712,-1
KHAPRETA_510206,312093.860,2624413.200,130.4800,0.3869,1.9400,0.1240,-1
KHAPRETA_510206,312094.860,2624413.200,130.5500,0.3519,1.8700,0.1195,-1
KHAPRETA_510206,312096.860,2624413.200,129.8100,0.0000,2.6100,0.1668,-1
KHAPRETA_510206,312099.860,2624413.200,129.9000,0.0000,2.5200,0.1610,-1
KHAPRETA_510206,312103.860,2624413.200,130.0600,0.2669,2.3600,0.1508,-1
KHAPRETA_510206,312104.860,2624413.200,130.3100,0.5053,2.1100,0.1348,-1
KHAPRETA_510206,312105.860,2624413.200,130.3300,0.2669,2.0900,0.1335,-1
KHAPRETA_510206,312107.860,2624413.200,130.5200,0.0000,1.9000,0.1214,-1
KHAPRETA_510206,312110.860,2624413.200,131.2200,0.6119,1.2000,0.0767,-1
KHAPRETA_510206,312111.860,2624413.200,131.0000,0.7219,1.4200,0.0907,-1
KHAPRETA_510206,312114.860,2624413.200,130.9100,0.7569,1.5100,0.0965,-1
KHAPRETA_510206,312115.860,2624413.200,131.2900,0.7081,1.1300,0.0722,-1
KHAPRETA_510206,312116.860,2624413.200,131.1600,0.7569,1.2600,0.0805,-1
KHAPRETA_510206,312120.860,2624413.200,131.4500,1.0803,0.9700,0.0620,-1
KHAPRETA_510206,312121.860,2624413.200,131.4100,0.0250,1.0100,0.0645,-1
KHAPRETA_510206,312122.860,2624413.200,131.5000,0.8169,0.9200,0.0588,-1
KHAPRETA_510206,312125.860,2624413.200,131.1500,0.0000,1.2700,0.0812,-1
KHAPRETA_510206,312128.860,2624413.200,130.9100,0.1700,1.5100,0.0965,-1
KHAPRETA_510206,312130.860,2624413.200,131.3800,0.1250,1.0400,0.0665,-1
KHAPRETA_510206,312142.860,2624413.200,131.1800,0.0000,1.2400,0.0792,-1
KHAPRETA_510206,312195.860,2624413.200,131.8800,1.5348,0.5400,0.0345,-1
KHAPRETA_510206,312196.860,2624413.200,131.7100,1.0519,0.7100,0.0454,-1
KHAPRETA_510206,312198.860,2624413.200,132.0400,1.1619,0.3800,0.0243,-1
KHAPRETA_510206,312207.860,2624413.200,132.1600,1.2069,0.2600,0.0166,-1
KHAPRETA_510206,312209.860,2624413.200,132.2800,1.1369,0.1400,0.0089,-1
KHAPRETA_510206,312212.860,2624413.200,131.9900,1.0969,0.4300,0.0275,-1
KHAPRETA_510206,312215.860,2624413.200,131.9500,1.0869,0.4700,0.0300,-1
KHAPRETA_510206,312219.860,2624413.200,131.9600,1.1319,0.4600,0.0294,-1
KHAPRETA_510206,312220.860,2624413.200,132.0400,1.0919,0.3800,0.0243,-1
KHAPRETA_510206,311937.860,2624414.200,127.3200,1.1731,5.1000,0.3259,-1
KHAPRETA_510206,311939.860,2624414.200,127.2600,0.0000,5.1600,0.3297,-1
KHAPRETA_510206,311944.860,2624414.200,127.1200,1.3231,5.3000,0.3387,-1
KHAPRETA_510206,311952.860,2624414.200,127.4900,1.2781,4.9300,0.3150,-1
KHAPRETA_510206,311953.860,2624414.200,127.2200,1.6741,5.2000,0.3323,-1
KHAPRETA_510206,311956.860,2624414.200,130.8500,0.0000,1.5700,0.1003,-1
KHAPRETA_510206,311958.860,2624414.200,131.2000,0.0000,1.2200,0.0780,-1
KHAPRETA_510206,311961.860,2624414.200,130.7500,0.0000,1.6700,0.1067,-1
KHAPRETA_510206,311966.860,2624414.200,129.9700,0.4078,2.4500,0.1565,-1
KHAPRETA_510206,311967.860,2624414.200,129.1000,0.4292,3.3200,0.2121,-1
KHAPRETA_510206,311969.860,2624414.200,128.9600,0.4431,3.4600,0.2211,-1
KHAPRETA_510206,311970.860,2624414.200,128.8900,0.5631,3.5300,0.2256,-1
KHAPRETA_510206,311972.860,2624414.200,128.9400,0.0050,3.4800,0.2224,-1
KHAPRETA_510206,311977.860,2624414.200,129.0000,0.3931,3.4200,0.2185,-1
KHAPRETA_510206,311978.860,2624414.200,128.9900,0.3986,3.4300,0.2192,-1
KHAPRETA_510206,311979.860,2624414.200,129.0400,0.3931,3.3800,0.2160,-1
KHAPRETA_510206,311981.860,2624414.200,129.1300,0.0000,3.2900,0.2102,-1
KHAPRETA_510206,311983.860,2624414.200,129.1300,0.3631,3.2900,0.2102,-1
KHAPRETA_510206,311984.860,2624414.200,129.0500,0.3231,3.3700,0.2153,-1
KHAPRETA_510206,311987.860,2624414.200,129.0900,0.0000,3.3300,0.2128,-1
KHAPRETA_510206,312001.860,2624414.200,129.2600,0.2781,3.1600,0.2019,-1
KHAPRETA_510206,312002.860,2624414.200,129.2200,0.2688,3.2000,0.2045,-1
KHAPRETA_510206,312003.860,2624414.200,129.2200,0.2781,3.2000,0.2045,-1
KHAPRETA_510206,312006.860,2624414.200,129.2800,0.0000,3.1400,0.2006,-1
KHAPRETA_510206,312013.860,2624414.200,129.3500,0.2983,3.0700,0.1962,-1
KHAPRETA_510206,312014.860,2624414.200,129.3800,0.3121,3.0400,0.1942,-1
KHAPRETA_510206,312033.860,2624414.200,129.4400,0.0000,2.9800,0.1904,-1
KHAPRETA_510206,312036.860,2624414.200,129.4500,0.1793,2.9700,0.1898,-1
KHAPRETA_510206,312037.860,2624414.200,129.4900,0.1631,2.9300,0.1872,-1
KHAPRETA_510206,312039.860,2624414.200,129.4400,0.0000,2.9800,0.1904,-1
KHAPRETA_510206,312049.860,2624414.200,129.1900,0.1050,3.2300,0.2064,-1
KHAPRETA_510206,312051.860,2624414.200,129.1000,0.0000,3.3200,0.2121,-1
KHAPRETA_510206,312056.860,2624414.200,129.4100,0.0000,3.0100,0.1923,-1
KHAPRETA_510206,312062.860,2624414.200,129.0600,0.4498,3.3600,0.2147,-1
KHAPRETA_510206,312063.860,2624414.200,128.9500,0.3581,3.4700,0.2217,-1
KHAPRETA_510206,312065.860,2624414.200,128.9100,0.4481,3.5100,0.2243,-1
KHAPRETA_510206,312069.860,2624414.200,128.8300,0.4731,3.5900,0.2294,-1
KHAPRETA_510206,312070.860,2624414.200,128.8300,0.4731,3.5900,0.2294,-1
KHAPRETA_510206,312072.860,2624414.200,130.9600,0.2919,1.4600,0.0933,-1
KHAPRETA_510206,312076.860,2624414.200,132.4000,1.1369,0.0200,0.0013,-1
KHAPRETA_510206,312091.860,2624414.200,129.8800,0.0000,2.5400,0.1623,-1
KHAPRETA_510206,312094.860,2624414.200,129.7800,0.1050,2.6400,0.1687,-1
KHAPRETA_510206,312097.860,2624414.200,129.8000,0.3088,2.6200,0.1674,-1
KHAPRETA_510206,312098.860,2624414.200,130.1600,0.4171,2.2600,0.1444,-1
KHAPRETA_510206,312100.860,2624414.200,129.8700,0.0619,2.5500,0.1629,-1
KHAPRETA_510206,312101.860,2624414.200,129.9000,0.1032,2.5200,0.1610,-1
KHAPRETA_510206,312106.860,2624414.200,130.3800,0.0000,2.0400,0.1304,-1
KHAPRETA_510206,312112.860,2624414.200,130.7100,0.7119,1.7100,0.1093,-1
KHAPRETA_510206,312115.860,2624414.200,131.1700,0.0050,1.2500,0.0799,-1
KHAPRETA_510206,312118.860,2624414.200,130.7300,0.0000,1.6900,0.1080,-1
KHAPRETA_510206,312128.860,2624414.200,131.4300,0.2000,0.9900,0.0633,-1
KHAPRETA_510206,312130.860,2624414.200,131.4800,0.1400,0.9400,0.0601,-1
KHAPRETA_510206,312135.860,2624414.200,131.4800,0.0000,0.9400,0.0601,-1
KHAPRETA_510206,312137.860,2624414.200,131.1500,0.8869,1.2700,0.0812,-1
KHAPRETA_510206,312140.860,2624414.200,131.4400,0.8219,0.9800,0.0626,-1
KHAPRETA_510206,312145.860,2624414.200,131.0400,0.0000,1.3800,0.0882,-1
KHAPRETA_510206,312147.860,2624414.200,131.1300,0.0000,1.2900,0.0824,-1
KHAPRETA_510206,312149.860,2624414.200,130.7300,0.0000,1.6900,0.1080,-1
KHAPRETA_510206,312152.860,2624414.200,130.3800,0.0000,2.0400,0.1304,-1
KHAPRETA_510206,312154.860,2624414.200,130.4200,0.3819,2.0000,0.1278,-1
KHAPRETA_510206,312155.860,2624414.200,130.5400,0.3219,1.8800,0.1201,-1
KHAPRETA_510206,312158.860,2624414.200,130.7300,0.3819,1.6900,0.1080,-1
KHAPRETA_510206,312170.860,2624414.200,130.8900,0.6619,1.5300,0.0978,-1
KHAPRETA_510206,312193.860,2624414.200,131.5900,0.0000,0.8300,0.0530,-1
KHAPRETA_510206,312209.860,2624414.200,132.0500,1.2519,0.3700,0.0236,-1
KHAPRETA_510206,312212.860,2624414.200,131.9700,1.1069,0.4500,0.0288,-1
KHAPRETA_510206,312217.860,2624414.200,131.9500,1.0869,0.4700,0.0300,-1
KHAPRETA_510206,312218.860,2624414.200,131.9500,1.0869,0.4700,0.0300,-1
KHAPRETA_510206,312221.860,2624414.200,132.1400,0.0000,0.2800,0.0179,-1
KHAPRETA_510206,311932.860,2624415.200,127.7200,0.0000,4.7000,0.3003,-1
KHAPRETA_510206,311935.860,2624415.200,127.4800,1.1731,4.9400,0.3157,-1
KHAPRETA_510206,311936.860,2624415.200,127.4300,0.0250,4.9900,0.3188,-1
KHAPRETA_510206,311937.860,2624415.200,127.4300,1.2303,4.9900,0.3188,-1
KHAPRETA_510206,311938.860,2624415.200,127.2800,1.7055,5.1400,0.3284,-1
KHAPRETA_510206,311942.860,2624415.200,127.2100,1.2881,5.2100,0.3329,-1
KHAPRETA_510206,311943.860,2624415.200,127.2000,0.0400,5.2200,0.3335,-1
KHAPRETA_510206,311944.860,2624415.200,127.1300,1.8501,5.2900,0.3380,-1
KHAPRETA_510206,311963.860,2624415.200,131.4000,0.0000,1.0200,0.0652,-1
KHAPRETA_510206,311966.860,2624415.200,129.3200,0.5300,3.1000,0.1981,-1
KHAPRETA_510206,311972.860,2624415.200,128.9900,0.4181,3.4300,0.2192,-1
KHAPRETA_510206,311985.860,2624415.200,129.1600,0.0000,3.2600,0.2083,-1
KHAPRETA_510206,311988.860,2624415.200,129.1100,0.3231,3.3100,0.2115,-1
KHAPRETA_510206,311989.860,2624415.200,129.1300,0.2881,3.2900,0.2102,-1
KHAPRETA_510206,311990.860,2624415.200,129.1100,0.0100,3.3100,0.2115,-1
KHAPRETA_510206,311991.860,2624415.200,129.1500,0.4436,3.2700,0.2089,-1
KHAPRETA_510206,311997.860,2624415.200,129.1800,0.2931,3.2400,0.2070,-1
KHAPRETA_510206,312004.860,2624415.200,129.2300,0.0000,3.1900,0.2038,-1
KHAPRETA_510206,312007.860,2624415.200,129.2800,0.2431,3.1400,0.2006,-1
KHAPRETA_510206,312008.860,2624415.200,129.2900,0.2131,3.1300,0.2000,-1
KHAPRETA_510206,312009.860,2624415.200,129.2700,0.2431,3.1500,0.2013,-1
KHAPRETA_510206,312013.860,2624415.200,129.3300,0.2131,3.0900,0.1974,-1
KHAPRETA_510206,312017.860,2624415.200,129.3200,0.0000,3.1000,0.1981,-1
KHAPRETA_510206,312023.860,2624415.200,129.4400,0.0000,2.9800,0.1904,-1
KHAPRETA_510206,312027.860,2624415.200,129.4200,0.1631,3.0000,0.1917,-1
KHAPRETA_510206,312030.860,2624415.200,129.4500,0.1731,2.9700,0.1898,-1
KHAPRETA_510206,312031.860,2624415.200,129.4300,0.1631,2.9900,0.1911,-1
KHAPRETA_510206,312035.860,2624415.200,129.4300,0.1081,2.9900,0.1911,-1
KHAPRETA_510206,312036.860,2624415.200,129.5600,0.2378,2.8600,0.1827,-1
KHAPRETA_510206,312038.860,2624415.200,129.5300,0.0000,2.8900,0.1847,-1
KHAPRETA_510206,312045.860,2624415.200,129.4400,0.0000,2.9800,0.1904,-1
KHAPRETA_510206,312047.860,2624415.200,129.4300,0.0000,2.9900,0.1911,-1
KHAPRETA_510206,312049.860,2624415.200,129.5900,0.2931,2.8300,0.1808,-1
KHAPRETA_510206,312059.860,2624415.200,129.2700,0.0981,3.1500,0.2013,-1
KHAPRETA_510206,312065.860,2624415.200,128.8800,0.6160,3.5400,0.2262,-1
KHAPRETA_510206,312066.860,2624415.200,128.9000,0.4481,3.5200,0.2249,-1
KHAPRETA_510206,312071.860,2624415.200,129.5400,0.1081,2.8800,0.1840,-1
KHAPRETA_510206,312076.860,2624415.200,132.0500,1.3119,0.3700,0.0236,-1
KHAPRETA_510206,312087.860,2624415.200,129.5400,0.0000,2.8800,0.1840,-1
KHAPRETA_510206,312089.860,2624415.200,129.8700,0.1369,2.5500,0.1629,-1
KHAPRETA_510206,312090.860,2624415.200,130.0500,0.0469,2.3700,0.1514,-1
KHAPRETA_510206,312094.860,2624415.200,130.7600,0.0631,1.6600,0.1061,-1
KHAPRETA_510206,312095.860,2624415.200,129.6500,0.4919,2.7700,0.1770,-1
KHAPRETA_510206,312097.860,2624415.200,130.2600,0.4466,2.1600,0.1380,-1
KHAPRETA_510206,312098.860,2624415.200,130.6100,0.3088,1.8100,0.1157,-1
KHAPRETA_510206,312101.860,2624415.200,129.9600,0.0850,2.4600,0.1572,-1
KHAPRETA_510206,312103.860,2624415.200,129.9500,0.0000,2.4700,0.1578,-1
KHAPRETA_510206,312107.860,2624415.200,130.3600,0.2719,2.0600,0.1316,-1
KHAPRETA_510206,312112.860,2624415.200,131.2000,0.0900,1.2200,0.0780,-1
KHAPRETA_510206,312115.860,2624415.200,131.3000,0.6969,1.1200,0.0716,-1
KHAPRETA_510206,312117.860,2624415.200,131.2500,0.0000,1.1700,0.0748,-1
KHAPRETA_510206,312128.860,2624415.200,131.3100,0.8269,1.1100,0.0709,-1
KHAPRETA_510206,312130.860,2624415.200,131.6600,0.1300,0.7600,0.0486,-1
KHAPRETA_510206,312137.860,2624415.200,131.5500,0.3150,0.8700,0.0556,-1
KHAPRETA_510206,312139.860,2624415.200,131.4400,0.8219,0.9800,0.0626,-1
KHAPRETA_510206,312140.860,2624415.200,131.4200,0.8399,1.0000,0.0639,-1
KHAPRETA_510206,312143.860,2624415.200,131.2900,0.7969,1.1300,0.0722,-1
KHAPRETA_510206,312144.860,2624415.200,131.3700,0.7569,1.0500,0.0671,-1
KHAPRETA_510206,312158.860,2624415.200,130.5400,0.7107,1.8800,0.1201,-1
KHAPRETA_510206,312159.860,2624415.200,130.8300,0.3819,1.5900,0.1016,-1
KHAPRETA_510206,312170.860,2624415.200,131.1000,0.5569,1.3200,0.0843,-1
KHAPRETA_510206,312184.860,2624415.200,131.2500,0.0000,1.1700,0.0748,-1
KHAPRETA_510206,312186.860,2624415.200,131.3900,0.0000,1.0300,0.0658,-1
KHAPRETA_510206,312188.860,2624415.200,131.1900,0.0000,1.2300,0.0786,-1
KHAPRETA_510206,312190.860,2624415.200,131.4400,0.8969,0.9800,0.0626,-1
KHAPRETA_510206,312194.860,2624415.200,131.6000,0.0000,0.8200,0.0524,-1
KHAPRETA_510206,312196.860,2624415.200,131.7400,0.0000,0.6800,0.0435,-1
KHAPRETA_510206,312215.860,2624415.200,131.9400,1.0869,0.4800,0.0307,-1
KHAPRETA_510206,311925.860,2624416.200,127.2400,0.0000,5.1800,0.3310,-1
KHAPRETA_510206,311934.860,2624416.200,127.4400,0.0000,4.9800,0.3182,-1
KHAPRETA_510206,311938.860,2624416.200,127.3000,1.2481,5.1200,0.3272,-1
KHAPRETA_510206,311940.860,2624416.200,127.3200,1.2681,5.1000,0.3259,-1
KHAPRETA_510206,311941.860,2624416.200,127.2400,1.7617,5.1800,0.3310,-1
KHAPRETA_510206,311946.860,2624416.200,127.2200,1.3081,5.2000,0.3323,-1
KHAPRETA_510206,311959.860,2624416.200,132.0000,1.2832,0.4200,0.0268,-1
KHAPRETA_510206,311960.860,2624416.200,131.7300,1.1119,0.6900,0.0441,-1
KHAPRETA_510206,311966.860,2624416.200,128.9100,0.2281,3.5100,0.2243,-1
KHAPRETA_510206,311969.860,2624416.200,128.9300,0.0000,3.4900,0.2230,-1
KHAPRETA_510206,311977.860,2624416.200,129.0000,0.0000,3.4200,0.2185,-1
KHAPRETA_510206,311982.860,2624416.200,129.0500,0.3631,3.3700,0.2153,-1
KHAPRETA_510206,311987.860,2624416.200,129.0900,0.0000,3.3300,0.2128,-1
KHAPRETA_510206,311989.860,2624416.200,129.2000,0.3231,3.2200,0.2058,-1
KHAPRETA_510206,311991.860,2624416.200,129.1900,0.4357,3.2300,0.2064,-1
KHAPRETA_510206,311992.860,2624416.200,129.1700,0.2931,3.2500,0.2077,-1
KHAPRETA_510206,311996.860,2624416.200,129.2600,0.2931,3.1600,0.2019,-1
KHAPRETA_510206,311997.860,2624416.200,129.1900,0.2991,3.2300,0.2064,-1
KHAPRETA_510206,311998.860,2624416.200,129.2100,0.2931,3.2100,0.2051,-1
KHAPRETA_510206,312003.860,2624416.200,129.2300,0.0000,3.1900,0.2038,-1
KHAPRETA_510206,312008.860,2624416.200,129.3500,0.2431,3.0700,0.1962,-1
KHAPRETA_510206,312015.860,2624416.200,129.4000,0.0000,3.0200,0.1930,-1
KHAPRETA_510206,312019.860,2624416.200,129.3400,0.0000,3.0800,0.1968,-1
KHAPRETA_510206,312021.860,2624416.200,129.3700,0.0000,3.0500,0.1949,-1
KHAPRETA_510206,312026.860,2624416.200,129.4200,0.1631,3.0000,0.1917,-1
KHAPRETA_510206,312027.860,2624416.200,129.4500,0.2518,2.9700,0.1898,-1
KHAPRETA_510206,312034.860,2624416.200,129.5300,0.1531,2.8900,0.1847,-1
KHAPRETA_510206,312041.860,2624416.200,129.4300,0.0000,2.9900,0.1911,-1
KHAPRETA_510206,312046.860,2624416.200,129.4300,0.1781,2.9900,0.1911,-1
KHAPRETA_510206,312055.860,2624416.200,129.3800,0.2231,3.0400,0.1942,-1
KHAPRETA_510206,312057.860,2624416.200,129.1000,0.3331,3.3200,0.2121,-1
KHAPRETA_510206,312058.860,2624416.200,129.1100,0.2400,3.3100,0.2115,-1
KHAPRETA_510206,312059.860,2624416.200,129.5800,0.4183,2.8400,0.1815,-1
KHAPRETA_510206,312069.860,2624416.200,129.0000,0.0000,3.4200,0.2185,-1
KHAPRETA_510206,312071.860,2624416.200,129.5600,0.2550,2.8600,0.1827,-1
KHAPRETA_510206,312088.860,2624416.200,129.6600,0.0000,2.7600,0.1764,-1
KHAPRETA_510206,312091.860,2624416.200,130.2300,0.0000,2.1900,0.1399,-1
KHAPRETA_510206,312096.860,2624416.200,130.0500,0.2503,2.3700,0.1514,-1
KHAPRETA_510206,312097.860,2624416.200,130.1200,0.2780,2.3000,0.1470,-1
KHAPRETA_510206,312099.860,2624416.200,130.3500,0.0000,2.0700,0.1323,-1
KHAPRETA_510206,312101.860,2624416.200,130.0700,0.0919,2.3500,0.1502,-1
KHAPRETA_510206,312104.860,2624416.200,130.3700,0.3819,2.0500,0.1310,-1
KHAPRETA_510206,312107.860,2624416.200,130.3200,0.1250,2.1000,0.1342,-1
KHAPRETA_510206,312109.860,2624416.200,131.1500,0.0000,1.2700,0.0812,-1
KHAPRETA_510206,312111.860,2624416.200,130.8800,0.5569,1.5400,0.0984,-1
KHAPRETA_510206,312112.860,2624416.200,130.8900,0.3482,1.5300,0.0978,-1
KHAPRETA_510206,312113.860,2624416.200,131.0300,0.6475,1.3900,0.0888,-1
KHAPRETA_510206,312114.860,2624416.200,131.0600,0.6269,1.3600,0.0869,-1
KHAPRETA_510206,312116.860,2624416.200,131.1700,0.0000,1.2500,0.0799,-1
KHAPRETA_510206,312119.860,2624416.200,131.2000,0.0000,1.2200,0.0780,-1
KHAPRETA_510206,312125.860,2624416.200,131.2300,0.7919,1.1900,0.0760,-1
KHAPRETA_510206,312126.860,2624416.200,131.3600,0.7829,1.0600,0.0677,-1
KHAPRETA_510206,312127.860,2624416.200,131.5900,0.7919,0.8300,0.0530,-1
KHAPRETA_510206,312130.860,2624416.200,131.7400,0.9419,0.6800,0.0435,-1
KHAPRETA_510206,312132.860,2624416.200,131.5400,0.9369,0.8800,0.0562,-1
KHAPRETA_510206,312134.860,2624416.200,131.3000,0.7319,1.1200,0.0716,-1
KHAPRETA_510206,312136.860,2624416.200,131.3600,1.0019,1.0600,0.0677,-1
KHAPRETA_510206,312137.860,2624416.200,131.7800,1.1890,0.6400,0.0409,-1
KHAPRETA_510206,312140.860,2624416.200,131.6700,1.0247,0.7500,0.0479,-1
KHAPRETA_510206,312141.860,2624416.200,131.0000,0.9469,1.4200,0.0907,-1
KHAPRETA_510206,312145.860,2624416.200,131.4700,0.0000,0.9500,0.0607,-1
KHAPRETA_510206,312147.860,2624416.200,130.6400,0.0000,1.7800,0.1137,-1
KHAPRETA_510206,312149.860,2624416.200,130.5000,0.0000,1.9200,0.1227,-1
KHAPRETA_510206,312190.860,2624416.200,131.5700,1.2381,0.8500,0.0543,-1
KHAPRETA_510206,312191.860,2624416.200,131.6100,0.8969,0.8100,0.0518,-1
KHAPRETA_510206,312193.860,2624416.200,131.5400,0.0000,0.8800,0.0562,-1
KHAPRETA_510206,312201.860,2624416.200,132.2200,1.2119,0.2000,0.0128,-1
KHAPRETA_510206,312202.860,2624416.200,132.2000,1.2219,0.2200,0.0141,-1
KHAPRETA_510206,312207.860,2624416.200,131.9400,1.0519,0.4800,0.0307,-1
KHAPRETA_510206,312215.860,2624416.200,131.9500,1.0819,0.4700,0.0300,-1
KHAPRETA_510206,312219.860,2624416.200,132.0600,0.0000,0.3600,0.0230,-1
KHAPRETA_510206,311930.860,2624417.200,127.7200,0.0000,4.7000,0.3003,-1
KHAPRETA_510206,311937.860,2624417.200,127.4100,0.0000,5.0100,0.3201,-1
KHAPRETA_510206,311941.860,2624417.200,127.2500,1.2681,5.1700,0.3304,-1
KHAPRETA_510206,311944.860,2624417.200,126.9400,1.3431,5.4800,0.3502,-1
KHAPRETA_510206,311945.860,2624417.200,127.0900,0.1100,5.3300,0.3406,-1
KHAPRETA_510206,311946.860,2624417.200,127.1600,1.8540,5.2600,0.3361,-1
KHAPRETA_510206,311959.860,2624417.200,131.4400,1.1119,0.9800,0.0626,-1
KHAPRETA_510206,311961.860,2624417.200,130.2300,0.1369,2.1900,0.1399,-1
KHAPRETA_510206,311962.860,2624417.200,130.0500,0.4757,2.3700,0.1514,-1
KHAPRETA_510206,311964.860,2624417.200,128.8500,0.3781,3.5700,0.2281,-1
KHAPRETA_510206,311965.860,2624417.200,129.0200,0.4631,3.4000,0.2173,-1
KHAPRETA_510206,311971.860,2624417.200,129.0200,0.5453,3.4000,0.2173,-1
KHAPRETA_510206,311972.860,2624417.200,129.0000,0.3781,3.4200,0.2185,-1
KHAPRETA_510206,311979.860,2624417.200,129.0300,0.0000,3.3900,0.2166,-1
KHAPRETA_510206,311982.860,2624417.200,129.0500,0.3631,3.3700,0.2153,-1
KHAPRETA_510206,311985.860,2624417.200,129.0600,0.0000,3.3600,0.2147,-1
KHAPRETA_510206,311995.860,2624417.200,129.1900,0.0000,3.2300,0.2064,-1
KHAPRETA_510206,312007.860,2624417.200,129.2900,0.2481,3.1300,0.2000,-1
KHAPRETA_510206,312020.860,2624417.200,129.4000,0.0000,3.0200,0.1930,-1
KHAPRETA_510206,312022.860,2624417.200,129.3800,0.0000,3.0400,0.1942,-1
KHAPRETA_510206,312024.860,2624417.200,129.4200,0.0000,3.0000,0.1917,-1
KHAPRETA_510206,312033.860,2624417.200,129.4500,0.1531,2.9700,0.1898,-1
KHAPRETA_510206,312034.860,2624417.200,129.4700,0.2043,2.9500,0.1885,-1
KHAPRETA_510206,312036.860,2624417.200,129.4700,0.0000,2.9500,0.1885,-1
KHAPRETA_510206,312046.860,2624417.200,129.4200,0.1731,3.0000,0.1917,-1
KHAPRETA_510206,312048.860,2624417.200,129.8000,0.0000,2.6200,0.1674,-1
KHAPRETA_510206,312054.860,2624417.200,129.2000,0.2231,3.2200,0.2058,-1
KHAPRETA_510206,312055.860,2624417.200,129.3300,0.3496,3.0900,0.1974,-1
KHAPRETA_510206,312066.860,2624417.200,129.0200,0.4281,3.4000,0.2173,-1
KHAPRETA_510206,312067.860,2624417.200,128.9200,0.5311,3.5000,0.2236,-1
KHAPRETA_510206,312070.860,2624417.200,128.9900,0.3731,3.4300,0.2192,-1
KHAPRETA_510206,312071.860,2624417.200,129.0300,0.4076,3.3900,0.2166,-1
KHAPRETA_510206,312073.860,2624417.200,129.4300,0.8419,2.9900,0.1911,-1
KHAPRETA_510206,312074.860,2624417.200,131.4600,0.4432,0.9600,0.0613,-1
KHAPRETA_510206,312092.860,2624417.200,130.3200,0.3019,2.1000,0.1342,-1
KHAPRETA_510206,312095.860,2624417.200,130.4400,0.1819,1.9800,0.1265,-1
KHAPRETA_510206,312096.860,2624417.200,130.1400,0.3323,2.2800,0.1457,-1
KHAPRETA_510206,312100.860,2624417.200,129.8800,0.0000,2.5400,0.1623,-1
KHAPRETA_510206,312104.860,2624417.200,130.5400,0.5576,1.8800,0.1201,-1
KHAPRETA_510206,312105.860,2624417.200,130.7200,0.3833,1.7000,0.1086,-1
KHAPRETA_510206,312106.860,2624417.200,129.8600,0.3050,2.5600,0.1636,-1
KHAPRETA_510206,312107.860,2624417.200,130.1100,0.0653,2.3100,0.1476,-1
KHAPRETA_510206,312112.860,2624417.200,130.5200,0.8499,1.9000,0.1214,-1
KHAPRETA_510206,312113.860,2624417.200,131.0600,0.7290,1.3600,0.0869,-1
KHAPRETA_510206,312115.860,2624417.200,131.0500,0.0000,1.3700,0.0875,-1
KHAPRETA_510206,312126.860,2624417.200,131.3000,0.7919,1.1200,0.0716,-1
KHAPRETA_510206,312132.860,2624417.200,131.6500,0.8819,0.7700,0.0492,-1
KHAPRETA_510206,312134.860,2624417.200,131.2400,0.1250,1.1800,0.0754,-1
KHAPRETA_510206,312138.860,2624417.200,131.0700,0.0000,1.3500,0.0863,-1
KHAPRETA_510206,312142.860,2624417.200,131.3100,0.9806,1.1100,0.0709,-1
KHAPRETA_510206,312143.860,2624417.200,131.0700,0.8121,1.3500,0.0863,-1
KHAPRETA_510206,312151.860,2624417.200,130.8900,0.5319,1.5300,0.0978,-1
KHAPRETA_510206,312152.860,2624417.200,130.8400,0.5569,1.5800,0.1010,-1
KHAPRETA_510206,312154.860,2624417.200,130.7800,0.5469,1.6400,0.1048,-1
KHAPRETA_510206,312157.860,2624417.200,130.4800,0.4719,1.9400,0.1240,-1
KHAPRETA_510206,312158.860,2624417.200,130.7200,0.3519,1.7000,0.1086,-1
KHAPRETA_510206,312184.860,2624417.200,131.2000,0.0000,1.2200,0.0780,-1
KHAPRETA_510206,312195.860,2624417.200,131.5700,0.0000,0.8500,0.0543,-1
KHAPRETA_510206,312198.860,2624417.200,131.9300,0.0000,0.4900,0.0313,-1
KHAPRETA_510206,312206.860,2624417.200,132.0600,1.0519,0.3600,0.0230,-1
KHAPRETA_510206,312207.860,2624417.200,131.8800,0.1172,0.5400,0.0345,-1
KHAPRETA_510206,312208.860,2624417.200,131.9100,1.0519,0.5100,0.0326,-1
KHAPRETA_510206,312210.860,2624417.200,131.8900,0.0000,0.5300,0.0339,-1
KHAPRETA_510206,312213.860,2624417.200,131.9300,1.1119,0.4900,0.0313,-1
KHAPRETA_510206,311931.860,2624418.200,127.7300,1.0181,4.6900,0.2997,-1
KHAPRETA_510206,311932.860,2624418.200,127.7400,0.0500,4.6800,0.2990,-1
KHAPRETA_510206,311933.860,2624418.200,127.6300,1.0181,4.7900,0.3061,-1
KHAPRETA_510206,311935.860,2624418.200,127.6100,0.0000,4.8100,0.3073,-1
KHAPRETA_510206,311939.860,2624418.200,127.3400,0.0000,5.0800,0.3246,-1
KHAPRETA_510206,311962.860,2624418.200,128.9400,0.6950,3.4800,0.2224,-1
KHAPRETA_510206,311969.860,2624418.200,129.0000,0.3781,3.4200,0.2185,-1
KHAPRETA_510206,311971.860,2624418.200,129.0100,0.3781,3.4100,0.2179,-1
KHAPRETA_510206,311976.860,2624418.200,129.0000,0.5064,3.4200,0.2185,-1
KHAPRETA_510206,311977.860,2624418.200,129.0600,0.0100,3.3600,0.2147,-1
KHAPRETA_510206,311978.860,2624418.200,128.9800,0.3581,3.4400,0.2198,-1
KHAPRETA_510206,311981.860,2624418.200,129.0600,0.0000,3.3600,0.2147,-1
KHAPRETA_510206,311983.860,2624418.200,129.1200,0.0000,3.3000,0.2109,-1
KHAPRETA_510206,311986.860,2624418.200,129.0800,0.0000,3.3400,0.2134,-1
KHAPRETA_510206,311992.860,2624418.200,129.1600,0.4428,3.2600,0.2083,-1
KHAPRETA_510206,311993.860,2624418.200,129.1400,0.3081,3.2800,0.2096,-1
KHAPRETA_510206,311997.860,2624418.200,129.2000,0.0000,3.2200,0.2058,-1
KHAPRETA_510206,312005.860,2624418.200,129.2700,0.0000,3.1500,0.2013,-1
KHAPRETA_510206,312007.860,2624418.200,129.2800,0.2431,3.1400,0.2006,-1
KHAPRETA_510206,312010.860,2624418.200,129.3000,0.0000,3.1200,0.1994,-1
KHAPRETA_510206,312015.860,2624418.200,129.3400,0.0000,3.0800,0.1968,-1
KHAPRETA_510206,312017.860,2624418.200,129.3700,0.0000,3.0500,0.1949,-1
KHAPRETA_510206,312019.860,2624418.200,129.3700,0.2081,3.0500,0.1949,-1
KHAPRETA_510206,312047.860,2624418.200,129.4500,0.0000,2.9700,0.1898,-1
KHAPRETA_510206,312049.860,2624418.200,129.4400,0.0000,2.9800,0.1904,-1
KHAPRETA_510206,312051.860,2624418.200,129.1900,0.2381,3.2300,0.2064,-1
KHAPRETA_510206,312052.860,2624418.200,129.3000,0.0200,3.1200,0.1994,-1
KHAPRETA_510206,312053.860,2624418.200,129.2300,0.2381,3.1900,0.2038,-1
KHAPRETA_510206,312062.860,2624418.200,129.5900,0.0000,2.8300,0.1808,-1
KHAPRETA_510206,312067.860,2624418.200,129.0300,0.4281,3.3900,0.2166,-1
KHAPRETA_510206,312069.860,2624418.200,128.9800,0.0000,3.4400,0.2198,-1
KHAPRETA_510206,312074.860,2624418.200,128.9600,1.2250,3.4600,0.2211,-1
KHAPRETA_510206,312090.860,2624418.200,129.5300,0.1369,2.8900,0.1847,-1
KHAPRETA_510206,312091.860,2624418.200,130.0500,0.4250,2.3700,0.1514,-1
KHAPRETA_510206,312092.860,2624418.200,130.3800,0.1413,2.0400,0.1304,-1
KHAPRETA_510206,312096.860,2624418.200,130.0800,0.3027,2.3400,0.1495,-1
KHAPRETA_510206,312097.860,2624418.200,130.2600,0.2148,2.1600,0.1380,-1
KHAPRETA_510206,312098.860,2624418.200,130.0100,0.2419,2.4100,0.1540,-1
KHAPRETA_510206,312102.860,2624418.200,130.1200,0.0000,2.3000,0.1470,-1
KHAPRETA_510206,312105.860,2624418.200,130.1300,0.4719,2.2900,0.1463,-1
KHAPRETA_510206,312107.860,2624418.200,130.4200,0.1669,2.0000,0.1278,-1
KHAPRETA_510206,312121.860,2624418.200,130.9500,0.8090,1.4700,0.0939,-1
KHAPRETA_510206,312122.860,2624418.200,130.9000,0.0650,1.5200,0.0971,-1
KHAPRETA_510206,312123.860,2624418.200,131.0800,0.5450,1.3400,0.0856,-1
KHAPRETA_510206,312124.860,2624418.200,131.3000,0.5833,1.1200,0.0716,-1
KHAPRETA_510206,312125.860,2624418.200,131.1600,0.7619,1.2600,0.0805,-1
KHAPRETA_510206,312134.860,2624418.200,131.5500,0.9540,0.8700,0.0556,-1
KHAPRETA_510206,312135.860,2624418.200,131.0000,0.8869,1.4200,0.0907,-1
KHAPRETA_510206,312137.860,2624418.200,131.3900,0.0000,1.0300,0.0658,-1
KHAPRETA_510206,312139.860,2624418.200,131.1900,0.0000,1.2300,0.0786,-1
KHAPRETA_510206,312141.860,2624418.200,131.2900,0.7369,1.1300,0.0722,-1
KHAPRETA_510206,312142.860,2624418.200,131.2500,0.9101,1.1700,0.0748,-1
KHAPRETA_510206,312143.860,2624418.200,130.3100,0.9806,2.1100,0.1348,-1
KHAPRETA_510206,312145.860,2624418.200,130.8100,0.3819,1.6100,0.1029,-1
KHAPRETA_510206,312146.860,2624418.200,130.5400,0.7382,1.8800,0.1201,-1
KHAPRETA_510206,312149.860,2624418.200,130.8600,0.0000,1.5600,0.0997,-1
KHAPRETA_510206,312153.860,2624418.200,130.9200,0.8059,1.5000,0.0958,-1
KHAPRETA_510206,312154.860,2624418.200,130.8700,0.7610,1.5500,0.0990,-1
KHAPRETA_510206,312161.860,2624418.200,131.1800,0.0000,1.2400,0.0792,-1
KHAPRETA_510206,312179.860,2624418.200,132.4100,0.6769,0.0100,0.0006,-1
KHAPRETA_510206,312180.860,2624418.200,131.1300,1.4222,1.2900,0.0824,-1
KHAPRETA_510206,312194.860,2624418.200,131.5500,0.0000,0.8700,0.0556,-1
KHAPRETA_510206,312207.860,2624418.200,131.7600,1.0519,0.6600,0.0422,-1
KHAPRETA_510206,312213.860,2624418.200,132.0000,0.0700,0.4200,0.0268,-1
KHAPRETA_510206,312217.860,2624418.200,132.0700,0.0000,0.3500,0.0224,-1
KHAPRETA_510206,311945.860,2624419.200,127.3000,1.7853,5.1200,0.3272,-1
KHAPRETA_510206,311946.860,2624419.200,127.1200,1.7794,5.3000,0.3387,-1
KHAPRETA_510206,311960.860,2624419.200,128.8500,0.0000,3.5700,0.2281,-1
KHAPRETA_510206,311962.860,2624419.200,128.6600,0.2450,3.7600,0.2403,-1
KHAPRETA_510206,311966.860,2624419.200,128.7900,0.0000,3.6300,0.2319,-1
KHAPRETA_510206,311968.860,2624419.200,128.9900,0.3781,3.4300,0.2192,-1
KHAPRETA_510206,311969.860,2624419.200,129.0200,0.5523,3.4000,0.2173,-1
KHAPRETA_510206,311972.860,2624419.200,128.9800,0.0000,3.4400,0.2198,-1
KHAPRETA_510206,311975.860,2624419.200,128.9700,0.3581,3.4500,0.2204,-1
KHAPRETA_510206,311976.860,2624419.200,129.0600,0.5595,3.3600,0.2147,-1
KHAPRETA_510206,311990.860,2624419.200,129.1800,0.0000,3.2400,0.2070,-1
KHAPRETA_510206,311992.860,2624419.200,129.1600,0.0150,3.2600,0.2083,-1
KHAPRETA_510206,312011.860,2624419.200,129.3400,0.2081,3.0800,0.1968,-1
KHAPRETA_510206,312013.860,2624419.200,129.2900,0.2231,3.1300,0.2000,-1
KHAPRETA_510206,312014.860,2624419.200,129.3300,0.2431,3.0900,0.1974,-1
KHAPRETA_510206,312016.860,2624419.200,129.3500,0.2181,3.0700,0.1962,-1
KHAPRETA_510206,312019.860,2624419.200,129.3600,0.2031,3.0600,0.1955,-1
KHAPRETA_510206,312027.860,2624419.200,129.3900,0.1631,3.0300,0.1936,-1
KHAPRETA_510206,312029.860,2624419.200,129.4400,0.0000,2.9800,0.1904,-1
KHAPRETA_510206,312034.860,2624419.200,129.4600,0.1481,2.9600,0.1891,-1
KHAPRETA_510206,312035.860,2624419.200,129.4800,0.1581,2.9400,0.1879,-1
KHAPRETA_510206,312037.860,2624419.200,129.5600,0.0000,2.8600,0.1827,-1
KHAPRETA_510206,312041.860,2624419.200,129.4900,0.0000,2.9300,0.1872,-1
KHAPRETA_510206,312046.860,2624419.200,129.4600,0.0000,2.9600,0.1891,-1
KHAPRETA_510206,312059.860,2624419.200,129.4700,0.1231,2.9500,0.1885,-1
KHAPRETA_510206,312061.860,2624419.200,129.6400,0.0000,2.7800,0.1776,-1
KHAPRETA_510206,312071.860,2624419.200,129.1500,0.5347,3.2700,0.2089,-1
KHAPRETA_510206,312072.860,2624419.200,129.0300,0.1500,3.3900,0.2166,-1
KHAPRETA_510206,312073.860,2624419.200,128.8500,0.0100,3.5700,0.2281,-1
KHAPRETA_510206,312074.860,2624419.200,129.0100,1.3435,3.4100,0.2179,-1
KHAPRETA_510206,312075.860,2624419.200,131.4100,0.3831,1.0100,0.0645,-1
KHAPRETA_510206,312092.860,2624419.200,130.2500,0.3019,2.1700,0.1387,-1
KHAPRETA_510206,312097.860,2624419.200,130.2000,0.2750,2.2200,0.1419,-1
KHAPRETA_510206,312103.860,2624419.200,129.9200,0.0000,2.5000,0.1597,-1
KHAPRETA_510206,312114.860,2624419.200,131.0700,0.9167,1.3500,0.0863,-1
KHAPRETA_510206,312115.860,2624419.200,131.1500,0.6469,1.2700,0.0812,-1
KHAPRETA_510206,312117.860,2624419.200,130.7000,0.0000,1.7200,0.1099,-1
KHAPRETA_510206,312119.860,2624419.200,130.9500,0.0000,1.4700,0.0939,-1
KHAPRETA_510206,312121.860,2624419.200,130.9400,0.5869,1.4800,0.0946,-1
KHAPRETA_510206,312123.860,2624419.200,130.7900,0.8739,1.6300,0.1042,-1
KHAPRETA_510206,312124.860,2624419.200,130.9400,0.9152,1.4800,0.0946,-1
KHAPRETA_510206,312130.860,2624419.200,130.9200,0.9963,1.5000,0.0958,-1
KHAPRETA_510206,312131.860,2624419.200,131.3000,0.5719,1.1200,0.0716,-1
KHAPRETA_510206,312133.860,2624419.200,131.1300,0.0000,1.2900,0.0824,-1
KHAPRETA_510206,312144.860,2624419.200,130.5900,0.0000,1.8300,0.1169,-1
KHAPRETA_510206,312146.860,2624419.200,130.8300,0.3819,1.5900,0.1016,-1
KHAPRETA_510206,312150.860,2624419.200,130.8400,0.0000,1.5800,0.1010,-1
KHAPRETA_510206,312152.860,2624419.200,130.9400,0.8266,1.4800,0.0946,-1
KHAPRETA_510206,312153.860,2624419.200,130.9600,0.8159,1.4600,0.0933,-1
KHAPRETA_510206,312180.860,2624419.200,130.8500,0.1500,1.5700,0.1003,-1
KHAPRETA_510206,312182.860,2624419.200,130.7800,0.5369,1.6400,0.1048,-1
KHAPRETA_510206,312183.860,2624419.200,130.8500,0.5378,1.5700,0.1003,-1
KHAPRETA_510206,312184.860,2624419.200,130.8400,0.5369,1.5800,0.1010,-1
KHAPRETA_510206,312188.860,2624419.200,131.4800,0.0000,0.9400,0.0601,-1
KHAPRETA_510206,312203.860,2624419.200,132.0600,0.0000,0.3600,0.0230,-1
KHAPRETA_510206,312205.860,2624419.200,131.8200,0.0000,0.6000,0.0383,-1
KHAPRETA_510206,312210.860,2624419.200,131.8300,1.0569,0.5900,0.0377,-1
KHAPRETA_510206,312213.860,2624419.200,132.0700,1.1119,0.3500,0.0224,-1
KHAPRETA_510206,311937.860,2624420.200,127.5200,1.1531,4.9000,0.3131,-1
KHAPRETA_510206,311940.860,2624420.200,127.3200,0.0000,5.1000,0.3259,-1
KHAPRETA_510206,311945.860,2624420.200,127.3900,1.2809,5.0300,0.3214,-1
KHAPRETA_510206,311946.860,2624420.200,127.2200,1.7853,5.2000,0.3323,-1
KHAPRETA_510206,311959.860,2624420.200,129.5300,0.3419,2.8900,0.1847,-1
KHAPRETA_510206,311962.860,2624420.200,128.4500,0.5581,3.9700,0.2537,-1
KHAPRETA_510206,311973.860,2624420.200,129.0300,0.0000,3.3900,0.2166,-1
KHAPRETA_510206,311977.860,2624420.200,129.0400,0.0000,3.3800,0.2160,-1
KHAPRETA_510206,311979.860,2624420.200,129.0500,0.0000,3.3700,0.2153,-1
KHAPRETA_510206,311982.860,2624420.200,129.1100,0.4922,3.3100,0.2115,-1
KHAPRETA_510206,311983.860,2624420.200,129.0800,0.3331,3.3400,0.2134,-1
KHAPRETA_510206,311989.860,2624420.200,129.1200,0.0000,3.3000,0.2109,-1
KHAPRETA_510206,311992.860,2624420.200,129.1300,0.4321,3.2900,0.2102,-1
KHAPRETA_510206,311993.860,2624420.200,129.1700,0.3231,3.2500,0.2077,-1
KHAPRETA_510206,312000.860,2624420.200,129.2500,0.0000,3.1700,0.2026,-1
KHAPRETA_510206,312003.860,2624420.200,129.2500,0.2481,3.1700,0.2026,-1
KHAPRETA_510206,312004.860,2624420.200,129.2800,0.3616,3.1400,0.2006,-1
KHAPRETA_510206,312010.860,2624420.200,129.3800,0.2081,3.0400,0.1942,-1
KHAPRETA_510206,312011.860,2624420.200,129.3600,0.2946,3.0600,0.1955,-1
KHAPRETA_510206,312016.860,2624420.200,129.3400,0.2131,3.0800,0.1968,-1
KHAPRETA_510206,312023.860,2624420.200,129.4100,0.1481,3.0100,0.1923,-1
KHAPRETA_510206,312024.860,2624420.200,129.4800,0.2519,2.9400,0.1879,-1
KHAPRETA_510206,312026.860,2624420.200,129.4200,0.1631,3.0000,0.1917,-1
KHAPRETA_510206,312027.860,2624420.200,129.4500,0.2626,2.9700,0.1898,-1
KHAPRETA_510206,312033.860,2624420.200,129.4500,0.0000,2.9700,0.1898,-1
KHAPRETA_510206,312048.860,2624420.200,129.4000,0.0000,3.0200,0.1930,-1
KHAPRETA_510206,312052.860,2624420.200,129.6100,0.2589,2.8100,0.1796,-1
KHAPRETA_510206,312053.860,2624420.200,129.4100,0.0831,3.0100,0.1923,-1
KHAPRETA_510206,312059.860,2624420.200,129.5300,0.1531,2.8900,0.1847,-1
KHAPRETA_510206,312068.860,2624420.200,129.0400,0.0000,3.3800,0.2160,-1
KHAPRETA_510206,312070.860,2624420.200,128.9700,0.3831,3.4500,0.2204,-1
KHAPRETA_510206,312071.860,2624420.200,129.0100,0.5104,3.4100,0.2179,-1
KHAPRETA_510206,312089.860,2624420.200,128.6400,0.2831,3.7800,0.2415,-1
KHAPRETA_510206,312090.860,2624420.200,129.2100,0.5681,3.2100,0.2051,-1
KHAPRETA_510206,312097.860,2624420.200,129.7100,0.2962,2.7100,0.1732,-1
KHAPRETA_510206,312098.860,2624420.200,130.1900,0.0712,2.2300,0.1425,-1
KHAPRETA_510206,312106.860,2624420.200,130.5400,0.3519,1.8800,0.1201,-1
KHAPRETA_510206,312112.860,2624420.200,130.8300,0.0000,1.5900,0.1016,-1
KHAPRETA_510206,312114.860,2624420.200,130.9900,0.6469,1.4300,0.0914,-1
KHAPRETA_510206,312125.860,2624420.200,130.8700,0.7069,1.5500,0.0990,-1
KHAPRETA_510206,312126.860,2624420.200,131.1900,0.7283,1.2300,0.0786,-1
KHAPRETA_510206,312127.860,2624420.200,131.2200,1.0541,1.2000,0.0767,-1
KHAPRETA_510206,312129.860,2624420.200,131.1500,0.9221,1.2700,0.0812,-1
KHAPRETA_510206,312130.860,2624420.200,131.0600,0.6869,1.3600,0.0869,-1
KHAPRETA_510206,312138.860,2624420.200,131.2700,0.8694,1.1500,0.0735,-1
KHAPRETA_510206,312139.860,2624420.200,131.2300,0.8236,1.1900,0.0760,-1
KHAPRETA_510206,312142.860,2624420.200,130.5300,0.3869,1.8900,0.1208,-1
KHAPRETA_510206,312151.860,2624420.200,130.9800,0.5769,1.4400,0.0920,-1
KHAPRETA_510206,312152.860,2624420.200,130.9300,0.6027,1.4900,0.0952,-1
KHAPRETA_510206,312154.860,2624420.200,130.8300,0.7631,1.5900,0.1016,-1
KHAPRETA_510206,312155.860,2624420.200,130.8300,0.7595,1.5900,0.1016,-1
KHAPRETA_510206,312158.860,2624420.200,130.4600,0.0000,1.9600,0.1252,-1
KHAPRETA_510206,312180.860,2624420.200,130.8300,0.0750,1.5900,0.1016,-1
KHAPRETA_510206,312183.860,2624420.200,130.8500,0.5369,1.5700,0.1003,-1
KHAPRETA_510206,312186.860,2624420.200,131.3700,0.0000,1.0500,0.0671,-1
KHAPRETA_510206,312189.860,2624420.200,131.4600,0.7469,0.9600,0.0613,-1
KHAPRETA_510206,312195.860,2624420.200,131.5300,0.9319,0.8900,0.0569,-1
KHAPRETA_510206,312196.860,2624420.200,131.6400,0.0550,0.7800,0.0498,-1
KHAPRETA_510206,312197.860,2624420.200,131.6400,0.0000,0.7800,0.0498,-1
KHAPRETA_510206,312198.860,2624420.200,131.6400,1.3039,0.7800,0.0498,-1
KHAPRETA_510206,312201.860,2624420.200,131.6700,0.9169,0.7500,0.0479,-1
KHAPRETA_510206,312204.860,2624420.200,131.7900,0.9919,0.6300,0.0403,-1
KHAPRETA_510206,312210.860,2624420.200,131.8900,1.1128,0.5300,0.0339,-1
KHAPRETA_510206,312211.860,2624420.200,132.0000,1.0569,0.4200,0.0268,-1
KHAPRETA_510206,311936.860,2624421.200,127.6000,1.6271,4.8200,0.3080,-1
KHAPRETA_510206,311937.860,2624421.200,127.4700,1.0890,4.9500,0.3163,-1
KHAPRETA_510206,311942.860,2624421.200,127.1900,1.2931,5.2300,0.3342,-1
KHAPRETA_510206,311943.860,2624421.200,127.1900,1.2632,5.2300,0.3342,-1
KHAPRETA_510206,311944.860,2624421.200,127.2200,0.0300,5.2000,0.3323,-1
KHAPRETA_510206,311945.860,2624421.200,127.1300,1.7484,5.2900,0.3380,-1
KHAPRETA_510206,311959.860,2624421.200,130.4600,0.6842,1.9600,0.1252,-1
KHAPRETA_510206,311960.860,2624421.200,128.4300,0.9900,3.9900,0.2550,-1
KHAPRETA_510206,311961.860,2624421.200,128.4800,0.6731,3.9400,0.2518,-1
KHAPRETA_510206,311966.860,2624421.200,128.5800,0.0000,3.8400,0.2454,-1
KHAPRETA_510206,311968.860,2624421.200,129.0800,0.0000,3.3400,0.2134,-1
KHAPRETA_510206,311976.860,2624421.200,129.0400,0.0000,3.3800,0.2160,-1
KHAPRETA_510206,311980.860,2624421.200,129.0800,0.0000,3.3400,0.2134,-1
KHAPRETA_510206,311982.860,2624421.200,129.0800,0.0100,3.3400,0.2134,-1
KHAPRETA_510206,311984.860,2624421.200,129.0900,0.0000,3.3300,0.2128,-1
KHAPRETA_510206,311988.860,2624421.200,129.1500,0.0000,3.2700,0.2089,-1
KHAPRETA_510206,312004.860,2624421.200,129.2800,0.3336,3.1400,0.2006,-1
KHAPRETA_510206,312005.860,2624421.200,129.3300,0.2481,3.0900,0.1974,-1
KHAPRETA_510206,312012.860,2624421.200,129.3300,0.0000,3.0900,0.1974,-1
KHAPRETA_510206,312021.860,2624421.200,129.3800,0.0000,3.0400,0.1942,-1
KHAPRETA_510206,312024.860,2624421.200,129.4300,0.1481,2.9900,0.1911,-1
KHAPRETA_510206,312029.860,2624421.200,129.4400,0.1831,2.9800,0.1904,-1
KHAPRETA_510206,312051.860,2624421.200,129.7200,0.3446,2.7000,0.1725,-1
KHAPRETA_510206,312052.860,2624421.200,129.4100,0.0877,3.0100,0.1923,-1
KHAPRETA_510206,312065.860,2624421.200,129.3600,0.0000,3.0600,0.1955,-1
KHAPRETA_510206,312095.860,2624421.200,129.5100,0.0000,2.9100,0.1859,-1
KHAPRETA_510206,312098.860,2624421.200,129.6500,0.2069,2.7700,0.1770,-1
KHAPRETA_510206,312106.860,2624421.200,130.4800,0.3819,1.9400,0.1240,-1
KHAPRETA_510206,312108.860,2624421.200,130.3200,0.6481,2.1000,0.1342,-1
KHAPRETA_510206,312109.860,2624421.200,130.7600,0.2719,1.6600,0.1061,-1
KHAPRETA_510206,312113.860,2624421.200,131.0300,0.0000,1.3900,0.0888,-1
KHAPRETA_510206,312116.860,2624421.200,130.9500,0.6669,1.4700,0.0939,-1
KHAPRETA_510206,312118.860,2624421.200,131.0100,0.8328,1.4100,0.0901,-1
KHAPRETA_510206,312119.860,2624421.200,130.7600,0.6169,1.6600,0.1061,-1
KHAPRETA_510206,312124.860,2624421.200,131.1500,0.0000,1.2700,0.0812,-1
KHAPRETA_510206,312126.860,2624421.200,131.1900,1.0541,1.2300,0.0786,-1
KHAPRETA_510206,312127.860,2624421.200,131.3400,0.7222,1.0800,0.0690,-1
KHAPRETA_510206,312128.860,2624421.200,131.2300,0.1200,1.1900,0.0760,-1
KHAPRETA_510206,312129.860,2624421.200,131.1000,0.7042,1.3200,0.0843,-1
KHAPRETA_510206,312130.860,2624421.200,130.9200,0.6638,1.5000,0.0958,-1
KHAPRETA_510206,312134.860,2624421.200,131.5200,0.0000,0.9000,0.0575,-1
KHAPRETA_510206,312138.860,2624421.200,130.7300,0.5036,1.6900,0.1080,-1
KHAPRETA_510206,312139.860,2624421.200,130.4700,0.8694,1.9500,0.1246,-1
KHAPRETA_510206,312141.860,2624421.200,130.6700,0.6377,1.7500,0.1118,-1
KHAPRETA_510206,312142.860,2624421.200,130.5500,0.1421,1.8700,0.1195,-1
KHAPRETA_510206,312143.860,2624421.200,130.4900,0.3869,1.9300,0.1233,-1
KHAPRETA_510206,312146.860,2624421.200,130.8600,0.0000,1.5600,0.0997,-1
KHAPRETA_510206,312149.860,2624421.200,130.8900,0.7669,1.5300,0.0978,-1
KHAPRETA_510206,312150.860,2624421.200,130.9000,0.5569,1.5200,0.0971,-1
KHAPRETA_510206,312152.860,2624421.200,131.0000,0.5769,1.4200,0.0907,-1
KHAPRETA_510206,312154.860,2624421.200,130.8800,0.7595,1.5400,0.0984,-1
KHAPRETA_510206,312155.860,2624421.200,130.8700,0.7631,1.5500,0.0990,-1
KHAPRETA_510206,312161.860,2624421.200,130.5800,0.0000,1.8400,0.1176,-1
KHAPRETA_510206,312164.860,2624421.200,132.2800,0.0000,0.1400,0.0089,-1
KHAPRETA_510206,312173.860,2624421.200,132.0400,0.0000,0.3800,0.0243,-1
KHAPRETA_510206,312179.860,2624421.200,132.0100,0.4619,0.4100,0.0262,-1
KHAPRETA_510206,312180.860,2624421.200,130.7000,0.8175,1.7200,0.1099,-1
KHAPRETA_510206,312181.860,2624421.200,130.7600,0.4619,1.6600,0.1061,-1
KHAPRETA_510206,312189.860,2624421.200,131.2700,1.1288,1.1500,0.0735,-1
KHAPRETA_510206,312190.860,2624421.200,131.2800,0.7469,1.1400,0.0728,-1
KHAPRETA_510206,312193.860,2624421.200,131.1800,0.7069,1.2400,0.0792,-1
KHAPRETA_510206,312198.860,2624421.200,131.6000,0.9319,0.8200,0.0524,-1
KHAPRETA_510206,312201.860,2624421.200,131.6100,1.3463,0.8100,0.0518,-1
KHAPRETA_510206,312202.860,2624421.200,131.6900,0.9169,0.7300,0.0466,-1
KHAPRETA_510206,312204.860,2624421.200,131.7600,1.0069,0.6600,0.0422,-1
KHAPRETA_510206,312208.860,2624421.200,132.3400,1.1069,0.0800,0.0051,-1
KHAPRETA_510206,312210.860,2624421.200,131.9200,1.0569,0.5000,0.0319,-1
KHAPRETA_510206,312217.860,2624421.200,132.2300,1.6398,0.1900,0.0121,-1
KHAPRETA_510206,312218.860,2624421.200,132.1200,0.0600,0.3000,0.0192,-1
KHAPRETA_510206,312219.860,2624421.200,132.1100,0.0000,0.3100,0.0198,-1
KHAPRETA_510206,312220.860,2624421.200,132.1200,1.6574,0.3000,0.0192,-1
KHAPRETA_510206,311933.860,2624422.200,128.5100,0.4781,3.9100,0.2498,-1
KHAPRETA_510206,311934.860,2624422.200,128.8200,1.0108,3.6000,0.2300,-1
KHAPRETA_510206,311936.860,2624422.200,127.4800,1.6000,4.9400,0.3157,-1
KHAPRETA_510206,311937.860,2624422.200,127.4300,1.1489,4.9900,0.3188,-1
KHAPRETA_510206,311939.860,2624422.200,127.5000,0.0000,4.9200,0.3144,-1
KHAPRETA_510206,311943.860,2624422.200,127.2500,0.1900,5.1700,0.3304,-1
KHAPRETA_510206,311957.860,2624422.200,130.2200,0.0431,2.2000,0.1406,-1
KHAPRETA_510206,311958.860,2624422.200,129.6900,0.2219,2.7300,0.1744,-1
KHAPRETA_510206,311967.860,2624422.200,128.7900,0.4381,3.6300,0.2319,-1
KHAPRETA_510206,311973.860,2624422.200,128.9800,0.0000,3.4400,0.2198,-1
KHAPRETA_510206,311977.860,2624422.200,129.0600,0.3481,3.3600,0.2147,-1
KHAPRETA_510206,311978.860,2624422.200,129.0800,0.3581,3.3400,0.2134,-1
KHAPRETA_510206,311981.860,2624422.200,129.0800,0.4860,3.3400,0.2134,-1
KHAPRETA_510206,311982.860,2624422.200,129.1300,0.4922,3.2900,0.2102,-1
KHAPRETA_510206,311985.860,2624422.200,129.1200,0.0000,3.3000,0.2109,-1
KHAPRETA_510206,312000.860,2624422.200,129.2700,0.0000,3.1500,0.2013,-1
KHAPRETA_510206,312013.860,2624422.200,129.3700,0.2081,3.0500,0.1949,-1
KHAPRETA_510206,312017.860,2624422.200,129.4600,0.2131,2.9600,0.1891,-1
KHAPRETA_510206,312019.860,2624422.200,129.3800,0.1981,3.0400,0.1942,-1
KHAPRETA_510206,312023.860,2624422.200,129.4100,0.0000,3.0100,0.1923,-1
KHAPRETA_510206,312025.860,2624422.200,129.4700,0.0000,2.9500,0.1885,-1
KHAPRETA_510206,312029.860,2624422.200,129.4100,0.0000,3.0100,0.1923,-1
KHAPRETA_510206,312035.860,2624422.200,129.4700,0.1973,2.9500,0.1885,-1
KHAPRETA_510206,312036.860,2624422.200,129.5400,0.1531,2.8800,0.1840,-1
KHAPRETA_510206,312038.860,2624422.200,129.4500,0.1431,2.9700,0.1898,-1
KHAPRETA_510206,312046.860,2624422.200,129.4500,0.0000,2.9700,0.1898,-1
KHAPRETA_510206,312048.860,2624422.200,129.7500,0.0000,2.6700,0.1706,-1
KHAPRETA_510206,312050.860,2624422.200,129.9700,0.2919,2.4500,0.1565,-1
KHAPRETA_510206,312051.860,2624422.200,130.3600,0.1009,2.0600,0.1316,-1
KHAPRETA_510206,312059.860,2624422.200,129.3300,0.1281,3.0900,0.1974,-1
KHAPRETA_510206,312061.860,2624422.200,129.4900,0.0000,2.9300,0.1872,-1
KHAPRETA_510206,312070.860,2624422.200,129.1300,0.0000,3.2900,0.2102,-1
KHAPRETA_510206,312090.860,2624422.200,129.4100,0.0000,3.0100,0.1923,-1
KHAPRETA_510206,312093.860,2624422.200,129.4200,0.1681,3.0000,0.1917,-1
KHAPRETA_510206,312094.860,2624422.200,129.4400,0.1781,2.9800,0.1904,-1
KHAPRETA_510206,312100.860,2624422.200,129.6200,0.0381,2.8000,0.1789,-1
KHAPRETA_510206,312101.860,2624422.200,129.7000,0.0781,2.7200,0.1738,-1
KHAPRETA_510206,312107.860,2624422.200,130.4100,0.4219,2.0100,0.1284,-1
KHAPRETA_510206,312108.860,2624422.200,130.6200,0.4176,1.8000,0.1150,-1
KHAPRETA_510206,312116.860,2624422.200,131.1100,0.6104,1.3100,0.0837,-1
KHAPRETA_510206,312117.860,2624422.200,130.9900,0.7370,1.4300,0.0914,-1
KHAPRETA_510206,312118.860,2624422.200,131.1200,0.8654,1.3000,0.0831,-1
KHAPRETA_510206,312123.860,2624422.200,130.8500,0.0000,1.5700,0.1003,-1
KHAPRETA_510206,312130.860,2624422.200,131.1600,0.5719,1.2600,0.0805,-1
KHAPRETA_510206,312137.860,2624422.200,130.1900,0.3819,2.2300,0.1425,-1
KHAPRETA_510206,312138.860,2624422.200,130.5400,0.2155,1.8800,0.1201,-1
KHAPRETA_510206,312141.860,2624422.200,130.7900,0.6610,1.6300,0.1042,-1
KHAPRETA_510206,312142.860,2624422.200,130.7500,0.6377,1.6700,0.1067,-1
KHAPRETA_510206,312149.860,2624422.200,130.8200,0.0200,1.6000,0.1022,-1
KHAPRETA_510206,312160.860,2624422.200,130.4600,0.3869,1.9600,0.1252,-1
KHAPRETA_510206,312163.860,2624422.200,130.7500,0.0000,1.6700,0.1067,-1
KHAPRETA_510206,312186.860,2624422.200,131.3300,0.5819,1.0900,0.0696,-1
KHAPRETA_510206,312191.860,2624422.200,131.0200,0.0000,1.4000,0.0895,-1
KHAPRETA_510206,312193.860,2624422.200,131.1900,0.7019,1.2300,0.0786,-1
KHAPRETA_510206,312196.860,2624422.200,131.4200,0.0000,1.0000,0.0639,-1
KHAPRETA_510206,312203.860,2624422.200,131.6300,0.0000,0.7900,0.0505,-1
KHAPRETA_510206,312208.860,2624422.200,131.9900,1.2819,0.4300,0.0275,-1
KHAPRETA_510206,312217.860,2624422.200,132.0700,1.2269,0.3500,0.0224,-1
KHAPRETA_510206,312220.860,2624422.200,132.1300,1.1719,0.2900,0.0185,-1
KHAPRETA_510206,312227.860,2624422.200,132.3600,0.0000,0.0600,0.0038,-1
KHAPRETA_510206,311931.860,2624423.200,127.8800,0.8731,4.5400,0.2901,-1
KHAPRETA_510206,311932.860,2624423.200,128.0300,0.9481,4.3900,0.2805,-1
KHAPRETA_510206,311934.860,2624423.200,128.2000,0.4781,4.2200,0.2696,-1
KHAPRETA_510206,311937.860,2624423.200,127.5600,1.5966,4.8600,0.3105,-1
KHAPRETA_510206,311938.860,2624423.200,127.6100,1.6727,4.8100,0.3073,-1
KHAPRETA_510206,311940.860,2624423.200,127.7500,0.0000,4.6700,0.2984,-1
KHAPRETA_510206,311943.860,2624423.200,127.5700,1.2631,4.8500,0.3099,-1
KHAPRETA_510206,311959.860,2624423.200,128.3200,0.0000,4.1000,0.2620,-1
KHAPRETA_510206,311963.860,2624423.200,128.5400,0.6481,3.8800,0.2479,-1
KHAPRETA_510206,311967.860,2624423.200,128.9000,0.4931,3.5200,0.2249,-1
KHAPRETA_510206,311971.860,2624423.200,129.0800,0.0000,3.3400,0.2134,-1
KHAPRETA_510206,311979.860,2624423.200,129.0800,0.3431,3.3400,0.2134,-1
KHAPRETA_510206,311980.860,2624423.200,129.0900,0.3584,3.3300,0.2128,-1
KHAPRETA_510206,311981.860,2624423.200,129.0500,0.4887,3.3700,0.2153,-1
KHAPRETA_510206,311990.860,2624423.200,129.1200,0.0000,3.3000,0.2109,-1
KHAPRETA_510206,311995.860,2624423.200,129.2000,0.0000,3.2200,0.2058,-1
KHAPRETA_510206,312003.860,2624423.200,129.2600,0.2581,3.1600,0.2019,-1
KHAPRETA_510206,312004.860,2624423.200,129.2600,0.2581,3.1600,0.2019,-1
KHAPRETA_510206,312006.860,2624423.200,129.3000,0.2481,3.1200,0.1994,-1
KHAPRETA_510206,312007.860,2624423.200,129.2800,0.0050,3.1400,0.2006,-1
KHAPRETA_510206,312008.860,2624423.200,129.3100,0.2481,3.1100,0.1987,-1
KHAPRETA_510206,312012.860,2624423.200,129.3600,0.2081,3.0600,0.1955,-1
KHAPRETA_510206,312013.860,2624423.200,129.3600,0.2907,3.0600,0.1955,-1
KHAPRETA_510206,312017.860,2624423.200,129.3500,0.1581,3.0700,0.1962,-1
KHAPRETA_510206,312019.860,2624423.200,129.3800,0.0200,3.0400,0.1942,-1
KHAPRETA_510206,312021.860,2624423.200,129.4300,0.1731,2.9900,0.1911,-1
KHAPRETA_510206,312028.860,2624423.200,129.4400,0.1681,2.9800,0.1904,-1
KHAPRETA_510206,312029.860,2624423.200,129.4400,0.1831,2.9800,0.1904,-1
KHAPRETA_510206,312030.860,2624423.200,129.4400,0.1681,2.9800,0.1904,-1
KHAPRETA_510206,312033.860,2624423.200,129.5500,0.0000,2.8700,0.1834,-1
KHAPRETA_510206,312035.860,2624423.200,129.4600,0.1531,2.9600,0.1891,-1
KHAPRETA_510206,312038.860,2624423.200,129.4900,0.1631,2.9300,0.1872,-1
KHAPRETA_510206,312040.860,2624423.200,129.5500,0.0000,2.8700,0.1834,-1
KHAPRETA_510206,312044.860,2624423.200,129.4800,0.0319,2.9400,0.1879,-1
KHAPRETA_510206,312059.860,2624423.200,129.5200,0.2231,2.9000,0.1853,-1
KHAPRETA_510206,312068.860,2624423.200,129.1500,0.3397,3.2700,0.2089,-1
KHAPRETA_510206,312069.860,2624423.200,129.1200,0.3131,3.3000,0.2109,-1
KHAPRETA_510206,312097.860,2624423.200,129.4900,0.0631,2.9300,0.1872,-1
KHAPRETA_510206,312098.860,2624423.200,129.6500,0.1431,2.7700,0.1770,-1
KHAPRETA_510206,312103.860,2624423.200,130.1900,0.0281,2.2300,0.1425,-1
KHAPRETA_510206,312106.860,2624423.200,130.8300,0.0000,1.5900,0.1016,-1
KHAPRETA_510206,312109.860,2624423.200,130.3600,0.4969,2.0600,0.1316,-1
KHAPRETA_510206,312114.860,2624423.200,130.9700,0.0000,1.4500,0.0927,-1
KHAPRETA_510206,312116.860,2624423.200,131.0800,0.7394,1.3400,0.0856,-1
KHAPRETA_510206,312117.860,2624423.200,131.2500,0.8907,1.1700,0.0748,-1
KHAPRETA_510206,312128.860,2624423.200,130.9500,0.9190,1.4700,0.0939,-1
KHAPRETA_510206,312129.860,2624423.200,131.1200,0.8698,1.3000,0.0831,-1
KHAPRETA_510206,312131.860,2624423.200,131.3600,0.0000,1.0600,0.0677,-1
KHAPRETA_510206,312133.860,2624423.200,131.3600,0.6569,1.0600,0.0677,-1
KHAPRETA_510206,312135.860,2624423.200,130.6400,0.0000,1.7800,0.1137,-1
KHAPRETA_510206,312138.860,2624423.200,130.6100,0.3819,1.8100,0.1157,-1
KHAPRETA_510206,312140.860,2624423.200,130.7500,0.0000,1.6700,0.1067,-1
KHAPRETA_510206,312145.860,2624423.200,130.8000,0.5119,1.6200,0.1035,-1
KHAPRETA_510206,312146.860,2624423.200,130.8000,0.7205,1.6200,0.1035,-1
KHAPRETA_510206,312149.860,2624423.200,130.8500,0.5219,1.5700,0.1003,-1
KHAPRETA_510206,312153.860,2624423.200,130.8600,0.0000,1.5600,0.0997,-1
KHAPRETA_510206,312160.860,2624423.200,130.5500,0.3419,1.8700,0.1195,-1
KHAPRETA_510206,312176.860,2624423.200,132.1000,0.0000,0.3200,0.0204,-1
KHAPRETA_510206,312178.860,2624423.200,131.9700,0.0000,0.4500,0.0288,-1
KHAPRETA_510206,312180.860,2624423.200,131.0100,0.0000,1.4100,0.0901,-1
KHAPRETA_510206,312183.860,2624423.200,130.9100,0.0000,1.5100,0.0965,-1
KHAPRETA_510206,312186.860,2624423.200,130.9400,0.5654,1.4800,0.0946,-1
KHAPRETA_510206,312187.860,2624423.200,130.8300,0.7918,1.5900,0.1016,-1
KHAPRETA_510206,312197.860,2624423.200,131.5100,0.0000,0.9100,0.0581,-1
KHAPRETA_510206,311936.860,2624424.200,127.6400,1.0631,4.7800,0.3054,-1
KHAPRETA_510206,311938.860,2624424.200,127.2700,1.0831,5.1500,0.3291,-1
KHAPRETA_510206,311953.860,2624424.200,127.6900,1.2269,4.7300,0.3022,-1
KHAPRETA_510206,311954.860,2624424.200,132.2300,1.1196,0.1900,0.0121,-1
KHAPRETA_510206,311960.860,2624424.200,128.3100,0.7231,4.1100,0.2626,-1
KHAPRETA_510206,311963.860,2624424.200,128.4800,0.6181,3.9400,0.2518,-1
KHAPRETA_510206,311966.860,2624424.200,128.5500,0.0000,3.8700,0.2473,-1
KHAPRETA_510206,311969.860,2624424.200,129.0800,0.4231,3.3400,0.2134,-1
KHAPRETA_510206,311974.860,2624424.200,129.0300,0.0000,3.3900,0.2166,-1
KHAPRETA_510206,311978.860,2624424.200,129.0700,0.0000,3.3500,0.2141,-1
KHAPRETA_510206,311980.860,2624424.200,129.0600,0.3431,3.3600,0.2147,-1
KHAPRETA_510206,311983.860,2624424.200,129.1000,0.0000,3.3200,0.2121,-1
KHAPRETA_510206,311987.860,2624424.200,129.1100,0.2981,3.3100,0.2115,-1
KHAPRETA_510206,311991.860,2624424.200,129.2000,0.0000,3.2200,0.2058,-1
KHAPRETA_510206,311994.860,2624424.200,129.2600,0.0000,3.1600,0.2019,-1
KHAPRETA_510206,311999.860,2624424.200,129.3100,0.0000,3.1100,0.1987,-1
KHAPRETA_510206,312002.860,2624424.200,129.2800,0.0000,3.1400,0.2006,-1
KHAPRETA_510206,312010.860,2624424.200,129.3400,0.0000,3.0800,0.1968,-1
KHAPRETA_510206,312019.860,2624424.200,129.4200,0.0050,3.0000,0.1917,-1
KHAPRETA_510206,312021.860,2624424.200,129.4300,0.2483,2.9900,0.1911,-1
KHAPRETA_510206,312022.860,2624424.200,129.4200,0.1731,3.0000,0.1917,-1
KHAPRETA_510206,312031.860,2624424.200,129.4200,0.0000,3.0000,0.1917,-1
KHAPRETA_510206,312037.860,2624424.200,129.4300,0.0000,2.9900,0.1911,-1
KHAPRETA_510206,312044.860,2624424.200,129.8400,0.1481,2.5800,0.1649,-1
KHAPRETA_510206,312048.860,2624424.200,129.8300,0.0269,2.5900,0.1655,-1
KHAPRETA_510206,312049.860,2624424.200,129.8300,0.0269,2.5900,0.1655,-1
KHAPRETA_510206,312052.860,2624424.200,129.8400,0.0069,2.5800,0.1649,-1
KHAPRETA_510206,312068.860,2624424.200,129.6000,0.3131,2.8200,0.1802,-1
KHAPRETA_510206,312073.860,2624424.200,129.1100,0.0000,3.3100,0.2115,-1
KHAPRETA_510206,312095.860,2624424.200,129.5000,0.0000,2.9200,0.1866,-1
KHAPRETA_510206,312101.860,2624424.200,129.6100,0.0000,2.8100,0.1796,-1
KHAPRETA_510206,312103.860,2624424.200,129.7200,0.2501,2.7000,0.1725,-1
KHAPRETA_510206,312104.860,2624424.200,129.7600,0.0281,2.6600,0.1700,-1
KHAPRETA_510206,312108.860,2624424.200,130.7300,0.6957,1.6900,0.1080,-1
KHAPRETA_510206,312109.860,2624424.200,130.7700,0.5015,1.6500,0.1054,-1
KHAPRETA_510206,312113.860,2624424.200,131.0000,0.4969,1.4200,0.0907,-1
KHAPRETA_510206,312116.860,2624424.200,130.9900,0.6519,1.4300,0.0914,-1
KHAPRETA_510206,312118.860,2624424.200,131.0800,0.7469,1.3400,0.0856,-1
KHAPRETA_510206,312122.860,2624424.200,131.0600,0.0000,1.3600,0.0869,-1
KHAPRETA_510206,312125.860,2624424.200,131.2500,0.6769,1.1700,0.0748,-1
KHAPRETA_510206,312126.860,2624424.200,131.1300,1.0075,1.2900,0.0824,-1
KHAPRETA_510206,312128.860,2624424.200,131.0300,0.6482,1.3900,0.0888,-1
KHAPRETA_510206,312129.860,2624424.200,131.0600,0.9190,1.3600,0.0869,-1
KHAPRETA_510206,312132.860,2624424.200,131.4800,0.8422,0.9400,0.0601,-1
KHAPRETA_510206,312133.860,2624424.200,131.0900,1.1632,1.3300,0.0850,-1
KHAPRETA_510206,312136.860,2624424.200,130.3800,0.0000,2.0400,0.1304,-1
KHAPRETA_510206,312142.860,2624424.200,130.7200,0.0000,1.7000,0.1086,-1
KHAPRETA_510206,312146.860,2624424.200,130.7900,0.5119,1.6300,0.1042,-1
KHAPRETA_510206,312152.860,2624424.200,130.7900,0.0000,1.6300,0.1042,-1
KHAPRETA_510206,312154.860,2624424.200,130.9000,0.0000,1.5200,0.0971,-1
KHAPRETA_510206,312156.860,2624424.200,130.8500,0.5119,1.5700,0.1003,-1
KHAPRETA_510206,312158.860,2624424.200,130.7100,0.0000,1.7100,0.1093,-1
KHAPRETA_510206,312184.860,2624424.200,130.9300,0.0000,1.4900,0.0952,-1
KHAPRETA_510206,312186.860,2624424.200,130.9200,0.7918,1.5000,0.0958,-1
KHAPRETA_510206,312187.860,2624424.200,130.8500,0.7777,1.5700,0.1003,-1
KHAPRETA_510206,312189.860,2624424.200,131.2100,0.0000,1.2100,0.0773,-1
KHAPRETA_510206,312194.860,2624424.200,131.5800,0.0000,0.8400,0.0537,-1
KHAPRETA_510206,312199.860,2624424.200,131.4100,0.0000,1.0100,0.0645,-1
KHAPRETA_510206,312218.860,2624424.200,132.4000,1.2219,0.0200,0.0013,-1
KHAPRETA_510206,312219.860,2624424.200,132.2200,1.3119,0.2000,0.0128,-1
KHAPRETA_510206,312224.860,2624424.200,132.2100,1.7281,0.2100,0.0134,-1
KHAPRETA_510206,312225.860,2624424.200,132.2400,1.2169,0.1800,0.0115,-1
KHAPRETA_510206,311934.860,2624425.200,127.6300,0.0000,4.7900,0.3061,-1
KHAPRETA_510206,311936.860,2624425.200,127.6500,3.0605,4.7700,0.3048,-1
KHAPRETA_510206,311937.860,2624425.200,124.0400,2.3922,8.3800,0.5355,-1
KHAPRETA_510206,311945.860,2624425.200,127.2300,0.0000,5.1900,0.3316,-1
KHAPRETA_510206,311954.860,2624425.200,130.5900,1.2269,1.8300,0.1169,-1
KHAPRETA_510206,311958.860,2624425.200,128.3600,0.0000,4.0600,0.2594,-1
KHAPRETA_510206,311960.860,2624425.200,128.3300,0.9918,4.0900,0.2613,-1
KHAPRETA_510206,311961.860,2624425.200,128.4400,1.0120,3.9800,0.2543,-1
KHAPRETA_510206,311964.860,2624425.200,128.5100,0.6181,3.9100,0.2498,-1
KHAPRETA_510206,311965.860,2624425.200,128.5400,0.6331,3.8800,0.2479,-1
KHAPRETA_510206,311967.860,2624425.200,128.6200,0.5281,3.8000,0.2428,-1
KHAPRETA_510206,311968.860,2624425.200,128.7200,0.1550,3.7000,0.2364,-1
KHAPRETA_510206,311969.860,2624425.200,128.9300,0.5579,3.4900,0.2230,-1
KHAPRETA_510206,311973.860,2624425.200,129.0400,0.3431,3.3800,0.2160,-1
KHAPRETA_510206,311976.860,2624425.200,129.0400,0.3431,3.3800,0.2160,-1
KHAPRETA_510206,311981.860,2624425.200,129.0600,0.4746,3.3600,0.2147,-1
KHAPRETA_510206,311982.860,2624425.200,129.1100,0.3581,3.3100,0.2115,-1
KHAPRETA_510206,311984.860,2624425.200,129.1400,0.3231,3.2800,0.2096,-1
KHAPRETA_510206,311987.860,2624425.200,129.1800,0.3331,3.2400,0.2070,-1
KHAPRETA_510206,311993.860,2624425.200,129.1800,0.0000,3.2400,0.2070,-1
KHAPRETA_510206,311995.860,2624425.200,129.1900,0.2581,3.2300,0.2064,-1
KHAPRETA_510206,312000.860,2624425.200,129.2700,0.0000,3.1500,0.2013,-1
KHAPRETA_510206,312003.860,2624425.200,129.2500,0.0000,3.1700,0.2026,-1
KHAPRETA_510206,312009.860,2624425.200,129.3500,0.0000,3.0700,0.1962,-1
KHAPRETA_510206,312013.860,2624425.200,129.3700,0.2231,3.0500,0.1949,-1
KHAPRETA_510206,312016.860,2624425.200,129.3900,0.0000,3.0300,0.1936,-1
KHAPRETA_510206,312018.860,2624425.200,129.3900,0.2730,3.0300,0.1936,-1
KHAPRETA_510206,312019.860,2624425.200,129.3900,0.1933,3.0300,0.1936,-1
KHAPRETA_510206,312025.860,2624425.200,129.4400,0.0000,2.9800,0.1904,-1
KHAPRETA_510206,312027.860,2624425.200,129.4300,0.1681,2.9900,0.1911,-1
KHAPRETA_510206,312039.860,2624425.200,129.4800,0.0369,2.9400,0.1879,-1
KHAPRETA_510206,312047.860,2624425.200,130.2000,0.0419,2.2200,0.1419,-1
KHAPRETA_510206,312052.860,2624425.200,129.7900,0.0319,2.6300,0.1681,-1
KHAPRETA_510206,312057.860,2624425.200,129.4400,0.1681,2.9800,0.1904,-1
KHAPRETA_510206,312060.860,2624425.200,129.5400,0.1131,2.8800,0.1840,-1
KHAPRETA_510206,312062.860,2624425.200,129.4800,0.1431,2.9400,0.1879,-1
KHAPRETA_510206,312063.860,2624425.200,129.4900,0.1481,2.9300,0.1872,-1
KHAPRETA_510206,312065.860,2624425.200,129.4400,0.0000,2.9800,0.1904,-1
KHAPRETA_510206,312074.860,2624425.200,129.1300,0.0000,3.2900,0.2102,-1
KHAPRETA_510206,312084.860,2624425.200,131.4200,0.0000,1.0000,0.0639,-1
KHAPRETA_510206,312092.860,2624425.200,129.0700,0.0000,3.3500,0.2141,-1
KHAPRETA_510206,312096.860,2624425.200,129.4800,0.1331,2.9400,0.1879,-1
KHAPRETA_510206,312097.860,2624425.200,129.5100,0.2130,2.9100,0.1859,-1
KHAPRETA_510206,312100.860,2624425.200,129.5600,0.0000,2.8600,0.1827,-1
KHAPRETA_510206,312103.860,2624425.200,129.6900,0.0281,2.7300,0.1744,-1
KHAPRETA_510206,312108.860,2624425.200,130.7500,0.6536,1.6700,0.1067,-1
KHAPRETA_510206,312109.860,2624425.200,130.6700,0.6957,1.7500,0.1118,-1
KHAPRETA_510206,312112.860,2624425.200,130.7500,0.4969,1.6700,0.1067,-1
KHAPRETA_510206,312113.860,2624425.200,130.7700,0.6144,1.6500,0.1054,-1
KHAPRETA_510206,312114.860,2624425.200,130.6400,0.0550,1.7800,0.1137,-1
KHAPRETA_510206,312115.860,2624425.200,130.8800,0.6660,1.5400,0.0984,-1
KHAPRETA_510206,312118.860,2624425.200,131.2700,0.9580,1.1500,0.0735,-1
KHAPRETA_510206,312119.860,2624425.200,131.1800,0.7469,1.2400,0.0792,-1
KHAPRETA_510206,312124.860,2624425.200,131.3600,0.0000,1.0600,0.0677,-1
KHAPRETA_510206,312126.860,2624425.200,131.1500,0.6769,1.2700,0.0812,-1
KHAPRETA_510206,312128.860,2624425.200,131.1300,0.0650,1.2900,0.0824,-1
KHAPRETA_510206,312131.860,2624425.200,130.8600,0.5269,1.5600,0.0997,-1
KHAPRETA_510206,312132.860,2624425.200,130.8300,0.7476,1.5900,0.1016,-1
KHAPRETA_510206,312141.860,2624425.200,130.7300,0.4869,1.6900,0.1080,-1
KHAPRETA_510206,312144.860,2624425.200,130.8300,0.0000,1.5900,0.1016,-1
KHAPRETA_510206,312153.860,2624425.200,130.8900,0.5569,1.5300,0.0978,-1
KHAPRETA_510206,312156.860,2624425.200,130.8000,0.5369,1.6200,0.1035,-1
KHAPRETA_510206,312161.860,2624425.200,130.4100,0.3919,2.0100,0.1284,-1
KHAPRETA_510206,312162.860,2624425.200,130.5600,0.3169,1.8600,0.1188,-1
KHAPRETA_510206,312164.860,2624425.200,130.6100,0.0000,1.8100,0.1157,-1
KHAPRETA_510206,312176.860,2624425.200,132.3600,0.0000,0.0600,0.0038,-1
KHAPRETA_510206,312181.860,2624425.200,132.2700,1.0869,0.1500,0.0096,-1
KHAPRETA_510206,312183.860,2624425.200,131.1600,0.0000,1.2600,0.0805,-1
KHAPRETA_510206,312191.860,2624425.200,131.0000,0.8494,1.4200,0.0907,-1
KHAPRETA_510206,312192.860,2624425.200,130.9000,0.9237,1.5200,0.0971,-1
KHAPRETA_510206,312195.860,2624425.200,131.9200,1.2319,0.5000,0.0319,-1
KHAPRETA_510206,312196.860,2624425.200,132.2400,1.0719,0.1800,0.0115,-1
KHAPRETA_510206,312200.860,2624425.200,131.4800,0.0000,0.9400,0.0601,-1
KHAPRETA_510206,312202.860,2624425.200,131.5200,0.8569,0.9000,0.0575,-1
KHAPRETA_510206,312220.860,2624425.200,132.2700,0.0000,0.1500,0.0096,-1
KHAPRETA_510206,312223.860,2624425.200,132.1900,1.2119,0.2300,0.0147,-1
KHAPRETA_510206,312224.860,2624425.200,132.2000,1.7140,0.2200,0.0141,-1
KHAPRETA_510206,311932.860,2624426.200,127.8300,1.0681,4.5900,0.2933,-1
KHAPRETA_510206,311933.860,2624426.200,127.6400,0.9731,4.7800,0.3054,-1
KHAPRETA_510206,311937.860,2624426.200,125.4900,1.3900,6.9300,0.4428,-1
KHAPRETA_510206,311948.860,2624426.200,129.5300,0.3719,2.8900,0.1847,-1
KHAPRETA_510206,311949.860,2624426.200,130.5200,0.1231,1.9000,0.1214,-1
KHAPRETA_510206,311953.860,2624426.200,128.1800,0.0000,4.2400,0.2709,-1
KHAPRETA_510206,311961.860,2624426.200,128.3600,0.9413,4.0600,0.2594,-1
KHAPRETA_510206,311962.860,2624426.200,128.4500,0.9735,3.9700,0.2537,-1
KHAPRETA_510206,311969.860,2624426.200,128.7200,0.4231,3.7000,0.2364,-1
KHAPRETA_510206,311973.860,2624426.200,129.0900,0.0050,3.3300,0.2128,-1
KHAPRETA_510206,311976.860,2624426.200,129.0900,0.0050,3.3300,0.2128,-1
KHAPRETA_510206,311980.860,2624426.200,129.1600,0.4746,3.2600,0.2083,-1
KHAPRETA_510206,311981.860,2624426.200,129.1000,0.4723,3.3200,0.2121,-1
KHAPRETA_510206,311984.860,2624426.200,129.1300,0.3181,3.2900,0.2102,-1
KHAPRETA_510206,311995.860,2624426.200,129.2600,0.2931,3.1600,0.2019,-1
KHAPRETA_510206,312004.860,2624426.200,129.2900,0.2431,3.1300,0.2000,-1
KHAPRETA_510206,312005.860,2624426.200,129.2900,0.3437,3.1300,0.2000,-1
KHAPRETA_510206,312013.860,2624426.200,129.3300,0.1783,3.0900,0.1974,-1
KHAPRETA_510206,312014.860,2624426.200,129.4200,0.2231,3.0000,0.1917,-1
KHAPRETA_510206,312017.860,2624426.200,129.4100,0.1931,3.0100,0.1923,-1
KHAPRETA_510206,312018.860,2624426.200,129.3900,0.1931,3.0300,0.1936,-1
KHAPRETA_510206,312019.860,2624426.200,129.4000,0.2730,3.0200,0.1930,-1
KHAPRETA_510206,312021.860,2624426.200,129.4100,0.0000,3.0100,0.1923,-1
KHAPRETA_510206,312027.860,2624426.200,129.4400,0.1731,2.9800,0.1904,-1
KHAPRETA_510206,312033.860,2624426.200,129.4800,0.1631,2.9400,0.1879,-1
KHAPRETA_510206,312034.860,2624426.200,129.4500,0.2094,2.9700,0.1898,-1
KHAPRETA_510206,312038.860,2624426.200,129.5800,0.0637,2.8400,0.1815,-1
KHAPRETA_510206,312039.860,2624426.200,129.8500,0.2006,2.5700,0.1642,-1
KHAPRETA_510206,312041.860,2624426.200,129.9000,0.0000,2.5200,0.1610,-1
KHAPRETA_510206,312047.860,2624426.200,129.8600,0.0650,2.5600,0.1636,-1
KHAPRETA_510206,312053.860,2624426.200,129.8100,0.0000,2.6100,0.1668,-1
KHAPRETA_510206,312055.860,2624426.200,129.5500,0.1473,2.8700,0.1834,-1
KHAPRETA_510206,312056.860,2624426.200,129.5400,0.0550,2.8800,0.1840,-1
KHAPRETA_510206,312057.860,2624426.200,129.4400,0.2054,2.9800,0.1904,-1
KHAPRETA_510206,312059.860,2624426.200,129.6000,0.1131,2.8200,0.1802,-1
KHAPRETA_510206,312060.860,2624426.200,129.5500,0.0882,2.8700,0.1834,-1
KHAPRETA_510206,312069.860,2624426.200,129.6900,0.0000,2.7300,0.1744,-1
KHAPRETA_510206,312071.860,2624426.200,129.2400,0.0000,3.1800,0.2032,-1
KHAPRETA_510206,312077.860,2624426.200,129.2100,0.0000,3.2100,0.2051,-1
KHAPRETA_510206,312097.860,2624426.200,129.4700,0.1812,2.9500,0.1885,-1
KHAPRETA_510206,312098.860,2624426.200,129.5300,0.0300,2.8900,0.1847,-1
KHAPRETA_510206,312099.860,2624426.200,129.5300,0.1925,2.8900,0.1847,-1
KHAPRETA_510206,312102.860,2624426.200,129.6500,0.1031,2.7700,0.1770,-1
KHAPRETA_510206,312115.860,2624426.200,130.7900,0.8353,1.6300,0.1042,-1
KHAPRETA_510206,312116.860,2624426.200,131.0300,0.5069,1.3900,0.0888,-1
KHAPRETA_510206,312125.860,2624426.200,130.9700,0.0000,1.4500,0.0927,-1
KHAPRETA_510206,312128.860,2624426.200,131.1600,0.8640,1.2600,0.0805,-1
KHAPRETA_510206,312129.860,2624426.200,130.8500,0.1300,1.5700,0.1003,-1
KHAPRETA_510206,312130.860,2624426.200,130.9000,0.5369,1.5200,0.0971,-1
KHAPRETA_510206,312132.860,2624426.200,130.4500,0.5269,1.9700,0.1259,-1
KHAPRETA_510206,312134.860,2624426.200,130.3600,0.0000,2.0600,0.1316,-1
KHAPRETA_510206,312138.860,2624426.200,130.6600,0.4769,1.7600,0.1125,-1
KHAPRETA_510206,312140.860,2624426.200,130.7500,0.4869,1.6700,0.1067,-1
KHAPRETA_510206,312141.860,2624426.200,130.7500,0.6816,1.6700,0.1067,-1
KHAPRETA_510206,312149.860,2624426.200,130.8300,0.5169,1.5900,0.1016,-1
KHAPRETA_510206,312153.860,2624426.200,130.8900,0.5569,1.5300,0.0978,-1
KHAPRETA_510206,312155.860,2624426.200,130.9500,0.5219,1.4700,0.0939,-1
KHAPRETA_510206,312159.860,2624426.200,130.8200,0.5619,1.6000,0.1022,-1
KHAPRETA_510206,312163.860,2624426.200,130.4600,0.0000,1.9600,0.1252,-1
KHAPRETA_510206,312165.860,2624426.200,130.7000,0.6369,1.7200,0.1099,-1
KHAPRETA_510206,312166.860,2624426.200,131.0500,0.2650,1.3700,0.0875,-1
KHAPRETA_510206,312167.860,2624426.200,131.2300,0.6369,1.1900,0.0760,-1
KHAPRETA_510206,312178.860,2624426.200,132.0600,0.0000,0.3600,0.0230,-1
KHAPRETA_510206,312181.860,2624426.200,131.9500,1.2469,0.4700,0.0300,-1
KHAPRETA_510206,312191.860,2624426.200,131.0500,0.9237,1.3700,0.0875,-1
KHAPRETA_510206,312192.860,2624426.200,131.1600,0.5676,1.2600,0.0805,-1
KHAPRETA_510206,312193.860,2624426.200,131.2100,0.6919,1.2100,0.0773,-1
KHAPRETA_510206,312197.860,2624426.200,131.6300,0.8169,0.7900,0.0505,-1
KHAPRETA_510206,312198.860,2624426.200,131.4100,1.1419,1.0100,0.0645,-1
KHAPRETA_510206,312202.860,2624426.200,131.4900,0.8719,0.9300,0.0594,-1
KHAPRETA_510206,312219.860,2624426.200,132.3700,0.0000,0.0500,0.0032,-1
KHAPRETA_510206,312227.860,2624426.200,132.2800,0.0000,0.1400,0.0089,-1
KHAPRETA_510206,311929.860,2624427.200,127.7600,1.1031,4.6600,0.2978,-1
KHAPRETA_510206,311935.860,2624427.200,127.5200,0.0000,4.9000,0.3131,-1
KHAPRETA_510206,311937.860,2624427.200,126.8200,2.1387,5.6000,0.3578,-1
KHAPRETA_510206,311938.860,2624427.200,125.5500,1.4781,6.8700,0.4390,-1
KHAPRETA_510206,311945.860,2624427.200,127.2800,0.0000,5.1400,0.3284,-1
KHAPRETA_510206,311952.860,2624427.200,132.2900,1.2069,0.1300,0.0083,-1
KHAPRETA_510206,311955.860,2624427.200,128.3500,0.7881,4.0700,0.2601,-1
KHAPRETA_510206,311962.860,2624427.200,128.4400,0.6631,3.9800,0.2543,-1
KHAPRETA_510206,311968.860,2624427.200,128.5300,0.6031,3.8900,0.2486,-1
KHAPRETA_510206,311971.860,2624427.200,129.0400,0.0000,3.3800,0.2160,-1
KHAPRETA_510206,311973.860,2624427.200,129.0500,0.0100,3.3700,0.2153,-1
KHAPRETA_510206,311976.860,2624427.200,129.0300,0.4923,3.3900,0.2166,-1
KHAPRETA_510206,311977.860,2624427.200,129.0700,0.3731,3.3500,0.2141,-1
KHAPRETA_510206,311979.860,2624427.200,129.2000,0.3331,3.2200,0.2058,-1
KHAPRETA_510206,311980.860,2624427.200,129.1100,0.4218,3.3100,0.2115,-1
KHAPRETA_510206,311987.860,2624427.200,129.1600,0.0000,3.2600,0.2083,-1
KHAPRETA_510206,311991.860,2624427.200,129.2200,0.2481,3.2000,0.2045,-1
KHAPRETA_510206,311992.860,2624427.200,129.2800,0.2781,3.1400,0.2006,-1
KHAPRETA_510206,311994.860,2624427.200,129.2200,0.0000,3.2000,0.2045,-1
KHAPRETA_510206,311996.860,2624427.200,129.2300,0.2431,3.1900,0.2038,-1
KHAPRETA_510206,311997.860,2624427.200,129.2900,0.3933,3.1300,0.2000,-1
KHAPRETA_510206,311999.860,2624427.200,129.2500,0.0000,3.1700,0.2026,-1
KHAPRETA_510206,312005.860,2624427.200,129.2900,0.0050,3.1300,0.2000,-1
KHAPRETA_510206,312008.860,2624427.200,129.3300,0.2918,3.0900,0.1974,-1
KHAPRETA_510206,312009.860,2624427.200,129.3300,0.2231,3.0900,0.1974,-1
KHAPRETA_510206,312013.860,2624427.200,129.3500,0.2231,3.0700,0.1962,-1
KHAPRETA_510206,312022.860,2624427.200,129.4400,0.0000,2.9800,0.1904,-1
KHAPRETA_510206,312026.860,2624427.200,129.4800,0.0000,2.9400,0.1879,-1
KHAPRETA_510206,312030.860,2624427.200,129.5900,0.0000,2.8300,0.1808,-1
KHAPRETA_510206,312034.860,2624427.200,129.4800,0.2000,2.9400,0.1879,-1
KHAPRETA_510206,312036.860,2624427.200,129.7800,0.0019,2.6400,0.1687,-1
KHAPRETA_510206,312038.860,2624427.200,129.8800,0.1017,2.5400,0.1623,-1
KHAPRETA_510206,312039.860,2624427.200,129.8300,0.0637,2.5900,0.1655,-1
KHAPRETA_510206,312042.860,2624427.200,130.1200,0.0000,2.3000,0.1470,-1
KHAPRETA_510206,312045.860,2624427.200,129.7800,0.0000,2.6400,0.1687,-1
KHAPRETA_510206,312047.860,2624427.200,130.0700,0.0372,2.3500,0.1502,-1
KHAPRETA_510206,312048.860,2624427.200,129.8200,0.1469,2.6000,0.1661,-1
KHAPRETA_510206,312051.860,2624427.200,130.3700,0.0000,2.0500,0.1310,-1
KHAPRETA_510206,312055.860,2624427.200,129.6000,0.1300,2.8200,0.1802,-1
KHAPRETA_510206,312060.860,2624427.200,129.5300,0.1131,2.8900,0.1847,-1
KHAPRETA_510206,312065.860,2624427.200,129.5200,0.1431,2.9000,0.1853,-1
KHAPRETA_510206,312074.860,2624427.200,129.2000,0.2631,3.2200,0.2058,-1
KHAPRETA_510206,312076.860,2624427.200,129.1400,0.0000,3.2800,0.2096,-1
KHAPRETA_510206,312079.860,2624427.200,129.3000,0.2381,3.1200,0.1994,-1
KHAPRETA_510206,312080.860,2624427.200,129.3000,0.4553,3.1200,0.1994,-1
KHAPRETA_510206,312099.860,2624427.200,129.4800,0.0350,2.9400,0.1879,-1
KHAPRETA_510206,312102.860,2624427.200,129.5700,0.0631,2.8500,0.1821,-1
KHAPRETA_510206,312106.860,2624427.200,129.7100,0.0000,2.7100,0.1732,-1
KHAPRETA_510206,312112.860,2624427.200,130.8000,0.6219,1.6200,0.1035,-1
KHAPRETA_510206,312114.860,2624427.200,130.8100,0.5769,1.6100,0.1029,-1
KHAPRETA_510206,312124.860,2624427.200,131.0100,0.8919,1.4100,0.0901,-1
KHAPRETA_510206,312135.860,2624427.200,130.7300,0.4919,1.6900,0.1080,-1
KHAPRETA_510206,312136.860,2624427.200,130.7600,0.0500,1.6600,0.1061,-1
KHAPRETA_510206,312137.860,2624427.200,130.6300,0.0150,1.7900,0.1144,-1
KHAPRETA_510206,312138.860,2624427.200,130.7300,0.6145,1.6900,0.1080,-1
KHAPRETA_510206,312145.860,2624427.200,130.7900,0.0000,1.6300,0.1042,-1
KHAPRETA_510206,312148.860,2624427.200,130.7500,0.5169,1.6700,0.1067,-1
KHAPRETA_510206,312149.860,2624427.200,130.8100,0.4870,1.6100,0.1029,-1
KHAPRETA_510206,312155.860,2624427.200,130.8200,0.8160,1.6000,0.1022,-1
KHAPRETA_510206,312156.860,2624427.200,130.9100,0.5172,1.5100,0.0965,-1
KHAPRETA_510206,312157.860,2624427.200,130.8500,0.5669,1.5700,0.1003,-1
KHAPRETA_510206,312159.860,2624427.200,130.9000,0.7488,1.5200,0.0971,-1
KHAPRETA_510206,312160.860,2624427.200,130.8500,0.2150,1.5700,0.1003,-1
KHAPRETA_510206,312161.860,2624427.200,130.4700,0.5369,1.9500,0.1246,-1
KHAPRETA_510206,312170.860,2624427.200,131.8400,0.0000,0.5800,0.0371,-1
KHAPRETA_510206,312174.860,2624427.200,132.1400,0.0000,0.2800,0.0179,-1
KHAPRETA_510206,312179.860,2624427.200,131.9400,0.0000,0.4800,0.0307,-1
KHAPRETA_510206,312182.860,2624427.200,131.6500,0.0000,0.7700,0.0492,-1
KHAPRETA_510206,312185.860,2624427.200,130.8800,0.0000,1.5400,0.0984,-1
KHAPRETA_510206,312187.860,2624427.200,131.9700,1.1619,0.4500,0.0288,-1
KHAPRETA_510206,312188.860,2624427.200,132.1000,1.3920,0.3200,0.0204,-1
KHAPRETA_510206,312194.860,2624427.200,131.2900,0.6419,1.1300,0.0722,-1
KHAPRETA_510206,312198.860,2624427.200,131.1100,1.0359,1.3100,0.0837,-1
KHAPRETA_510206,312199.860,2624427.200,131.0500,0.6669,1.3700,0.0875,-1
KHAPRETA_510206,312224.860,2624427.200,132.2200,0.0000,0.2000,0.0128,-1
KHAPRETA_510206,311922.860,2624428.200,132.0100,0.0000,0.4100,0.0262,-1
KHAPRETA_510206,311928.860,2624428.200,129.0700,1.1031,3.3500,0.2141,-1
KHAPRETA_510206,311929.860,2624428.200,127.5700,1.0681,4.8500,0.3099,-1
KHAPRETA_510206,311936.860,2624428.200,127.5100,1.8131,4.9100,0.3137,-1
KHAPRETA_510206,311937.860,2624428.200,126.1500,1.8624,6.2700,0.4006,-1
KHAPRETA_510206,311947.860,2624428.200,127.1300,0.7369,5.2900,0.3380,-1
KHAPRETA_510206,311948.860,2624428.200,131.2500,2.4100,1.1700,0.0748,-1
KHAPRETA_510206,311949.860,2624428.200,131.9500,0.7369,0.4700,0.0300,-1
KHAPRETA_510206,311952.860,2624428.200,132.1900,1.2569,0.2300,0.0147,-1
KHAPRETA_510206,311955.860,2624428.200,128.2000,0.7131,4.2200,0.2696,-1
KHAPRETA_510206,311961.860,2624428.200,128.4300,0.6281,3.9900,0.2550,-1
KHAPRETA_510206,311964.860,2624428.200,128.6200,0.6031,3.8000,0.2428,-1
KHAPRETA_510206,311968.860,2624428.200,128.5700,0.6231,3.8500,0.2460,-1
KHAPRETA_510206,311973.860,2624428.200,129.0700,0.4995,3.3500,0.2141,-1
KHAPRETA_510206,311974.860,2624428.200,129.0900,0.4854,3.3300,0.2128,-1
KHAPRETA_510206,311982.860,2624428.200,129.1900,0.3231,3.2300,0.2064,-1
KHAPRETA_510206,311988.860,2624428.200,129.2900,0.2981,3.1300,0.2000,-1
KHAPRETA_510206,311989.860,2624428.200,129.1800,0.0550,3.2400,0.2070,-1
KHAPRETA_510206,311990.860,2624428.200,129.1800,0.2981,3.2400,0.2070,-1
KHAPRETA_510206,311997.860,2624428.200,129.2100,0.2431,3.2100,0.2051,-1
KHAPRETA_510206,312004.860,2624428.200,129.2700,0.3402,3.1500,0.2013,-1
KHAPRETA_510206,312005.860,2624428.200,129.3000,0.3509,3.1200,0.1994,-1
KHAPRETA_510206,312008.860,2624428.200,129.4000,0.0000,3.0200,0.1930,-1
KHAPRETA_510206,312015.860,2624428.200,129.3900,0.0000,3.0300,0.1936,-1
KHAPRETA_510206,312021.860,2624428.200,129.3900,0.0000,3.0300,0.1936,-1
KHAPRETA_510206,312028.860,2624428.200,129.4400,0.0000,2.9800,0.1904,-1
KHAPRETA_510206,312032.860,2624428.200,129.4900,0.1553,2.9300,0.1872,-1
KHAPRETA_510206,312033.860,2624428.200,129.4800,0.1801,2.9400,0.1879,-1
KHAPRETA_510206,312034.860,2624428.200,129.8500,0.2094,2.5700,0.1642,-1
KHAPRETA_510206,312036.860,2624428.200,129.7800,0.0019,2.6400,0.1687,-1
KHAPRETA_510206,312040.860,2624428.200,129.8900,0.0000,2.5300,0.1617,-1
KHAPRETA_510206,312043.860,2624428.200,129.8400,0.0000,2.5800,0.1649,-1
KHAPRETA_510206,312047.860,2624428.200,129.8000,0.1469,2.6200,0.1674,-1
KHAPRETA_510206,312055.860,2624428.200,129.8100,0.0881,2.6100,0.1668,-1
KHAPRETA_510206,312063.860,2624428.200,129.6500,0.0000,2.7700,0.1770,-1
KHAPRETA_510206,312065.860,2624428.200,129.4900,0.1281,2.9300,0.1872,-1
KHAPRETA_510206,312067.860,2624428.200,129.7400,0.0000,2.6800,0.1712,-1
KHAPRETA_510206,312072.860,2624428.200,129.5400,0.1681,2.8800,0.1840,-1
KHAPRETA_510206,312073.860,2624428.200,129.4400,0.1671,2.9800,0.1904,-1
KHAPRETA_510206,312074.860,2624428.200,129.2500,0.3335,3.1700,0.2026,-1
KHAPRETA_510206,312080.860,2624428.200,129.0000,0.6577,3.4200,0.2185,-1
KHAPRETA_510206,312081.860,2624428.200,128.5500,0.4403,3.8700,0.2473,-1
KHAPRETA_510206,312083.860,2624428.200,127.7800,0.8681,4.6400,0.2965,-1
KHAPRETA_510206,312090.860,2624428.200,130.9400,0.0000,1.4800,0.0946,-1
KHAPRETA_510206,312098.860,2624428.200,129.5000,0.1809,2.9200,0.1866,-1
KHAPRETA_510206,312099.860,2624428.200,129.4600,0.2024,2.9600,0.1891,-1
KHAPRETA_510206,312107.860,2624428.200,130.2100,0.5572,2.2100,0.1412,-1
KHAPRETA_510206,312108.860,2624428.200,130.8900,0.5149,1.5300,0.0978,-1
KHAPRETA_510206,312110.860,2624428.200,130.6600,0.7110,1.7600,0.1125,-1
KHAPRETA_510206,312111.860,2624428.200,130.8900,0.1800,1.5300,0.0978,-1
KHAPRETA_510206,312112.860,2624428.200,131.0200,0.7565,1.4000,0.0895,-1
KHAPRETA_510206,312114.860,2624428.200,130.9300,0.5169,1.4900,0.0952,-1
KHAPRETA_510206,312117.860,2624428.200,131.0600,0.0000,1.3600,0.0869,-1
KHAPRETA_510206,312119.860,2624428.200,131.2000,0.8803,1.2200,0.0780,-1
KHAPRETA_510206,312120.860,2624428.200,131.0700,0.7119,1.3500,0.0863,-1
KHAPRETA_510206,312123.860,2624428.200,131.3300,0.8919,1.0900,0.0696,-1
KHAPRETA_510206,312124.860,2624428.200,131.5600,0.9921,0.8600,0.0550,-1
KHAPRETA_510206,312129.860,2624428.200,130.3400,0.0000,2.0800,0.1329,-1
KHAPRETA_510206,312141.860,2624428.200,130.7200,0.0000,1.7000,0.1086,-1
KHAPRETA_510206,312149.860,2624428.200,130.8400,0.5169,1.5800,0.1010,-1
KHAPRETA_510206,312153.860,2624428.200,130.8100,0.0000,1.6100,0.1029,-1
KHAPRETA_510206,312156.860,2624428.200,130.8100,0.5669,1.6100,0.1029,-1
KHAPRETA_510206,312162.860,2624428.200,130.5600,0.0000,1.8600,0.1188,-1
KHAPRETA_510206,312165.860,2624428.200,130.4600,0.0000,1.9600,0.1252,-1
KHAPRETA_510206,312167.860,2624428.200,130.9100,0.0000,1.5100,0.0965,-1
KHAPRETA_510206,312178.860,2624428.200,132.3400,0.0000,0.0800,0.0051,-1
KHAPRETA_510206,312184.860,2624428.200,130.8800,0.0000,1.5400,0.0984,-1
KHAPRETA_510206,312188.860,2624428.200,131.4900,1.1619,0.9300,0.0594,-1
KHAPRETA_510206,312194.860,2624428.200,131.0600,0.7569,1.3600,0.0869,-1
KHAPRETA_510206,312196.860,2624428.200,130.8800,0.0000,1.5400,0.0984,-1
KHAPRETA_510206,312221.860,2624428.200,132.3800,1.2719,0.0400,0.0026,-1
KHAPRETA_510206,312222.860,2624428.200,132.3200,1.3019,0.1000,0.0064,-1
KHAPRETA_510206,312227.860,2624428.200,132.2600,1.2519,0.1600,0.0102,-1
KHAPRETA_510206,312228.860,2624428.200,132.2800,1.2419,0.1400,0.0089,-1
KHAPRETA_510206,311925.860,2624429.200,130.0600,0.0000,2.3600,0.1508,-1
KHAPRETA_510206,311933.860,2624429.200,127.6800,1.0831,4.7400,0.3029,-1
KHAPRETA_510206,311939.860,2624429.200,126.7300,0.0000,5.6900,0.3636,-1
KHAPRETA_510206,311956.860,2624429.200,128.2400,0.7481,4.1800,0.2671,-1
KHAPRETA_510206,311957.860,2624429.200,128.2800,0.7447,4.1400,0.2645,-1
KHAPRETA_510206,311958.860,2624429.200,128.3400,0.7481,4.0800,0.2607,-1
KHAPRETA_510206,311961.860,2624429.200,128.5200,0.6731,3.9000,0.2492,-1
KHAPRETA_510206,311964.860,2624429.200,128.5700,0.5781,3.8500,0.2460,-1
KHAPRETA_510206,311969.860,2624429.200,128.6100,0.0000,3.8100,0.2435,-1
KHAPRETA_510206,311972.860,2624429.200,129.1100,0.0000,3.3100,0.2115,-1
KHAPRETA_510206,311974.860,2624429.200,129.1100,0.4480,3.3100,0.2115,-1
KHAPRETA_510206,311975.860,2624429.200,129.2000,0.0200,3.2200,0.2058,-1
KHAPRETA_510206,311976.860,2624429.200,129.0700,0.4596,3.3500,0.2141,-1
KHAPRETA_510206,311980.860,2624429.200,129.0600,0.0000,3.3600,0.2147,-1
KHAPRETA_510206,311982.860,2624429.200,129.1300,0.2931,3.2900,0.2102,-1
KHAPRETA_510206,311995.860,2624429.200,129.2500,0.0000,3.1700,0.2026,-1
KHAPRETA_510206,311998.860,2624429.200,129.2600,0.0000,3.1600,0.2019,-1
KHAPRETA_510206,312001.860,2624429.200,129.2700,0.0000,3.1500,0.2013,-1
KHAPRETA_510206,312004.860,2624429.200,129.2900,0.0150,3.1300,0.2000,-1
KHAPRETA_510206,312006.860,2624429.200,129.3900,0.0000,3.0300,0.1936,-1
KHAPRETA_510206,312008.860,2624429.200,129.3300,0.2842,3.0900,0.1974,-1
KHAPRETA_510206,312009.860,2624429.200,129.3500,0.2231,3.0700,0.1962,-1
KHAPRETA_510206,312017.860,2624429.200,129.3800,0.0000,3.0400,0.1942,-1
KHAPRETA_510206,312020.860,2624429.200,129.4200,0.1831,3.0000,0.1917,-1
KHAPRETA_510206,312026.860,2624429.200,129.4300,0.0000,2.9900,0.1911,-1
KHAPRETA_510206,312029.860,2624429.200,129.5200,0.1331,2.9000,0.1853,-1
KHAPRETA_510206,312030.860,2624429.200,129.5100,0.1281,2.9100,0.1859,-1
KHAPRETA_510206,312032.860,2624429.200,129.8700,0.1432,2.5500,0.1629,-1
KHAPRETA_510206,312033.860,2624429.200,129.7900,0.1553,2.6300,0.1681,-1
KHAPRETA_510206,312039.860,2624429.200,130.3800,0.0419,2.0400,0.1304,-1
KHAPRETA_510206,312041.860,2624429.200,130.1600,0.0000,2.2600,0.1444,-1
KHAPRETA_510206,312044.860,2624429.200,130.1000,0.0319,2.3200,0.1482,-1
KHAPRETA_510206,312049.860,2624429.200,129.8500,0.0697,2.5700,0.1642,-1
KHAPRETA_510206,312050.860,2624429.200,129.9000,0.0250,2.5200,0.1610,-1
KHAPRETA_510206,312051.860,2624429.200,129.9000,0.0100,2.5200,0.1610,-1
KHAPRETA_510206,312052.860,2624429.200,129.8800,0.0619,2.5400,0.1623,-1
KHAPRETA_510206,312061.860,2624429.200,129.7100,0.0293,2.7100,0.1732,-1
KHAPRETA_510206,312062.860,2624429.200,129.7400,0.0331,2.6800,0.1712,-1
KHAPRETA_510206,312069.860,2624429.200,129.5200,0.0000,2.9000,0.1853,-1
KHAPRETA_510206,312073.860,2624429.200,129.6100,0.1800,2.8100,0.1796,-1
KHAPRETA_510206,312079.860,2624429.200,129.2500,0.0000,3.1700,0.2026,-1
KHAPRETA_510206,312081.860,2624429.200,129.3600,1.1079,3.0600,0.1955,-1
KHAPRETA_510206,312082.860,2624429.200,129.2400,0.6600,3.1800,0.2032,-1
KHAPRETA_510206,312083.860,2624429.200,128.0400,1.0334,4.3800,0.2799,-1
KHAPRETA_510206,312087.860,2624429.200,129.7800,0.0000,2.6400,0.1687,-1
KHAPRETA_510206,312093.860,2624429.200,129.0000,0.0369,3.4200,0.2185,-1
KHAPRETA_510206,312094.860,2624429.200,129.8500,0.1950,2.5700,0.1642,-1
KHAPRETA_510206,312095.860,2624429.200,129.3900,0.1900,3.0300,0.1936,-1
KHAPRETA_510206,312096.860,2624429.200,129.4700,0.1931,2.9500,0.1885,-1
KHAPRETA_510206,312098.860,2624429.200,129.6000,0.1381,2.8200,0.1802,-1
KHAPRETA_510206,312101.860,2624429.200,129.5300,0.1131,2.8900,0.1847,-1
KHAPRETA_510206,312102.860,2624429.200,129.5500,0.1513,2.8700,0.1834,-1
KHAPRETA_510206,312105.860,2624429.200,129.7100,0.0681,2.7100,0.1732,-1
KHAPRETA_510206,312107.860,2624429.200,129.8100,0.5149,2.6100,0.1668,-1
KHAPRETA_510206,312108.860,2624429.200,130.7100,0.6326,1.7100,0.1093,-1
KHAPRETA_510206,312109.860,2624429.200,130.4100,0.3927,2.0100,0.1284,-1
KHAPRETA_510206,312110.860,2624429.200,130.6600,0.5438,1.7600,0.1125,-1
KHAPRETA_510206,312113.860,2624429.200,130.7500,0.0000,1.6700,0.1067,-1
KHAPRETA_510206,312119.860,2624429.200,130.9700,0.0050,1.4500,0.0927,-1
KHAPRETA_510206,312122.860,2624429.200,131.1300,0.9069,1.2900,0.0824,-1
KHAPRETA_510206,312125.860,2624429.200,131.2000,0.0000,1.2200,0.0780,-1
KHAPRETA_510206,312139.860,2624429.200,130.7100,0.0000,1.7100,0.1093,-1
KHAPRETA_510206,312142.860,2624429.200,130.7500,0.0000,1.6700,0.1067,-1
KHAPRETA_510206,312145.860,2624429.200,130.8800,0.0000,1.5400,0.0984,-1
KHAPRETA_510206,312157.860,2624429.200,130.8800,0.0000,1.5400,0.0984,-1
KHAPRETA_510206,312159.860,2624429.200,130.8700,0.5469,1.5500,0.0990,-1
KHAPRETA_510206,312160.860,2624429.200,130.8700,0.5469,1.5500,0.0990,-1
KHAPRETA_510206,312164.860,2624429.200,130.5200,0.0000,1.9000,0.1214,-1
KHAPRETA_510206,312170.860,2624429.200,130.7200,0.6869,1.7000,0.1086,-1
KHAPRETA_510206,312176.860,2624429.200,131.9400,1.1719,0.4800,0.0307,-1
KHAPRETA_510206,312177.860,2624429.200,132.1200,1.0819,0.3000,0.0192,-1
KHAPRETA_510206,312187.860,2624429.200,131.2600,0.0000,1.1600,0.0741,-1
KHAPRETA_510206,312191.860,2624429.200,131.8100,1.2967,0.6100,0.0390,-1
KHAPRETA_510206,312192.860,2624429.200,131.7900,1.2530,0.6300,0.0403,-1
KHAPRETA_510206,312197.860,2624429.200,130.8100,0.0000,1.6100,0.1029,-1
KHAPRETA_510206,312203.860,2624429.200,131.5400,0.7869,0.8800,0.0562,-1
KHAPRETA_510206,312220.860,2624429.200,132.4000,0.0000,0.0200,0.0013,-1
KHAPRETA_510206,312224.860,2624429.200,132.2700,0.0000,0.1500,0.0096,-1
KHAPRETA_510206,312229.860,2624429.200,132.3500,0.0000,0.0700,0.0045,-1
KHAPRETA_510206,311929.860,2624430.200,127.4500,1.1087,4.9700,0.3176,-1
KHAPRETA_510206,311930.860,2624430.200,127.5700,1.1631,4.8500,0.3099,-1
KHAPRETA_510206,311933.860,2624430.200,127.6100,1.0481,4.8100,0.3073,-1
KHAPRETA_510206,311935.860,2624430.200,127.4500,1.6520,4.9700,0.3176,-1
KHAPRETA_510206,311936.860,2624430.200,127.4100,1.7023,5.0100,0.3201,-1
KHAPRETA_510206,311941.860,2624430.200,127.3900,0.0000,5.0300,0.3214,-1
KHAPRETA_510206,311947.860,2624430.200,132.4200,0.0000,0.0000,0.0000,-1
KHAPRETA_510206,311957.860,2624430.200,128.2900,0.0500,4.1300,0.2639,-1
KHAPRETA_510206,311959.860,2624430.200,128.3400,0.0000,4.0800,0.2607,-1
KHAPRETA_510206,311970.860,2624430.200,128.6600,0.5581,3.7600,0.2403,-1
KHAPRETA_510206,311976.860,2624430.200,129.0600,0.0100,3.3600,0.2147,-1
KHAPRETA_510206,311983.860,2624430.200,129.1500,0.3231,3.2700,0.2089,-1
KHAPRETA_510206,311986.860,2624430.200,129.1500,0.0000,3.2700,0.2089,-1
KHAPRETA_510206,311990.860,2624430.200,129.2300,0.2931,3.1900,0.2038,-1
KHAPRETA_510206,311996.860,2624430.200,129.2100,0.0000,3.2100,0.2051,-1
KHAPRETA_510206,312002.860,2624430.200,129.3500,0.0000,3.0700,0.1962,-1
KHAPRETA_510206,312004.860,2624430.200,129.3000,0.2431,3.1200,0.1994,-1
KHAPRETA_510206,312010.860,2624430.200,129.4500,0.0000,2.9700,0.1898,-1
KHAPRETA_510206,312014.860,2624430.200,129.3900,0.1381,3.0300,0.1936,-1
KHAPRETA_510206,312016.860,2624430.200,129.3600,0.0000,3.0600,0.1955,-1
KHAPRETA_510206,312020.860,2624430.200,129.4100,0.1781,3.0100,0.1923,-1
KHAPRETA_510206,312022.860,2624430.200,129.4400,0.0000,2.9800,0.1904,-1
KHAPRETA_510206,312024.860,2624430.200,129.4300,0.0000,2.9900,0.1911,-1
KHAPRETA_510206,312035.860,2624430.200,129.8700,0.0000,2.5500,0.1629,-1
KHAPRETA_510206,312039.860,2624430.200,129.8600,0.3019,2.5600,0.1636,-1
KHAPRETA_510206,312042.860,2624430.200,129.7800,0.0000,2.6400,0.1687,-1
KHAPRETA_510206,312044.860,2624430.200,129.8400,0.0650,2.5800,0.1649,-1
KHAPRETA_510206,312048.860,2624430.200,129.9100,0.0653,2.5100,0.1604,-1
KHAPRETA_510206,312049.860,2624430.200,129.8400,0.0765,2.5800,0.1649,-1
KHAPRETA_510206,312061.860,2624430.200,129.7300,0.0331,2.6900,0.1719,-1
KHAPRETA_510206,312063.860,2624430.200,129.6000,0.1226,2.8200,0.1802,-1
KHAPRETA_510206,312064.860,2624430.200,129.5400,0.0881,2.8800,0.1840,-1
KHAPRETA_510206,312073.860,2624430.200,129.8000,0.0400,2.6200,0.1674,-1
KHAPRETA_510206,312080.860,2624430.200,129.2700,0.4619,3.1500,0.2013,-1
KHAPRETA_510206,312081.860,2624430.200,130.7000,0.2892,1.7200,0.1099,-1
KHAPRETA_510206,312084.860,2624430.200,127.8000,0.0000,4.6200,0.2952,-1
KHAPRETA_510206,312090.860,2624430.200,129.6300,0.0000,2.7900,0.1783,-1
KHAPRETA_510206,312102.860,2624430.200,129.6000,0.1433,2.8200,0.1802,-1
KHAPRETA_510206,312103.860,2624430.200,129.6000,0.1245,2.8200,0.1802,-1
KHAPRETA_510206,312105.860,2624430.200,129.6400,0.0426,2.7800,0.1776,-1
KHAPRETA_510206,312106.860,2624430.200,129.8300,0.1529,2.5900,0.1655,-1
KHAPRETA_510206,312109.860,2624430.200,130.5600,0.3169,1.8600,0.1188,-1
KHAPRETA_510206,312112.860,2624430.200,130.8300,0.5819,1.5900,0.1016,-1
KHAPRETA_510206,312119.860,2624430.200,131.1900,1.0037,1.2300,0.0786,-1
KHAPRETA_510206,312120.860,2624430.200,131.3900,0.7069,1.0300,0.0658,-1
KHAPRETA_510206,312122.860,2624430.200,131.5900,0.6769,0.8300,0.0530,-1
KHAPRETA_510206,312124.860,2624430.200,131.1600,0.0000,1.2600,0.0805,-1
KHAPRETA_510206,312126.860,2624430.200,130.2100,0.0000,2.2100,0.1412,-1
KHAPRETA_510206,312134.860,2624430.200,130.6300,0.0000,1.7900,0.1144,-1
KHAPRETA_510206,312156.860,2624430.200,130.8500,0.0000,1.5700,0.1003,-1
KHAPRETA_510206,312163.860,2624430.200,130.5800,0.4419,1.8400,0.1176,-1
KHAPRETA_510206,312166.860,2624430.200,130.4900,0.0000,1.9300,0.1233,-1
KHAPRETA_510206,312170.860,2624430.200,131.1500,0.4719,1.2700,0.0812,-1
KHAPRETA_510206,312189.860,2624430.200,131.0400,0.6769,1.3800,0.0882,-1
KHAPRETA_510206,312191.860,2624430.200,131.4100,1.2530,1.0100,0.0645,-1
KHAPRETA_510206,312192.860,2624430.200,131.2400,1.2967,1.1800,0.0754,-1
KHAPRETA_510206,312194.860,2624430.200,130.7600,0.0000,1.6600,0.1061,-1
KHAPRETA_510206,312199.860,2624430.200,130.7300,0.0000,1.6900,0.1080,-1
KHAPRETA_510206,312203.860,2624430.200,131.3500,1.2615,1.0700,0.0684,-1
KHAPRETA_510206,312204.860,2624430.200,131.5800,0.7869,0.8400,0.0537,-1
KHAPRETA_510206,312207.860,2624430.200,131.8900,0.0000,0.5300,0.0339,-1
KHAPRETA_510206,312222.860,2624430.200,132.3900,0.0000,0.0300,0.0019,-1
KHAPRETA_510206,311927.860,2624431.200,131.7200,0.0000,0.7000,0.0447,-1
KHAPRETA_510206,311929.860,2624431.200,130.0000,1.1631,2.4200,0.1546,-1
KHAPRETA_510206,311935.860,2624431.200,127.4700,1.2498,4.9500,0.3163,-1
KHAPRETA_510206,311936.860,2624431.200,127.2900,1.6520,5.1300,0.3278,-1
KHAPRETA_510206,311938.860,2624431.200,127.3300,0.0000,5.0900,0.3252,-1
KHAPRETA_510206,311953.860,2624431.200,128.6200,0.0000,3.8000,0.2428,-1
KHAPRETA_510206,311957.860,2624431.200,128.3800,0.1000,4.0400,0.2581,-1
KHAPRETA_510206,311969.860,2624431.200,128.6400,0.8143,3.7800,0.2415,-1
KHAPRETA_510206,311970.860,2624431.200,128.6600,0.7963,3.7600,0.2403,-1
KHAPRETA_510206,311972.860,2624431.200,129.0700,0.0000,3.3500,0.2141,-1
KHAPRETA_510206,311974.860,2624431.200,129.0800,0.0000,3.3400,0.2134,-1
KHAPRETA_510206,311976.860,2624431.200,129.0500,0.3581,3.3700,0.2153,-1
KHAPRETA_510206,311979.860,2624431.200,129.0800,0.0000,3.3400,0.2134,-1
KHAPRETA_510206,311983.860,2624431.200,129.1300,0.3131,3.2900,0.2102,-1
KHAPRETA_510206,311990.860,2624431.200,129.1900,0.2731,3.2300,0.2064,-1
KHAPRETA_510206,311993.860,2624431.200,129.3100,0.0000,3.1100,0.1987,-1
KHAPRETA_510206,312001.860,2624431.200,129.3000,0.2331,3.1200,0.1994,-1
KHAPRETA_510206,312007.860,2624431.200,129.3400,0.0000,3.0800,0.1968,-1
KHAPRETA_510206,312012.860,2624431.200,129.3600,0.0000,3.0600,0.1955,-1
KHAPRETA_510206,312014.860,2624431.200,129.5000,0.1881,2.9200,0.1866,-1
KHAPRETA_510206,312015.860,2624431.200,129.4000,0.2253,3.0200,0.1930,-1
KHAPRETA_510206,312017.860,2624431.200,129.4200,0.0000,3.0000,0.1917,-1
KHAPRETA_510206,312019.860,2624431.200,129.5600,0.1731,2.8600,0.1827,-1
KHAPRETA_510206,312021.860,2624431.200,129.5200,0.1781,2.9000,0.1853,-1
KHAPRETA_510206,312025.860,2624431.200,129.4500,0.0781,2.9700,0.1898,-1
KHAPRETA_510206,312026.860,2624431.200,129.6200,0.1639,2.8000,0.1789,-1
KHAPRETA_510206,312028.860,2624431.200,129.7900,0.0000,2.6300,0.1681,-1
KHAPRETA_510206,312030.860,2624431.200,129.8000,0.0635,2.6200,0.1674,-1
KHAPRETA_510206,312031.860,2624431.200,129.8900,0.0260,2.5300,0.1617,-1
KHAPRETA_510206,312040.860,2624431.200,129.8700,0.0000,2.5500,0.1629,-1
KHAPRETA_510206,312043.860,2624431.200,129.9700,0.1006,2.4500,0.1565,-1
KHAPRETA_510206,312044.860,2624431.200,129.9700,0.1021,2.4500,0.1565,-1
KHAPRETA_510206,312046.860,2624431.200,129.8900,0.0000,2.5300,0.1617,-1
KHAPRETA_510206,312048.860,2624431.200,129.8900,0.0150,2.5300,0.1617,-1
KHAPRETA_510206,312050.860,2624431.200,129.8200,0.0000,2.6000,0.1661,-1
KHAPRETA_510206,312060.860,2624431.200,129.7900,0.0669,2.6300,0.1681,-1
KHAPRETA_510206,312062.860,2624431.200,129.7900,0.0331,2.6300,0.1681,-1
KHAPRETA_510206,312063.860,2624431.200,129.7100,0.0883,2.7100,0.1732,-1
KHAPRETA_510206,312065.860,2624431.200,129.6900,0.0000,2.7300,0.1744,-1
KHAPRETA_510206,312072.860,2624431.200,129.8300,0.0431,2.5900,0.1655,-1
KHAPRETA_510206,312073.860,2624431.200,129.6900,0.0320,2.7300,0.1744,-1
KHAPRETA_510206,312074.860,2624431.200,129.8700,0.0431,2.5500,0.1629,-1
KHAPRETA_510206,312077.860,2624431.200,129.2400,0.0000,3.1800,0.2032,-1
KHAPRETA_510206,312081.860,2624431.200,129.6400,0.4619,2.7800,0.1776,-1
KHAPRETA_510206,312085.860,2624431.200,129.3700,0.0000,3.0500,0.1949,-1
KHAPRETA_510206,312089.860,2624431.200,130.4100,0.0000,2.0100,0.1284,-1
KHAPRETA_510206,312091.860,2624431.200,128.0300,0.0481,4.3900,0.2805,-1
KHAPRETA_510206,312093.860,2624431.200,129.6200,0.0000,2.8000,0.1789,-1
KHAPRETA_510206,312103.860,2624431.200,129.6000,0.0881,2.8200,0.1802,-1
KHAPRETA_510206,312106.860,2624431.200,130.0500,0.4977,2.3700,0.1514,-1
KHAPRETA_510206,312107.860,2624431.200,130.7700,0.1369,1.6500,0.1054,-1
KHAPRETA_510206,312110.860,2624431.200,130.4600,0.0000,1.9600,0.1252,-1
KHAPRETA_510206,312112.860,2624431.200,130.9400,0.7962,1.4800,0.0946,-1
KHAPRETA_510206,312113.860,2624431.200,130.9700,0.5819,1.4500,0.0927,-1
KHAPRETA_510206,312115.860,2624431.200,131.0000,0.6019,1.4200,0.0907,-1
KHAPRETA_510206,312116.860,2624431.200,130.9800,0.6119,1.4400,0.0920,-1
KHAPRETA_510206,312121.860,2624431.200,130.9600,0.0000,1.4600,0.0933,-1
KHAPRETA_510206,312127.860,2624431.200,130.4500,0.0000,1.9700,0.1259,-1
KHAPRETA_510206,312129.860,2624431.200,130.6000,0.3819,1.8200,0.1163,-1
KHAPRETA_510206,312130.860,2624431.200,130.5400,0.3931,1.8800,0.1201,-1
KHAPRETA_510206,312131.860,2624431.200,130.5400,0.3819,1.8800,0.1201,-1
KHAPRETA_510206,312136.860,2624431.200,130.6900,0.0000,1.7300,0.1105,-1
KHAPRETA_510206,312139.860,2624431.200,130.7000,0.0000,1.7200,0.1099,-1
KHAPRETA_510206,312141.860,2624431.200,130.7200,0.0000,1.7000,0.1086,-1
KHAPRETA_510206,312144.860,2624431.200,130.7300,0.0000,1.6900,0.1080,-1
KHAPRETA_510206,312146.860,2624431.200,130.7700,0.0000,1.6500,0.1054,-1
KHAPRETA_510206,312148.860,2624431.200,130.8700,0.5319,1.5500,0.0990,-1
KHAPRETA_510206,312154.860,2624431.200,130.8700,0.5369,1.5500,0.0990,-1
KHAPRETA_510206,312157.860,2624431.200,130.8300,0.0000,1.5900,0.1016,-1
KHAPRETA_510206,312160.860,2624431.200,130.7900,0.0000,1.6300,0.1042,-1
KHAPRETA_510206,312163.860,2624431.200,130.6600,0.4992,1.7600,0.1125,-1
KHAPRETA_510206,312164.860,2624431.200,130.7400,0.4419,1.6800,0.1073,-1
KHAPRETA_510206,312172.860,2624431.200,132.0500,0.0000,0.3700,0.0236,-1
KHAPRETA_510206,312189.860,2624431.200,131.1300,0.0950,1.2900,0.0824,-1
KHAPRETA_510206,312193.860,2624431.200,130.8300,0.0000,1.5900,0.1016,-1
KHAPRETA_510206,312198.860,2624431.200,130.7000,0.0000,1.7200,0.1099,-1
KHAPRETA_510206,312202.860,2624431.200,131.1200,0.5819,1.3000,0.0831,-1
KHAPRETA_510206,312223.860,2624431.200,132.3600,0.0000,0.0600,0.0038,-1
KHAPRETA_510206,312228.860,2624431.200,132.3400,0.0000,0.0800,0.0051,-1
KHAPRETA_510206,312231.860,2624431.200,132.4200,0.0000,0.0000,0.0000,-1
KHAPRETA_510206,311932.860,2624432.200,127.6500,0.0000,4.7700,0.3048,-1
KHAPRETA_510206,311935.860,2624432.200,127.1900,1.1531,5.2300,0.3342,-1
KHAPRETA_510206,311954.860,2624432.200,128.6300,0.6931,3.7900,0.2422,-1
KHAPRETA_510206,311955.860,2624432.200,128.3900,0.5731,4.0300,0.2575,-1
KHAPRETA_510206,311957.860,2624432.200,128.4900,0.6981,3.9300,0.2511,-1
KHAPRETA_510206,311969.860,2624432.200,128.5900,0.5681,3.8300,0.2447,-1
KHAPRETA_510206,311971.860,2624432.200,128.7100,0.0000,3.7100,0.2371,-1
KHAPRETA_510206,311975.860,2624432.200,129.1200,0.0000,3.3000,0.2109,-1
KHAPRETA_510206,311978.860,2624432.200,129.0600,0.0000,3.3600,0.2147,-1
KHAPRETA_510206,311981.860,2624432.200,129.1200,0.3231,3.3000,0.2109,-1
KHAPRETA_510206,311982.860,2624432.200,129.1300,0.3281,3.2900,0.2102,-1
KHAPRETA_510206,311986.860,2624432.200,129.1800,0.0000,3.2400,0.2070,-1
KHAPRETA_510206,311989.860,2624432.200,129.2000,0.0000,3.2200,0.2058,-1
KHAPRETA_510206,311991.860,2624432.200,129.1700,0.2731,3.2500,0.2077,-1
KHAPRETA_510206,311996.860,2624432.200,129.2800,0.0000,3.1400,0.2006,-1
KHAPRETA_510206,312001.860,2624432.200,129.3100,0.2371,3.1100,0.1987,-1
KHAPRETA_510206,312002.860,2624432.200,129.3200,0.2331,3.1000,0.1981,-1
KHAPRETA_510206,312009.860,2624432.200,129.3400,0.0000,3.0800,0.1968,-1
KHAPRETA_510206,312014.860,2624432.200,129.3900,0.2253,3.0300,0.1936,-1
KHAPRETA_510206,312015.860,2624432.200,129.4200,0.2695,3.0000,0.1917,-1
KHAPRETA_510206,312019.860,2624432.200,129.4300,0.1081,2.9900,0.1911,-1
KHAPRETA_510206,312021.860,2624432.200,129.4200,0.2034,3.0000,0.1917,-1
KHAPRETA_510206,312022.860,2624432.200,129.4600,0.1526,2.9600,0.1891,-1
KHAPRETA_510206,312023.860,2624432.200,129.7200,0.1581,2.7000,0.1725,-1
KHAPRETA_510206,312026.860,2624432.200,129.8100,0.0781,2.6100,0.1668,-1
KHAPRETA_510206,312030.860,2624432.200,129.7200,0.0419,2.7000,0.1725,-1
KHAPRETA_510206,312031.860,2624432.200,129.7300,0.0603,2.6900,0.1719,-1
KHAPRETA_510206,312032.860,2624432.200,129.7600,0.0231,2.6600,0.1700,-1
KHAPRETA_510206,312034.860,2624432.200,129.7700,0.0000,2.6500,0.1693,-1
KHAPRETA_510206,312041.860,2624432.200,130.1300,0.0619,2.2900,0.1463,-1
KHAPRETA_510206,312042.860,2624432.200,129.9000,0.1500,2.5200,0.1610,-1
KHAPRETA_510206,312043.860,2624432.200,129.8300,0.0651,2.5900,0.1655,-1
KHAPRETA_510206,312048.860,2624432.200,129.8800,0.0610,2.5400,0.1623,-1
KHAPRETA_510206,312049.860,2624432.200,129.8200,0.0519,2.6000,0.1661,-1
KHAPRETA_510206,312051.860,2624432.200,129.8200,0.0318,2.6000,0.1661,-1
KHAPRETA_510206,312052.860,2624432.200,129.8300,0.0219,2.5900,0.1655,-1
KHAPRETA_510206,312054.860,2624432.200,129.8900,0.0000,2.5300,0.1617,-1
KHAPRETA_510206,312059.860,2624432.200,129.8000,0.0669,2.6200,0.1674,-1
KHAPRETA_510206,312060.860,2624432.200,129.9100,0.0357,2.5100,0.1604,-1
KHAPRETA_510206,312061.860,2624432.200,129.8700,0.0669,2.5500,0.1629,-1
KHAPRETA_510206,312069.860,2624432.200,129.7400,0.0000,2.6800,0.1712,-1
KHAPRETA_510206,312073.860,2624432.200,129.8500,0.0500,2.5700,0.1642,-1
KHAPRETA_510206,312076.860,2624432.200,129.4400,0.0000,2.9800,0.1904,-1
KHAPRETA_510206,312078.860,2624432.200,129.3400,0.0000,3.0800,0.1968,-1
KHAPRETA_510206,312082.860,2624432.200,131.5900,0.0000,0.8300,0.0530,-1
KHAPRETA_510206,312086.860,2624432.200,131.5500,0.2831,0.8700,0.0556,-1
KHAPRETA_510206,312087.860,2624432.200,129.2100,0.8869,3.2100,0.2051,-1
KHAPRETA_510206,312091.860,2624432.200,129.6800,1.3153,2.7400,0.1751,-1
KHAPRETA_510206,312092.860,2624432.200,129.7200,0.0481,2.7000,0.1725,-1
KHAPRETA_510206,312094.860,2624432.200,128.9900,0.2381,3.4300,0.2192,-1
KHAPRETA_510206,312096.860,2624432.200,129.4300,0.0000,2.9900,0.1911,-1
KHAPRETA_510206,312109.860,2624432.200,130.7000,0.0000,1.7200,0.1099,-1
KHAPRETA_510206,312130.860,2624432.200,130.5600,0.3819,1.8600,0.1188,-1
KHAPRETA_510206,312135.860,2624432.200,130.6400,0.0000,1.7800,0.1137,-1
KHAPRETA_510206,312137.860,2624432.200,130.7100,0.0000,1.7100,0.1093,-1
KHAPRETA_510206,312140.860,2624432.200,130.7300,0.0000,1.6900,0.1080,-1
KHAPRETA_510206,312148.860,2624432.200,130.8400,0.5469,1.5800,0.1010,-1
KHAPRETA_510206,312151.860,2624432.200,130.7200,0.5119,1.7000,0.1086,-1
KHAPRETA_510206,312154.860,2624432.200,130.8500,0.5469,1.5700,0.1003,-1
KHAPRETA_510206,312156.860,2624432.200,130.8400,0.0000,1.5800,0.1010,-1
KHAPRETA_510206,312163.860,2624432.200,130.8400,0.4419,1.5800,0.1010,-1
KHAPRETA_510206,312169.860,2624432.200,130.8500,0.5519,1.5700,0.1003,-1
KHAPRETA_510206,312170.860,2624432.200,130.8800,0.5369,1.5400,0.0984,-1
KHAPRETA_510206,312188.860,2624432.200,131.2800,1.3760,1.1400,0.0728,-1
KHAPRETA_510206,312189.860,2624432.200,130.8500,0.7539,1.5700,0.1003,-1
KHAPRETA_510206,312195.860,2624432.200,130.4700,0.4169,1.9500,0.1246,-1
KHAPRETA_510206,312196.860,2624432.200,130.6100,0.0400,1.8100,0.1157,-1
KHAPRETA_510206,312197.860,2624432.200,130.5500,0.6297,1.8700,0.1195,-1
KHAPRETA_510206,312199.860,2624432.200,131.2700,0.8953,1.1500,0.0735,-1
KHAPRETA_510206,312200.860,2624432.200,131.3500,0.2200,1.0700,0.0684,-1
KHAPRETA_510206,312201.860,2624432.200,130.8300,0.2050,1.5900,0.1016,-1
KHAPRETA_510206,312202.860,2624432.200,130.9400,0.8539,1.4800,0.0946,-1
KHAPRETA_510206,312227.860,2624432.200,132.2800,1.2669,0.1400,0.0089,-1
KHAPRETA_510206,312229.860,2624432.200,132.3700,0.0000,0.0500,0.0032,-1
KHAPRETA_510206,311930.860,2624433.200,132.3700,1.1131,0.0500,0.0032,-1
KHAPRETA_510206,311931.860,2624433.200,127.5500,1.2969,4.8700,0.3112,-1
KHAPRETA_510206,311933.860,2624433.200,127.5900,0.0000,4.8300,0.3086,-1
KHAPRETA_510206,311960.860,2624433.200,128.5500,0.0000,3.8700,0.2473,-1
KHAPRETA_510206,311964.860,2624433.200,128.5800,0.0000,3.8400,0.2454,-1
KHAPRETA_510206,311966.860,2624433.200,128.6100,0.0000,3.8100,0.2435,-1
KHAPRETA_510206,311983.860,2624433.200,129.1300,0.2931,3.2900,0.2102,-1
KHAPRETA_510206,311984.860,2624433.200,129.1900,0.3231,3.2300,0.2064,-1
KHAPRETA_510206,311990.860,2624433.200,129.2300,0.2731,3.1900,0.2038,-1
KHAPRETA_510206,311991.860,2624433.200,129.2300,0.4079,3.1900,0.2038,-1
KHAPRETA_510206,311994.860,2624433.200,129.2300,0.0000,3.1900,0.2038,-1
KHAPRETA_510206,312001.860,2624433.200,129.4300,0.2331,2.9900,0.1911,-1
KHAPRETA_510206,312017.860,2624433.200,129.4600,0.1781,2.9600,0.1891,-1
KHAPRETA_510206,312018.860,2624433.200,129.4200,0.1581,3.0000,0.1917,-1
KHAPRETA_510206,312022.860,2624433.200,129.7200,0.1581,2.7000,0.1725,-1
KHAPRETA_510206,312025.860,2624433.200,129.7000,0.0000,2.7200,0.1738,-1
KHAPRETA_510206,312028.860,2624433.200,129.8300,0.0000,2.5900,0.1655,-1
KHAPRETA_510206,312030.860,2624433.200,129.7300,0.0281,2.6900,0.1719,-1
KHAPRETA_510206,312036.860,2624433.200,129.7900,0.0000,2.6300,0.1681,-1
KHAPRETA_510206,312042.860,2624433.200,129.7800,0.0867,2.6400,0.1687,-1
KHAPRETA_510206,312043.860,2624433.200,129.9300,0.0270,2.4900,0.1591,-1
KHAPRETA_510206,312046.860,2624433.200,129.8500,0.0319,2.5700,0.1642,-1
KHAPRETA_510206,312047.860,2624433.200,129.8400,0.0369,2.5800,0.1649,-1
KHAPRETA_510206,312050.860,2624433.200,129.8200,0.0169,2.6000,0.1661,-1
KHAPRETA_510206,312051.860,2624433.200,129.8100,0.0310,2.6100,0.1668,-1
KHAPRETA_510206,312057.860,2624433.200,129.8900,0.0000,2.5300,0.1617,-1
KHAPRETA_510206,312067.860,2624433.200,129.7500,0.0581,2.6700,0.1706,-1
KHAPRETA_510206,312070.860,2624433.200,129.7400,0.0331,2.6800,0.1712,-1
KHAPRETA_510206,312073.860,2624433.200,129.7900,0.0369,2.6300,0.1681,-1
KHAPRETA_510206,312079.860,2624433.200,129.3200,1.0469,3.1000,0.1981,-1
KHAPRETA_510206,312080.860,2624433.200,131.8700,0.0350,0.5500,0.0351,-1
KHAPRETA_510206,312081.860,2624433.200,129.3900,1.0469,3.0300,0.1936,-1
KHAPRETA_510206,312089.860,2624433.200,131.0200,0.0000,1.4000,0.0895,-1
KHAPRETA_510206,312091.860,2624433.200,130.6600,0.0481,1.7600,0.1125,-1
KHAPRETA_510206,312093.860,2624433.200,130.1800,0.2381,2.2400,0.1431,-1
KHAPRETA_510206,312094.860,2624433.200,129.3000,0.4011,3.1200,0.1994,-1
KHAPRETA_510206,312095.860,2624433.200,130.3400,0.2830,2.0800,0.1329,-1
KHAPRETA_510206,312104.860,2624433.200,129.6300,0.0081,2.7900,0.1783,-1
KHAPRETA_510206,312107.860,2624433.200,130.2700,0.1169,2.1500,0.1374,-1
KHAPRETA_510206,312110.860,2624433.200,130.8200,0.0000,1.6000,0.1022,-1
KHAPRETA_510206,312118.860,2624433.200,130.8000,0.4419,1.6200,0.1035,-1
KHAPRETA_510206,312121.860,2624433.200,130.0600,0.0000,2.3600,0.1508,-1
KHAPRETA_510206,312128.860,2624433.200,130.4100,0.3719,2.0100,0.1284,-1
KHAPRETA_510206,312134.860,2624433.200,130.6300,0.0000,1.7900,0.1144,-1
KHAPRETA_510206,312141.860,2624433.200,130.7100,0.0000,1.7100,0.1093,-1
KHAPRETA_510206,312143.860,2624433.200,130.7400,0.0000,1.6800,0.1073,-1
KHAPRETA_510206,312147.860,2624433.200,130.8000,0.0000,1.6200,0.1035,-1
KHAPRETA_510206,312151.860,2624433.200,130.8000,0.0700,1.6200,0.1035,-1
KHAPRETA_510206,312153.860,2624433.200,130.8200,0.0000,1.6000,0.1022,-1
KHAPRETA_510206,312155.860,2624433.200,130.8300,0.0000,1.5900,0.1016,-1
KHAPRETA_510206,312157.860,2624433.200,130.8200,0.0000,1.6000,0.1022,-1
KHAPRETA_510206,312161.860,2624433.200,130.6300,0.0000,1.7900,0.1144,-1
KHAPRETA_510206,312168.860,2624433.200,130.8600,0.0000,1.5600,0.0997,-1
KHAPRETA_510206,312188.860,2624433.200,132.3100,1.0494,0.1100,0.0070,-1
KHAPRETA_510206,312189.860,2624433.200,131.2400,1.2692,1.1800,0.0754,-1
KHAPRETA_510206,312197.860,2624433.200,130.7200,0.8235,1.7000,0.1086,-1
KHAPRETA_510206,312198.860,2624433.200,131.2300,0.7084,1.1900,0.0760,-1
KHAPRETA_510206,312199.860,2624433.200,130.6300,1.0423,1.7900,0.1144,-1
KHAPRETA_510206,312205.860,2624433.200,131.3100,1.2315,1.1100,0.0709,-1
KHAPRETA_510206,312206.860,2624433.200,132.0900,0.7669,0.3300,0.0211,-1
KHAPRETA_510206,312227.860,2624433.200,132.3100,1.2519,0.1100,0.0070,-1
KHAPRETA_510206,311932.860,2624434.200,127.5400,0.9669,4.8800,0.3118,-1
KHAPRETA_510206,311957.860,2624434.200,128.5400,0.0000,3.8800,0.2479,-1
KHAPRETA_510206,311963.860,2624434.200,128.6000,0.0000,3.8200,0.2441,-1
KHAPRETA_510206,311968.860,2624434.200,128.6600,0.0000,3.7600,0.2403,-1
KHAPRETA_510206,311971.860,2624434.200,128.6500,0.5581,3.7700,0.2409,-1
KHAPRETA_510206,311975.860,2624434.200,129.1300,0.0000,3.2900,0.2102,-1
KHAPRETA_510206,311980.860,2624434.200,129.1100,0.2881,3.3100,0.2115,-1
KHAPRETA_510206,311982.860,2624434.200,129.1400,0.3131,3.2800,0.2096,-1
KHAPRETA_510206,311995.860,2624434.200,129.2600,0.0000,3.1600,0.2019,-1
KHAPRETA_510206,311998.860,2624434.200,129.2400,0.2331,3.1800,0.2032,-1
KHAPRETA_510206,311999.860,2624434.200,129.3100,0.2681,3.1100,0.1987,-1
KHAPRETA_510206,312002.860,2624434.200,129.2900,0.0000,3.1300,0.2000,-1
KHAPRETA_510206,312006.860,2624434.200,129.3400,0.0000,3.0800,0.1968,-1
KHAPRETA_510206,312015.860,2624434.200,129.4200,0.1031,3.0000,0.1917,-1
KHAPRETA_510206,312021.860,2624434.200,129.6700,0.0000,2.7500,0.1757,-1
KHAPRETA_510206,312031.860,2624434.200,129.7200,0.0231,2.7000,0.1725,-1
KHAPRETA_510206,312034.860,2624434.200,129.8100,0.0000,2.6100,0.1668,-1
KHAPRETA_510206,312038.860,2624434.200,129.8500,0.0219,2.5700,0.1642,-1
KHAPRETA_510206,312039.860,2624434.200,129.8200,0.0200,2.6000,0.1661,-1
KHAPRETA_510206,312040.860,2624434.200,129.8900,0.0150,2.5300,0.1617,-1
KHAPRETA_510206,312041.860,2624434.200,129.8500,0.0350,2.5700,0.1642,-1
KHAPRETA_510206,312042.860,2624434.200,129.8200,0.0748,2.6000,0.1661,-1
KHAPRETA_510206,312044.860,2624434.200,129.8000,0.0169,2.6200,0.1674,-1
KHAPRETA_510206,312048.860,2624434.200,129.7900,0.0000,2.6300,0.1681,-1
KHAPRETA_510206,312060.860,2624434.200,129.8500,0.0593,2.5700,0.1642,-1
KHAPRETA_510206,312061.860,2624434.200,129.8600,0.0597,2.5600,0.1636,-1
KHAPRETA_510206,312067.860,2624434.200,129.6600,0.0131,2.7600,0.1764,-1
KHAPRETA_510206,312070.860,2624434.200,129.7100,0.0181,2.7100,0.1732,-1
KHAPRETA_510206,312075.860,2624434.200,129.8700,0.0000,2.5500,0.1629,-1
KHAPRETA_510206,312092.860,2624434.200,131.6400,0.0000,0.7800,0.0498,-1
KHAPRETA_510206,312095.860,2624434.200,129.4700,0.3500,2.9500,0.1885,-1
KHAPRETA_510206,312104.860,2624434.200,129.7600,0.0731,2.6600,0.1700,-1
KHAPRETA_510206,312106.860,2624434.200,129.7800,0.1169,2.6400,0.1687,-1
KHAPRETA_510206,312107.860,2624434.200,130.0100,0.3274,2.4100,0.1540,-1
KHAPRETA_510206,312108.860,2624434.200,130.2100,0.1169,2.2100,0.1412,-1
KHAPRETA_510206,312111.860,2624434.200,130.8100,0.0000,1.6100,0.1029,-1
KHAPRETA_510206,312114.860,2624434.200,131.0100,0.5319,1.4100,0.0901,-1
KHAPRETA_510206,312115.860,2624434.200,130.8400,0.4139,1.5800,0.1010,-1
KHAPRETA_510206,312116.860,2624434.200,131.0900,0.5319,1.3300,0.0850,-1
KHAPRETA_510206,312118.860,2624434.200,130.6600,0.5119,1.7600,0.1125,-1
KHAPRETA_510206,312120.860,2624434.200,130.0300,0.0000,2.3900,0.1527,-1
KHAPRETA_510206,312122.860,2624434.200,130.3300,0.0000,2.0900,0.1335,-1
KHAPRETA_510206,312124.860,2624434.200,130.3100,0.2919,2.1100,0.1348,-1
KHAPRETA_510206,312128.860,2624434.200,130.5200,0.3169,1.9000,0.1214,-1
KHAPRETA_510206,312130.860,2624434.200,130.4600,0.3469,1.9600,0.1252,-1
KHAPRETA_510206,312133.860,2624434.200,130.6500,0.4069,1.7700,0.1131,-1
KHAPRETA_510206,312144.860,2624434.200,130.7200,0.0000,1.7000,0.1086,-1
KHAPRETA_510206,312151.860,2624434.200,130.8600,0.5119,1.5600,0.0997,-1
KHAPRETA_510206,312156.860,2624434.200,130.6900,0.0000,1.7300,0.1105,-1
KHAPRETA_510206,312163.860,2624434.200,130.8300,0.7526,1.5900,0.1016,-1
KHAPRETA_510206,312164.860,2624434.200,130.8700,0.5269,1.5500,0.0990,-1
KHAPRETA_510206,312167.860,2624434.200,130.8900,0.0000,1.5300,0.0978,-1
KHAPRETA_510206,312170.860,2624434.200,130.8700,0.5469,1.5500,0.0990,-1
KHAPRETA_510206,312189.860,2624434.200,130.7000,0.7319,1.7200,0.1099,-1
KHAPRETA_510206,312198.860,2624434.200,131.1900,0.7269,1.2300,0.0786,-1
KHAPRETA_510206,312202.860,2624434.200,130.7800,0.4719,1.6400,0.1048,-1
KHAPRETA_510206,312203.860,2624434.200,130.7200,0.0350,1.7000,0.1086,-1
KHAPRETA_510206,312204.860,2624434.200,130.7100,0.0500,1.7100,0.1093,-1
KHAPRETA_510206,312205.860,2624434.200,130.6200,0.5958,1.8000,0.1150,-1
KHAPRETA_510206,312213.860,2624434.200,131.9600,0.0000,0.4600,0.0294,-1
KHAPRETA_510206,312223.860,2624434.200,132.4100,0.0000,0.0100,0.0006,-1
KHAPRETA_510206,312225.860,2624434.200,132.3500,0.0000,0.0700,0.0045,-1
KHAPRETA_510206,311932.860,2624435.200,131.7100,1.1181,0.7100,0.0454,-1
KHAPRETA_510206,311954.860,2624435.200,128.4600,0.9095,3.9600,0.2530,-1
KHAPRETA_510206,311955.860,2624435.200,128.5000,0.0200,3.9200,0.2505,-1
KHAPRETA_510206,311956.860,2624435.200,128.5000,0.8953,3.9200,0.2505,-1
KHAPRETA_510206,311964.860,2624435.200,128.6000,0.0000,3.8200,0.2441,-1
KHAPRETA_510206,311966.860,2624435.200,128.6000,0.5681,3.8200,0.2441,-1
KHAPRETA_510206,311967.860,2624435.200,128.6400,0.5881,3.7800,0.2415,-1
KHAPRETA_510206,311969.860,2624435.200,128.6400,0.0000,3.7800,0.2415,-1
KHAPRETA_510206,311971.860,2624435.200,128.6600,0.0050,3.7600,0.2403,-1
KHAPRETA_510206,311980.860,2624435.200,129.2000,0.4640,3.2200,0.2058,-1
KHAPRETA_510206,311981.860,2624435.200,129.1300,0.0250,3.2900,0.2102,-1
KHAPRETA_510206,311982.860,2624435.200,129.1500,0.0112,3.2700,0.2089,-1
KHAPRETA_510206,311983.860,2624435.200,129.1100,0.3131,3.3100,0.2115,-1
KHAPRETA_510206,311989.860,2624435.200,129.1900,0.2381,3.2300,0.2064,-1
KHAPRETA_510206,311990.860,2624435.200,129.3000,0.4006,3.1200,0.1994,-1
KHAPRETA_510206,311997.860,2624435.200,129.2700,0.2531,3.1500,0.2013,-1
KHAPRETA_510206,312001.860,2624435.200,129.2700,0.2381,3.1500,0.2013,-1
KHAPRETA_510206,312010.860,2624435.200,129.4000,0.2031,3.0200,0.1930,-1
KHAPRETA_510206,312011.860,2624435.200,129.3700,0.1881,3.0500,0.1949,-1
KHAPRETA_510206,312014.860,2624435.200,129.4100,0.1031,3.0100,0.1923,-1
KHAPRETA_510206,312015.860,2624435.200,129.5700,0.2217,2.8500,0.1821,-1
KHAPRETA_510206,312019.860,2624435.200,129.7900,0.0000,2.6300,0.1681,-1
KHAPRETA_510206,312025.860,2624435.200,129.7300,0.0481,2.6900,0.1719,-1
KHAPRETA_510206,312029.860,2624435.200,129.9600,0.0000,2.4600,0.1572,-1
KHAPRETA_510206,312031.860,2624435.200,129.7300,0.0100,2.6900,0.1719,-1
KHAPRETA_510206,312036.860,2624435.200,129.9000,0.0019,2.5200,0.1610,-1
KHAPRETA_510206,312042.860,2624435.200,129.9100,0.0219,2.5100,0.1604,-1
KHAPRETA_510206,312044.860,2624435.200,129.8100,0.0422,2.6100,0.1668,-1
KHAPRETA_510206,312045.860,2624435.200,129.8600,0.0169,2.5600,0.1636,-1
KHAPRETA_510206,312047.860,2624435.200,129.8200,0.0000,2.6000,0.1661,-1
KHAPRETA_510206,312050.860,2624435.200,129.8400,0.0000,2.5800,0.1649,-1
KHAPRETA_510206,312056.860,2624435.200,129.8000,0.0169,2.6200,0.1674,-1
KHAPRETA_510206,312057.860,2624435.200,129.8100,0.0417,2.6100,0.1668,-1
KHAPRETA_510206,312058.860,2624435.200,129.7200,0.0240,2.7000,0.1725,-1
KHAPRETA_510206,312060.860,2624435.200,129.8600,0.0597,2.5600,0.1636,-1
KHAPRETA_510206,312061.860,2624435.200,129.8700,0.0431,2.5500,0.1629,-1
KHAPRETA_510206,312062.860,2624435.200,129.8400,0.0469,2.5800,0.1649,-1
KHAPRETA_510206,312065.860,2624435.200,129.7800,0.0719,2.6400,0.1687,-1
KHAPRETA_510206,312066.860,2624435.200,129.9200,0.0520,2.5000,0.1597,-1
KHAPRETA_510206,312068.860,2624435.200,129.7700,0.0000,2.6500,0.1693,-1
KHAPRETA_510206,312071.860,2624435.200,129.6700,0.0000,2.7500,0.1757,-1
KHAPRETA_510206,312076.860,2624435.200,129.9600,0.0000,2.4600,0.1572,-1
KHAPRETA_510206,312081.860,2624435.200,129.4300,0.0000,2.9900,0.1911,-1
KHAPRETA_510206,312093.860,2624435.200,132.3000,0.7369,0.1200,0.0077,-1
KHAPRETA_510206,312094.860,2624435.200,131.2500,1.3300,1.1700,0.0748,-1
KHAPRETA_510206,312095.860,2624435.200,129.6400,0.7527,2.7800,0.1776,-1
KHAPRETA_510206,312099.860,2624435.200,129.5300,0.1231,2.8900,0.1847,-1
KHAPRETA_510206,312100.860,2624435.200,129.5300,0.1231,2.8900,0.1847,-1
KHAPRETA_510206,312105.860,2624435.200,129.7200,0.0000,2.7000,0.1725,-1
KHAPRETA_510206,312113.860,2624435.200,130.6300,0.6019,1.7900,0.1144,-1
KHAPRETA_510206,312115.860,2624435.200,130.6000,0.5319,1.8200,0.1163,-1
KHAPRETA_510206,312117.860,2624435.200,130.6500,0.0000,1.7700,0.1131,-1
KHAPRETA_510206,312119.860,2624435.200,130.0200,0.2519,2.4000,0.1534,-1
KHAPRETA_510206,312124.860,2624435.200,130.3600,0.2669,2.0600,0.1316,-1
KHAPRETA_510206,312126.860,2624435.200,130.5400,0.0000,1.8800,0.1201,-1
KHAPRETA_510206,312130.860,2624435.200,130.4700,0.3419,1.9500,0.1246,-1
KHAPRETA_510206,312133.860,2624435.200,130.5900,0.4369,1.8300,0.1169,-1
KHAPRETA_510206,312138.860,2624435.200,130.6500,0.0000,1.7700,0.1131,-1
KHAPRETA_510206,312140.860,2624435.200,130.6800,0.0000,1.7400,0.1112,-1
KHAPRETA_510206,312148.860,2624435.200,130.8000,0.5219,1.6200,0.1035,-1
KHAPRETA_510206,312149.860,2624435.200,130.8200,0.0050,1.6000,0.1022,-1
KHAPRETA_510206,312150.860,2624435.200,130.8100,0.5219,1.6100,0.1029,-1
KHAPRETA_510206,312160.860,2624435.200,130.7600,0.0000,1.6600,0.1061,-1
KHAPRETA_510206,312163.860,2624435.200,130.8100,0.5269,1.6100,0.1029,-1
KHAPRETA_510206,312165.860,2624435.200,130.8400,0.0000,1.5800,0.1010,-1
KHAPRETA_510206,312168.860,2624435.200,130.8700,0.0000,1.5500,0.0990,-1
KHAPRETA_510206,312170.860,2624435.200,130.8700,0.5372,1.5500,0.0990,-1
KHAPRETA_510206,312171.860,2624435.200,130.8500,0.5469,1.5700,0.1003,-1
KHAPRETA_510206,312173.860,2624435.200,130.9300,0.0000,1.4900,0.0952,-1
KHAPRETA_510206,312187.860,2624435.200,131.2700,0.5419,1.1500,0.0735,-1
KHAPRETA_510206,312205.860,2624435.200,130.5700,0.4219,1.8500,0.1182,-1
KHAPRETA_510206,312208.860,2624435.200,130.9900,0.4419,1.4300,0.0914,-1
KHAPRETA_510206,312229.860,2624435.200,132.3900,0.0000,0.0300,0.0019,-1
KHAPRETA_510206,311945.860,2624436.200,128.3600,0.5781,4.0600,0.2594,-1
KHAPRETA_510206,311950.860,2624436.200,128.4100,0.0000,4.0100,0.2562,-1
KHAPRETA_510206,311953.860,2624436.200,128.5000,0.6481,3.9200,0.2505,-1
KHAPRETA_510206,311954.860,2624436.200,128.4800,0.9166,3.9400,0.2518,-1
KHAPRETA_510206,311956.860,2624436.200,128.5200,0.6381,3.9000,0.2492,-1
KHAPRETA_510206,311961.860,2624436.200,128.6000,0.0000,3.8200,0.2441,-1
KHAPRETA_510206,311971.860,2624436.200,128.6600,0.7683,3.7600,0.2403,-1
KHAPRETA_510206,311972.860,2624436.200,128.7200,0.7857,3.7000,0.2364,-1
KHAPRETA_510206,311974.860,2624436.200,128.7700,0.0000,3.6500,0.2332,-1
KHAPRETA_510206,311982.860,2624436.200,129.1300,0.3131,3.2900,0.2102,-1
KHAPRETA_510206,311990.860,2624436.200,129.2300,0.2381,3.1900,0.2038,-1
KHAPRETA_510206,311992.860,2624436.200,129.2600,0.2881,3.1600,0.2019,-1
KHAPRETA_510206,311993.860,2624436.200,129.2000,0.2581,3.2200,0.2058,-1
KHAPRETA_510206,311995.860,2624436.200,129.2900,0.0000,3.1300,0.2000,-1
KHAPRETA_510206,311997.860,2624436.200,129.2700,0.2531,3.1500,0.2013,-1
KHAPRETA_510206,311999.860,2624436.200,129.3500,0.2381,3.0700,0.1962,-1
KHAPRETA_510206,312001.860,2624436.200,129.3000,0.2531,3.1200,0.1994,-1
KHAPRETA_510206,312015.860,2624436.200,129.6700,0.1031,2.7500,0.1757,-1
KHAPRETA_510206,312020.860,2624436.200,129.8600,0.1821,2.5600,0.1636,-1
KHAPRETA_510206,312021.860,2624436.200,129.6900,0.0650,2.7300,0.1744,-1
KHAPRETA_510206,312022.860,2624436.200,129.7300,0.1019,2.6900,0.1719,-1
KHAPRETA_510206,312023.860,2624436.200,129.8800,0.0409,2.5400,0.1623,-1
KHAPRETA_510206,312024.860,2624436.200,129.7000,0.1000,2.7200,0.1738,-1
KHAPRETA_510206,312025.860,2624436.200,129.6800,0.0445,2.7400,0.1751,-1
KHAPRETA_510206,312030.860,2624436.200,129.7200,0.0503,2.7000,0.1725,-1
KHAPRETA_510206,312031.860,2624436.200,129.7400,0.0363,2.6800,0.1712,-1
KHAPRETA_510206,312036.860,2624436.200,129.7800,0.0620,2.6400,0.1687,-1
KHAPRETA_510206,312037.860,2624436.200,129.7800,0.0019,2.6400,0.1687,-1
KHAPRETA_510206,312044.860,2624436.200,129.7900,0.0169,2.6300,0.1681,-1
KHAPRETA_510206,312046.860,2624436.200,129.7800,0.0000,2.6400,0.1687,-1
KHAPRETA_510206,312053.860,2624436.200,129.8400,0.0000,2.5800,0.1649,-1
KHAPRETA_510206,312057.860,2624436.200,129.8000,0.0240,2.6200,0.1674,-1
KHAPRETA_510206,312058.860,2624436.200,129.8100,0.0305,2.6100,0.1668,-1
KHAPRETA_510206,312066.860,2624436.200,129.8800,0.0719,2.5400,0.1623,-1
KHAPRETA_510206,312069.860,2624436.200,129.8000,0.0031,2.6200,0.1674,-1
KHAPRETA_510206,312070.860,2624436.200,129.7700,0.0119,2.6500,0.1693,-1
KHAPRETA_510206,312075.860,2624436.200,129.8000,0.0331,2.6200,0.1674,-1
KHAPRETA_510206,312079.860,2624436.200,129.7300,0.0000,2.6900,0.1719,-1
KHAPRETA_510206,312098.860,2624436.200,129.4700,0.0000,2.9500,0.1885,-1
KHAPRETA_510206,312104.860,2624436.200,129.6000,0.0000,2.8200,0.1802,-1
KHAPRETA_510206,312107.860,2624436.200,129.8100,0.0019,2.6100,0.1668,-1
KHAPRETA_510206,312113.860,2624436.200,130.9800,0.4269,1.4400,0.0920,-1
KHAPRETA_510206,312119.860,2624436.200,130.2800,0.1219,2.1400,0.1367,-1
KHAPRETA_510206,312121.860,2624436.200,130.2800,0.2869,2.1400,0.1367,-1
KHAPRETA_510206,312122.860,2624436.200,130.3500,0.3671,2.0700,0.1323,-1
KHAPRETA_510206,312137.860,2624436.200,130.5900,0.0000,1.8300,0.1169,-1
KHAPRETA_510206,312141.860,2624436.200,130.6300,0.0000,1.7900,0.1144,-1
KHAPRETA_510206,312144.860,2624436.200,130.6900,0.0000,1.7300,0.1105,-1
KHAPRETA_510206,312146.860,2624436.200,130.7200,0.0000,1.7000,0.1086,-1
KHAPRETA_510206,312153.860,2624436.200,130.7400,0.5019,1.6800,0.1073,-1
KHAPRETA_510206,312154.860,2624436.200,130.7800,0.4819,1.6400,0.1048,-1
KHAPRETA_510206,312170.860,2624436.200,130.8400,0.5469,1.5800,0.1010,-1
KHAPRETA_510206,312172.860,2624436.200,130.8700,0.0000,1.5500,0.0990,-1
KHAPRETA_510206,312187.860,2624436.200,130.8600,0.3000,1.5600,0.0997,-1
KHAPRETA_510206,312190.860,2624436.200,130.2500,0.1719,2.1700,0.1387,-1
KHAPRETA_510206,312201.860,2624436.200,130.5900,0.0000,1.8300,0.1169,-1
KHAPRETA_510206,312208.860,2624436.200,130.6600,0.6069,1.7600,0.1125,-1
KHAPRETA_510206,311939.860,2624437.200,130.5900,0.7719,1.8300,0.1169,-1
KHAPRETA_510206,311940.860,2624437.200,131.3200,0.4069,1.1000,0.0703,-1
KHAPRETA_510206,311943.860,2624437.200,129.4700,0.0619,2.9500,0.1885,-1
KHAPRETA_510206,311944.860,2624437.200,129.9000,0.4250,2.5200,0.1610,-1
KHAPRETA_510206,311945.860,2624437.200,128.6200,0.0651,3.8000,0.2428,-1
KHAPRETA_510206,311951.860,2624437.200,128.8200,0.0000,3.6000,0.2300,-1
KHAPRETA_510206,311960.860,2624437.200,128.6000,0.0000,3.8200,0.2441,-1
KHAPRETA_510206,311970.860,2624437.200,128.6600,0.0000,3.7600,0.2403,-1
KHAPRETA_510206,311972.860,2624437.200,128.6700,0.0200,3.7500,0.2396,-1
KHAPRETA_510206,311979.860,2624437.200,129.1200,0.4569,3.3000,0.2109,-1
KHAPRETA_510206,311980.860,2624437.200,129.1300,0.3281,3.2900,0.2102,-1
KHAPRETA_510206,311985.860,2624437.200,129.1200,0.0000,3.3000,0.2109,-1
KHAPRETA_510206,311999.860,2624437.200,129.3000,0.2131,3.1200,0.1994,-1
KHAPRETA_510206,312004.860,2624437.200,129.3400,0.2331,3.0800,0.1968,-1
KHAPRETA_510206,312005.860,2624437.200,129.3100,0.2980,3.1100,0.1987,-1
KHAPRETA_510206,312011.860,2624437.200,129.6600,0.0000,2.7600,0.1764,-1
KHAPRETA_510206,312013.860,2624437.200,130.2600,0.0000,2.1600,0.1380,-1
KHAPRETA_510206,312020.860,2624437.200,130.1300,0.0419,2.2900,0.1463,-1
KHAPRETA_510206,312022.860,2624437.200,129.8500,0.0445,2.5700,0.1642,-1
KHAPRETA_510206,312023.860,2624437.200,129.7000,0.0927,2.7200,0.1738,-1
KHAPRETA_510206,312030.860,2624437.200,129.8700,0.0100,2.5500,0.1629,-1
KHAPRETA_510206,312039.860,2624437.200,129.7700,0.0000,2.6500,0.1693,-1
KHAPRETA_510206,312051.860,2624437.200,129.8300,0.0000,2.5900,0.1655,-1
KHAPRETA_510206,312059.860,2624437.200,129.7800,0.0000,2.6400,0.1687,-1
KHAPRETA_510206,312064.860,2624437.200,129.8200,0.0000,2.6000,0.1661,-1
KHAPRETA_510206,312067.860,2624437.200,129.9000,0.1238,2.5200,0.1610,-1
KHAPRETA_510206,312068.860,2624437.200,129.9700,0.0619,2.4500,0.1565,-1
KHAPRETA_510206,312072.860,2624437.200,129.7800,0.0969,2.6400,0.1687,-1
KHAPRETA_510206,312075.860,2624437.200,129.7100,0.0100,2.7100,0.1732,-1
KHAPRETA_510206,312077.860,2624437.200,129.9300,0.0569,2.4900,0.1591,-1
KHAPRETA_510206,312078.860,2624437.200,129.8900,0.1442,2.5300,0.1617,-1
KHAPRETA_510206,312094.860,2624437.200,132.0600,0.7619,0.3600,0.0230,-1
KHAPRETA_510206,312097.860,2624437.200,129.5000,0.1731,2.9200,0.1866,-1
KHAPRETA_510206,312099.860,2624437.200,129.4700,0.1581,2.9500,0.1885,-1
KHAPRETA_510206,312101.860,2624437.200,129.5700,0.1181,2.8500,0.1821,-1
KHAPRETA_510206,312102.860,2624437.200,129.5400,0.1031,2.8800,0.1840,-1
KHAPRETA_510206,312107.860,2624437.200,129.7800,0.0169,2.6400,0.1687,-1
KHAPRETA_510206,312110.860,2624437.200,130.3300,0.0519,2.0900,0.1335,-1
KHAPRETA_510206,312111.860,2624437.200,129.8800,0.1600,2.5400,0.1623,-1
KHAPRETA_510206,312112.860,2624437.200,130.0100,0.0637,2.4100,0.1540,-1
KHAPRETA_510206,312115.860,2624437.200,130.1500,0.2119,2.2700,0.1450,-1
KHAPRETA_510206,312117.860,2624437.200,130.2300,0.1819,2.1900,0.1399,-1
KHAPRETA_510206,312118.860,2624437.200,130.1400,0.2269,2.2800,0.1457,-1
KHAPRETA_510206,312122.860,2624437.200,130.3100,0.0250,2.1100,0.1348,-1
KHAPRETA_510206,312124.860,2624437.200,130.4000,0.0000,2.0200,0.1291,-1
KHAPRETA_510206,312132.860,2624437.200,130.5200,0.0000,1.9000,0.1214,-1
KHAPRETA_510206,312140.860,2624437.200,130.6500,0.0000,1.7700,0.1131,-1
KHAPRETA_510206,312143.860,2624437.200,130.6900,0.4569,1.7300,0.1105,-1
KHAPRETA_510206,312145.860,2624437.200,130.6900,0.0000,1.7300,0.1105,-1
KHAPRETA_510206,312150.860,2624437.200,130.7600,0.0000,1.6600,0.1061,-1
KHAPRETA_510206,312152.860,2624437.200,130.7200,0.4669,1.7000,0.1086,-1
KHAPRETA_510206,312157.860,2624437.200,130.5300,0.5519,1.8900,0.1208,-1
KHAPRETA_510206,312158.860,2624437.200,130.8800,0.3769,1.5400,0.0984,-1
KHAPRETA_510206,312161.860,2624437.200,130.9400,0.5969,1.4800,0.0946,-1
KHAPRETA_510206,312165.860,2624437.200,130.8200,0.4969,1.6000,0.1022,-1
KHAPRETA_510206,312166.860,2624437.200,130.7700,0.0050,1.6500,0.1054,-1
KHAPRETA_510206,312167.860,2624437.200,130.8100,0.4969,1.6100,0.1029,-1
KHAPRETA_510206,312185.860,2624437.200,130.4300,0.3319,1.9900,0.1272,-1
KHAPRETA_510206,312186.860,2624437.200,130.4400,0.1200,1.9800,0.1265,-1
KHAPRETA_510206,312187.860,2624437.200,130.6700,0.3955,1.7500,0.1118,-1
KHAPRETA_510206,312189.860,2624437.200,130.3000,0.1719,2.1200,0.1355,-1
KHAPRETA_510206,312190.860,2624437.200,130.1200,0.3532,2.3000,0.1470,-1
KHAPRETA_510206,312192.860,2624437.200,130.1200,0.0000,2.3000,0.1470,-1
KHAPRETA_510206,312197.860,2624437.200,132.1100,0.0000,0.3100,0.0198,-1
KHAPRETA_510206,312199.860,2624437.200,130.0700,0.0000,2.3500,0.1502,-1
KHAPRETA_510206,312223.860,2624437.200,132.3900,0.0000,0.0300,0.0019,-1
KHAPRETA_510206,311934.860,2624438.200,131.9300,0.0000,0.4900,0.0313,-1
KHAPRETA_510206,311936.860,2624438.200,132.2700,0.0000,0.1500,0.0096,-1
KHAPRETA_510206,311945.860,2624438.200,128.4000,1.0058,4.0200,0.2569,-1
KHAPRETA_510206,311946.860,2624438.200,128.1300,1.0017,4.2900,0.2741,-1
KHAPRETA_510206,311949.860,2624438.200,128.4900,0.9414,3.9300,0.2511,-1
KHAPRETA_510206,311950.860,2624438.200,128.4700,0.6431,3.9500,0.2524,-1
KHAPRETA_510206,311959.860,2624438.200,128.6000,0.0000,3.8200,0.2441,-1
KHAPRETA_510206,311963.860,2624438.200,128.5500,0.0000,3.8700,0.2473,-1
KHAPRETA_510206,311967.860,2624438.200,128.6200,0.5581,3.8000,0.2428,-1
KHAPRETA_510206,311969.860,2624438.200,128.6700,0.5531,3.7500,0.2396,-1
KHAPRETA_510206,311972.860,2624438.200,128.7600,0.5531,3.6600,0.2339,-1
KHAPRETA_510206,311979.860,2624438.200,129.1300,0.0050,3.2900,0.2102,-1
KHAPRETA_510206,311982.860,2624438.200,129.1300,0.0000,3.2900,0.2102,-1
KHAPRETA_510206,311987.860,2624438.200,129.2200,0.0000,3.2000,0.2045,-1
KHAPRETA_510206,311992.860,2624438.200,129.2400,0.2681,3.1800,0.2032,-1
KHAPRETA_510206,311994.860,2624438.200,129.2400,0.2581,3.1800,0.2032,-1
KHAPRETA_510206,311995.860,2624438.200,129.2600,0.0150,3.1600,0.2019,-1
KHAPRETA_510206,311996.860,2624438.200,129.2700,0.2581,3.1500,0.2013,-1
KHAPRETA_510206,312001.860,2624438.200,129.4000,0.3155,3.0200,0.1930,-1
KHAPRETA_510206,312002.860,2624438.200,129.3300,0.2918,3.0900,0.1974,-1
KHAPRETA_510206,312005.860,2624438.200,129.3700,0.2331,3.0500,0.1949,-1
KHAPRETA_510206,312008.860,2624438.200,129.5800,0.0981,2.8400,0.1815,-1
KHAPRETA_510206,312015.860,2624438.200,129.6700,0.0481,2.7500,0.1757,-1
KHAPRETA_510206,312019.860,2624438.200,129.7100,0.0269,2.7100,0.1732,-1
KHAPRETA_510206,312023.860,2624438.200,129.7100,0.1550,2.7100,0.1732,-1
KHAPRETA_510206,312025.860,2624438.200,129.7200,0.0181,2.7000,0.1725,-1
KHAPRETA_510206,312030.860,2624438.200,129.7000,0.0469,2.7200,0.1738,-1
KHAPRETA_510206,312034.860,2624438.200,129.7700,0.0000,2.6500,0.1693,-1
KHAPRETA_510206,312038.860,2624438.200,129.8200,0.0000,2.6000,0.1661,-1
KHAPRETA_510206,312044.860,2624438.200,129.8100,0.0000,2.6100,0.1668,-1
KHAPRETA_510206,312047.860,2624438.200,129.8000,0.0269,2.6200,0.1674,-1
KHAPRETA_510206,312048.860,2624438.200,129.8300,0.0119,2.5900,0.1655,-1
KHAPRETA_510206,312050.860,2624438.200,129.8900,0.0000,2.5300,0.1617,-1
KHAPRETA_510206,312054.860,2624438.200,129.8800,0.0000,2.5400,0.1623,-1
KHAPRETA_510206,312056.860,2624438.200,129.9100,0.0319,2.5100,0.1604,-1
KHAPRETA_510206,312057.860,2624438.200,129.8400,0.0765,2.5800,0.1649,-1
KHAPRETA_510206,312067.860,2624438.200,129.9300,0.0619,2.4900,0.1591,-1
KHAPRETA_510206,312071.860,2624438.200,129.9200,0.0969,2.5000,0.1597,-1
KHAPRETA_510206,312072.860,2624438.200,129.9700,0.0876,2.4500,0.1565,-1
KHAPRETA_510206,312075.860,2624438.200,129.8200,0.0331,2.6000,0.1661,-1
KHAPRETA_510206,312078.860,2624438.200,130.0200,0.1226,2.4000,0.1534,-1
KHAPRETA_510206,312079.860,2624438.200,129.9900,0.0800,2.4300,0.1553,-1
KHAPRETA_510206,312080.860,2624438.200,129.8600,0.1302,2.5600,0.1636,-1
KHAPRETA_510206,312081.860,2624438.200,129.7300,0.1571,2.6900,0.1719,-1
KHAPRETA_510206,312082.860,2624438.200,129.7100,0.0231,2.7100,0.1732,-1
KHAPRETA_510206,312093.860,2624438.200,132.3000,0.7619,0.1200,0.0077,-1
KHAPRETA_510206,312094.860,2624438.200,131.3000,1.7019,1.1200,0.0716,-1
KHAPRETA_510206,312097.860,2624438.200,129.4300,0.1350,2.9900,0.1911,-1
KHAPRETA_510206,312099.860,2624438.200,129.4600,0.1531,2.9600,0.1891,-1
KHAPRETA_510206,312103.860,2624438.200,129.6100,0.0000,2.8100,0.1796,-1
KHAPRETA_510206,312112.860,2624438.200,129.8500,0.1169,2.5700,0.1642,-1
KHAPRETA_510206,312115.860,2624438.200,130.2000,0.1869,2.2200,0.1419,-1
KHAPRETA_510206,312122.860,2624438.200,130.3000,0.4338,2.1200,0.1355,-1
KHAPRETA_510206,312123.860,2624438.200,130.4600,0.3704,1.9600,0.1252,-1
KHAPRETA_510206,312127.860,2624438.200,130.4100,0.3569,2.0100,0.1284,-1
KHAPRETA_510206,312128.860,2624438.200,130.4900,0.3223,1.9300,0.1233,-1
KHAPRETA_510206,312129.860,2624438.200,130.4400,0.4943,1.9800,0.1265,-1
KHAPRETA_510206,312138.860,2624438.200,130.6700,0.0000,1.7500,0.1118,-1
KHAPRETA_510206,312143.860,2624438.200,130.6900,0.4569,1.7300,0.1105,-1
KHAPRETA_510206,312146.860,2624438.200,130.7000,0.0000,1.7200,0.1099,-1
KHAPRETA_510206,312149.860,2624438.200,130.6800,0.0000,1.7400,0.1112,-1
KHAPRETA_510206,312151.860,2624438.200,130.6500,0.4669,1.7700,0.1131,-1
KHAPRETA_510206,312152.860,2624438.200,130.7100,0.6431,1.7100,0.1093,-1
KHAPRETA_510206,312161.860,2624438.200,130.9700,0.5819,1.4500,0.0927,-1
KHAPRETA_510206,312170.860,2624438.200,130.8400,0.5169,1.5800,0.1010,-1
KHAPRETA_510206,312187.860,2624438.200,130.4300,0.5155,1.9900,0.1272,-1
KHAPRETA_510206,312188.860,2624438.200,130.2900,0.3584,2.1300,0.1361,-1
KHAPRETA_510206,312196.860,2624438.200,130.1500,0.1069,2.2700,0.1450,-1
KHAPRETA_510206,311942.860,2624439.200,129.1500,0.0000,3.2700,0.2089,-1
KHAPRETA_510206,311946.860,2624439.200,128.3200,0.1500,4.1000,0.2620,-1
KHAPRETA_510206,311949.860,2624439.200,128.4200,0.6431,4.0000,0.2556,-1
KHAPRETA_510206,311954.860,2624439.200,128.4900,0.0000,3.9300,0.2511,-1
KHAPRETA_510206,311962.860,2624439.200,128.5700,0.0000,3.8500,0.2460,-1
KHAPRETA_510206,311966.860,2624439.200,128.6500,0.5581,3.7700,0.2409,-1
KHAPRETA_510206,311967.860,2624439.200,128.6600,0.5634,3.7600,0.2403,-1
KHAPRETA_510206,311969.860,2624439.200,128.6700,0.0000,3.7500,0.2396,-1
KHAPRETA_510206,311976.860,2624439.200,129.1700,0.0000,3.2500,0.2077,-1
KHAPRETA_510206,311979.860,2624439.200,129.1300,0.3231,3.2900,0.2102,-1
KHAPRETA_510206,311981.860,2624439.200,129.1400,0.0000,3.2800,0.2096,-1
KHAPRETA_510206,311983.860,2624439.200,129.1700,0.2981,3.2500,0.2077,-1
KHAPRETA_510206,311992.860,2624439.200,129.2400,0.2681,3.1800,0.2032,-1
KHAPRETA_510206,311998.860,2624439.200,129.2700,0.0000,3.1500,0.2013,-1
KHAPRETA_510206,312001.860,2624439.200,129.3300,0.2918,3.0900,0.1974,-1
KHAPRETA_510206,312002.860,2624439.200,129.3300,0.2465,3.0900,0.1974,-1
KHAPRETA_510206,312008.860,2624439.200,129.5800,0.0050,2.8400,0.1815,-1
KHAPRETA_510206,312012.860,2624439.200,129.6200,0.0881,2.8000,0.1789,-1
KHAPRETA_510206,312013.860,2624439.200,129.6000,0.0450,2.8200,0.1802,-1
KHAPRETA_510206,312014.860,2624439.200,129.7100,0.0400,2.7100,0.1732,-1
KHAPRETA_510206,312015.860,2624439.200,129.6800,0.0625,2.7400,0.1751,-1
KHAPRETA_510206,312019.860,2624439.200,129.8300,0.0331,2.5900,0.1655,-1
KHAPRETA_510206,312023.860,2624439.200,130.0100,0.0250,2.4100,0.1540,-1
KHAPRETA_510206,312025.860,2624439.200,129.7400,0.0281,2.6800,0.1712,-1
KHAPRETA_510206,312032.860,2624439.200,129.7800,0.0000,2.6400,0.1687,-1
KHAPRETA_510206,312036.860,2624439.200,129.7700,0.0000,2.6500,0.1693,-1
KHAPRETA_510206,312039.860,2624439.200,129.7700,0.0000,2.6500,0.1693,-1
KHAPRETA_510206,312041.860,2624439.200,129.7900,0.0000,2.6300,0.1681,-1
KHAPRETA_510206,312043.860,2624439.200,129.7900,0.0000,2.6300,0.1681,-1
KHAPRETA_510206,312045.860,2624439.200,129.8100,0.0457,2.6100,0.1668,-1
KHAPRETA_510206,312046.860,2624439.200,129.8300,0.0169,2.5900,0.1655,-1
KHAPRETA_510206,312052.860,2624439.200,129.8800,0.0319,2.5400,0.1623,-1
KHAPRETA_510206,312057.860,2624439.200,129.8500,0.0697,2.5700,0.1642,-1
KHAPRETA_510206,312058.860,2624439.200,129.9000,0.0369,2.5200,0.1610,-1
KHAPRETA_510206,312060.860,2624439.200,129.7600,0.1260,2.6600,0.1700,-1
KHAPRETA_510206,312061.860,2624439.200,130.0100,0.1050,2.4100,0.1540,-1
KHAPRETA_510206,312062.860,2624439.200,129.9700,0.1169,2.4500,0.1565,-1
KHAPRETA_510206,312068.860,2624439.200,129.9100,0.0000,2.5100,0.1604,-1
KHAPRETA_510206,312072.860,2624439.200,129.8800,0.0350,2.5400,0.1623,-1
KHAPRETA_510206,312078.860,2624439.200,130.0100,0.1219,2.4100,0.1540,-1
KHAPRETA_510206,312080.860,2624439.200,129.7900,0.1443,2.6300,0.1681,-1
KHAPRETA_510206,312081.860,2624439.200,129.5000,0.0241,2.9200,0.1866,-1
KHAPRETA_510206,312088.860,2624439.200,132.4000,0.0000,0.0200,0.0013,-1
KHAPRETA_510206,312092.860,2624439.200,132.3400,1.3119,0.0800,0.0051,-1
KHAPRETA_510206,312095.860,2624439.200,131.5400,0.0000,0.8800,0.0562,-1
KHAPRETA_510206,312097.860,2624439.200,129.7700,0.4589,2.6500,0.1693,-1
KHAPRETA_510206,312098.860,2624439.200,129.4300,0.0031,2.9900,0.1911,-1
KHAPRETA_510206,312100.860,2624439.200,129.4900,0.0000,2.9300,0.1872,-1
KHAPRETA_510206,312102.860,2624439.200,129.5300,0.0000,2.8900,0.1847,-1
KHAPRETA_510206,312104.860,2624439.200,129.6200,0.0631,2.8000,0.1789,-1
KHAPRETA_510206,312106.860,2624439.200,129.6400,0.0000,2.7800,0.1776,-1
KHAPRETA_510206,312121.860,2624439.200,130.3300,0.0000,2.0900,0.1335,-1
KHAPRETA_510206,312123.860,2624439.200,130.3000,0.4400,2.1200,0.1355,-1
KHAPRETA_510206,312124.860,2624439.200,130.3300,0.2619,2.0900,0.1335,-1
KHAPRETA_510206,312128.860,2624439.200,130.4200,0.4943,2.0000,0.1278,-1
KHAPRETA_510206,312129.860,2624439.200,130.4600,0.4624,1.9600,0.1252,-1
KHAPRETA_510206,312135.860,2624439.200,130.5700,0.4019,1.8500,0.1182,-1
KHAPRETA_510206,312139.860,2624439.200,130.6600,0.0000,1.7600,0.1125,-1
KHAPRETA_510206,312148.860,2624439.200,130.6500,0.4419,1.7700,0.1131,-1
KHAPRETA_510206,312157.860,2624439.200,130.7100,0.4919,1.7100,0.1093,-1
KHAPRETA_510206,312158.860,2624439.200,130.7600,0.1200,1.6600,0.1061,-1
KHAPRETA_510206,312159.860,2624439.200,130.9500,0.4919,1.4700,0.0939,-1
KHAPRETA_510206,312164.860,2624439.200,130.8200,0.7535,1.6000,0.1022,-1
KHAPRETA_510206,312165.860,2624439.200,130.9000,0.5219,1.5200,0.0971,-1
KHAPRETA_510206,312167.860,2624439.200,130.8200,0.7382,1.6000,0.1022,-1
KHAPRETA_510206,312168.860,2624439.200,130.8300,0.5219,1.5900,0.1016,-1
KHAPRETA_510206,312170.860,2624439.200,130.8100,0.5319,1.6100,0.1029,-1
KHAPRETA_510206,312188.860,2624439.200,130.0700,0.2569,2.3500,0.1502,-1
KHAPRETA_510206,312190.860,2624439.200,130.0300,0.0969,2.3900,0.1527,-1
KHAPRETA_510206,312192.860,2624439.200,130.1300,0.0000,2.2900,0.1463,-1
KHAPRETA_510206,312196.860,2624439.200,129.9900,0.1869,2.4300,0.1553,-1
KHAPRETA_510206,312219.860,2624439.200,132.3600,0.0000,0.0600,0.0038,-1
KHAPRETA_510206,311945.860,2624440.200,129.2000,1.0355,3.2200,0.2058,-1
KHAPRETA_510206,311946.860,2624440.200,128.4300,0.3371,3.9900,0.2550,-1
KHAPRETA_510206,311952.860,2624440.200,128.5100,0.6331,3.9100,0.2498,-1
KHAPRETA_510206,311953.860,2624440.200,128.5100,0.6331,3.9100,0.2498,-1
KHAPRETA_510206,311958.860,2624440.200,128.5300,0.0000,3.8900,0.2486,-1
KHAPRETA_510206,311961.860,2624440.200,128.6100,0.0000,3.8100,0.2435,-1
KHAPRETA_510206,311964.860,2624440.200,128.6000,0.0000,3.8200,0.2441,-1
KHAPRETA_510206,311967.860,2624440.200,128.6600,0.5481,3.7600,0.2403,-1
KHAPRETA_510206,311968.860,2624440.200,128.6800,0.0050,3.7400,0.2390,-1
KHAPRETA_510206,311969.860,2624440.200,128.6700,0.5533,3.7500,0.2396,-1
KHAPRETA_510206,311970.860,2624440.200,128.7100,0.0000,3.7100,0.2371,-1
KHAPRETA_510206,311971.860,2624440.200,128.6700,0.5332,3.7500,0.2396,-1
KHAPRETA_510206,311972.860,2624440.200,128.7300,0.7612,3.6900,0.2358,-1
KHAPRETA_510206,311974.860,2624440.200,128.7300,0.0000,3.6900,0.2358,-1
KHAPRETA_510206,311977.860,2624440.200,129.1500,0.0000,3.2700,0.2089,-1
KHAPRETA_510206,311983.860,2624440.200,129.1800,0.3031,3.2400,0.2070,-1
KHAPRETA_510206,311994.860,2624440.200,129.3500,0.0000,3.0700,0.1962,-1
KHAPRETA_510206,311999.860,2624440.200,129.3100,0.0000,3.1100,0.1987,-1
KHAPRETA_510206,312002.860,2624440.200,129.5400,0.1472,2.8800,0.1840,-1
KHAPRETA_510206,312003.860,2624440.200,129.5600,0.1181,2.8600,0.1827,-1
KHAPRETA_510206,312006.860,2624440.200,129.5400,0.0000,2.8800,0.1840,-1
KHAPRETA_510206,312008.860,2624440.200,129.5900,0.1285,2.8300,0.1808,-1
KHAPRETA_510206,312009.860,2624440.200,129.6100,0.1082,2.8100,0.1796,-1
KHAPRETA_510206,312010.860,2624440.200,129.6000,0.0831,2.8200,0.1802,-1
KHAPRETA_510206,312018.860,2624440.200,129.7000,0.1169,2.7200,0.1738,-1
KHAPRETA_510206,312021.860,2624440.200,130.0200,0.0000,2.4000,0.1534,-1
KHAPRETA_510206,312023.860,2624440.200,129.7600,0.1170,2.6600,0.1700,-1
KHAPRETA_510206,312024.860,2624440.200,129.7800,0.0081,2.6400,0.1687,-1
KHAPRETA_510206,312028.860,2624440.200,129.7000,0.0000,2.7200,0.1738,-1
KHAPRETA_510206,312033.860,2624440.200,129.7800,0.0081,2.6400,0.1687,-1
KHAPRETA_510206,312042.860,2624440.200,129.8800,0.0000,2.5400,0.1623,-1
KHAPRETA_510206,312045.860,2624440.200,129.8500,0.0169,2.5700,0.1642,-1
KHAPRETA_510206,312047.860,2624440.200,129.8000,0.0000,2.6200,0.1674,-1
KHAPRETA_510206,312052.860,2624440.200,129.8400,0.0519,2.5800,0.1649,-1
KHAPRETA_510206,312060.860,2624440.200,129.8700,0.0081,2.5500,0.1629,-1
KHAPRETA_510206,312063.860,2624440.200,129.7000,0.0000,2.7200,0.1738,-1
KHAPRETA_510206,312072.860,2624440.200,129.9000,0.0519,2.5200,0.1610,-1
KHAPRETA_510206,312075.860,2624440.200,129.8900,0.0131,2.5300,0.1617,-1
KHAPRETA_510206,312076.860,2624440.200,129.7500,0.0679,2.6700,0.1706,-1
KHAPRETA_510206,312083.860,2624440.200,128.9000,0.0000,3.5200,0.2249,-1
KHAPRETA_510206,312092.860,2624440.200,132.4000,1.7102,0.0200,0.0013,-1
KHAPRETA_510206,312093.860,2624440.200,132.0400,0.1200,0.3800,0.0243,-1
KHAPRETA_510206,312094.860,2624440.200,132.1600,1.1319,0.2600,0.0166,-1
KHAPRETA_510206,312097.860,2624440.200,130.2800,0.0031,2.1400,0.1367,-1
KHAPRETA_510206,312104.860,2624440.200,129.6500,0.0781,2.7700,0.1770,-1
KHAPRETA_510206,312109.860,2624440.200,129.7300,0.0131,2.6900,0.1719,-1
KHAPRETA_510206,312110.860,2624440.200,129.7500,0.1143,2.6700,0.1706,-1
KHAPRETA_510206,312112.860,2624440.200,130.1500,0.1769,2.2700,0.1450,-1
KHAPRETA_510206,312115.860,2624440.200,130.2300,0.2119,2.1900,0.1399,-1
KHAPRETA_510206,312116.860,2624440.200,130.2000,0.2269,2.2200,0.1419,-1
KHAPRETA_510206,312120.860,2624440.200,130.3200,0.0000,2.1000,0.1342,-1
KHAPRETA_510206,312135.860,2624440.200,130.5800,0.3969,1.8400,0.1176,-1
KHAPRETA_510206,312137.860,2624440.200,130.6500,0.3869,1.7700,0.1131,-1
KHAPRETA_510206,312138.860,2624440.200,130.5500,0.6109,1.8700,0.1195,-1
KHAPRETA_510206,312148.860,2624440.200,130.6600,0.4369,1.7600,0.1125,-1
KHAPRETA_510206,312150.860,2624440.200,130.7000,0.0000,1.7200,0.1099,-1
KHAPRETA_510206,312153.860,2624440.200,130.4000,0.0000,2.0200,0.1291,-1
KHAPRETA_510206,312156.860,2624440.200,130.6800,0.0000,1.7400,0.1112,-1
KHAPRETA_510206,312160.860,2624440.200,130.9400,0.5119,1.4800,0.0946,-1
KHAPRETA_510206,312161.860,2624440.200,130.8000,0.0850,1.6200,0.1035,-1
KHAPRETA_510206,312162.860,2624440.200,130.7700,0.7135,1.6500,0.1054,-1
KHAPRETA_510206,312164.860,2624440.200,130.7800,0.5219,1.6400,0.1048,-1
KHAPRETA_510206,312166.860,2624440.200,130.8700,0.5169,1.5500,0.0990,-1
KHAPRETA_510206,312167.860,2624440.200,130.8100,0.5478,1.6100,0.1029,-1
KHAPRETA_510206,312190.860,2624440.200,129.9700,0.1269,2.4500,0.1565,-1
KHAPRETA_510206,312198.860,2624440.200,129.9900,0.0575,2.4300,0.1553,-1
KHAPRETA_510206,312199.860,2624440.200,129.8900,0.1069,2.5300,0.1617,-1
KHAPRETA_510206,311945.860,2624441.200,131.3500,0.6236,1.0700,0.0684,-1
KHAPRETA_510206,311946.860,2624441.200,128.6700,1.4759,3.7500,0.2396,-1
KHAPRETA_510206,311947.860,2624441.200,128.4000,0.5531,4.0200,0.2569,-1
KHAPRETA_510206,311950.860,2624441.200,128.5300,0.6331,3.8900,0.2486,-1
KHAPRETA_510206,311951.860,2624441.200,128.5100,0.6231,3.9100,0.2498,-1
KHAPRETA_510206,311962.860,2624441.200,128.6100,0.0000,3.8100,0.2435,-1
KHAPRETA_510206,311965.860,2624441.200,128.6600,0.7823,3.7600,0.2403,-1
KHAPRETA_510206,311966.860,2624441.200,128.6500,0.5281,3.7700,0.2409,-1
KHAPRETA_510206,311967.860,2624441.200,128.6700,0.7928,3.7500,0.2396,-1
KHAPRETA_510206,311971.860,2624441.200,128.7100,0.7612,3.7100,0.2371,-1
KHAPRETA_510206,311972.860,2624441.200,128.7300,0.7468,3.6900,0.2358,-1
KHAPRETA_510206,311984.860,2624441.200,129.1900,0.3181,3.2300,0.2064,-1
KHAPRETA_510206,311985.860,2624441.200,129.1400,0.2908,3.2800,0.2096,-1
KHAPRETA_510206,311986.860,2624441.200,129.2700,0.3181,3.1500,0.2013,-1
KHAPRETA_510206,311992.860,2624441.200,129.2300,0.2881,3.1900,0.2038,-1
KHAPRETA_510206,311993.860,2624441.200,129.2000,0.2731,3.2200,0.2058,-1
KHAPRETA_510206,311996.860,2624441.200,129.2400,0.2431,3.1800,0.2032,-1
KHAPRETA_510206,311997.860,2624441.200,129.2900,0.0550,3.1300,0.2000,-1
KHAPRETA_510206,311998.860,2624441.200,129.3500,0.2724,3.0700,0.1962,-1
KHAPRETA_510206,312000.860,2624441.200,129.5500,0.0731,2.8700,0.1834,-1
KHAPRETA_510206,312002.860,2624441.200,129.5300,0.1181,2.8900,0.1847,-1
KHAPRETA_510206,312007.860,2624441.200,129.5500,0.0000,2.8700,0.1834,-1
KHAPRETA_510206,312009.860,2624441.200,129.5600,0.0831,2.8600,0.1827,-1
KHAPRETA_510206,312012.860,2624441.200,129.7800,0.0000,2.6400,0.1687,-1
KHAPRETA_510206,312015.860,2624441.200,129.7000,0.0000,2.7200,0.1738,-1
KHAPRETA_510206,312017.860,2624441.200,129.6400,0.1169,2.7800,0.1776,-1
KHAPRETA_510206,312018.860,2624441.200,130.0100,0.1023,2.4100,0.1540,-1
KHAPRETA_510206,312019.860,2624441.200,129.8300,0.1169,2.5900,0.1655,-1
KHAPRETA_510206,312022.860,2624441.200,129.7400,0.0319,2.6800,0.1712,-1
KHAPRETA_510206,312031.860,2624441.200,129.8600,0.0181,2.5600,0.1636,-1
KHAPRETA_510206,312032.860,2624441.200,129.7400,0.0500,2.6800,0.1712,-1
KHAPRETA_510206,312033.860,2624441.200,129.7600,0.0182,2.6600,0.1700,-1
KHAPRETA_510206,312040.860,2624441.200,129.7900,0.0000,2.6300,0.1681,-1
KHAPRETA_510206,312053.860,2624441.200,129.8500,0.0000,2.5700,0.1642,-1
KHAPRETA_510206,312055.860,2624441.200,129.8800,0.0000,2.5400,0.1623,-1
KHAPRETA_510206,312057.860,2624441.200,129.8600,0.0000,2.5600,0.1636,-1
KHAPRETA_510206,312061.860,2624441.200,129.8200,0.0000,2.6000,0.1661,-1
KHAPRETA_510206,312076.860,2624441.200,129.8500,0.0131,2.5700,0.1642,-1
KHAPRETA_510206,312078.860,2624441.200,129.9500,0.0000,2.4700,0.1578,-1
KHAPRETA_510206,312089.860,2624441.200,131.4100,0.0000,1.0100,0.0645,-1
KHAPRETA_510206,312099.860,2624441.200,129.4700,0.2456,2.9500,0.1885,-1
KHAPRETA_510206,312100.860,2624441.200,129.5500,0.1531,2.8700,0.1834,-1
KHAPRETA_510206,312102.860,2624441.200,129.5900,0.0000,2.8300,0.1808,-1
KHAPRETA_510206,312106.860,2624441.200,129.6100,0.0000,2.8100,0.1796,-1
KHAPRETA_510206,312108.860,2624441.200,129.8200,0.0000,2.6000,0.1661,-1
KHAPRETA_510206,312110.860,2624441.200,130.0000,0.1450,2.4200,0.1546,-1
KHAPRETA_510206,312112.860,2624441.200,130.1300,0.2902,2.2900,0.1463,-1
KHAPRETA_510206,312113.860,2624441.200,130.2200,0.1769,2.2000,0.1406,-1
KHAPRETA_510206,312119.860,2624441.200,130.2500,0.0000,2.1700,0.1387,-1
KHAPRETA_510206,312124.860,2624441.200,130.3100,0.3775,2.1100,0.1348,-1
KHAPRETA_510206,312125.860,2624441.200,130.3100,0.2669,2.1100,0.1348,-1
KHAPRETA_510206,312134.860,2624441.200,130.5100,0.0000,1.9100,0.1220,-1
KHAPRETA_510206,312138.860,2624441.200,130.6300,0.3869,1.7900,0.1144,-1
KHAPRETA_510206,312145.860,2624441.200,130.6100,0.4069,1.8100,0.1157,-1
KHAPRETA_510206,312151.860,2624441.200,130.5400,0.4569,1.8800,0.1201,-1
KHAPRETA_510206,312152.860,2624441.200,130.6900,0.5228,1.7300,0.1105,-1
KHAPRETA_510206,312155.860,2624441.200,130.7100,0.0000,1.7100,0.1093,-1
KHAPRETA_510206,312162.860,2624441.200,130.7700,0.4969,1.6500,0.1054,-1
KHAPRETA_510206,312167.860,2624441.200,130.7600,0.0100,1.6600,0.1061,-1
KHAPRETA_510206,312171.860,2624441.200,130.8700,0.5519,1.5500,0.0990,-1
KHAPRETA_510206,312187.860,2624441.200,129.9400,0.0000,2.4800,0.1585,-1
KHAPRETA_510206,312191.860,2624441.200,129.9700,0.2083,2.4500,0.1565,-1
KHAPRETA_510206,312192.860,2624441.200,130.0900,0.0969,2.3300,0.1489,-1
KHAPRETA_510206,312196.860,2624441.200,130.2900,0.0000,2.1300,0.1361,-1
KHAPRETA_510206,312198.860,2624441.200,129.7600,0.1069,2.6600,0.1700,-1
KHAPRETA_510206,311946.860,2624442.200,128.5300,0.5531,3.8900,0.2486,-1
KHAPRETA_510206,311954.860,2624442.200,128.5400,0.0000,3.8800,0.2479,-1
KHAPRETA_510206,311961.860,2624442.200,128.6300,0.5781,3.7900,0.2422,-1
KHAPRETA_510206,311965.860,2624442.200,128.6900,0.7683,3.7300,0.2383,-1
KHAPRETA_510206,311966.860,2624442.200,128.7200,0.7823,3.7000,0.2364,-1
KHAPRETA_510206,311970.860,2624442.200,128.6900,0.0000,3.7300,0.2383,-1
KHAPRETA_510206,311975.860,2624442.200,128.7300,0.4931,3.6900,0.2358,-1
KHAPRETA_510206,311976.860,2624442.200,128.7900,0.5231,3.6300,0.2319,-1
KHAPRETA_510206,311981.860,2624442.200,129.1700,0.2831,3.2500,0.2077,-1
KHAPRETA_510206,311985.860,2624442.200,129.2000,0.0300,3.2200,0.2058,-1
KHAPRETA_510206,311987.860,2624442.200,129.2500,0.2831,3.1700,0.2026,-1
KHAPRETA_510206,311988.860,2624442.200,129.2100,0.0200,3.2100,0.2051,-1
KHAPRETA_510206,311989.860,2624442.200,129.2100,0.2792,3.2100,0.2051,-1
KHAPRETA_510206,311990.860,2624442.200,129.2600,0.3933,3.1600,0.2019,-1
KHAPRETA_510206,311998.860,2624442.200,129.5300,0.1850,2.8900,0.1847,-1
KHAPRETA_510206,312000.860,2624442.200,129.6300,0.2314,2.7900,0.1783,-1
KHAPRETA_510206,312001.860,2624442.200,130.1800,0.0731,2.2400,0.1431,-1
KHAPRETA_510206,312003.860,2624442.200,129.5100,0.1081,2.9100,0.1859,-1
KHAPRETA_510206,312008.860,2624442.200,129.5500,0.0000,2.8700,0.1834,-1
KHAPRETA_510206,312010.860,2624442.200,129.6200,0.0000,2.8000,0.1789,-1
KHAPRETA_510206,312014.860,2624442.200,129.6700,0.0000,2.7500,0.1757,-1
KHAPRETA_510206,312021.860,2624442.200,129.6900,0.0319,2.7300,0.1744,-1
KHAPRETA_510206,312022.860,2624442.200,129.8400,0.0467,2.5800,0.1649,-1
KHAPRETA_510206,312037.860,2624442.200,129.8200,0.0000,2.6000,0.1661,-1
KHAPRETA_510206,312050.860,2624442.200,129.8500,0.0000,2.5700,0.1642,-1
KHAPRETA_510206,312059.860,2624442.200,129.8500,0.0000,2.5700,0.1642,-1
KHAPRETA_510206,312066.860,2624442.200,129.9500,0.0770,2.4700,0.1578,-1
KHAPRETA_510206,312067.860,2624442.200,129.9300,0.0869,2.4900,0.1591,-1
KHAPRETA_510206,312071.860,2624442.200,129.9900,0.0000,2.4300,0.1553,-1
KHAPRETA_510206,312077.860,2624442.200,130.0200,0.0000,2.4000,0.1534,-1
KHAPRETA_510206,312079.860,2624442.200,129.9000,0.0000,2.5200,0.1610,-1
KHAPRETA_510206,312085.860,2624442.200,128.6100,0.7131,3.8100,0.2435,-1
KHAPRETA_510206,312086.860,2624442.200,128.3500,0.5831,4.0700,0.2601,-1
KHAPRETA_510206,312096.860,2624442.200,129.2300,0.0000,3.1900,0.2038,-1
KHAPRETA_510206,312099.860,2624442.200,129.3400,0.1050,3.0800,0.1968,-1
KHAPRETA_510206,312101.860,2624442.200,129.4800,0.0000,2.9400,0.1879,-1
KHAPRETA_510206,312104.860,2624442.200,129.6500,0.0000,2.7700,0.1770,-1
KHAPRETA_510206,312110.860,2624442.200,130.0400,0.1119,2.3800,0.1521,-1
KHAPRETA_510206,312114.860,2624442.200,130.2500,0.2119,2.1700,0.1387,-1
KHAPRETA_510206,312116.860,2624442.200,130.3500,0.2569,2.0700,0.1323,-1
KHAPRETA_510206,312117.860,2624442.200,130.2900,0.2178,2.1300,0.1361,-1
KHAPRETA_510206,312118.860,2624442.200,130.2500,0.3268,2.1700,0.1387,-1
KHAPRETA_510206,312124.860,2624442.200,130.3100,0.2669,2.1100,0.1348,-1
KHAPRETA_510206,312130.860,2624442.200,130.4200,0.0000,2.0000,0.1278,-1
KHAPRETA_510206,312142.860,2624442.200,130.5900,0.0000,1.8300,0.1169,-1
KHAPRETA_510206,312145.860,2624442.200,130.5900,0.5722,1.8300,0.1169,-1
KHAPRETA_510206,312146.860,2624442.200,130.5600,0.6081,1.8600,0.1188,-1
KHAPRETA_510206,312149.860,2624442.200,130.6500,0.0000,1.7700,0.1131,-1
KHAPRETA_510206,312152.860,2624442.200,130.4900,0.4569,1.9300,0.1233,-1
KHAPRETA_510206,312156.860,2624442.200,130.7400,0.4969,1.6800,0.1073,-1
KHAPRETA_510206,312157.860,2624442.200,130.7700,0.7365,1.6500,0.1054,-1
KHAPRETA_510206,312163.860,2624442.200,130.7600,0.4969,1.6600,0.1061,-1
KHAPRETA_510206,312164.860,2624442.200,130.7700,0.4919,1.6500,0.1054,-1
KHAPRETA_510206,312167.860,2624442.200,130.8300,0.4919,1.5900,0.1016,-1
KHAPRETA_510206,312170.860,2624442.200,130.8100,0.5519,1.6100,0.1029,-1
KHAPRETA_510206,312171.860,2624442.200,130.8800,0.7526,1.5400,0.0984,-1
KHAPRETA_510206,312186.860,2624442.200,130.7200,0.0000,1.7000,0.1086,-1
KHAPRETA_510206,312189.860,2624442.200,129.8300,0.0000,2.5900,0.1655,-1
KHAPRETA_510206,312191.860,2624442.200,130.0500,0.0969,2.3700,0.1514,-1
KHAPRETA_510206,312194.860,2624442.200,129.9000,0.2119,2.5200,0.1610,-1
KHAPRETA_510206,312197.860,2624442.200,130.1000,0.3869,2.3200,0.1482,-1
KHAPRETA_510206,311952.860,2624443.200,128.5400,0.0000,3.8800,0.2479,-1
KHAPRETA_510206,311956.860,2624443.200,128.5900,0.5731,3.8300,0.2447,-1
KHAPRETA_510206,311958.860,2624443.200,128.5800,0.0000,3.8400,0.2454,-1
KHAPRETA_510206,311961.860,2624443.200,128.6200,0.5731,3.8000,0.2428,-1
KHAPRETA_510206,311967.860,2624443.200,128.6300,0.0000,3.7900,0.2422,-1
KHAPRETA_510206,311971.860,2624443.200,128.7000,0.5381,3.7200,0.2377,-1
KHAPRETA_510206,311972.860,2624443.200,128.7000,0.5381,3.7200,0.2377,-1
KHAPRETA_510206,311981.860,2624443.200,129.2100,0.0200,3.2100,0.2051,-1
KHAPRETA_510206,311983.860,2624443.200,129.2700,0.0000,3.1500,0.2013,-1
KHAPRETA_510206,311985.860,2624443.200,129.2000,0.0050,3.2200,0.2058,-1
KHAPRETA_510206,311989.860,2624443.200,129.2200,0.3933,3.2000,0.2045,-1
KHAPRETA_510206,311990.860,2624443.200,129.2300,0.2588,3.1900,0.2038,-1
KHAPRETA_510206,311991.860,2624443.200,129.2600,0.2731,3.1600,0.2019,-1
KHAPRETA_510206,311995.860,2624443.200,129.4400,0.1331,2.9800,0.1904,-1
KHAPRETA_510206,311998.860,2624443.200,129.7200,0.1740,2.7000,0.1725,-1
KHAPRETA_510206,311999.860,2624443.200,129.5300,0.0281,2.8900,0.1847,-1
KHAPRETA_510206,312002.860,2624443.200,129.4700,0.1081,2.9500,0.1885,-1
KHAPRETA_510206,312003.860,2624443.200,129.5600,0.1531,2.8600,0.1827,-1
KHAPRETA_510206,312005.860,2624443.200,129.6500,0.0000,2.7700,0.1770,-1
KHAPRETA_510206,312009.860,2624443.200,129.5600,0.0331,2.8600,0.1827,-1
KHAPRETA_510206,312012.860,2624443.200,130.0000,0.0631,2.4200,0.1546,-1
KHAPRETA_510206,312013.860,2624443.200,129.6500,0.1119,2.7700,0.1770,-1
KHAPRETA_510206,312024.860,2624443.200,129.9600,0.0081,2.4600,0.1572,-1
KHAPRETA_510206,312025.860,2624443.200,129.7600,0.0978,2.6600,0.1700,-1
KHAPRETA_510206,312026.860,2624443.200,129.7700,0.0100,2.6500,0.1693,-1
KHAPRETA_510206,312027.860,2624443.200,129.7400,0.0200,2.6800,0.1712,-1
KHAPRETA_510206,312028.860,2624443.200,129.7300,0.0181,2.6900,0.1719,-1
KHAPRETA_510206,312042.860,2624443.200,129.7800,0.0169,2.6400,0.1687,-1
KHAPRETA_510206,312043.860,2624443.200,129.8100,0.0250,2.6100,0.1668,-1
KHAPRETA_510206,312044.860,2624443.200,129.8300,0.0169,2.5900,0.1655,-1
KHAPRETA_510206,312055.860,2624443.200,129.9400,0.0000,2.4800,0.1585,-1
KHAPRETA_510206,312064.860,2624443.200,129.9300,0.1159,2.4900,0.1591,-1
KHAPRETA_510206,312065.860,2624443.200,129.9400,0.0800,2.4800,0.1585,-1
KHAPRETA_510206,312066.860,2624443.200,129.7700,0.1195,2.6500,0.1693,-1
KHAPRETA_510206,312068.860,2624443.200,130.0100,0.0000,2.4100,0.1540,-1
KHAPRETA_510206,312072.860,2624443.200,129.9900,0.1169,2.4300,0.1553,-1
KHAPRETA_510206,312075.860,2624443.200,129.9600,0.0000,2.4600,0.1572,-1
KHAPRETA_510206,312092.860,2624443.200,130.7800,0.4619,1.6400,0.1048,-1
KHAPRETA_510206,312098.860,2624443.200,129.2400,0.1930,3.1800,0.2032,-1
KHAPRETA_510206,312099.860,2624443.200,129.6800,0.4691,2.7400,0.1751,-1
KHAPRETA_510206,312109.860,2624443.200,130.0500,0.0000,2.3700,0.1514,-1
KHAPRETA_510206,312114.860,2624443.200,130.2000,0.2369,2.2200,0.1419,-1
KHAPRETA_510206,312117.860,2624443.200,130.2000,0.3268,2.2200,0.1419,-1
KHAPRETA_510206,312118.860,2624443.200,130.1800,0.0180,2.2400,0.1431,-1
KHAPRETA_510206,312119.860,2624443.200,130.2300,0.3038,2.1900,0.1399,-1
KHAPRETA_510206,312125.860,2624443.200,130.3200,0.2869,2.1000,0.1342,-1
KHAPRETA_510206,312126.860,2624443.200,130.3500,0.2719,2.0700,0.1323,-1
KHAPRETA_510206,312133.860,2624443.200,130.5200,0.5298,1.9000,0.1214,-1
KHAPRETA_510206,312134.860,2624443.200,130.5500,0.5260,1.8700,0.1195,-1
KHAPRETA_510206,312136.860,2624443.200,130.5500,0.0000,1.8700,0.1195,-1
KHAPRETA_510206,312141.860,2624443.200,130.5900,0.0000,1.8300,0.1169,-1
KHAPRETA_510206,312146.860,2624443.200,130.6800,0.5907,1.7400,0.1112,-1
KHAPRETA_510206,312147.860,2624443.200,130.6600,0.3548,1.7600,0.1125,-1
KHAPRETA_510206,312148.860,2624443.200,130.5900,0.4419,1.8300,0.1169,-1
KHAPRETA_510206,312157.860,2624443.200,130.8900,0.0350,1.5300,0.0978,-1
KHAPRETA_510206,312173.860,2624443.200,130.8500,0.7629,1.5700,0.1003,-1
KHAPRETA_510206,312174.860,2624443.200,130.8600,0.5369,1.5600,0.0997,-1
KHAPRETA_510206,312177.860,2624443.200,130.8700,1.0325,1.5500,0.0990,-1
KHAPRETA_510206,312178.860,2624443.200,131.5400,0.5469,0.8800,0.0562,-1
KHAPRETA_510206,312188.860,2624443.200,129.9400,0.0000,2.4800,0.1585,-1
KHAPRETA_510206,312192.860,2624443.200,129.9000,0.0000,2.5200,0.1610,-1
KHAPRETA_510206,312194.860,2624443.200,130.2000,0.0619,2.2200,0.1419,-1
KHAPRETA_510206,312196.860,2624443.200,132.0500,0.8501,0.3700,0.0236,-1
KHAPRETA_510206,312197.860,2624443.200,130.5500,1.1484,1.8700,0.1195,-1
KHAPRETA_510206,312229.860,2624443.200,132.4100,0.0000,0.0100,0.0006,-1
KHAPRETA_510206,311950.860,2624444.200,128.5100,0.0000,3.9100,0.2498,-1
KHAPRETA_510206,311956.860,2624444.200,128.6300,0.5931,3.7900,0.2422,-1
KHAPRETA_510206,311962.860,2624444.200,128.6100,0.0000,3.8100,0.2435,-1
KHAPRETA_510206,311964.860,2624444.200,128.6100,0.0000,3.8100,0.2435,-1
KHAPRETA_510206,311966.860,2624444.200,128.7200,0.0000,3.7000,0.2364,-1
KHAPRETA_510206,311968.860,2624444.200,128.6800,0.0000,3.7400,0.2390,-1
KHAPRETA_510206,311974.860,2624444.200,128.7300,0.0000,3.6900,0.2358,-1
KHAPRETA_510206,311978.860,2624444.200,129.2700,0.4187,3.1500,0.2013,-1
KHAPRETA_510206,311979.860,2624444.200,129.1500,0.0350,3.2700,0.2089,-1
KHAPRETA_510206,311980.860,2624444.200,129.2000,0.0300,3.2200,0.2058,-1
KHAPRETA_510206,311981.860,2624444.200,129.2100,0.4039,3.2100,0.2051,-1
KHAPRETA_510206,311985.860,2624444.200,129.1900,0.2881,3.2300,0.2064,-1
KHAPRETA_510206,311988.860,2624444.200,129.2500,0.0000,3.1700,0.2026,-1
KHAPRETA_510206,311995.860,2624444.200,129.5100,0.1681,2.9100,0.1859,-1
KHAPRETA_510206,312003.860,2624444.200,129.5100,0.1081,2.9100,0.1859,-1
KHAPRETA_510206,312009.860,2624444.200,129.7100,0.1269,2.7100,0.1732,-1
KHAPRETA_510206,312010.860,2624444.200,130.0300,0.0331,2.3900,0.1527,-1
KHAPRETA_510206,312018.860,2624444.200,129.7200,0.0000,2.7000,0.1725,-1
KHAPRETA_510206,312022.860,2624444.200,129.6800,0.0531,2.7400,0.1751,-1
KHAPRETA_510206,312025.860,2624444.200,129.7300,0.0081,2.6900,0.1719,-1
KHAPRETA_510206,312034.860,2624444.200,129.7400,0.0000,2.6800,0.1712,-1
KHAPRETA_510206,312037.860,2624444.200,129.7700,0.0000,2.6500,0.1693,-1
KHAPRETA_510206,312041.860,2624444.200,129.7900,0.0000,2.6300,0.1681,-1
KHAPRETA_510206,312054.860,2624444.200,129.8600,0.0000,2.5600,0.1636,-1
KHAPRETA_510206,312064.860,2624444.200,129.9400,0.0769,2.4800,0.1585,-1
KHAPRETA_510206,312072.860,2624444.200,130.0100,0.1817,2.4100,0.1540,-1
KHAPRETA_510206,312073.860,2624444.200,130.0700,0.0300,2.3500,0.1502,-1
KHAPRETA_510206,312074.860,2624444.200,129.9500,0.2150,2.4700,0.1578,-1
KHAPRETA_510206,312076.860,2624444.200,129.9700,0.1119,2.4500,0.1565,-1
KHAPRETA_510206,312077.860,2624444.200,130.0000,0.0969,2.4200,0.1546,-1
KHAPRETA_510206,312080.860,2624444.200,129.5900,0.0000,2.8300,0.1808,-1
KHAPRETA_510206,312086.860,2624444.200,128.2200,0.6431,4.2000,0.2684,-1
KHAPRETA_510206,312087.860,2624444.200,128.4900,0.7781,3.9300,0.2511,-1
KHAPRETA_510206,312092.860,2624444.200,130.7000,0.5019,1.7200,0.1099,-1
KHAPRETA_510206,312098.860,2624444.200,130.1500,0.3158,2.2700,0.1450,-1
KHAPRETA_510206,312099.860,2624444.200,130.1100,0.3405,2.3100,0.1476,-1
KHAPRETA_510206,312100.860,2624444.200,129.5600,0.2016,2.8600,0.1827,-1
KHAPRETA_510206,312102.860,2624444.200,129.5600,0.0000,2.8600,0.1827,-1
KHAPRETA_510206,312106.860,2624444.200,129.9700,0.1219,2.4500,0.1565,-1
KHAPRETA_510206,312107.860,2624444.200,130.0200,0.0969,2.4000,0.1534,-1
KHAPRETA_510206,312112.860,2624444.200,130.1900,0.1769,2.2300,0.1425,-1
KHAPRETA_510206,312113.860,2624444.200,130.1300,0.2069,2.2900,0.1463,-1
KHAPRETA_510206,312118.860,2624444.200,130.2300,0.2289,2.1900,0.1399,-1
KHAPRETA_510206,312119.860,2624444.200,130.2300,0.0112,2.1900,0.1399,-1
KHAPRETA_510206,312120.860,2624444.200,130.2400,0.2269,2.1800,0.1393,-1
KHAPRETA_510206,312129.860,2624444.200,130.4700,0.0000,1.9500,0.1246,-1
KHAPRETA_510206,312131.860,2624444.200,130.4300,0.0000,1.9900,0.1272,-1
KHAPRETA_510206,312133.860,2624444.200,130.5000,0.5260,1.9200,0.1227,-1
KHAPRETA_510206,312134.860,2624444.200,130.5200,0.5298,1.9000,0.1214,-1
KHAPRETA_510206,312142.860,2624444.200,130.5600,0.0000,1.8600,0.1188,-1
KHAPRETA_510206,312147.860,2624444.200,130.4800,0.0500,1.9400,0.1240,-1
KHAPRETA_510206,312153.860,2624444.200,130.6000,0.0000,1.8200,0.1163,-1
KHAPRETA_510206,312155.860,2624444.200,130.7300,0.0000,1.6900,0.1080,-1
KHAPRETA_510206,312157.860,2624444.200,130.8400,0.5569,1.5800,0.1010,-1
KHAPRETA_510206,312168.860,2624444.200,130.8100,0.5069,1.6100,0.1029,-1
KHAPRETA_510206,312169.860,2624444.200,130.7900,0.0200,1.6300,0.1042,-1
KHAPRETA_510206,312170.860,2624444.200,130.8500,0.5069,1.5700,0.1003,-1
KHAPRETA_510206,312173.860,2624444.200,130.8500,0.5369,1.5700,0.1003,-1
KHAPRETA_510206,312175.860,2624444.200,130.8800,0.5819,1.5400,0.0984,-1
KHAPRETA_510206,312176.860,2624444.200,130.9400,0.0150,1.4800,0.0946,-1
KHAPRETA_510206,312177.860,2624444.200,130.8500,0.5823,1.5700,0.1003,-1
KHAPRETA_510206,312180.860,2624444.200,130.9900,0.0000,1.4300,0.0914,-1
KHAPRETA_510206,312185.860,2624444.200,130.1100,0.0419,2.3100,0.1476,-1
KHAPRETA_510206,312186.860,2624444.200,129.8600,0.1669,2.5600,0.1636,-1
KHAPRETA_510206,312195.860,2624444.200,130.5400,0.7569,1.8800,0.1201,-1
KHAPRETA_510206,312196.860,2624444.200,131.2900,1.1994,1.1300,0.0722,-1
KHAPRETA_510206,311957.860,2624445.200,128.5400,0.0000,3.8800,0.2479,-1
KHAPRETA_510206,311959.860,2624445.200,128.6000,0.0000,3.8200,0.2441,-1
KHAPRETA_510206,311973.860,2624445.200,128.7800,0.0000,3.6400,0.2326,-1
KHAPRETA_510206,311978.860,2624445.200,129.2200,0.0900,3.2000,0.2045,-1
KHAPRETA_510206,311982.860,2624445.200,129.2500,0.2681,3.1700,0.2026,-1
KHAPRETA_510206,311989.860,2624445.200,129.7300,0.1231,2.6900,0.1719,-1
KHAPRETA_510206,311990.860,2624445.200,129.5300,0.1449,2.8900,0.1847,-1
KHAPRETA_510206,311996.860,2624445.200,129.4900,0.0000,2.9300,0.1872,-1
KHAPRETA_510206,311998.860,2624445.200,129.6300,0.1031,2.7900,0.1783,-1
KHAPRETA_510206,311999.860,2624445.200,129.5700,0.0731,2.8500,0.1821,-1
KHAPRETA_510206,312001.860,2624445.200,129.4700,0.0000,2.9500,0.1885,-1
KHAPRETA_510206,312009.860,2624445.200,129.5600,0.0331,2.8600,0.1827,-1
KHAPRETA_510206,312015.860,2624445.200,129.6100,0.0000,2.8100,0.1796,-1
KHAPRETA_510206,312022.860,2624445.200,129.6700,0.0481,2.7500,0.1757,-1
KHAPRETA_510206,312039.860,2624445.200,129.8300,0.0318,2.5900,0.1655,-1
KHAPRETA_510206,312040.860,2624445.200,129.8100,0.0269,2.6100,0.1668,-1
KHAPRETA_510206,312051.860,2624445.200,129.8900,0.0000,2.5300,0.1617,-1
KHAPRETA_510206,312058.860,2624445.200,129.8700,0.0569,2.5500,0.1629,-1
KHAPRETA_510206,312062.860,2624445.200,130.1900,0.1869,2.2300,0.1425,-1
KHAPRETA_510206,312066.860,2624445.200,129.9600,0.0000,2.4600,0.1572,-1
KHAPRETA_510206,312068.860,2624445.200,129.8900,0.0000,2.5300,0.1617,-1
KHAPRETA_510206,312071.860,2624445.200,129.9800,0.0000,2.4400,0.1559,-1
KHAPRETA_510206,312074.860,2624445.200,130.0900,0.1458,2.3300,0.1489,-1
KHAPRETA_510206,312075.860,2624445.200,130.0200,0.1569,2.4000,0.1534,-1
KHAPRETA_510206,312079.860,2624445.200,129.6900,0.0000,2.7300,0.1744,-1
KHAPRETA_510206,312096.860,2624445.200,129.5700,0.0000,2.8500,0.1821,-1
KHAPRETA_510206,312099.860,2624445.200,130.0200,0.1141,2.4000,0.1534,-1
KHAPRETA_510206,312100.860,2624445.200,129.5500,0.1629,2.8700,0.1834,-1
KHAPRETA_510206,312118.860,2624445.200,130.2400,0.3281,2.1800,0.1393,-1
KHAPRETA_510206,312119.860,2624445.200,130.2500,0.2339,2.1700,0.1387,-1
KHAPRETA_510206,312121.860,2624445.200,130.3200,0.3799,2.1000,0.1342,-1
KHAPRETA_510206,312122.860,2624445.200,130.3700,0.0050,2.0500,0.1310,-1
KHAPRETA_510206,312123.860,2624445.200,130.3100,0.2969,2.1100,0.1348,-1
KHAPRETA_510206,312125.860,2624445.200,130.3000,0.0000,2.1200,0.1355,-1
KHAPRETA_510206,312135.860,2624445.200,130.4900,0.3519,1.9300,0.1233,-1
KHAPRETA_510206,312140.860,2624445.200,130.5400,0.0000,1.8800,0.1201,-1
KHAPRETA_510206,312147.860,2624445.200,130.5600,0.3519,1.8600,0.1188,-1
KHAPRETA_510206,312149.860,2624445.200,130.6100,0.4669,1.8100,0.1157,-1
KHAPRETA_510206,312150.860,2624445.200,130.7100,0.4169,1.7100,0.1093,-1
KHAPRETA_510206,312160.860,2624445.200,130.7300,0.0000,1.6900,0.1080,-1
KHAPRETA_510206,312165.860,2624445.200,130.8600,0.0000,1.5600,0.0997,-1
KHAPRETA_510206,312172.860,2624445.200,130.7700,0.4919,1.6500,0.1054,-1
KHAPRETA_510206,312177.860,2624445.200,130.8300,0.5369,1.5900,0.1016,-1
KHAPRETA_510206,312182.860,2624445.200,131.3200,0.5869,1.1000,0.0703,-1
KHAPRETA_510206,312190.860,2624445.200,129.7000,0.0719,2.7200,0.1738,-1
KHAPRETA_510206,312193.860,2624445.200,132.2100,0.0000,0.2100,0.0134,-1
KHAPRETA_510206,312219.860,2624445.200,132.2100,1.2969,0.2100,0.0134,-1
KHAPRETA_510206,312220.860,2624445.200,132.3700,1.2169,0.0500,0.0032,-1
KHAPRETA_510206,311956.860,2624446.200,128.5700,0.0000,3.8500,0.2460,-1
KHAPRETA_510206,311968.860,2624446.200,128.6400,0.0000,3.7800,0.2415,-1
KHAPRETA_510206,311977.860,2624446.200,128.7500,0.3431,3.6700,0.2345,-1
KHAPRETA_510206,311978.860,2624446.200,129.0900,0.3706,3.3300,0.2128,-1
KHAPRETA_510206,311979.860,2624446.200,129.2400,0.0700,3.1800,0.2032,-1
KHAPRETA_510206,311980.860,2624446.200,129.2300,0.2681,3.1900,0.2038,-1
KHAPRETA_510206,311982.860,2624446.200,129.2400,0.2631,3.1800,0.2032,-1
KHAPRETA_510206,311984.860,2624446.200,129.2500,0.0000,3.1700,0.2026,-1
KHAPRETA_510206,311990.860,2624446.200,129.4900,0.1231,2.9300,0.1872,-1
KHAPRETA_510206,311992.860,2624446.200,129.6400,0.2412,2.7800,0.1776,-1
KHAPRETA_510206,311993.860,2624446.200,129.4300,0.1050,2.9900,0.1911,-1
KHAPRETA_510206,311994.860,2624446.200,129.4300,0.1731,2.9900,0.1911,-1
KHAPRETA_510206,311997.860,2624446.200,129.5600,0.0000,2.8600,0.1827,-1
KHAPRETA_510206,312000.860,2624446.200,129.9800,0.0881,2.4400,0.1559,-1
KHAPRETA_510206,312008.860,2624446.200,129.6300,0.0000,2.7900,0.1783,-1
KHAPRETA_510206,312010.860,2624446.200,129.8300,0.0581,2.5900,0.1655,-1
KHAPRETA_510206,312012.860,2624446.200,129.6300,0.0631,2.7900,0.1783,-1
KHAPRETA_510206,312023.860,2624446.200,129.7300,0.0000,2.6900,0.1719,-1
KHAPRETA_510206,312030.860,2624446.200,129.7200,0.0000,2.7000,0.1725,-1
KHAPRETA_510206,312036.860,2624446.200,129.7700,0.0069,2.6500,0.1693,-1
KHAPRETA_510206,312039.860,2624446.200,129.8300,0.0269,2.5900,0.1655,-1
KHAPRETA_510206,312044.860,2624446.200,129.8400,0.0000,2.5800,0.1649,-1
KHAPRETA_510206,312049.860,2624446.200,129.8300,0.0569,2.5900,0.1655,-1
KHAPRETA_510206,312050.860,2624446.200,129.8900,0.0269,2.5300,0.1617,-1
KHAPRETA_510206,312053.860,2624446.200,129.8600,0.0669,2.5600,0.1636,-1
KHAPRETA_510206,312054.860,2624446.200,129.9100,0.0400,2.5100,0.1604,-1
KHAPRETA_510206,312055.860,2624446.200,129.9400,0.0000,2.4800,0.1585,-1
KHAPRETA_510206,312056.860,2624446.200,129.9100,0.0819,2.5100,0.1604,-1
KHAPRETA_510206,312058.860,2624446.200,129.8900,0.0469,2.5300,0.1617,-1
KHAPRETA_510206,312061.860,2624446.200,130.2500,0.1869,2.1700,0.1387,-1
KHAPRETA_510206,312062.860,2624446.200,130.1500,0.3146,2.2700,0.1450,-1
KHAPRETA_510206,312074.860,2624446.200,130.1100,0.1569,2.3100,0.1476,-1
KHAPRETA_510206,312077.860,2624446.200,129.8100,0.0831,2.6100,0.1668,-1
KHAPRETA_510206,312099.860,2624446.200,130.0800,0.1219,2.3400,0.1495,-1
KHAPRETA_510206,312103.860,2624446.200,129.7700,0.0000,2.6500,0.1693,-1
KHAPRETA_510206,312105.860,2624446.200,129.9200,0.1269,2.5000,0.1597,-1
KHAPRETA_510206,312106.860,2624446.200,130.0300,0.0719,2.3900,0.1527,-1
KHAPRETA_510206,312108.860,2624446.200,130.0600,0.0000,2.3600,0.1508,-1
KHAPRETA_510206,312115.860,2624446.200,130.1200,0.0000,2.3000,0.1470,-1
KHAPRETA_510206,312119.860,2624446.200,130.2900,0.2369,2.1300,0.1361,-1
KHAPRETA_510206,312121.860,2624446.200,130.2500,0.2719,2.1700,0.1387,-1
KHAPRETA_510206,312124.860,2624446.200,130.3400,0.0000,2.0800,0.1329,-1
KHAPRETA_510206,312126.860,2624446.200,130.3600,0.0000,2.0600,0.1316,-1
KHAPRETA_510206,312129.860,2624446.200,130.4500,0.0000,1.9700,0.1259,-1
KHAPRETA_510206,312135.860,2624446.200,130.4800,0.0200,1.9400,0.1240,-1
KHAPRETA_510206,312137.860,2624446.200,130.5000,0.3619,1.9200,0.1227,-1
KHAPRETA_510206,312139.860,2624446.200,130.5000,0.0000,1.9200,0.1227,-1
KHAPRETA_510206,312142.860,2624446.200,130.6400,0.0000,1.7800,0.1137,-1
KHAPRETA_510206,312145.860,2624446.200,130.3700,0.0000,2.0500,0.1310,-1
KHAPRETA_510206,312151.860,2624446.200,130.7400,0.6285,1.6800,0.1073,-1
KHAPRETA_510206,312152.860,2624446.200,130.6600,0.4819,1.7600,0.1125,-1
KHAPRETA_510206,312168.860,2624446.200,130.7900,0.5519,1.6300,0.1042,-1
KHAPRETA_510206,312169.860,2624446.200,130.8800,0.5069,1.5400,0.0984,-1
KHAPRETA_510206,312172.860,2624446.200,130.7600,0.4969,1.6600,0.1061,-1
KHAPRETA_510206,312182.860,2624446.200,130.9500,0.1150,1.4700,0.0939,-1
KHAPRETA_510206,312184.860,2624446.200,130.4400,0.0419,1.9800,0.1265,-1
KHAPRETA_510206,312186.860,2624446.200,129.8800,0.0000,2.5400,0.1623,-1
KHAPRETA_510206,312188.860,2624446.200,129.7300,0.0581,2.6900,0.1719,-1
KHAPRETA_510206,312189.860,2624446.200,129.6600,0.1060,2.7600,0.1764,-1
KHAPRETA_510206,312190.860,2624446.200,129.9200,0.4912,2.5000,0.1597,-1
KHAPRETA_510206,312191.860,2624446.200,130.2700,0.2312,2.1500,0.1374,-1
KHAPRETA_510206,312192.860,2624446.200,130.0800,0.2469,2.3400,0.1495,-1
KHAPRETA_510206,312194.860,2624446.200,130.9500,0.0000,1.4700,0.0939,-1
KHAPRETA_510206,312230.860,2624446.200,132.3900,0.0000,0.0300,0.0019,-1
KHAPRETA_510206,311948.860,2624447.200,128.5400,0.6331,3.8800,0.2479,-1
KHAPRETA_510206,311949.860,2624447.200,128.5100,0.8883,3.9100,0.2498,-1
KHAPRETA_510206,311965.860,2624447.200,128.6700,0.0000,3.7500,0.2396,-1
KHAPRETA_510206,311967.860,2624447.200,128.7100,0.5181,3.7100,0.2371,-1
KHAPRETA_510206,311973.860,2624447.200,128.7900,0.0000,3.6300,0.2319,-1
KHAPRETA_510206,311983.860,2624447.200,129.2800,0.0731,3.1400,0.2006,-1
KHAPRETA_510206,311985.860,2624447.200,129.6200,0.1381,2.8000,0.1789,-1
KHAPRETA_510206,311986.860,2624447.200,129.5000,0.2222,2.9200,0.1866,-1
KHAPRETA_510206,311992.860,2624447.200,129.4400,0.1250,2.9800,0.1904,-1
KHAPRETA_510206,311995.860,2624447.200,129.6100,0.1131,2.8100,0.1796,-1
KHAPRETA_510206,311996.860,2624447.200,129.5500,0.0831,2.8700,0.1834,-1
KHAPRETA_510206,311998.860,2624447.200,130.0400,0.0419,2.3800,0.1521,-1
KHAPRETA_510206,311999.860,2624447.200,129.8600,0.2200,2.5600,0.1636,-1
KHAPRETA_510206,312000.860,2624447.200,129.6000,0.2289,2.8200,0.1802,-1
KHAPRETA_510206,312004.860,2624447.200,129.8400,0.0831,2.5800,0.1649,-1
KHAPRETA_510206,312006.860,2624447.200,129.6600,0.0000,2.7600,0.1764,-1
KHAPRETA_510206,312009.860,2624447.200,129.6600,0.0581,2.7600,0.1764,-1
KHAPRETA_510206,312010.860,2624447.200,129.6600,0.1333,2.7600,0.1764,-1
KHAPRETA_510206,312012.860,2624447.200,129.6500,0.0731,2.7700,0.1770,-1
KHAPRETA_510206,312014.860,2624447.200,129.7200,0.0000,2.7000,0.1725,-1
KHAPRETA_510206,312017.860,2624447.200,129.6600,0.0000,2.7600,0.1764,-1
KHAPRETA_510206,312025.860,2624447.200,129.7200,0.0281,2.7000,0.1725,-1
KHAPRETA_510206,312026.860,2624447.200,129.7200,0.0397,2.7000,0.1725,-1
KHAPRETA_510206,312028.860,2624447.200,129.7200,0.0381,2.7000,0.1725,-1
KHAPRETA_510206,312029.860,2624447.200,129.7000,0.0310,2.7200,0.1738,-1
KHAPRETA_510206,312035.860,2624447.200,129.7600,0.0106,2.6600,0.1700,-1
KHAPRETA_510206,312036.860,2624447.200,129.7900,0.0263,2.6300,0.1681,-1
KHAPRETA_510206,312040.860,2624447.200,129.8000,0.0000,2.6200,0.1674,-1
KHAPRETA_510206,312042.860,2624447.200,129.8400,0.0369,2.5800,0.1649,-1
KHAPRETA_510206,312043.860,2624447.200,129.8500,0.0319,2.5700,0.1642,-1
KHAPRETA_510206,312046.860,2624447.200,129.8500,0.0949,2.5700,0.1642,-1
KHAPRETA_510206,312047.860,2624447.200,129.9000,0.0369,2.5200,0.1610,-1
KHAPRETA_510206,312051.860,2624447.200,129.8700,0.0000,2.5500,0.1629,-1
KHAPRETA_510206,312071.860,2624447.200,129.8900,0.0000,2.5300,0.1617,-1
KHAPRETA_510206,312077.860,2624447.200,129.6100,0.0169,2.8100,0.1796,-1
KHAPRETA_510206,312101.860,2624447.200,129.8800,0.0000,2.5400,0.1623,-1
KHAPRETA_510206,312111.860,2624447.200,130.0100,0.0919,2.4100,0.1540,-1
KHAPRETA_510206,312112.860,2624447.200,129.9600,0.1169,2.4600,0.1572,-1
KHAPRETA_510206,312120.860,2624447.200,130.3600,0.2469,2.0600,0.1316,-1
KHAPRETA_510206,312123.860,2624447.200,130.3300,0.0000,2.0900,0.1335,-1
KHAPRETA_510206,312125.860,2624447.200,130.3800,0.0000,2.0400,0.1304,-1
KHAPRETA_510206,312127.860,2624447.200,130.3000,0.2669,2.1200,0.1355,-1
KHAPRETA_510206,312135.860,2624447.200,130.4500,0.0150,1.9700,0.1259,-1
KHAPRETA_510206,312137.860,2624447.200,130.5000,0.3619,1.9200,0.1227,-1
KHAPRETA_510206,312141.860,2624447.200,130.4700,0.0000,1.9500,0.1246,-1
KHAPRETA_510206,312143.860,2624447.200,130.3900,0.0000,2.0300,0.1297,-1
KHAPRETA_510206,312148.860,2624447.200,130.5500,0.0000,1.8700,0.1195,-1
KHAPRETA_510206,312151.860,2624447.200,130.6700,0.4819,1.7500,0.1118,-1
KHAPRETA_510206,312160.860,2624447.200,130.6600,0.0000,1.7600,0.1125,-1
KHAPRETA_510206,312167.860,2624447.200,130.8300,0.0000,1.5900,0.1016,-1
KHAPRETA_510206,312170.860,2624447.200,130.8300,0.0000,1.5900,0.1016,-1
KHAPRETA_510206,312182.860,2624447.200,131.5500,0.5869,0.8700,0.0556,-1
KHAPRETA_510206,312184.860,2624447.200,129.8600,0.3300,2.5600,0.1636,-1
KHAPRETA_510206,312187.860,2624447.200,129.7400,0.0000,2.6800,0.1712,-1
KHAPRETA_510206,312189.860,2624447.200,129.8700,0.3518,2.5500,0.1629,-1
KHAPRETA_510206,312190.860,2624447.200,130.4700,0.1846,1.9500,0.1246,-1
KHAPRETA_510206,312191.860,2624447.200,130.2100,0.4258,2.2100,0.1412,-1
KHAPRETA_510206,312205.860,2624447.200,131.2500,0.8319,1.1700,0.0748,-1
KHAPRETA_510206,312219.860,2624447.200,131.7400,0.9769,0.6800,0.0435,-1
KHAPRETA_510206,311927.860,2624448.200,131.1300,0.0000,1.2900,0.0824,-1
KHAPRETA_510206,311945.860,2624448.200,127.8100,0.8931,4.6100,0.2946,-1
KHAPRETA_510206,311946.860,2624448.200,127.9900,0.3400,4.4300,0.2831,-1
KHAPRETA_510206,311947.860,2624448.200,128.4900,1.1944,3.9300,0.2511,-1
KHAPRETA_510206,311949.860,2624448.200,128.5000,0.6331,3.9200,0.2505,-1
KHAPRETA_510206,311951.860,2624448.200,128.5600,0.6031,3.8600,0.2466,-1
KHAPRETA_510206,311952.860,2624448.200,128.5700,0.0050,3.8500,0.2460,-1
KHAPRETA_510206,311953.860,2624448.200,128.5700,0.6031,3.8500,0.2460,-1
KHAPRETA_510206,311967.860,2624448.200,128.7400,0.0050,3.6800,0.2351,-1
KHAPRETA_510206,311972.860,2624448.200,128.7500,0.5131,3.6700,0.2345,-1
KHAPRETA_510206,311979.860,2624448.200,129.2400,0.3131,3.1800,0.2032,-1
KHAPRETA_510206,311980.860,2624448.200,129.1500,0.4393,3.2700,0.2089,-1
KHAPRETA_510206,311983.860,2624448.200,129.6300,0.2484,2.7900,0.1783,-1
KHAPRETA_510206,311984.860,2624448.200,129.7500,0.0731,2.6700,0.1706,-1
KHAPRETA_510206,311986.860,2624448.200,129.3600,0.1381,3.0600,0.1955,-1
KHAPRETA_510206,311988.860,2624448.200,129.4000,0.1349,3.0200,0.1930,-1
KHAPRETA_510206,311989.860,2624448.200,129.8200,0.2660,2.6000,0.1661,-1
KHAPRETA_510206,311991.860,2624448.200,129.7500,0.2188,2.6700,0.1706,-1
KHAPRETA_510206,311992.860,2624448.200,129.3900,0.0517,3.0300,0.1936,-1
KHAPRETA_510206,312000.860,2624448.200,129.5300,0.0881,2.8900,0.1847,-1
KHAPRETA_510206,312004.860,2624448.200,129.6100,0.0319,2.8100,0.1796,-1
KHAPRETA_510206,312010.860,2624448.200,129.5900,0.0581,2.8300,0.1808,-1
KHAPRETA_510206,312013.860,2624448.200,129.6900,0.0631,2.7300,0.1744,-1
KHAPRETA_510206,312016.860,2624448.200,129.6500,0.0000,2.7700,0.1770,-1
KHAPRETA_510206,312018.860,2624448.200,129.6900,0.0000,2.7300,0.1744,-1
KHAPRETA_510206,312026.860,2624448.200,129.7200,0.0281,2.7000,0.1725,-1
KHAPRETA_510206,312029.860,2624448.200,129.7500,0.0381,2.6700,0.1706,-1
KHAPRETA_510206,312035.860,2624448.200,129.7600,0.0234,2.6600,0.1700,-1
KHAPRETA_510206,312036.860,2624448.200,129.8200,0.0106,2.6000,0.1661,-1
KHAPRETA_510206,312039.860,2624448.200,129.8300,0.0000,2.5900,0.1655,-1
KHAPRETA_510206,312046.860,2624448.200,129.9200,0.0369,2.5000,0.1597,-1
KHAPRETA_510206,312053.860,2624448.200,129.8700,0.0000,2.5500,0.1629,-1
KHAPRETA_510206,312067.860,2624448.200,129.9700,0.0000,2.4500,0.1565,-1
KHAPRETA_510206,312069.860,2624448.200,130.2000,0.0000,2.2200,0.1419,-1
KHAPRETA_510206,312072.860,2624448.200,129.9400,0.0000,2.4800,0.1585,-1
KHAPRETA_510206,312081.860,2624448.200,130.2200,0.2669,2.2000,0.1406,-1
KHAPRETA_510206,312082.860,2624448.200,130.3100,0.2219,2.1100,0.1348,-1
KHAPRETA_510206,312099.860,2624448.200,129.7000,0.0931,2.7200,0.1738,-1
KHAPRETA_510206,312103.860,2624448.200,129.9300,0.0000,2.4900,0.1591,-1
KHAPRETA_510206,312105.860,2624448.200,129.9700,0.0000,2.4500,0.1565,-1
KHAPRETA_510206,312107.860,2624448.200,129.9700,0.0000,2.4500,0.1565,-1
KHAPRETA_510206,312109.860,2624448.200,130.0500,0.0000,2.3700,0.1514,-1
KHAPRETA_510206,312113.860,2624448.200,130.0600,0.0000,2.3600,0.1508,-1
KHAPRETA_510206,312119.860,2624448.200,130.1000,0.2469,2.3200,0.1482,-1
KHAPRETA_510206,312120.860,2624448.200,130.2700,0.3338,2.1500,0.1374,-1
KHAPRETA_510206,312127.860,2624448.200,130.3100,0.2619,2.1100,0.1348,-1
KHAPRETA_510206,312129.860,2624448.200,130.2800,0.4588,2.1400,0.1367,-1
KHAPRETA_510206,312130.860,2624448.200,130.4200,0.1000,2.0000,0.1278,-1
KHAPRETA_510206,312131.860,2624448.200,130.4800,0.0200,1.9400,0.1240,-1
KHAPRETA_510206,312132.860,2624448.200,130.3800,0.3519,2.0400,0.1304,-1
KHAPRETA_510206,312135.860,2624448.200,130.4500,0.3369,1.9700,0.1259,-1
KHAPRETA_510206,312142.860,2624448.200,130.3800,0.0000,2.0400,0.1304,-1
KHAPRETA_510206,312144.860,2624448.200,130.4900,0.0000,1.9300,0.1233,-1
KHAPRETA_510206,312150.860,2624448.200,130.6700,0.0000,1.7500,0.1118,-1
KHAPRETA_510206,312153.860,2624448.200,130.7300,0.4569,1.6900,0.1080,-1
KHAPRETA_510206,312158.860,2624448.200,130.7600,0.0000,1.6600,0.1061,-1
KHAPRETA_510206,312168.860,2624448.200,130.8100,0.4919,1.6100,0.1029,-1
KHAPRETA_510206,312171.860,2624448.200,130.7900,0.0000,1.6300,0.1042,-1
KHAPRETA_510206,312175.860,2624448.200,130.7500,0.4669,1.6700,0.1067,-1
KHAPRETA_510206,312178.860,2624448.200,130.7700,0.0000,1.6500,0.1054,-1
KHAPRETA_510206,312184.860,2624448.200,129.7800,0.0921,2.6400,0.1687,-1
KHAPRETA_510206,312185.860,2624448.200,129.9600,0.0019,2.4600,0.1572,-1
KHAPRETA_510206,312192.860,2624448.200,131.6600,0.0000,0.7600,0.0486,-1
KHAPRETA_510206,312203.860,2624448.200,131.7500,0.7269,0.6700,0.0428,-1
KHAPRETA_510206,312205.860,2624448.200,131.4400,1.0177,0.9800,0.0626,-1
KHAPRETA_510206,312206.860,2624448.200,131.1800,0.2350,1.2400,0.0792,-1
KHAPRETA_510206,312207.860,2624448.200,130.9700,0.7019,1.4500,0.0927,-1
KHAPRETA_510206,312219.860,2624448.200,131.7300,0.9819,0.6900,0.0441,-1
KHAPRETA_510206,311926.860,2624449.200,130.7600,0.0000,1.6600,0.1061,-1
KHAPRETA_510206,311947.860,2624449.200,128.1900,0.6431,4.2300,0.2703,-1
KHAPRETA_510206,311950.860,2624449.200,128.5100,0.0000,3.9100,0.2498,-1
KHAPRETA_510206,311954.860,2624449.200,128.6000,0.5981,3.8200,0.2441,-1
KHAPRETA_510206,311955.860,2624449.200,128.5800,0.5881,3.8400,0.2454,-1
KHAPRETA_510206,311963.860,2624449.200,128.6300,0.0000,3.7900,0.2422,-1
KHAPRETA_510206,311965.860,2624449.200,128.6300,0.5181,3.7900,0.2422,-1
KHAPRETA_510206,311967.860,2624449.200,128.7200,0.5181,3.7000,0.2364,-1
KHAPRETA_510206,311969.860,2624449.200,128.8400,0.0000,3.5800,0.2288,-1
KHAPRETA_510206,311972.860,2624449.200,128.7500,0.5131,3.6700,0.2345,-1
KHAPRETA_510206,311976.860,2624449.200,128.7800,0.0000,3.6400,0.2326,-1
KHAPRETA_510206,311978.860,2624449.200,128.8500,0.0000,3.5700,0.2281,-1
KHAPRETA_510206,311980.860,2624449.200,129.0800,0.3131,3.3400,0.2134,-1
KHAPRETA_510206,311988.860,2624449.200,129.5100,0.2660,2.9100,0.1859,-1
KHAPRETA_510206,311989.860,2624449.200,129.4000,0.1349,3.0200,0.1930,-1
KHAPRETA_510206,311991.860,2624449.200,129.5700,0.1948,2.8500,0.1821,-1
KHAPRETA_510206,311992.860,2624449.200,129.5400,0.2188,2.8800,0.1840,-1
KHAPRETA_510206,311995.860,2624449.200,129.4600,0.0000,2.9600,0.1891,-1
KHAPRETA_510206,311997.860,2624449.200,129.6200,0.1331,2.8000,0.1789,-1
KHAPRETA_510206,311998.860,2624449.200,129.5100,0.0781,2.9100,0.1859,-1
KHAPRETA_510206,312001.860,2624449.200,130.0800,0.0000,2.3400,0.1495,-1
KHAPRETA_510206,312003.860,2624449.200,129.6000,0.0000,2.8200,0.1802,-1
KHAPRETA_510206,312006.860,2624449.200,129.6000,0.0000,2.8200,0.1802,-1
KHAPRETA_510206,312011.860,2624449.200,129.6400,0.0000,2.7800,0.1776,-1
KHAPRETA_510206,312013.860,2624449.200,129.6500,0.0431,2.7700,0.1770,-1
KHAPRETA_510206,312015.860,2624449.200,129.6500,0.0000,2.7700,0.1770,-1
KHAPRETA_510206,312023.860,2624449.200,129.7100,0.0331,2.7100,0.1732,-1
KHAPRETA_510206,312024.860,2624449.200,129.7100,0.0100,2.7100,0.1732,-1
KHAPRETA_510206,312025.860,2624449.200,129.7300,0.0331,2.6900,0.1719,-1
KHAPRETA_510206,312034.860,2624449.200,129.7800,0.0000,2.6400,0.1687,-1
KHAPRETA_510206,312037.860,2624449.200,129.8200,0.0347,2.6000,0.1661,-1
KHAPRETA_510206,312038.860,2624449.200,129.8200,0.0347,2.6000,0.1661,-1
KHAPRETA_510206,312040.860,2624449.200,129.8400,0.0000,2.5800,0.1649,-1
KHAPRETA_510206,312042.860,2624449.200,129.8500,0.0000,2.5700,0.1642,-1
KHAPRETA_510206,312070.860,2624449.200,129.9800,0.1819,2.4400,0.1559,-1
KHAPRETA_510206,312075.860,2624449.200,130.4100,0.0000,2.0100,0.1284,-1
KHAPRETA_510206,312077.860,2624449.200,130.2100,0.0000,2.2100,0.1412,-1
KHAPRETA_510206,312099.860,2624449.200,129.5900,0.0381,2.8300,0.1808,-1
KHAPRETA_510206,312102.860,2624449.200,130.0100,0.0019,2.4100,0.1540,-1
KHAPRETA_510206,312111.860,2624449.200,130.0300,0.0969,2.3900,0.1527,-1
KHAPRETA_510206,312112.860,2624449.200,129.9700,0.1269,2.4500,0.1565,-1
KHAPRETA_510206,312116.860,2624449.200,130.1900,0.0000,2.2300,0.1425,-1
KHAPRETA_510206,312125.860,2624449.200,130.2900,0.0000,2.1300,0.1361,-1
KHAPRETA_510206,312129.860,2624449.200,130.4300,0.2519,1.9900,0.1272,-1
KHAPRETA_510206,312136.860,2624449.200,130.5300,0.0000,1.8900,0.1208,-1
KHAPRETA_510206,312138.860,2624449.200,130.4500,0.0000,1.9700,0.1259,-1
KHAPRETA_510206,312148.860,2624449.200,130.6800,0.0000,1.7400,0.1112,-1
KHAPRETA_510206,312151.860,2624449.200,130.7300,0.4519,1.6900,0.1080,-1
KHAPRETA_510206,312153.860,2624449.200,130.6900,0.4769,1.7300,0.1105,-1
KHAPRETA_510206,312155.860,2624449.200,130.7200,0.4769,1.7000,0.1086,-1
KHAPRETA_510206,312164.860,2624449.200,130.8000,0.0000,1.6200,0.1035,-1
KHAPRETA_510206,312168.860,2624449.200,130.7600,0.7346,1.6600,0.1061,-1
KHAPRETA_510206,312169.860,2624449.200,130.8200,0.0300,1.6000,0.1022,-1
KHAPRETA_510206,312170.860,2624449.200,130.8200,0.5219,1.6000,0.1022,-1
KHAPRETA_510206,312175.860,2624449.200,130.7100,0.4869,1.7100,0.1093,-1
KHAPRETA_510206,312184.860,2624449.200,129.8700,0.0000,2.5500,0.1629,-1
KHAPRETA_510206,312201.860,2624449.200,131.8900,1.0419,0.5300,0.0339,-1
KHAPRETA_510206,312202.860,2624449.200,131.8600,0.9839,0.5600,0.0358,-1
KHAPRETA_510206,312203.860,2624449.200,131.2300,1.0670,1.1900,0.0760,-1
KHAPRETA_510206,312220.860,2624449.200,132.1500,0.0000,0.2700,0.0173,-1
KHAPRETA_510206,311944.860,2624450.200,129.3300,0.0000,3.0900,0.1974,-1
KHAPRETA_510206,311946.860,2624450.200,128.2000,0.7681,4.2200,0.2696,-1
KHAPRETA_510206,311949.860,2624450.200,128.5700,0.0000,3.8500,0.2460,-1
KHAPRETA_510206,311951.860,2624450.200,128.6400,0.0000,3.7800,0.2415,-1
KHAPRETA_510206,311962.860,2624450.200,128.7000,0.0000,3.7200,0.2377,-1
KHAPRETA_510206,311965.860,2624450.200,128.7400,0.7593,3.6800,0.2351,-1
KHAPRETA_510206,311966.860,2624450.200,128.7800,0.5181,3.6400,0.2326,-1
KHAPRETA_510206,311968.860,2624450.200,128.7200,0.0000,3.7000,0.2364,-1
KHAPRETA_510206,311977.860,2624450.200,128.7800,0.4981,3.6400,0.2326,-1
KHAPRETA_510206,311981.860,2624450.200,129.3700,0.0281,3.0500,0.1949,-1
KHAPRETA_510206,311982.860,2624450.200,129.7200,0.3475,2.7000,0.1725,-1
KHAPRETA_510206,311985.860,2624450.200,129.7300,0.1381,2.6900,0.1719,-1
KHAPRETA_510206,311991.860,2624450.200,129.4400,0.1031,2.9800,0.1904,-1
KHAPRETA_510206,311993.860,2624450.200,130.1800,0.0000,2.2400,0.1431,-1
KHAPRETA_510206,311999.860,2624450.200,129.6500,0.0000,2.7700,0.1770,-1
KHAPRETA_510206,312004.860,2624450.200,129.5600,0.0169,2.8600,0.1827,-1
KHAPRETA_510206,312005.860,2624450.200,129.8100,0.1564,2.6100,0.1668,-1
KHAPRETA_510206,312008.860,2624450.200,129.7000,0.0881,2.7200,0.1738,-1
KHAPRETA_510206,312018.860,2624450.200,129.6600,0.0281,2.7600,0.1764,-1
KHAPRETA_510206,312019.860,2624450.200,129.7200,0.0821,2.7000,0.1725,-1
KHAPRETA_510206,312027.860,2624450.200,129.7200,0.0000,2.7000,0.1725,-1
KHAPRETA_510206,312033.860,2624450.200,129.7600,0.0000,2.6600,0.1700,-1
KHAPRETA_510206,312037.860,2624450.200,129.8300,0.0287,2.5900,0.1655,-1
KHAPRETA_510206,312038.860,2624450.200,129.8300,0.0269,2.5900,0.1655,-1
KHAPRETA_510206,312052.860,2624450.200,129.9400,0.0000,2.4800,0.1585,-1
KHAPRETA_510206,312056.860,2624450.200,129.9200,0.0669,2.5000,0.1597,-1
KHAPRETA_510206,312058.860,2624450.200,129.8700,0.0000,2.5500,0.1629,-1
KHAPRETA_510206,312065.860,2624450.200,129.9400,0.0000,2.4800,0.1585,-1
KHAPRETA_510206,312068.860,2624450.200,129.9400,0.0000,2.4800,0.1585,-1
KHAPRETA_510206,312070.860,2624450.200,130.1400,0.2579,2.2800,0.1457,-1
KHAPRETA_510206,312071.860,2624450.200,130.2500,0.1819,2.1700,0.1387,-1
KHAPRETA_510206,312073.860,2624450.200,130.0400,0.1619,2.3800,0.1521,-1
KHAPRETA_510206,312074.860,2624450.200,130.1000,0.1319,2.3200,0.1482,-1
KHAPRETA_510206,312082.860,2624450.200,130.1100,0.0000,2.3100,0.1476,-1
KHAPRETA_510206,312102.860,2624450.200,129.7800,0.1350,2.6400,0.1687,-1
KHAPRETA_510206,312109.860,2624450.200,129.9200,0.0919,2.5000,0.1597,-1
KHAPRETA_510206,312110.860,2624450.200,129.9600,0.0719,2.4600,0.1572,-1
KHAPRETA_510206,312124.860,2624450.200,130.2900,0.0000,2.1300,0.1361,-1
KHAPRETA_510206,312133.860,2624450.200,130.4800,0.0000,1.9400,0.1240,-1
KHAPRETA_510206,312144.860,2624450.200,130.5100,0.3819,1.9100,0.1220,-1
KHAPRETA_510206,312145.860,2624450.200,130.5400,0.3669,1.8800,0.1201,-1
KHAPRETA_510206,312149.860,2624450.200,130.7400,0.0000,1.6800,0.1073,-1
KHAPRETA_510206,312151.860,2624450.200,130.6800,0.0050,1.7400,0.1112,-1
KHAPRETA_510206,312155.860,2624450.200,130.7300,0.4719,1.6900,0.1080,-1
KHAPRETA_510206,312158.860,2624450.200,130.7600,0.0000,1.6600,0.1061,-1
KHAPRETA_510206,312163.860,2624450.200,130.8400,0.0000,1.5800,0.1010,-1
KHAPRETA_510206,312165.860,2624450.200,130.8000,0.4769,1.6200,0.1035,-1
KHAPRETA_510206,312178.860,2624450.200,130.7400,0.0000,1.6800,0.1073,-1
KHAPRETA_510206,312184.860,2624450.200,129.7800,0.0469,2.6400,0.1687,-1
KHAPRETA_510206,312187.860,2624450.200,129.7200,0.0619,2.7000,0.1725,-1
KHAPRETA_510206,312188.860,2624450.200,129.9000,0.2900,2.5200,0.1610,-1
KHAPRETA_510206,312189.860,2624450.200,130.3000,0.2750,2.1200,0.1355,-1
KHAPRETA_510206,312190.860,2624450.200,130.4500,0.2619,1.9700,0.1259,-1
KHAPRETA_510206,312202.860,2624450.200,131.6300,1.2879,0.7900,0.0505,-1
KHAPRETA_510206,312203.860,2624450.200,131.2900,1.1780,1.1300,0.0722,-1
KHAPRETA_510206,312207.860,2624450.200,131.1500,0.0000,1.2700,0.0812,-1
KHAPRETA_510206,311946.860,2624451.200,128.2400,0.6543,4.1800,0.2671,-1
KHAPRETA_510206,311947.860,2624451.200,128.4700,1.0379,3.9500,0.2524,-1
KHAPRETA_510206,311958.860,2624451.200,128.6600,0.0000,3.7600,0.2403,-1
KHAPRETA_510206,311971.860,2624451.200,128.8100,0.5081,3.6100,0.2307,-1
KHAPRETA_510206,311975.860,2624451.200,128.7800,0.5181,3.6400,0.2326,-1
KHAPRETA_510206,311977.860,2624451.200,128.7800,0.4981,3.6400,0.2326,-1
KHAPRETA_510206,311980.860,2624451.200,129.0200,0.3381,3.4000,0.2173,-1
KHAPRETA_510206,311982.860,2624451.200,130.3400,0.0950,2.0800,0.1329,-1
KHAPRETA_510206,311985.860,2624451.200,129.5000,0.2044,2.9200,0.1866,-1
KHAPRETA_510206,311986.860,2624451.200,129.3700,0.1381,3.0500,0.1949,-1
KHAPRETA_510206,311989.860,2624451.200,129.4400,0.1531,2.9800,0.1904,-1
KHAPRETA_510206,311992.860,2624451.200,129.4000,0.0000,3.0200,0.1930,-1
KHAPRETA_510206,311994.860,2624451.200,129.7600,0.0000,2.6600,0.1700,-1
KHAPRETA_510206,312005.860,2624451.200,129.5500,0.0169,2.8700,0.1834,-1
KHAPRETA_510206,312007.860,2624451.200,129.6400,0.0881,2.7800,0.1776,-1
KHAPRETA_510206,312008.860,2624451.200,129.6000,0.0750,2.8200,0.1802,-1
KHAPRETA_510206,312009.860,2624451.200,129.7600,0.0881,2.6600,0.1700,-1
KHAPRETA_510206,312015.860,2624451.200,129.6300,0.0000,2.7900,0.1783,-1
KHAPRETA_510206,312019.860,2624451.200,129.6600,0.0281,2.7600,0.1764,-1
KHAPRETA_510206,312028.860,2624451.200,129.7200,0.0281,2.7000,0.1725,-1
KHAPRETA_510206,312036.860,2624451.200,129.8400,0.0119,2.5800,0.1649,-1
KHAPRETA_510206,312037.860,2624451.200,129.8000,0.0287,2.6200,0.1674,-1
KHAPRETA_510206,312038.860,2624451.200,129.8200,0.0292,2.6000,0.1661,-1
KHAPRETA_510206,312039.860,2624451.200,129.8500,0.0100,2.5700,0.1642,-1
KHAPRETA_510206,312040.860,2624451.200,129.8400,0.0369,2.5800,0.1649,-1
KHAPRETA_510206,312043.860,2624451.200,129.8700,0.0000,2.5500,0.1629,-1
KHAPRETA_510206,312046.860,2624451.200,129.8700,0.0569,2.5500,0.1629,-1
KHAPRETA_510206,312053.860,2624451.200,129.9600,0.0000,2.4600,0.1572,-1
KHAPRETA_510206,312056.860,2624451.200,129.9100,0.1207,2.5100,0.1604,-1
KHAPRETA_510206,312057.860,2624451.200,129.9700,0.0669,2.4500,0.1565,-1
KHAPRETA_510206,312067.860,2624451.200,129.8600,0.0000,2.5600,0.1636,-1
KHAPRETA_510206,312072.860,2624451.200,130.3200,0.0000,2.1000,0.1342,-1
KHAPRETA_510206,312076.860,2624451.200,130.3100,0.0000,2.1100,0.1348,-1
KHAPRETA_510206,312080.860,2624451.200,130.1900,0.0000,2.2300,0.1425,-1
KHAPRETA_510206,312102.860,2624451.200,129.7400,0.0100,2.6800,0.1712,-1
KHAPRETA_510206,312105.860,2624451.200,129.8000,0.0569,2.6200,0.1674,-1
KHAPRETA_510206,312106.860,2624451.200,129.8900,0.0150,2.5300,0.1617,-1
KHAPRETA_510206,312107.860,2624451.200,129.8300,0.0569,2.5900,0.1655,-1
KHAPRETA_510206,312112.860,2624451.200,129.9600,0.1519,2.4600,0.1572,-1
KHAPRETA_510206,312113.860,2624451.200,130.0800,0.0919,2.3400,0.1495,-1
KHAPRETA_510206,312117.860,2624451.200,130.2400,0.0000,2.1800,0.1393,-1
KHAPRETA_510206,312121.860,2624451.200,130.1100,0.2619,2.3100,0.1476,-1
KHAPRETA_510206,312122.860,2624451.200,130.3000,0.1669,2.1200,0.1355,-1
KHAPRETA_510206,312129.860,2624451.200,130.3200,0.0000,2.1000,0.1342,-1
KHAPRETA_510206,312136.860,2624451.200,130.4300,0.2719,1.9900,0.1272,-1
KHAPRETA_510206,312140.860,2624451.200,130.1800,0.3386,2.2400,0.1431,-1
KHAPRETA_510206,312141.860,2624451.200,130.2500,0.2019,2.1700,0.1387,-1
KHAPRETA_510206,312148.860,2624451.200,130.7000,0.0000,1.7200,0.1099,-1
KHAPRETA_510206,312151.860,2624451.200,130.7200,0.4519,1.7000,0.1086,-1
KHAPRETA_510206,312153.860,2624451.200,130.6900,0.0000,1.7300,0.1105,-1
KHAPRETA_510206,312159.860,2624451.200,130.6600,0.5019,1.7600,0.1125,-1
KHAPRETA_510206,312160.860,2624451.200,130.7800,0.6801,1.6400,0.1048,-1
KHAPRETA_510206,312162.860,2624451.200,130.7900,0.4819,1.6300,0.1042,-1
KHAPRETA_510206,312165.860,2624451.200,130.7300,0.5119,1.6900,0.1080,-1
KHAPRETA_510206,312175.860,2624451.200,130.6600,0.5019,1.7600,0.1125,-1
KHAPRETA_510206,312176.860,2624451.200,130.7800,0.4419,1.6400,0.1048,-1
KHAPRETA_510206,312179.860,2624451.200,131.7200,0.0000,0.7000,0.0447,-1
KHAPRETA_510206,312191.860,2624451.200,130.2200,0.0000,2.2000,0.1406,-1
KHAPRETA_510206,312199.860,2624451.200,132.1400,0.0000,0.2800,0.0179,-1
KHAPRETA_510206,312204.860,2624451.200,131.1400,0.5919,1.2800,0.0818,-1
KHAPRETA_510206,312210.860,2624451.200,131.8700,0.0000,0.5500,0.0351,-1
KHAPRETA_510206,312223.860,2624451.200,131.7000,1.1819,0.7200,0.0460,-1
KHAPRETA_510206,312224.860,2624451.200,132.1400,0.1400,0.2800,0.0179,-1
KHAPRETA_510206,312225.860,2624451.200,131.9800,1.1819,0.4400,0.0281,-1
KHAPRETA_510206,311943.860,2624452.200,129.2300,0.8431,3.1900,0.2038,-1
KHAPRETA_510206,311944.860,2624452.200,128.0900,0.2731,4.3300,0.2767,-1
KHAPRETA_510206,311946.860,2624452.200,128.2800,0.6982,4.1400,0.2645,-1
KHAPRETA_510206,311947.860,2624452.200,128.3800,0.6631,4.0400,0.2581,-1
KHAPRETA_510206,311948.860,2624452.200,128.5100,0.6981,3.9100,0.2498,-1
KHAPRETA_510206,311959.860,2624452.200,128.6100,0.0000,3.8100,0.2435,-1
KHAPRETA_510206,311961.860,2624452.200,128.6200,0.0000,3.8000,0.2428,-1
KHAPRETA_510206,311963.860,2624452.200,128.6600,0.0000,3.7600,0.2403,-1
KHAPRETA_510206,311967.860,2624452.200,128.7400,0.0000,3.6800,0.2351,-1
KHAPRETA_510206,311969.860,2624452.200,128.7300,0.0000,3.6900,0.2358,-1
KHAPRETA_510206,311971.860,2624452.200,128.7600,0.4831,3.6600,0.2339,-1
KHAPRETA_510206,311975.860,2624452.200,128.7400,0.4981,3.6800,0.2351,-1
KHAPRETA_510206,311980.860,2624452.200,129.1000,0.4468,3.3200,0.2121,-1
KHAPRETA_510206,311981.860,2624452.200,129.3000,0.2792,3.1200,0.1994,-1
KHAPRETA_510206,311982.860,2624452.200,129.5300,0.5224,2.8900,0.1847,-1
KHAPRETA_510206,311989.860,2624452.200,129.4700,0.1681,2.9500,0.1885,-1
KHAPRETA_510206,311993.860,2624452.200,129.5000,0.1181,2.9200,0.1866,-1
KHAPRETA_510206,311997.860,2624452.200,129.5000,0.1624,2.9200,0.1866,-1
KHAPRETA_510206,311998.860,2624452.200,129.5100,0.1917,2.9100,0.1859,-1
KHAPRETA_510206,312008.860,2624452.200,129.6100,0.0881,2.8100,0.1796,-1
KHAPRETA_510206,312010.860,2624452.200,129.6600,0.0831,2.7600,0.1764,-1
KHAPRETA_510206,312014.860,2624452.200,129.6200,0.0000,2.8000,0.1789,-1
KHAPRETA_510206,312028.860,2624452.200,129.7200,0.0281,2.7000,0.1725,-1
KHAPRETA_510206,312031.860,2624452.200,129.7800,0.0119,2.6400,0.1687,-1
KHAPRETA_510206,312032.860,2624452.200,129.8000,0.0019,2.6200,0.1674,-1
KHAPRETA_510206,312038.860,2624452.200,129.8000,0.0219,2.6200,0.1674,-1
KHAPRETA_510206,312046.860,2624452.200,129.8900,0.0469,2.5300,0.1617,-1
KHAPRETA_510206,312048.860,2624452.200,129.8700,0.0419,2.5500,0.1629,-1
KHAPRETA_510206,312049.860,2624452.200,129.8600,0.0469,2.5600,0.1636,-1
KHAPRETA_510206,312052.860,2624452.200,129.8900,0.0000,2.5300,0.1617,-1
KHAPRETA_510206,312058.860,2624452.200,129.8400,0.0000,2.5800,0.1649,-1
KHAPRETA_510206,312073.860,2624452.200,130.3900,0.2869,2.0300,0.1297,-1
KHAPRETA_510206,312075.860,2624452.200,130.4400,0.0000,1.9800,0.1265,-1
KHAPRETA_510206,312085.860,2624452.200,130.4500,0.3169,1.9700,0.1259,-1
KHAPRETA_510206,312102.860,2624452.200,129.7600,0.0216,2.6600,0.1700,-1
KHAPRETA_510206,312103.860,2624452.200,129.8000,0.0081,2.6200,0.1674,-1
KHAPRETA_510206,312109.860,2624452.200,130.0200,0.0000,2.4000,0.1534,-1
KHAPRETA_510206,312123.860,2624452.200,130.3000,0.0000,2.1200,0.1355,-1
KHAPRETA_510206,312126.860,2624452.200,130.2300,0.0000,2.1900,0.1399,-1
KHAPRETA_510206,312136.860,2624452.200,130.3200,0.3269,2.1000,0.1342,-1
KHAPRETA_510206,312140.860,2624452.200,130.2600,0.0250,2.1600,0.1380,-1
KHAPRETA_510206,312144.860,2624452.200,130.4900,0.0000,1.9300,0.1233,-1
KHAPRETA_510206,312156.860,2624452.200,130.7700,0.0000,1.6500,0.1054,-1
KHAPRETA_510206,312160.860,2624452.200,130.8100,0.0100,1.6100,0.1029,-1
KHAPRETA_510206,312162.860,2624452.200,130.7400,0.5069,1.6800,0.1073,-1
KHAPRETA_510206,312164.860,2624452.200,130.8200,0.4819,1.6000,0.1022,-1
KHAPRETA_510206,312166.860,2624452.200,130.7900,0.0000,1.6300,0.1042,-1
KHAPRETA_510206,312169.860,2624452.200,130.7300,0.5219,1.6900,0.1080,-1
KHAPRETA_510206,312171.860,2624452.200,130.8000,0.0000,1.6200,0.1035,-1
KHAPRETA_510206,312174.860,2624452.200,130.8400,0.5069,1.5800,0.1010,-1
KHAPRETA_510206,312181.860,2624452.200,129.6400,0.0000,2.7800,0.1776,-1
KHAPRETA_510206,312190.860,2624452.200,130.1600,0.1769,2.2600,0.1444,-1
KHAPRETA_510206,312193.860,2624452.200,130.7200,0.0000,1.7000,0.1086,-1
KHAPRETA_510206,312200.860,2624452.200,131.0800,0.8867,1.3400,0.0856,-1
KHAPRETA_510206,312201.860,2624452.200,131.0500,0.6005,1.3700,0.0875,-1
KHAPRETA_510206,312202.860,2624452.200,130.9500,0.8833,1.4700,0.0939,-1
KHAPRETA_510206,312204.860,2624452.200,130.9600,0.4500,1.4600,0.0933,-1
KHAPRETA_510206,311945.860,2624453.200,128.2000,0.7831,4.2200,0.2696,-1
KHAPRETA_510206,311946.860,2624453.200,128.2100,1.0866,4.2100,0.2690,-1
KHAPRETA_510206,311949.860,2624453.200,128.6700,0.0000,3.7500,0.2396,-1
KHAPRETA_510206,311952.860,2624453.200,128.5900,0.6031,3.8300,0.2447,-1
KHAPRETA_510206,311953.860,2624453.200,128.5700,0.5931,3.8500,0.2460,-1
KHAPRETA_510206,311956.860,2624453.200,128.5800,0.0000,3.8400,0.2454,-1
KHAPRETA_510206,311973.860,2624453.200,128.7500,0.5131,3.6700,0.2345,-1
KHAPRETA_510206,311976.860,2624453.200,128.7600,0.0000,3.6600,0.2339,-1
KHAPRETA_510206,311978.860,2624453.200,128.8100,0.0000,3.6100,0.2307,-1
KHAPRETA_510206,311981.860,2624453.200,129.4200,0.3003,3.0000,0.1917,-1
KHAPRETA_510206,311982.860,2624453.200,129.4100,0.2164,3.0100,0.1923,-1
KHAPRETA_510206,311993.860,2624453.200,129.5400,0.0650,2.8800,0.1840,-1
KHAPRETA_510206,311997.860,2624453.200,129.5900,0.1553,2.8300,0.1808,-1
KHAPRETA_510206,311998.860,2624453.200,129.5100,0.1403,2.9100,0.1859,-1
KHAPRETA_510206,312000.860,2624453.200,129.5600,0.0000,2.8600,0.1827,-1
KHAPRETA_510206,312009.860,2624453.200,129.6200,0.0831,2.8000,0.1789,-1
KHAPRETA_510206,312010.860,2624453.200,129.6100,0.0973,2.8100,0.1796,-1
KHAPRETA_510206,312012.860,2624453.200,129.6200,0.0000,2.8000,0.1789,-1
KHAPRETA_510206,312017.860,2624453.200,129.6600,0.0481,2.7600,0.1764,-1
KHAPRETA_510206,312019.860,2624453.200,129.7000,0.0381,2.7200,0.1738,-1
KHAPRETA_510206,312021.860,2624453.200,129.7000,0.0000,2.7200,0.1738,-1
KHAPRETA_510206,312023.860,2624453.200,129.7100,0.0231,2.7100,0.1732,-1
KHAPRETA_510206,312024.860,2624453.200,129.7300,0.0150,2.6900,0.1719,-1
KHAPRETA_510206,312025.860,2624453.200,129.7400,0.0231,2.6800,0.1712,-1
KHAPRETA_510206,312050.860,2624453.200,129.9500,0.0919,2.4700,0.1578,-1
KHAPRETA_510206,312051.860,2624453.200,129.9600,0.0869,2.4600,0.1572,-1
KHAPRETA_510206,312054.860,2624453.200,129.9500,0.1058,2.4700,0.1578,-1
KHAPRETA_510206,312055.860,2624453.200,129.9400,0.0869,2.4800,0.1585,-1
KHAPRETA_510206,312073.860,2624453.200,130.3500,0.3069,2.0700,0.1323,-1
KHAPRETA_510206,312076.860,2624453.200,130.5600,0.0000,1.8600,0.1188,-1
KHAPRETA_510206,312085.860,2624453.200,130.4100,0.6004,2.0100,0.1284,-1
KHAPRETA_510206,312086.860,2624453.200,130.7700,0.4144,1.6500,0.1054,-1
KHAPRETA_510206,312104.860,2624453.200,129.9200,0.0219,2.5000,0.1597,-1
KHAPRETA_510206,312107.860,2624453.200,130.0200,0.0000,2.4000,0.1534,-1
KHAPRETA_510206,312110.860,2624453.200,129.9300,0.1569,2.4900,0.1591,-1
KHAPRETA_510206,312111.860,2624453.200,130.0900,0.0769,2.3300,0.1489,-1
KHAPRETA_510206,312115.860,2624453.200,130.1800,0.2319,2.2400,0.1431,-1
KHAPRETA_510206,312118.860,2624453.200,130.2200,0.2746,2.2000,0.1406,-1
KHAPRETA_510206,312119.860,2624453.200,130.2400,0.2219,2.1800,0.1393,-1
KHAPRETA_510206,312124.860,2624453.200,130.2800,0.0000,2.1400,0.1367,-1
KHAPRETA_510206,312130.860,2624453.200,130.3600,0.0000,2.0600,0.1316,-1
KHAPRETA_510206,312138.860,2624453.200,130.2000,0.0000,2.2200,0.1419,-1
KHAPRETA_510206,312140.860,2624453.200,130.2300,0.2419,2.1900,0.1399,-1
KHAPRETA_510206,312148.860,2624453.200,130.7100,0.0000,1.7100,0.1093,-1
KHAPRETA_510206,312152.860,2624453.200,130.6200,0.4419,1.8000,0.1150,-1
KHAPRETA_510206,312153.860,2624453.200,130.6600,0.0300,1.7600,0.1125,-1
KHAPRETA_510206,312154.860,2624453.200,130.6800,0.4419,1.7400,0.1112,-1
KHAPRETA_510206,312158.860,2624453.200,130.8000,0.4869,1.6200,0.1035,-1
KHAPRETA_510206,312159.860,2624453.200,130.7500,0.0200,1.6700,0.1067,-1
KHAPRETA_510206,312160.860,2624453.200,130.7600,0.5172,1.6600,0.1061,-1
KHAPRETA_510206,312161.860,2624453.200,130.7800,0.4919,1.6400,0.1048,-1
KHAPRETA_510206,312164.860,2624453.200,130.7400,0.7417,1.6800,0.1073,-1
KHAPRETA_510206,312165.860,2624453.200,130.8300,0.6851,1.5900,0.1016,-1
KHAPRETA_510206,312167.860,2624453.200,130.7500,0.6675,1.6700,0.1067,-1
KHAPRETA_510206,312168.860,2624453.200,130.7100,0.0350,1.7100,0.1093,-1
KHAPRETA_510206,312169.860,2624453.200,130.8200,0.6675,1.6000,0.1022,-1
KHAPRETA_510206,312173.860,2624453.200,130.7600,0.5069,1.6600,0.1061,-1
KHAPRETA_510206,312174.860,2624453.200,130.7900,0.4926,1.6300,0.1042,-1
KHAPRETA_510206,312176.860,2624453.200,130.7300,0.0000,1.6900,0.1080,-1
KHAPRETA_510206,312179.860,2624453.200,129.7800,0.1881,2.6400,0.1687,-1
KHAPRETA_510206,312180.860,2624453.200,129.4000,0.0420,3.0200,0.1930,-1
KHAPRETA_510206,312182.860,2624453.200,129.6600,0.0681,2.7600,0.1764,-1
KHAPRETA_510206,312189.860,2624453.200,130.1200,0.1769,2.3000,0.1470,-1
KHAPRETA_510206,312190.860,2624453.200,130.1300,0.0412,2.2900,0.1463,-1
KHAPRETA_510206,312191.860,2624453.200,130.2000,0.1769,2.2200,0.1419,-1
KHAPRETA_510206,312198.860,2624453.200,132.2500,0.8769,0.1700,0.0109,-1
KHAPRETA_510206,312199.860,2624453.200,131.5300,0.8368,0.8900,0.0569,-1
KHAPRETA_510206,312200.860,2624453.200,131.0100,0.7095,1.4100,0.0901,-1
KHAPRETA_510206,312201.860,2624453.200,130.9700,0.6370,1.4500,0.0927,-1
KHAPRETA_510206,312202.860,2624453.200,131.0000,0.0158,1.4200,0.0907,-1
KHAPRETA_510206,312203.860,2624453.200,131.0000,0.5200,1.4200,0.0907,-1
KHAPRETA_510206,312204.860,2624453.200,132.0400,0.8514,0.3800,0.0243,-1
KHAPRETA_510206,312224.860,2624453.200,131.5900,0.9169,0.8300,0.0530,-1
KHAPRETA_510206,312225.860,2624453.200,131.6100,0.9069,0.8100,0.0518,-1
KHAPRETA_510206,311944.860,2624454.200,128.1200,0.0000,4.3000,0.2748,-1
KHAPRETA_510206,311958.860,2624454.200,128.6800,0.0000,3.7400,0.2390,-1
KHAPRETA_510206,311972.860,2624454.200,128.8000,0.5131,3.6200,0.2313,-1
KHAPRETA_510206,311973.860,2624454.200,128.7500,0.7081,3.6700,0.2345,-1
KHAPRETA_510206,311979.860,2624454.200,128.8500,0.5978,3.5700,0.2281,-1
KHAPRETA_510206,311980.860,2624454.200,129.0200,0.4631,3.4000,0.2173,-1
KHAPRETA_510206,311985.860,2624454.200,129.4000,0.1609,3.0200,0.1930,-1
KHAPRETA_510206,311986.860,2624454.200,129.4800,0.1908,2.9400,0.1879,-1
KHAPRETA_510206,311990.860,2624454.200,129.6700,0.1381,2.7500,0.1757,-1
KHAPRETA_510206,311993.860,2624454.200,129.6300,0.1194,2.7900,0.1783,-1
KHAPRETA_510206,311994.860,2624454.200,129.7400,0.1000,2.6800,0.1712,-1
KHAPRETA_510206,311995.860,2624454.200,129.8300,0.0948,2.5900,0.1655,-1
KHAPRETA_510206,311997.860,2624454.200,129.6600,0.0411,2.7600,0.1764,-1
KHAPRETA_510206,311998.860,2624454.200,129.7200,0.0583,2.7000,0.1725,-1
KHAPRETA_510206,312007.860,2624454.200,129.6200,0.0831,2.8000,0.1789,-1
KHAPRETA_510206,312017.860,2624454.200,129.6800,0.0581,2.7400,0.1751,-1
KHAPRETA_510206,312019.860,2624454.200,129.7000,0.0381,2.7200,0.1738,-1
KHAPRETA_510206,312026.860,2624454.200,129.7500,0.0000,2.6700,0.1706,-1
KHAPRETA_510206,312030.860,2624454.200,129.7800,0.0019,2.6400,0.1687,-1
KHAPRETA_510206,312032.860,2624454.200,129.7800,0.0069,2.6400,0.1687,-1
KHAPRETA_510206,312033.860,2624454.200,129.7900,0.0151,2.6300,0.1681,-1
KHAPRETA_510206,312034.860,2624454.200,129.8100,0.0069,2.6100,0.1668,-1
KHAPRETA_510206,312043.860,2624454.200,129.8200,0.0369,2.6000,0.1661,-1
KHAPRETA_510206,312044.860,2624454.200,129.8500,0.0350,2.5700,0.1642,-1
KHAPRETA_510206,312045.860,2624454.200,129.8900,0.0369,2.5300,0.1617,-1
KHAPRETA_510206,312047.860,2624454.200,129.9200,0.0619,2.5000,0.1597,-1
KHAPRETA_510206,312048.860,2624454.200,129.9000,0.0719,2.5200,0.1610,-1
KHAPRETA_510206,312054.860,2624454.200,129.9100,0.0200,2.5100,0.1604,-1
KHAPRETA_510206,312069.860,2624454.200,130.6400,0.0000,1.7800,0.1137,-1
KHAPRETA_510206,312071.860,2624454.200,130.4200,0.0000,2.0000,0.1278,-1
KHAPRETA_510206,312074.860,2624454.200,130.6500,0.0000,1.7700,0.1131,-1
KHAPRETA_510206,312079.860,2624454.200,130.5800,0.0000,1.8400,0.1176,-1
KHAPRETA_510206,312081.860,2624454.200,130.5300,0.0000,1.8900,0.1208,-1
KHAPRETA_510206,312086.860,2624454.200,130.3100,0.7577,2.1100,0.1348,-1
KHAPRETA_510206,312087.860,2624454.200,130.9200,0.3740,1.5000,0.0958,-1
KHAPRETA_510206,312097.860,2624454.200,132.1300,0.0000,0.2900,0.0185,-1
KHAPRETA_510206,312103.860,2624454.200,130.0800,0.0219,2.3400,0.1495,-1
KHAPRETA_510206,312104.860,2624454.200,129.8200,0.1619,2.6000,0.1661,-1
KHAPRETA_510206,312105.860,2624454.200,129.7900,0.0219,2.6300,0.1681,-1
KHAPRETA_510206,312109.860,2624454.200,129.9000,0.0000,2.5200,0.1610,-1
KHAPRETA_510206,312115.860,2624454.200,130.2400,0.0050,2.1800,0.1393,-1
KHAPRETA_510206,312118.860,2624454.200,130.0700,0.2219,2.3500,0.1502,-1
KHAPRETA_510206,312121.860,2624454.200,130.1900,0.2469,2.2300,0.1425,-1
KHAPRETA_510206,312122.860,2624454.200,130.2700,0.0350,2.1500,0.1374,-1
KHAPRETA_510206,312123.860,2624454.200,130.1200,0.3354,2.3000,0.1470,-1
KHAPRETA_510206,312125.860,2624454.200,130.2900,0.0000,2.1300,0.1361,-1
KHAPRETA_510206,312127.860,2624454.200,130.2200,0.3461,2.2000,0.1406,-1
KHAPRETA_510206,312128.860,2624454.200,130.2400,0.0100,2.1800,0.1393,-1
KHAPRETA_510206,312129.860,2624454.200,130.2000,0.2319,2.2200,0.1419,-1
KHAPRETA_510206,312135.860,2624454.200,130.1800,0.0000,2.2400,0.1431,-1
KHAPRETA_510206,312137.860,2624454.200,130.2200,0.0000,2.2000,0.1406,-1
KHAPRETA_510206,312139.860,2624454.200,130.3200,0.0000,2.1000,0.1342,-1
KHAPRETA_510206,312145.860,2624454.200,130.5400,0.4169,1.8800,0.1201,-1
KHAPRETA_510206,312146.860,2624454.200,130.6100,0.3819,1.8100,0.1157,-1
KHAPRETA_510206,312150.860,2624454.200,130.6400,0.4269,1.7800,0.1137,-1
KHAPRETA_510206,312155.860,2624454.200,130.6100,0.0000,1.8100,0.1157,-1
KHAPRETA_510206,312162.860,2624454.200,130.7500,0.7700,1.6700,0.1067,-1
KHAPRETA_510206,312163.860,2624454.200,130.8500,0.4869,1.5700,0.1003,-1
KHAPRETA_510206,312165.860,2624454.200,130.7500,0.7452,1.6700,0.1067,-1
KHAPRETA_510206,312166.860,2624454.200,130.8300,0.0100,1.5900,0.1016,-1
KHAPRETA_510206,312167.860,2624454.200,130.7300,0.7175,1.6900,0.1080,-1
KHAPRETA_510206,312171.860,2624454.200,130.8600,0.0000,1.5600,0.0997,-1
KHAPRETA_510206,312174.860,2624454.200,130.7900,0.8578,1.6300,0.1042,-1
KHAPRETA_510206,312175.860,2624454.200,131.1600,0.5069,1.2600,0.0805,-1
KHAPRETA_510206,312180.860,2624454.200,129.8600,0.0100,2.5600,0.1636,-1
KHAPRETA_510206,312182.860,2624454.200,129.6400,0.0694,2.7800,0.1776,-1
KHAPRETA_510206,312183.860,2624454.200,129.7000,0.0732,2.7200,0.1738,-1
KHAPRETA_510206,312187.860,2624454.200,130.0300,0.0000,2.3900,0.1527,-1
KHAPRETA_510206,312190.860,2624454.200,130.1800,0.0650,2.2400,0.1431,-1
KHAPRETA_510206,312192.860,2624454.200,130.4700,0.4319,1.9500,0.1246,-1
KHAPRETA_510206,312193.860,2624454.200,130.6400,0.3469,1.7800,0.1137,-1
KHAPRETA_510206,312195.860,2624454.200,131.4300,0.4369,0.9900,0.0633,-1
KHAPRETA_510206,312197.860,2624454.200,130.8100,0.5819,1.6100,0.1029,-1
KHAPRETA_510206,312199.860,2624454.200,130.9000,0.8769,1.5200,0.0971,-1
KHAPRETA_510206,312202.860,2624454.200,130.9400,0.6119,1.4800,0.0946,-1
KHAPRETA_510206,312227.860,2624454.200,131.9700,1.0569,0.4500,0.0288,-1
KHAPRETA_510206,311947.860,2624455.200,128.4200,0.6081,4.0000,0.2556,-1
KHAPRETA_510206,311952.860,2624455.200,128.6400,0.5731,3.7800,0.2415,-1
KHAPRETA_510206,311953.860,2624455.200,128.6300,0.5681,3.7900,0.2422,-1
KHAPRETA_510206,311962.860,2624455.200,128.6800,0.5431,3.7400,0.2390,-1
KHAPRETA_510206,311964.860,2624455.200,128.7400,0.0000,3.6800,0.2351,-1
KHAPRETA_510206,311967.860,2624455.200,128.6800,0.0000,3.7400,0.2390,-1
KHAPRETA_510206,311971.860,2624455.200,128.7400,0.0000,3.6800,0.2351,-1
KHAPRETA_510206,311979.860,2624455.200,128.8500,0.0150,3.5700,0.2281,-1
KHAPRETA_510206,311984.860,2624455.200,129.5700,0.0631,2.8500,0.1821,-1
KHAPRETA_510206,311985.860,2624455.200,129.6500,0.2315,2.7700,0.1770,-1
KHAPRETA_510206,311986.860,2624455.200,129.8400,0.1609,2.5800,0.1649,-1
KHAPRETA_510206,311990.860,2624455.200,129.5000,0.0531,2.9200,0.1866,-1
KHAPRETA_510206,311995.860,2624455.200,129.5900,0.0863,2.8300,0.1808,-1
KHAPRETA_510206,311996.860,2624455.200,129.9400,0.0300,2.4800,0.1585,-1
KHAPRETA_510206,311997.860,2624455.200,129.5300,0.2275,2.8900,0.1847,-1
KHAPRETA_510206,311998.860,2624455.200,129.5000,0.1262,2.9200,0.1866,-1
KHAPRETA_510206,312005.860,2624455.200,129.6100,0.0681,2.8100,0.1796,-1
KHAPRETA_510206,312006.860,2624455.200,129.6400,0.0731,2.7800,0.1776,-1
KHAPRETA_510206,312007.860,2624455.200,129.6100,0.1036,2.8100,0.1796,-1
KHAPRETA_510206,312012.860,2624455.200,129.6100,0.0000,2.8100,0.1796,-1
KHAPRETA_510206,312014.860,2624455.200,129.6600,0.0581,2.7600,0.1764,-1
KHAPRETA_510206,312016.860,2624455.200,129.8300,0.0331,2.5900,0.1655,-1
KHAPRETA_510206,312025.860,2624455.200,129.7300,0.0181,2.6900,0.1719,-1
KHAPRETA_510206,312027.860,2624455.200,129.7600,0.0000,2.6600,0.1700,-1
KHAPRETA_510206,312030.860,2624455.200,129.7800,0.0027,2.6400,0.1687,-1
KHAPRETA_510206,312031.860,2624455.200,129.7800,0.0019,2.6400,0.1687,-1
KHAPRETA_510206,312033.860,2624455.200,129.7800,0.0100,2.6400,0.1687,-1
KHAPRETA_510206,312039.860,2624455.200,129.8300,0.0000,2.5900,0.1655,-1
KHAPRETA_510206,312052.860,2624455.200,129.9300,0.0000,2.4900,0.1591,-1
KHAPRETA_510206,312054.860,2624455.200,129.9100,0.0669,2.5100,0.1604,-1
KHAPRETA_510206,312075.860,2624455.200,130.6600,0.4469,1.7600,0.1125,-1
KHAPRETA_510206,312076.860,2624455.200,130.6700,0.6180,1.7500,0.1118,-1
KHAPRETA_510206,312078.860,2624455.200,130.5800,0.0000,1.8400,0.1176,-1
KHAPRETA_510206,312085.860,2624455.200,130.4200,0.0000,2.0000,0.1278,-1
KHAPRETA_510206,312087.860,2624455.200,130.3000,0.5719,2.1200,0.1355,-1
KHAPRETA_510206,312114.860,2624455.200,130.0300,0.2069,2.3900,0.1527,-1
KHAPRETA_510206,312115.860,2624455.200,130.1900,0.1079,2.2300,0.1425,-1
KHAPRETA_510206,312116.860,2624455.200,130.2400,0.2069,2.1800,0.1393,-1
KHAPRETA_510206,312123.860,2624455.200,130.2300,0.1936,2.1900,0.1399,-1
KHAPRETA_510206,312124.860,2624455.200,130.1600,0.2269,2.2600,0.1444,-1
KHAPRETA_510206,312127.860,2624455.200,130.2900,0.2219,2.1300,0.1361,-1
KHAPRETA_510206,312130.860,2624455.200,130.3300,0.0000,2.0900,0.1335,-1
KHAPRETA_510206,312132.860,2624455.200,130.4400,0.3538,1.9800,0.1265,-1
KHAPRETA_510206,312133.860,2624455.200,130.1900,0.3319,2.2300,0.1425,-1
KHAPRETA_510206,312140.860,2624455.200,130.2500,0.2219,2.1700,0.1387,-1
KHAPRETA_510206,312142.860,2624455.200,130.4800,0.0000,1.9400,0.1240,-1
KHAPRETA_510206,312147.860,2624455.200,130.6000,0.0000,1.8200,0.1163,-1
KHAPRETA_510206,312150.860,2624455.200,130.6300,0.4319,1.7900,0.1144,-1
KHAPRETA_510206,312161.860,2624455.200,130.8200,0.5519,1.6000,0.1022,-1
KHAPRETA_510206,312162.860,2624455.200,130.8800,0.7138,1.5400,0.0984,-1
KHAPRETA_510206,312168.860,2624455.200,130.7100,0.4569,1.7100,0.1093,-1
KHAPRETA_510206,312169.860,2624455.200,130.6900,0.4669,1.7300,0.1105,-1
KHAPRETA_510206,312180.860,2624455.200,129.4200,0.0419,3.0000,0.1917,-1
KHAPRETA_510206,312183.860,2624455.200,129.8300,0.0850,2.5900,0.1655,-1
KHAPRETA_510206,312185.860,2624455.200,130.2900,0.5588,2.1300,0.1361,-1
KHAPRETA_510206,312186.860,2624455.200,130.6600,0.2569,1.7600,0.1125,-1
KHAPRETA_510206,312188.860,2624455.200,130.1500,0.0000,2.2700,0.1450,-1
KHAPRETA_510206,312190.860,2624455.200,130.2600,0.3716,2.1600,0.1380,-1
KHAPRETA_510206,312191.860,2624455.200,130.4000,0.2419,2.0200,0.1291,-1
KHAPRETA_510206,312195.860,2624455.200,130.6500,0.9424,1.7700,0.1131,-1
KHAPRETA_510206,312196.860,2624455.200,130.6800,0.1450,1.7400,0.1112,-1
KHAPRETA_510206,312197.860,2624455.200,130.9400,0.6866,1.4800,0.0946,-1
KHAPRETA_510206,312209.860,2624455.200,131.0600,0.6019,1.3600,0.0869,-1
KHAPRETA_510206,312210.860,2624455.200,130.9800,0.0200,1.4400,0.0920,-1
KHAPRETA_510206,312211.860,2624455.200,131.0200,0.6019,1.4000,0.0895,-1
KHAPRETA_510206,312213.860,2624455.200,131.0600,0.6369,1.3600,0.0869,-1
KHAPRETA_510206,312214.860,2624455.200,131.0500,0.8531,1.3700,0.0875,-1
KHAPRETA_510206,312225.860,2624455.200,131.8100,1.5430,0.6100,0.0390,-1
KHAPRETA_510206,312226.860,2624455.200,131.7600,0.0400,0.6600,0.0422,-1
KHAPRETA_510206,312227.860,2624455.200,131.8900,1.4789,0.5300,0.0339,-1
KHAPRETA_510206,311947.860,2624456.200,128.5600,0.8814,3.8600,0.2466,-1
KHAPRETA_510206,311948.860,2624456.200,128.6500,0.0450,3.7700,0.2409,-1
KHAPRETA_510206,311949.860,2624456.200,128.6500,0.5631,3.7700,0.2409,-1
KHAPRETA_510206,311955.860,2624456.200,128.6200,0.0000,3.8000,0.2428,-1
KHAPRETA_510206,311962.860,2624456.200,128.6900,0.7645,3.7300,0.2383,-1
KHAPRETA_510206,311963.860,2624456.200,128.7100,0.7680,3.7100,0.2371,-1
KHAPRETA_510206,311965.860,2624456.200,128.7300,0.5281,3.6900,0.2358,-1
KHAPRETA_510206,311968.860,2624456.200,128.7300,0.5181,3.6900,0.2358,-1
KHAPRETA_510206,311974.860,2624456.200,128.8200,0.4731,3.6000,0.2300,-1
KHAPRETA_510206,311975.860,2624456.200,128.8300,0.0150,3.5900,0.2294,-1
KHAPRETA_510206,311976.860,2624456.200,128.8500,0.4731,3.5700,0.2281,-1
KHAPRETA_510206,311979.860,2624456.200,128.8800,0.4631,3.5400,0.2262,-1
KHAPRETA_510206,311982.860,2624456.200,129.7100,0.0000,2.7100,0.1732,-1
KHAPRETA_510206,311987.860,2624456.200,129.4300,0.0000,2.9900,0.1911,-1
KHAPRETA_510206,311989.860,2624456.200,129.6900,0.0000,2.7300,0.1744,-1
KHAPRETA_510206,311992.860,2624456.200,129.3900,0.0000,3.0300,0.1936,-1
KHAPRETA_510206,311994.860,2624456.200,129.6500,0.0000,2.7700,0.1770,-1
KHAPRETA_510206,311999.860,2624456.200,129.5100,0.0000,2.9100,0.1859,-1
KHAPRETA_510206,312001.860,2624456.200,129.5600,0.0000,2.8600,0.1827,-1
KHAPRETA_510206,312006.860,2624456.200,129.6300,0.0681,2.7900,0.1783,-1
KHAPRETA_510206,312008.860,2624456.200,129.5900,0.0000,2.8300,0.1808,-1
KHAPRETA_510206,312014.860,2624456.200,129.6600,0.0581,2.7600,0.1764,-1
KHAPRETA_510206,312016.860,2624456.200,129.7100,0.0457,2.7100,0.1732,-1
KHAPRETA_510206,312017.860,2624456.200,129.8500,0.0331,2.5700,0.1642,-1
KHAPRETA_510206,312019.860,2624456.200,129.7100,0.0000,2.7100,0.1732,-1
KHAPRETA_510206,312025.860,2624456.200,129.7400,0.0050,2.6800,0.1712,-1
KHAPRETA_510206,312029.860,2624456.200,129.7600,0.0000,2.6600,0.1700,-1
KHAPRETA_510206,312033.860,2624456.200,129.7700,0.0019,2.6500,0.1693,-1
KHAPRETA_510206,312037.860,2624456.200,129.8300,0.0000,2.5900,0.1655,-1
KHAPRETA_510206,312043.860,2624456.200,129.8700,0.0000,2.5500,0.1629,-1
KHAPRETA_510206,312046.860,2624456.200,129.8900,0.0000,2.5300,0.1617,-1
KHAPRETA_510206,312057.860,2624456.200,130.0300,0.0000,2.3900,0.1527,-1
KHAPRETA_510206,312064.860,2624456.200,130.8100,0.4869,1.6100,0.1029,-1
KHAPRETA_510206,312065.860,2624456.200,130.7500,0.5169,1.6700,0.1067,-1
KHAPRETA_510206,312068.860,2624456.200,130.5900,0.0000,1.8300,0.1169,-1
KHAPRETA_510206,312076.860,2624456.200,130.6400,0.4469,1.7800,0.1137,-1
KHAPRETA_510206,312082.860,2624456.200,130.5500,0.3469,1.8700,0.1195,-1
KHAPRETA_510206,312083.860,2624456.200,130.4700,0.0250,1.9500,0.1246,-1
KHAPRETA_510206,312084.860,2624456.200,130.5000,0.3469,1.9200,0.1227,-1
KHAPRETA_510206,312105.860,2624456.200,130.9100,0.4469,1.5100,0.0965,-1
KHAPRETA_510206,312115.860,2624456.200,130.1900,0.0500,2.2300,0.1425,-1
KHAPRETA_510206,312117.860,2624456.200,130.0900,0.0000,2.3300,0.1489,-1
KHAPRETA_510206,312119.860,2624456.200,130.1300,0.0000,2.2900,0.1463,-1
KHAPRETA_510206,312123.860,2624456.200,130.1700,0.2269,2.2500,0.1438,-1
KHAPRETA_510206,312128.860,2624456.200,130.1300,0.0000,2.2900,0.1463,-1
KHAPRETA_510206,312132.860,2624456.200,130.3500,0.3319,2.0700,0.1323,-1
KHAPRETA_510206,312136.860,2624456.200,130.1800,0.0000,2.2400,0.1431,-1
KHAPRETA_510206,312140.860,2624456.200,130.2200,0.2369,2.2000,0.1406,-1
KHAPRETA_510206,312143.860,2624456.200,130.4400,0.0000,1.9800,0.1265,-1
KHAPRETA_510206,312145.860,2624456.200,130.5900,0.4369,1.8300,0.1169,-1
KHAPRETA_510206,312146.860,2624456.200,130.6500,0.5581,1.7700,0.1131,-1
KHAPRETA_510206,312154.860,2624456.200,130.7100,0.4669,1.7100,0.1093,-1
KHAPRETA_510206,312165.860,2624456.200,130.7700,0.4869,1.6500,0.1054,-1
KHAPRETA_510206,312167.860,2624456.200,130.7900,0.0000,1.6300,0.1042,-1
KHAPRETA_510206,312176.860,2624456.200,131.5200,0.0000,0.9000,0.0575,-1
KHAPRETA_510206,312179.860,2624456.200,129.7500,0.1131,2.6700,0.1706,-1
KHAPRETA_510206,312183.860,2624456.200,129.8700,0.3100,2.5500,0.1629,-1
KHAPRETA_510206,312185.860,2624456.200,130.4600,0.2569,1.9600,0.1252,-1
KHAPRETA_510206,312192.860,2624456.200,131.1300,0.0000,1.2900,0.0824,-1
KHAPRETA_510206,312200.860,2624456.200,131.1200,0.0000,1.3000,0.0831,-1
KHAPRETA_510206,312212.860,2624456.200,130.9000,0.0000,1.5200,0.0971,-1
KHAPRETA_510206,312214.860,2624456.200,130.9000,0.6369,1.5200,0.0971,-1
KHAPRETA_510206,312225.860,2624456.200,132.1400,1.0169,0.2800,0.0179,-1
KHAPRETA_510206,311945.860,2624457.200,128.4400,0.6081,3.9800,0.2543,-1
KHAPRETA_510206,311946.860,2624457.200,128.5600,0.9204,3.8600,0.2466,-1
KHAPRETA_510206,311959.860,2624457.200,128.6500,0.0000,3.7700,0.2409,-1
KHAPRETA_510206,311963.860,2624457.200,128.6900,0.0050,3.7300,0.2383,-1
KHAPRETA_510206,311965.860,2624457.200,128.7200,0.5231,3.7000,0.2364,-1
KHAPRETA_510206,311968.860,2624457.200,128.7400,0.0150,3.6800,0.2351,-1
KHAPRETA_510206,311971.860,2624457.200,128.7800,0.4931,3.6400,0.2326,-1
KHAPRETA_510206,311980.860,2624457.200,128.8900,0.5890,3.5300,0.2256,-1
KHAPRETA_510206,311981.860,2624457.200,129.0000,0.4431,3.4200,0.2185,-1
KHAPRETA_510206,311985.860,2624457.200,129.4500,0.0000,2.9700,0.1898,-1
KHAPRETA_510206,311990.860,2624457.200,129.8700,0.0581,2.5500,0.1629,-1
KHAPRETA_510206,311991.860,2624457.200,129.6600,0.1649,2.7600,0.1764,-1
KHAPRETA_510206,311997.860,2624457.200,129.5600,0.1381,2.8600,0.1827,-1
KHAPRETA_510206,312002.860,2624457.200,129.5400,0.0000,2.8800,0.1840,-1
KHAPRETA_510206,312011.860,2624457.200,129.6300,0.0631,2.7900,0.1783,-1
KHAPRETA_510206,312012.860,2624457.200,129.6500,0.0933,2.7700,0.1770,-1
KHAPRETA_510206,312022.860,2624457.200,129.7200,0.0000,2.7000,0.1725,-1
KHAPRETA_510206,312025.860,2624457.200,129.7200,0.0200,2.7000,0.1725,-1
KHAPRETA_510206,312028.860,2624457.200,129.7700,0.0031,2.6500,0.1693,-1
KHAPRETA_510206,312032.860,2624457.200,129.8300,0.0000,2.5900,0.1655,-1
KHAPRETA_510206,312036.860,2624457.200,129.8400,0.0000,2.5800,0.1649,-1
KHAPRETA_510206,312042.860,2624457.200,129.9000,0.0000,2.5200,0.1610,-1
KHAPRETA_510206,312045.860,2624457.200,129.8700,0.0000,2.5500,0.1629,-1
KHAPRETA_510206,312047.860,2624457.200,129.9100,0.0000,2.5100,0.1604,-1
KHAPRETA_510206,312050.860,2624457.200,129.9200,0.0000,2.5000,0.1597,-1
KHAPRETA_510206,312053.860,2624457.200,129.9100,0.2819,2.5100,0.1604,-1
KHAPRETA_510206,312058.860,2624457.200,130.5800,0.3819,1.8400,0.1176,-1
KHAPRETA_510206,312070.860,2624457.200,130.6000,0.0000,1.8200,0.1163,-1
KHAPRETA_510206,312075.860,2624457.200,130.5000,0.0000,1.9200,0.1227,-1
KHAPRETA_510206,312080.860,2624457.200,130.5700,0.0000,1.8500,0.1182,-1
KHAPRETA_510206,312105.860,2624457.200,130.6700,0.4200,1.7500,0.1118,-1
KHAPRETA_510206,312108.860,2624457.200,131.7300,0.0000,0.6900,0.0441,-1
KHAPRETA_510206,312115.860,2624457.200,130.0900,0.2857,2.3300,0.1489,-1
KHAPRETA_510206,312116.860,2624457.200,130.1700,0.1569,2.2500,0.1438,-1
KHAPRETA_510206,312137.860,2624457.200,130.1100,0.0000,2.3100,0.1476,-1
KHAPRETA_510206,312144.860,2624457.200,130.4400,0.0000,1.9800,0.1265,-1
KHAPRETA_510206,312146.860,2624457.200,130.5400,0.1900,1.8800,0.1201,-1
KHAPRETA_510206,312148.860,2624457.200,130.4400,0.0000,1.9800,0.1265,-1
KHAPRETA_510206,312150.860,2624457.200,130.6300,0.0000,1.7900,0.1144,-1
KHAPRETA_510206,312154.860,2624457.200,130.7100,0.0200,1.7100,0.1093,-1
KHAPRETA_510206,312160.860,2624457.200,130.8000,0.0000,1.6200,0.1035,-1
KHAPRETA_510206,312163.860,2624457.200,130.7600,0.0000,1.6600,0.1061,-1
KHAPRETA_510206,312165.860,2624457.200,130.7500,0.4969,1.6700,0.1067,-1
KHAPRETA_510206,312169.860,2624457.200,130.8100,0.7037,1.6100,0.1029,-1
KHAPRETA_510206,312170.860,2624457.200,130.8200,0.7382,1.6000,0.1022,-1
KHAPRETA_510206,312178.860,2624457.200,129.5800,0.1131,2.8400,0.1815,-1
KHAPRETA_510206,312179.860,2624457.200,129.5500,0.0374,2.8700,0.1834,-1
KHAPRETA_510206,312180.860,2624457.200,129.6500,0.1229,2.7700,0.1770,-1
KHAPRETA_510206,312183.860,2624457.200,130.4500,0.3749,1.9700,0.1259,-1
KHAPRETA_510206,312184.860,2624457.200,130.5200,0.3369,1.9000,0.1214,-1
KHAPRETA_510206,312190.860,2624457.200,130.3400,0.3119,2.0800,0.1329,-1
KHAPRETA_510206,312198.860,2624457.200,130.6900,0.5519,1.7300,0.1105,-1
KHAPRETA_510206,312210.860,2624457.200,130.9300,0.5669,1.4900,0.0952,-1
KHAPRETA_510206,312211.860,2624457.200,130.9100,0.5769,1.5100,0.0965,-1
KHAPRETA_510206,312215.860,2624457.200,131.0900,0.5869,1.3300,0.0850,-1
KHAPRETA_510206,312228.860,2624457.200,131.9300,0.0000,0.4900,0.0313,-1
KHAPRETA_510206,311944.860,2624458.200,128.6300,0.5481,3.7900,0.2422,-1
KHAPRETA_510206,311946.860,2624458.200,128.5100,0.6081,3.9100,0.2498,-1
KHAPRETA_510206,311948.860,2624458.200,128.5600,0.0000,3.8600,0.2466,-1
KHAPRETA_510206,311951.860,2624458.200,128.5000,0.5781,3.9200,0.2505,-1
KHAPRETA_510206,311952.860,2624458.200,128.6200,0.6381,3.8000,0.2428,-1
KHAPRETA_510206,311961.860,2624458.200,128.7100,0.0000,3.7100,0.2371,-1
KHAPRETA_510206,311963.860,2624458.200,128.7200,0.5431,3.7000,0.2364,-1
KHAPRETA_510206,311967.860,2624458.200,128.7400,0.7115,3.6800,0.2351,-1
KHAPRETA_510206,311968.860,2624458.200,128.7600,0.7326,3.6600,0.2339,-1
KHAPRETA_510206,311971.860,2624458.200,128.7900,0.7079,3.6300,0.2319,-1
KHAPRETA_510206,311972.860,2624458.200,128.7700,0.0050,3.6500,0.2332,-1
KHAPRETA_510206,311973.860,2624458.200,128.8000,0.5031,3.6200,0.2313,-1
KHAPRETA_510206,311975.860,2624458.200,128.7900,0.0000,3.6300,0.2319,-1
KHAPRETA_510206,311977.860,2624458.200,128.8500,0.4731,3.5700,0.2281,-1
KHAPRETA_510206,311978.860,2624458.200,128.8300,0.0050,3.5900,0.2294,-1
KHAPRETA_510206,311979.860,2624458.200,128.8600,0.0300,3.5600,0.2275,-1
KHAPRETA_510206,311980.860,2624458.200,128.8900,0.6373,3.5300,0.2256,-1
KHAPRETA_510206,311983.860,2624458.200,129.4700,0.1581,2.9500,0.1885,-1
KHAPRETA_510206,311984.860,2624458.200,129.4600,0.2130,2.9600,0.1891,-1
KHAPRETA_510206,311987.860,2624458.200,129.7800,0.0000,2.6400,0.1687,-1
KHAPRETA_510206,311989.860,2624458.200,129.8000,0.0000,2.6200,0.1674,-1
KHAPRETA_510206,311991.860,2624458.200,129.4600,0.0581,2.9600,0.1891,-1
KHAPRETA_510206,311997.860,2624458.200,129.5000,0.1081,2.9200,0.1866,-1
KHAPRETA_510206,311999.860,2624458.200,129.5400,0.0000,2.8800,0.1840,-1
KHAPRETA_510206,312012.860,2624458.200,129.6600,0.0631,2.7600,0.1764,-1
KHAPRETA_510206,312015.860,2624458.200,129.6800,0.0000,2.7400,0.1751,-1
KHAPRETA_510206,312017.860,2624458.200,129.7000,0.0000,2.7200,0.1738,-1
KHAPRETA_510206,312021.860,2624458.200,129.7100,0.0000,2.7100,0.1732,-1
KHAPRETA_510206,312023.860,2624458.200,129.7500,0.0131,2.6700,0.1706,-1
KHAPRETA_510206,312024.860,2624458.200,129.7500,0.0235,2.6700,0.1706,-1
KHAPRETA_510206,312025.860,2624458.200,129.7800,0.0150,2.6400,0.1687,-1
KHAPRETA_510206,312026.860,2624458.200,129.7800,0.0019,2.6400,0.1687,-1
KHAPRETA_510206,312028.860,2624458.200,129.7700,0.0036,2.6500,0.1693,-1
KHAPRETA_510206,312029.860,2624458.200,129.7800,0.0000,2.6400,0.1687,-1
KHAPRETA_510206,312030.860,2624458.200,129.7700,0.0027,2.6500,0.1693,-1
KHAPRETA_510206,312038.860,2624458.200,129.8500,0.0000,2.5700,0.1642,-1
KHAPRETA_510206,312053.860,2624458.200,130.3400,0.0669,2.0800,0.1329,-1
KHAPRETA_510206,312058.860,2624458.200,130.5400,0.4177,1.8800,0.1201,-1
KHAPRETA_510206,312059.860,2624458.200,130.6100,0.3819,1.8100,0.1157,-1
KHAPRETA_510206,312065.860,2624458.200,130.6800,0.4719,1.7400,0.1112,-1
KHAPRETA_510206,312066.860,2624458.200,130.7200,0.6607,1.7000,0.1086,-1
KHAPRETA_510206,312082.860,2624458.200,130.5300,0.0000,1.8900,0.1208,-1
KHAPRETA_510206,312084.860,2624458.200,130.5500,0.0000,1.8700,0.1195,-1
KHAPRETA_510206,312086.860,2624458.200,130.4600,0.0000,1.9600,0.1252,-1
KHAPRETA_510206,312105.860,2624458.200,131.7500,0.4469,0.6700,0.0428,-1
KHAPRETA_510206,312107.860,2624458.200,129.9900,0.0000,2.4300,0.1553,-1
KHAPRETA_510206,312113.860,2624458.200,129.7800,0.0397,2.6400,0.1687,-1
KHAPRETA_510206,312114.860,2624458.200,129.7200,0.0019,2.7000,0.1725,-1
KHAPRETA_510206,312125.860,2624458.200,130.0600,0.1819,2.3600,0.1508,-1
KHAPRETA_510206,312126.860,2624458.200,130.1400,0.1614,2.2800,0.1457,-1
KHAPRETA_510206,312129.860,2624458.200,130.1100,0.2940,2.3100,0.1476,-1
KHAPRETA_510206,312130.860,2624458.200,130.1500,1.2333,2.2700,0.1450,-1
KHAPRETA_510206,312136.860,2624458.200,130.1500,0.0000,2.2700,0.1450,-1
KHAPRETA_510206,312140.860,2624458.200,130.3500,0.0000,2.0700,0.1323,-1
KHAPRETA_510206,312142.860,2624458.200,130.2300,0.0000,2.1900,0.1399,-1
KHAPRETA_510206,312146.860,2624458.200,130.2700,0.0800,2.1500,0.1374,-1
KHAPRETA_510206,312154.860,2624458.200,130.6700,0.0050,1.7500,0.1118,-1
KHAPRETA_510206,312162.860,2624458.200,130.8000,0.0000,1.6200,0.1035,-1
KHAPRETA_510206,312167.860,2624458.200,130.7200,0.0000,1.7000,0.1086,-1
KHAPRETA_510206,312169.860,2624458.200,130.7200,0.6354,1.7000,0.1086,-1
KHAPRETA_510206,312170.860,2624458.200,130.8300,0.7037,1.5900,0.1016,-1
KHAPRETA_510206,312180.860,2624458.200,129.6800,0.0653,2.7400,0.1751,-1
KHAPRETA_510206,312181.860,2624458.200,129.8100,0.3220,2.6100,0.1668,-1
KHAPRETA_510206,312182.860,2624458.200,130.3100,0.0169,2.1100,0.1348,-1
KHAPRETA_510206,312190.860,2624458.200,130.4000,0.3300,2.0200,0.1291,-1
KHAPRETA_510206,312191.860,2624458.200,130.4300,0.5247,1.9900,0.1272,-1
KHAPRETA_510206,312195.860,2624458.200,130.6100,0.0000,1.8100,0.1157,-1
KHAPRETA_510206,312198.860,2624458.200,130.8800,0.2350,1.5400,0.0984,-1
KHAPRETA_510206,312203.860,2624458.200,131.0600,0.0000,1.3600,0.0869,-1
KHAPRETA_510206,312207.860,2624458.200,130.8700,0.0000,1.5500,0.0990,-1
KHAPRETA_510206,312215.860,2624458.200,130.9500,0.6569,1.4700,0.0939,-1
KHAPRETA_510206,311944.860,2624459.200,128.6800,0.8764,3.7400,0.2390,-1
KHAPRETA_510206,311945.860,2624459.200,128.4500,0.5481,3.9700,0.2537,-1
KHAPRETA_510206,311954.860,2624459.200,128.6800,0.5631,3.7400,0.2390,-1
KHAPRETA_510206,311960.860,2624459.200,128.7000,0.5381,3.7200,0.2377,-1
KHAPRETA_510206,311967.860,2624459.200,128.7800,0.5181,3.6400,0.2326,-1
KHAPRETA_510206,311984.860,2624459.200,129.4800,0.0150,2.9400,0.1879,-1
KHAPRETA_510206,311988.860,2624459.200,130.0100,0.0000,2.4100,0.1540,-1
KHAPRETA_510206,311992.860,2624459.200,129.5000,0.0000,2.9200,0.1866,-1
KHAPRETA_510206,312002.860,2624459.200,129.5800,0.1081,2.8400,0.1815,-1
KHAPRETA_510206,312005.860,2624459.200,129.6000,0.0000,2.8200,0.1802,-1
KHAPRETA_510206,312007.860,2624459.200,129.6300,0.0731,2.7900,0.1783,-1
KHAPRETA_510206,312010.860,2624459.200,129.6700,0.0781,2.7500,0.1757,-1
KHAPRETA_510206,312011.860,2624459.200,129.6200,0.0531,2.8000,0.1789,-1
KHAPRETA_510206,312019.860,2624459.200,129.7300,0.0231,2.6900,0.1719,-1
KHAPRETA_510206,312020.860,2624459.200,129.7300,0.0231,2.6900,0.1719,-1
KHAPRETA_510206,312024.860,2624459.200,129.7400,0.0310,2.6800,0.1712,-1
KHAPRETA_510206,312025.860,2624459.200,129.7200,0.0182,2.7000,0.1725,-1
KHAPRETA_510206,312030.860,2624459.200,129.7800,0.0031,2.6400,0.1687,-1
KHAPRETA_510206,312032.860,2624459.200,129.8300,0.0319,2.5900,0.1655,-1
KHAPRETA_510206,312033.860,2624459.200,129.8400,0.0373,2.5800,0.1649,-1
KHAPRETA_510206,312034.860,2624459.200,129.8200,0.0319,2.6000,0.1661,-1
KHAPRETA_510206,312036.860,2624459.200,129.8300,0.0000,2.5900,0.1655,-1
KHAPRETA_510206,312041.860,2624459.200,129.8500,0.0419,2.5700,0.1642,-1
KHAPRETA_510206,312043.860,2624459.200,129.8800,0.0569,2.5400,0.1623,-1
KHAPRETA_510206,312047.860,2624459.200,129.8900,0.0000,2.5300,0.1617,-1
KHAPRETA_510206,312056.860,2624459.200,130.5500,0.5403,1.8700,0.1195,-1
KHAPRETA_510206,312057.860,2624459.200,130.5200,0.4171,1.9000,0.1214,-1
KHAPRETA_510206,312058.860,2624459.200,130.5300,0.5331,1.8900,0.1208,-1
KHAPRETA_510206,312062.860,2624459.200,130.6100,0.0000,1.8100,0.1157,-1
KHAPRETA_510206,312064.860,2624459.200,130.6400,0.0000,1.7800,0.1137,-1
KHAPRETA_510206,312066.860,2624459.200,130.7400,0.6639,1.6800,0.1073,-1
KHAPRETA_510206,312067.860,2624459.200,130.7100,0.4620,1.7100,0.1093,-1
KHAPRETA_510206,312068.860,2624459.200,130.7600,0.0350,1.6600,0.1061,-1
KHAPRETA_510206,312069.860,2624459.200,130.6400,0.4919,1.7800,0.1137,-1
KHAPRETA_510206,312071.860,2624459.200,130.6700,0.0000,1.7500,0.1118,-1
KHAPRETA_510206,312073.860,2624459.200,130.6200,0.0000,1.8000,0.1150,-1
KHAPRETA_510206,312077.860,2624459.200,130.6100,0.0000,1.8100,0.1157,-1
KHAPRETA_510206,312079.860,2624459.200,130.5900,0.4369,1.8300,0.1169,-1
KHAPRETA_510206,312087.860,2624459.200,130.4800,0.0000,1.9400,0.1240,-1
KHAPRETA_510206,312091.860,2624459.200,130.4700,0.0000,1.9500,0.1246,-1
KHAPRETA_510206,312094.860,2624459.200,132.0100,1.1469,0.4100,0.0262,-1
KHAPRETA_510206,312095.860,2624459.200,132.0700,0.0700,0.3500,0.0224,-1
KHAPRETA_510206,312096.860,2624459.200,132.1500,1.1469,0.2700,0.0173,-1
KHAPRETA_510206,312106.860,2624459.200,131.0200,1.0519,1.4000,0.0895,-1
KHAPRETA_510206,312113.860,2624459.200,129.7200,0.0019,2.7000,0.1725,-1
KHAPRETA_510206,312115.860,2624459.200,132.3300,0.0000,0.0900,0.0058,-1
KHAPRETA_510206,312117.860,2624459.200,129.7700,0.2469,2.6500,0.1693,-1
KHAPRETA_510206,312123.860,2624459.200,129.9800,1.1153,2.4400,0.1559,-1
KHAPRETA_510206,312124.860,2624459.200,130.1200,0.4438,2.3000,0.1470,-1
KHAPRETA_510206,312126.860,2624459.200,129.9300,0.2062,2.4900,0.1591,-1
KHAPRETA_510206,312127.860,2624459.200,129.9700,1.1500,2.4500,0.1565,-1
KHAPRETA_510206,312128.860,2624459.200,132.2300,0.1300,0.1900,0.0121,-1
KHAPRETA_510206,312129.860,2624459.200,130.2300,0.1670,2.1900,0.1399,-1
KHAPRETA_510206,312130.860,2624459.200,132.2200,0.9143,0.2000,0.0128,-1
KHAPRETA_510206,312131.860,2624459.200,132.0200,1.2957,0.4000,0.0256,-1
KHAPRETA_510206,312132.860,2624459.200,130.3500,1.1219,2.0700,0.1323,-1
KHAPRETA_510206,312137.860,2624459.200,130.1400,0.8119,2.2800,0.1457,-1
KHAPRETA_510206,312138.860,2624459.200,131.4000,0.1819,1.0200,0.0652,-1
KHAPRETA_510206,312146.860,2624459.200,130.3800,0.3403,2.0400,0.1304,-1
KHAPRETA_510206,312147.860,2624459.200,130.4400,0.7733,1.9800,0.1265,-1
KHAPRETA_510206,312152.860,2624459.200,130.5300,0.0000,1.8900,0.1208,-1
KHAPRETA_510206,312154.860,2624459.200,130.7000,0.4147,1.7200,0.1099,-1
KHAPRETA_510206,312155.860,2624459.200,130.5900,0.4619,1.8300,0.1169,-1
KHAPRETA_510206,312164.860,2624459.200,130.6100,1.1856,1.8100,0.1157,-1
KHAPRETA_510206,312165.860,2624459.200,130.8100,0.4169,1.6100,0.1029,-1
KHAPRETA_510206,312168.860,2624459.200,130.8600,0.8719,1.5600,0.0997,-1
KHAPRETA_510206,312169.860,2624459.200,131.5200,0.7186,0.9000,0.0575,-1
KHAPRETA_510206,312176.860,2624459.200,129.6200,0.0000,2.8000,0.1789,-1
KHAPRETA_510206,312178.860,2624459.200,129.5800,0.0681,2.8400,0.1815,-1
KHAPRETA_510206,312179.860,2624459.200,129.6400,0.1115,2.7800,0.1776,-1
KHAPRETA_510206,312181.860,2624459.200,129.9100,0.0500,2.5100,0.1604,-1
KHAPRETA_510206,312183.860,2624459.200,130.5900,0.5469,1.8300,0.1169,-1
KHAPRETA_510206,312184.860,2624459.200,130.8700,0.2050,1.5500,0.0990,-1
KHAPRETA_510206,312185.860,2624459.200,131.0000,0.5469,1.4200,0.0907,-1
KHAPRETA_510206,312190.860,2624459.200,130.4300,0.5247,1.9900,0.1272,-1
KHAPRETA_510206,312191.860,2624459.200,130.6200,0.3300,1.8000,0.1150,-1
KHAPRETA_510206,312192.860,2624459.200,130.5200,0.5897,1.9000,0.1214,-1
KHAPRETA_510206,312196.860,2624459.200,130.6500,0.0000,1.7700,0.1131,-1
KHAPRETA_510206,312198.860,2624459.200,131.1600,0.5519,1.2600,0.0805,-1
KHAPRETA_510206,312201.860,2624459.200,131.1200,0.0000,1.3000,0.0831,-1
KHAPRETA_510206,312213.860,2624459.200,130.9700,0.0000,1.4500,0.0927,-1
KHAPRETA_510206,312217.860,2624459.200,131.1200,0.6969,1.3000,0.0831,-1
KHAPRETA_510206,312218.860,2624459.200,131.1700,0.6719,1.2500,0.0799,-1
KHAPRETA_510206,311936.860,2624460.200,131.6500,0.0000,0.7700,0.0492,-1
KHAPRETA_510206,311946.860,2624460.200,128.6000,0.0000,3.8200,0.2441,-1
KHAPRETA_510206,311951.860,2624460.200,128.5800,0.0000,3.8400,0.2454,-1
KHAPRETA_510206,311954.860,2624460.200,128.6500,0.7966,3.7700,0.2409,-1
KHAPRETA_510206,311955.860,2624460.200,128.6200,0.0000,3.8000,0.2428,-1
KHAPRETA_510206,311956.860,2624460.200,128.6500,0.5781,3.7700,0.2409,-1
KHAPRETA_510206,311958.860,2624460.200,128.6800,0.0000,3.7400,0.2390,-1
KHAPRETA_510206,311960.860,2624460.200,128.7000,0.7645,3.7200,0.2377,-1
KHAPRETA_510206,311961.860,2624460.200,128.6900,0.5381,3.7300,0.2383,-1
KHAPRETA_510206,311963.860,2624460.200,128.7500,0.5131,3.6700,0.2345,-1
KHAPRETA_510206,311964.860,2624460.200,128.7500,0.5131,3.6700,0.2345,-1
KHAPRETA_510206,311966.860,2624460.200,128.7300,0.5031,3.6900,0.2358,-1
KHAPRETA_510206,311968.860,2624460.200,128.7700,0.0000,3.6500,0.2332,-1
KHAPRETA_510206,311974.860,2624460.200,128.8500,0.0000,3.5700,0.2281,-1
KHAPRETA_510206,311980.860,2624460.200,128.8500,0.0000,3.5700,0.2281,-1
KHAPRETA_510206,311982.860,2624460.200,129.1900,0.0000,3.2300,0.2064,-1
KHAPRETA_510206,311984.860,2624460.200,129.4300,0.2094,2.9900,0.1911,-1
KHAPRETA_510206,311985.860,2624460.200,129.4800,0.1731,2.9400,0.1879,-1
KHAPRETA_510206,311991.860,2624460.200,129.5000,0.0000,2.9200,0.1866,-1
KHAPRETA_510206,311994.860,2624460.200,129.4800,0.0000,2.9400,0.1879,-1
KHAPRETA_510206,311997.860,2624460.200,129.5800,0.1281,2.8400,0.1815,-1
KHAPRETA_510206,312002.860,2624460.200,129.5600,0.0981,2.8600,0.1827,-1
KHAPRETA_510206,312006.860,2624460.200,129.6100,0.0731,2.8100,0.1796,-1
KHAPRETA_510206,312007.860,2624460.200,129.6300,0.0831,2.7900,0.1783,-1
KHAPRETA_510206,312017.860,2624460.200,129.7100,0.0000,2.7100,0.1732,-1
KHAPRETA_510206,312027.860,2624460.200,129.7800,0.0031,2.6400,0.1687,-1
KHAPRETA_510206,312031.860,2624460.200,129.7800,0.0000,2.6400,0.1687,-1
KHAPRETA_510206,312033.860,2624460.200,129.8500,0.0319,2.5700,0.1642,-1
KHAPRETA_510206,312041.860,2624460.200,129.8600,0.0200,2.5600,0.1636,-1
KHAPRETA_510206,312043.860,2624460.200,129.8900,0.0519,2.5300,0.1617,-1
KHAPRETA_510206,312051.860,2624460.200,130.4100,0.3619,2.0100,0.1284,-1
KHAPRETA_510206,312052.860,2624460.200,130.5000,0.3169,1.9200,0.1227,-1
KHAPRETA_510206,312056.860,2624460.200,130.5600,0.5688,1.8600,0.1188,-1
KHAPRETA_510206,312057.860,2624460.200,130.6100,0.3935,1.8100,0.1157,-1
KHAPRETA_510206,312060.860,2624460.200,130.5600,0.0000,1.8600,0.1188,-1
KHAPRETA_510206,312063.860,2624460.200,130.5600,0.0000,1.8600,0.1188,-1
KHAPRETA_510206,312067.860,2624460.200,130.7000,0.4669,1.7200,0.1099,-1
KHAPRETA_510206,312070.860,2624460.200,130.6500,0.0000,1.7700,0.1131,-1
KHAPRETA_510206,312075.860,2624460.200,130.6700,0.0000,1.7500,0.1118,-1
KHAPRETA_510206,312079.860,2624460.200,130.6500,0.4069,1.7700,0.1131,-1
KHAPRETA_510206,312082.860,2624460.200,130.5400,0.0000,1.8800,0.1201,-1
KHAPRETA_510206,312086.860,2624460.200,130.5100,0.0000,1.9100,0.1220,-1
KHAPRETA_510206,312089.860,2624460.200,130.5100,0.0000,1.9100,0.1220,-1
KHAPRETA_510206,312092.860,2624460.200,130.7700,0.5319,1.6500,0.1054,-1
KHAPRETA_510206,312093.860,2624460.200,130.8400,0.6455,1.5800,0.1010,-1
KHAPRETA_510206,312097.860,2624460.200,131.3800,0.4119,1.0400,0.0665,-1
KHAPRETA_510206,312104.860,2624460.200,131.4800,1.1819,0.9400,0.0601,-1
KHAPRETA_510206,312106.860,2624460.200,131.8800,0.6219,0.5400,0.0345,-1
KHAPRETA_510206,312117.860,2624460.200,130.2700,0.0031,2.1500,0.1374,-1
KHAPRETA_510206,312123.860,2624460.200,131.9800,0.4438,0.4400,0.0281,-1
KHAPRETA_510206,312124.860,2624460.200,130.6400,1.1153,1.7800,0.1137,-1
KHAPRETA_510206,312131.860,2624460.200,131.5700,1.1219,0.8500,0.0543,-1
KHAPRETA_510206,312134.860,2624460.200,130.1400,0.0000,2.2800,0.1457,-1
KHAPRETA_510206,312139.860,2624460.200,132.0200,0.0000,0.4000,0.0256,-1
KHAPRETA_510206,312146.860,2624460.200,130.4200,0.7733,2.0000,0.1278,-1
KHAPRETA_510206,312147.860,2624460.200,131.2000,0.4624,1.2200,0.0780,-1
KHAPRETA_510206,312153.860,2624460.200,130.5900,0.5269,1.8300,0.1169,-1
KHAPRETA_510206,312154.860,2624460.200,130.8300,0.7500,1.5900,0.1016,-1
KHAPRETA_510206,312156.860,2624460.200,130.6700,0.0000,1.7500,0.1118,-1
KHAPRETA_510206,312162.860,2624460.200,130.6500,0.9846,1.7700,0.1131,-1
KHAPRETA_510206,312163.860,2624460.200,131.6900,0.6300,0.7300,0.0466,-1
KHAPRETA_510206,312164.860,2624460.200,131.9100,1.0438,0.5100,0.0326,-1
KHAPRETA_510206,312166.860,2624460.200,130.7000,0.3819,1.7200,0.1099,-1
KHAPRETA_510206,312167.860,2624460.200,130.5400,0.4619,1.8800,0.1201,-1
KHAPRETA_510206,312175.860,2624460.200,129.5000,0.1781,2.9200,0.1866,-1
KHAPRETA_510206,312179.860,2624460.200,129.6700,0.0681,2.7500,0.1757,-1
KHAPRETA_510206,312181.860,2624460.200,129.9100,0.0669,2.5100,0.1604,-1
KHAPRETA_510206,312192.860,2624460.200,130.6000,0.3719,1.8200,0.1163,-1
KHAPRETA_510206,312197.860,2624460.200,130.9100,0.0000,1.5100,0.0965,-1
KHAPRETA_510206,312202.860,2624460.200,130.9100,0.7986,1.5100,0.0965,-1
KHAPRETA_510206,312203.860,2624460.200,130.9400,0.8196,1.4800,0.0946,-1
KHAPRETA_510206,312207.860,2624460.200,130.9300,0.0000,1.4900,0.0952,-1
KHAPRETA_510206,312215.860,2624460.200,130.9800,0.5869,1.4400,0.0920,-1
KHAPRETA_510206,312216.860,2624460.200,130.9500,0.6019,1.4700,0.0939,-1
KHAPRETA_510206,312220.860,2624460.200,131.4100,0.0000,1.0100,0.0645,-1
KHAPRETA_510206,311944.860,2624461.200,129.2700,0.2281,3.1500,0.2013,-1
KHAPRETA_510206,311950.860,2624461.200,128.5900,0.5881,3.8300,0.2447,-1
KHAPRETA_510206,311962.860,2624461.200,128.7900,0.5081,3.6300,0.2319,-1
KHAPRETA_510206,311966.860,2624461.200,128.7700,0.0300,3.6500,0.2332,-1
KHAPRETA_510206,311986.860,2624461.200,129.4500,0.0000,2.9700,0.1898,-1
KHAPRETA_510206,311990.860,2624461.200,129.4800,0.0000,2.9400,0.1879,-1
KHAPRETA_510206,311997.860,2624461.200,129.5200,0.0981,2.9000,0.1853,-1
KHAPRETA_510206,312007.860,2624461.200,129.6300,0.0731,2.7900,0.1783,-1
KHAPRETA_510206,312009.860,2624461.200,129.6800,0.0681,2.7400,0.1751,-1
KHAPRETA_510206,312010.860,2624461.200,129.6400,0.0481,2.7800,0.1776,-1
KHAPRETA_510206,312016.860,2624461.200,129.6600,0.0000,2.7600,0.1764,-1
KHAPRETA_510206,312018.860,2624461.200,129.7500,0.0000,2.6700,0.1706,-1
KHAPRETA_510206,312027.860,2624461.200,129.7700,0.0019,2.6500,0.1693,-1
KHAPRETA_510206,312034.860,2624461.200,129.8200,0.0000,2.6000,0.1661,-1
KHAPRETA_510206,312038.860,2624461.200,129.8300,0.0469,2.5900,0.1655,-1
KHAPRETA_510206,312039.860,2624461.200,129.8700,0.0269,2.5500,0.1629,-1
KHAPRETA_510206,312041.860,2624461.200,129.8900,0.0790,2.5300,0.1617,-1
KHAPRETA_510206,312042.860,2624461.200,129.9100,0.0569,2.5100,0.1604,-1
KHAPRETA_510206,312045.860,2624461.200,129.9300,0.0619,2.4900,0.1591,-1
KHAPRETA_510206,312046.860,2624461.200,129.9000,0.3798,2.5200,0.1610,-1
KHAPRETA_510206,312053.860,2624461.200,130.5600,0.0000,1.8600,0.1188,-1
KHAPRETA_510206,312057.860,2624461.200,130.5900,0.5791,1.8300,0.1169,-1
KHAPRETA_510206,312058.860,2624461.200,130.5800,0.4069,1.8400,0.1176,-1
KHAPRETA_510206,312061.860,2624461.200,130.5800,0.3169,1.8400,0.1176,-1
KHAPRETA_510206,312071.860,2624461.200,130.7300,0.6468,1.6900,0.1080,-1
KHAPRETA_510206,312072.860,2624461.200,130.6500,0.4769,1.7700,0.1131,-1
KHAPRETA_510206,312077.860,2624461.200,130.6700,0.0000,1.7500,0.1118,-1
KHAPRETA_510206,312080.860,2624461.200,130.6100,0.0000,1.8100,0.1157,-1
KHAPRETA_510206,312084.860,2624461.200,130.4200,0.0000,2.0000,0.1278,-1
KHAPRETA_510206,312093.860,2624461.200,130.6000,0.6044,1.8200,0.1163,-1
KHAPRETA_510206,312094.860,2624461.200,130.3500,0.3815,2.0700,0.1323,-1
KHAPRETA_510206,312095.860,2624461.200,130.4300,0.3924,1.9900,0.1272,-1
KHAPRETA_510206,312096.860,2624461.200,130.6000,0.3523,1.8200,0.1163,-1
KHAPRETA_510206,312097.860,2624461.200,130.6000,0.9016,1.8200,0.1163,-1
KHAPRETA_510206,312104.860,2624461.200,132.1400,0.3741,0.2800,0.0179,-1
KHAPRETA_510206,312105.860,2624461.200,130.4700,1.2672,1.9500,0.1246,-1
KHAPRETA_510206,312118.860,2624461.200,131.4400,1.1669,0.9800,0.0626,-1
KHAPRETA_510206,312119.860,2624461.200,132.1100,0.8693,0.3100,0.0198,-1
KHAPRETA_510206,312148.860,2624461.200,129.8500,0.0000,2.5700,0.1642,-1
KHAPRETA_510206,312151.860,2624461.200,130.8700,0.4731,1.5500,0.0990,-1
KHAPRETA_510206,312154.860,2624461.200,131.9600,1.3261,0.4600,0.0294,-1
KHAPRETA_510206,312155.860,2624461.200,132.2100,1.0919,0.2100,0.0134,-1
KHAPRETA_510206,312160.860,2624461.200,130.1600,0.0000,2.2600,0.1444,-1
KHAPRETA_510206,312162.860,2624461.200,130.2400,0.4369,2.1800,0.1393,-1
KHAPRETA_510206,312175.860,2624461.200,129.4200,0.1381,3.0000,0.1917,-1
KHAPRETA_510206,312194.860,2624461.200,130.6500,0.5069,1.7700,0.1131,-1
KHAPRETA_510206,312195.860,2624461.200,130.7900,0.5500,1.6300,0.1042,-1
KHAPRETA_510206,312196.860,2624461.200,131.7500,0.5069,0.6700,0.0428,-1
KHAPRETA_510206,312202.860,2624461.200,130.8700,0.8196,1.5500,0.0990,-1
KHAPRETA_510206,312203.860,2624461.200,130.9600,0.0354,1.4600,0.0933,-1
KHAPRETA_510206,312204.860,2624461.200,130.9400,0.0050,1.4800,0.0946,-1
KHAPRETA_510206,312205.860,2624461.200,130.9500,0.5819,1.4700,0.0939,-1
KHAPRETA_510206,312208.860,2624461.200,130.9300,0.0000,1.4900,0.0952,-1
KHAPRETA_510206,312221.860,2624461.200,131.4600,0.9319,0.9600,0.0613,-1
KHAPRETA_510206,312222.860,2624461.200,131.6400,0.8419,0.7800,0.0498,-1
KHAPRETA_510206,311944.860,2624462.200,129.3200,0.2531,3.1000,0.1981,-1
KHAPRETA_510206,311950.860,2624462.200,128.6000,0.5931,3.8200,0.2441,-1
KHAPRETA_510206,311954.860,2624462.200,128.6600,0.5481,3.7600,0.2403,-1
KHAPRETA_510206,311957.860,2624462.200,128.7100,0.5231,3.7100,0.2371,-1
KHAPRETA_510206,311962.860,2624462.200,128.7600,0.0100,3.6600,0.2339,-1
KHAPRETA_510206,311965.860,2624462.200,128.7700,0.7008,3.6500,0.2332,-1
KHAPRETA_510206,311966.860,2624462.200,128.7900,0.7114,3.6300,0.2319,-1
KHAPRETA_510206,311978.860,2624462.200,128.8600,0.0000,3.5600,0.2275,-1
KHAPRETA_510206,311980.860,2624462.200,128.8400,0.0000,3.5800,0.2288,-1
KHAPRETA_510206,311987.860,2624462.200,129.4400,0.0000,2.9800,0.1904,-1
KHAPRETA_510206,311991.860,2624462.200,129.4800,0.0000,2.9400,0.1879,-1
KHAPRETA_510206,311993.860,2624462.200,129.5000,0.0000,2.9200,0.1866,-1
KHAPRETA_510206,311996.860,2624462.200,129.4800,0.0000,2.9400,0.1879,-1
KHAPRETA_510206,311998.860,2624462.200,129.5700,0.0000,2.8500,0.1821,-1
KHAPRETA_510206,312000.860,2624462.200,129.5600,0.0000,2.8600,0.1827,-1
KHAPRETA_510206,312002.860,2624462.200,129.5900,0.0000,2.8300,0.1808,-1
KHAPRETA_510206,312017.860,2624462.200,129.7200,0.0381,2.7000,0.1725,-1
KHAPRETA_510206,312030.860,2624462.200,129.7700,0.0000,2.6500,0.1693,-1
KHAPRETA_510206,312043.860,2624462.200,129.9000,0.0000,2.5200,0.1610,-1
KHAPRETA_510206,312046.860,2624462.200,130.5200,0.0619,1.9000,0.1214,-1
KHAPRETA_510206,312061.860,2624462.200,130.4100,0.0150,2.0100,0.1284,-1
KHAPRETA_510206,312070.860,2624462.200,130.7600,0.4769,1.6600,0.1061,-1
KHAPRETA_510206,312071.860,2624462.200,130.7300,0.6852,1.6900,0.1080,-1
KHAPRETA_510206,312075.860,2624462.200,130.7100,0.0000,1.7100,0.1093,-1
KHAPRETA_510206,312081.860,2624462.200,130.6100,0.0000,1.8100,0.1157,-1
KHAPRETA_510206,312083.860,2624462.200,130.6500,0.4369,1.7700,0.1131,-1
KHAPRETA_510206,312091.860,2624462.200,130.5700,0.4169,1.8500,0.1182,-1
KHAPRETA_510206,312092.860,2624462.200,130.6100,0.3969,1.8100,0.1157,-1
KHAPRETA_510206,312094.860,2624462.200,130.5200,0.4698,1.9000,0.1214,-1
KHAPRETA_510206,312095.860,2624462.200,130.5200,0.1140,1.9000,0.1214,-1
KHAPRETA_510206,312096.860,2624462.200,130.4600,0.5550,1.9600,0.1252,-1
KHAPRETA_510206,312098.860,2624462.200,130.8000,0.0000,1.6200,0.1035,-1
KHAPRETA_510206,312104.860,2624462.200,131.2000,0.7502,1.2200,0.0780,-1
KHAPRETA_510206,312105.860,2624462.200,130.6900,0.6545,1.7300,0.1105,-1
KHAPRETA_510206,312106.860,2624462.200,132.3100,0.4569,0.1100,0.0070,-1
KHAPRETA_510206,312119.860,2624462.200,130.2800,1.1669,2.1400,0.1367,-1
KHAPRETA_510206,312121.860,2624462.200,130.9400,0.0000,1.4800,0.0946,-1
KHAPRETA_510206,312149.860,2624462.200,130.3800,0.0000,2.0400,0.1304,-1
KHAPRETA_510206,312151.860,2624462.200,128.8300,0.5469,3.5900,0.2294,-1
KHAPRETA_510206,312163.860,2624462.200,129.9500,0.0000,2.4700,0.1578,-1
KHAPRETA_510206,312177.860,2624462.200,129.6700,0.0000,2.7500,0.1757,-1
KHAPRETA_510206,312179.860,2624462.200,129.7700,0.0000,2.6500,0.1693,-1
KHAPRETA_510206,312199.860,2624462.200,130.8300,0.0000,1.5900,0.1016,-1
KHAPRETA_510206,312203.860,2624462.200,130.9300,0.5919,1.4900,0.0952,-1
KHAPRETA_510206,312207.860,2624462.200,130.9300,0.0000,1.4900,0.0952,-1
KHAPRETA_510206,312209.860,2624462.200,130.9500,0.0000,1.4700,0.0939,-1
KHAPRETA_510206,312211.860,2624462.200,130.9400,0.0000,1.4800,0.0946,-1
KHAPRETA_510206,312218.860,2624462.200,131.0100,0.6319,1.4100,0.0901,-1
KHAPRETA_510206,311954.860,2624463.200,128.6800,0.7892,3.7400,0.2390,-1
KHAPRETA_510206,311955.860,2624463.200,128.6600,0.5481,3.7600,0.2403,-1
KHAPRETA_510206,311957.860,2624463.200,128.7300,0.5331,3.6900,0.2358,-1
KHAPRETA_510206,311962.860,2624463.200,128.7700,0.5081,3.6500,0.2332,-1
KHAPRETA_510206,311965.860,2624463.200,128.7800,0.5031,3.6400,0.2326,-1
KHAPRETA_510206,311968.860,2624463.200,128.7600,0.0000,3.6600,0.2339,-1
KHAPRETA_510206,311973.860,2624463.200,128.8200,0.0000,3.6000,0.2300,-1
KHAPRETA_510206,311977.860,2624463.200,128.8400,0.0000,3.5800,0.2288,-1
KHAPRETA_510206,311979.860,2624463.200,128.9600,0.4381,3.4600,0.2211,-1
KHAPRETA_510206,311981.860,2624463.200,128.9200,0.4031,3.5000,0.2236,-1
KHAPRETA_510206,311990.860,2624463.200,129.4800,0.0000,2.9400,0.1879,-1
KHAPRETA_510206,311992.860,2624463.200,129.5200,0.1481,2.9000,0.1853,-1
KHAPRETA_510206,311999.860,2624463.200,129.6000,0.1181,2.8200,0.1802,-1
KHAPRETA_510206,312001.860,2624463.200,129.6200,0.0000,2.8000,0.1789,-1
KHAPRETA_510206,312007.860,2624463.200,129.6600,0.0000,2.7600,0.1764,-1
KHAPRETA_510206,312010.860,2624463.200,129.6500,0.0000,2.7700,0.1770,-1
KHAPRETA_510206,312017.860,2624463.200,129.7000,0.0281,2.7200,0.1738,-1
KHAPRETA_510206,312026.860,2624463.200,129.7700,0.0069,2.6500,0.1693,-1
KHAPRETA_510206,312029.860,2624463.200,129.8100,0.0000,2.6100,0.1668,-1
KHAPRETA_510206,312033.860,2624463.200,129.7900,0.0347,2.6300,0.1681,-1
KHAPRETA_510206,312034.860,2624463.200,129.8200,0.0069,2.6000,0.1661,-1
KHAPRETA_510206,312036.860,2624463.200,129.8300,0.0000,2.5900,0.1655,-1
KHAPRETA_510206,312045.860,2624463.200,130.5100,0.3169,1.9100,0.1220,-1
KHAPRETA_510206,312049.860,2624463.200,130.5300,0.0000,1.8900,0.1208,-1
KHAPRETA_510206,312052.860,2624463.200,130.6000,0.0000,1.8200,0.1163,-1
KHAPRETA_510206,312057.860,2624463.200,130.5600,0.3769,1.8600,0.1188,-1
KHAPRETA_510206,312058.860,2624463.200,130.5300,0.5650,1.8900,0.1208,-1
KHAPRETA_510206,312061.860,2624463.200,130.6100,0.3169,1.8100,0.1157,-1
KHAPRETA_510206,312063.860,2624463.200,130.4800,0.0000,1.9400,0.1240,-1
KHAPRETA_510206,312072.860,2624463.200,130.7400,0.4969,1.6800,0.1073,-1
KHAPRETA_510206,312073.860,2624463.200,130.7700,0.4819,1.6500,0.1054,-1
KHAPRETA_510206,312076.860,2624463.200,130.7200,0.6604,1.7000,0.1086,-1
KHAPRETA_510206,312077.860,2624463.200,130.7200,0.0200,1.7000,0.1086,-1
KHAPRETA_510206,312078.860,2624463.200,130.7600,0.4719,1.6600,0.1061,-1
KHAPRETA_510206,312080.860,2624463.200,130.6500,0.4469,1.7700,0.1131,-1
KHAPRETA_510206,312082.860,2624463.200,130.6000,0.4369,1.8200,0.1163,-1
KHAPRETA_510206,312083.860,2624463.200,130.6500,0.4120,1.7700,0.1131,-1
KHAPRETA_510206,312086.860,2624463.200,130.6000,0.4069,1.8200,0.1163,-1
KHAPRETA_510206,312087.860,2624463.200,130.5900,0.5897,1.8300,0.1169,-1
KHAPRETA_510206,312095.860,2624463.200,130.6500,0.0750,1.7700,0.1131,-1
KHAPRETA_510206,312097.860,2624463.200,130.5500,0.0000,1.8700,0.1195,-1
KHAPRETA_510206,312101.860,2624463.200,130.5100,0.3269,1.9100,0.1220,-1
KHAPRETA_510206,312104.860,2624463.200,130.9500,0.7119,1.4700,0.0939,-1
KHAPRETA_510206,312108.860,2624463.200,131.6000,0.1281,0.8200,0.0524,-1
KHAPRETA_510206,312120.860,2624463.200,132.3400,0.0000,0.0800,0.0051,-1
KHAPRETA_510206,312154.860,2624463.200,131.5900,0.0000,0.8300,0.0530,-1
KHAPRETA_510206,312173.860,2624463.200,129.6400,0.0000,2.7800,0.1776,-1
KHAPRETA_510206,312186.860,2624463.200,131.0600,0.0000,1.3600,0.0869,-1
KHAPRETA_510206,312190.860,2624463.200,131.0600,0.6019,1.3600,0.0869,-1
KHAPRETA_510206,312191.860,2624463.200,130.9800,0.6419,1.4400,0.0920,-1
KHAPRETA_510206,312195.860,2624463.200,130.7700,0.0000,1.6500,0.1054,-1
KHAPRETA_510206,312197.860,2624463.200,130.8900,0.5919,1.5300,0.0978,-1
KHAPRETA_510206,312210.860,2624463.200,130.9700,0.6069,1.4500,0.0927,-1
KHAPRETA_510206,312218.860,2624463.200,131.0400,0.8725,1.3800,0.0882,-1
KHAPRETA_510206,312219.860,2624463.200,131.0100,0.8797,1.4100,0.0901,-1
KHAPRETA_510206,312225.860,2624463.200,132.0500,1.1119,0.3700,0.0236,-1
KHAPRETA_510206,312243.860,2624463.200,132.0300,0.0000,0.3900,0.0249,-1
KHAPRETA_510206,311943.860,2624464.200,129.9500,0.3981,2.4700,0.1578,-1
KHAPRETA_510206,311944.860,2624464.200,128.9800,0.0869,3.4400,0.2198,-1
KHAPRETA_510206,311946.860,2624464.200,128.6500,0.5531,3.7700,0.2409,-1
KHAPRETA_510206,311947.860,2624464.200,128.6700,0.5631,3.7500,0.2396,-1
KHAPRETA_510206,311949.860,2624464.200,128.6700,0.0000,3.7500,0.2396,-1
KHAPRETA_510206,311966.860,2624464.200,128.7900,0.6940,3.6300,0.2319,-1
KHAPRETA_510206,311967.860,2624464.200,128.7700,0.4931,3.6500,0.2332,-1
KHAPRETA_510206,311970.860,2624464.200,128.8100,0.0000,3.6100,0.2307,-1
KHAPRETA_510206,311976.860,2624464.200,128.8200,0.0000,3.6000,0.2300,-1
KHAPRETA_510206,311979.860,2624464.200,128.9000,0.4081,3.5200,0.2249,-1
KHAPRETA_510206,311981.860,2624464.200,128.9700,0.3087,3.4500,0.2204,-1
KHAPRETA_510206,311982.860,2624464.200,129.1600,0.2350,3.2600,0.2083,-1
KHAPRETA_510206,311983.860,2624464.200,129.4400,0.3081,2.9800,0.1904,-1
KHAPRETA_510206,311992.860,2624464.200,129.4800,0.1281,2.9400,0.1879,-1
KHAPRETA_510206,311999.860,2624464.200,129.5400,0.1318,2.8800,0.1840,-1
KHAPRETA_510206,312000.860,2624464.200,129.5800,0.1388,2.8400,0.1815,-1
KHAPRETA_510206,312003.860,2624464.200,129.6400,0.0000,2.7800,0.1776,-1
KHAPRETA_510206,312008.860,2624464.200,129.6200,0.0581,2.8000,0.1789,-1
KHAPRETA_510206,312014.860,2624464.200,129.7100,0.0000,2.7100,0.1732,-1
KHAPRETA_510206,312016.860,2624464.200,129.6600,0.0000,2.7600,0.1764,-1
KHAPRETA_510206,312018.860,2624464.200,129.7300,0.0000,2.6900,0.1719,-1
KHAPRETA_510206,312024.860,2624464.200,129.7600,0.0000,2.6600,0.1700,-1
KHAPRETA_510206,312026.860,2624464.200,129.7900,0.0031,2.6300,0.1681,-1
KHAPRETA_510206,312030.860,2624464.200,129.8100,0.0119,2.6100,0.1668,-1
KHAPRETA_510206,312033.860,2624464.200,129.8300,0.0069,2.5900,0.1655,-1
KHAPRETA_510206,312037.860,2624464.200,129.8800,0.0669,2.5400,0.1623,-1
KHAPRETA_510206,312041.860,2624464.200,130.1200,0.3519,2.3000,0.1470,-1
KHAPRETA_510206,312042.860,2624464.200,130.4800,0.1719,1.9400,0.1240,-1
KHAPRETA_510206,312045.860,2624464.200,130.4100,0.5016,2.0100,0.1284,-1
KHAPRETA_510206,312046.860,2624464.200,130.4600,0.3169,1.9600,0.1252,-1
KHAPRETA_510206,312051.860,2624464.200,130.6000,0.0000,1.8200,0.1163,-1
KHAPRETA_510206,312053.860,2624464.200,130.5100,0.4319,1.9100,0.1220,-1
KHAPRETA_510206,312055.860,2624464.200,130.5300,0.3669,1.8900,0.1208,-1
KHAPRETA_510206,312058.860,2624464.200,130.5900,0.0550,1.8300,0.1169,-1
KHAPRETA_510206,312066.860,2624464.200,130.9200,0.0000,1.5000,0.0958,-1
KHAPRETA_510206,312068.860,2624464.200,130.7800,0.0000,1.6400,0.1048,-1
KHAPRETA_510206,312070.860,2624464.200,130.7700,0.0000,1.6500,0.1054,-1
KHAPRETA_510206,312074.860,2624464.200,130.7500,0.4569,1.6700,0.1067,-1
KHAPRETA_510206,312075.860,2624464.200,130.6900,0.0250,1.7300,0.1105,-1
KHAPRETA_510206,312076.860,2624464.200,130.7000,0.4572,1.7200,0.1099,-1
KHAPRETA_510206,312079.860,2624464.200,130.7900,0.4469,1.6300,0.1042,-1
KHAPRETA_510206,312080.860,2624464.200,130.6700,0.5125,1.7500,0.1118,-1
KHAPRETA_510206,312083.860,2624464.200,130.6400,0.4369,1.7800,0.1137,-1
KHAPRETA_510206,312087.860,2624464.200,130.6200,0.4069,1.8000,0.1150,-1
KHAPRETA_510206,312095.860,2624464.200,130.6700,0.0100,1.7500,0.1118,-1
KHAPRETA_510206,312101.860,2624464.200,130.4300,0.3076,1.9900,0.1272,-1
KHAPRETA_510206,312102.860,2624464.200,130.3900,0.0850,2.0300,0.1297,-1
KHAPRETA_510206,312103.860,2624464.200,130.6000,0.3069,1.8200,0.1163,-1
KHAPRETA_510206,312106.860,2624464.200,130.2400,0.1269,2.1800,0.1393,-1
KHAPRETA_510206,312108.860,2624464.200,129.5200,1.2583,2.9000,0.1853,-1
KHAPRETA_510206,312109.860,2624464.200,131.5100,0.1281,0.9100,0.0581,-1
KHAPRETA_510206,312151.860,2624464.200,128.8000,0.4681,3.6200,0.2313,-1
KHAPRETA_510206,312152.860,2624464.200,128.8400,0.4881,3.5800,0.2288,-1
KHAPRETA_510206,312163.860,2624464.200,131.0200,0.4269,1.4000,0.0895,-1
KHAPRETA_510206,312164.860,2624464.200,130.6300,0.6219,1.7900,0.1144,-1
KHAPRETA_510206,312172.860,2624464.200,129.5600,0.0000,2.8600,0.1827,-1
KHAPRETA_510206,312177.860,2624464.200,129.8700,0.0000,2.5500,0.1629,-1
KHAPRETA_510206,312179.860,2624464.200,131.1700,0.0000,1.2500,0.0799,-1
KHAPRETA_510206,312182.860,2624464.200,131.1500,0.0000,1.2700,0.0812,-1
KHAPRETA_510206,312188.860,2624464.200,131.0700,0.0000,1.3500,0.0863,-1
KHAPRETA_510206,312192.860,2624464.200,130.8700,0.0000,1.5500,0.0990,-1
KHAPRETA_510206,312197.860,2624464.200,130.9600,0.5569,1.4600,0.0933,-1
KHAPRETA_510206,312200.860,2624464.200,130.8700,0.0000,1.5500,0.0990,-1
KHAPRETA_510206,312202.860,2624464.200,130.8500,0.0000,1.5700,0.1003,-1
KHAPRETA_510206,312210.860,2624464.200,130.9900,0.8513,1.4300,0.0914,-1
KHAPRETA_510206,312211.860,2624464.200,130.9900,0.6069,1.4300,0.0914,-1
KHAPRETA_510206,312216.860,2624464.200,131.0600,0.6219,1.3600,0.0869,-1
KHAPRETA_510206,312217.860,2624464.200,131.0200,0.6419,1.4000,0.0895,-1
KHAPRETA_510206,312219.860,2624464.200,131.0000,0.8760,1.4200,0.0907,-1
KHAPRETA_510206,312220.860,2624464.200,131.0200,0.6119,1.4000,0.0895,-1
KHAPRETA_510206,312225.860,2624464.200,132.0000,0.0250,0.4200,0.0268,-1
KHAPRETA_510206,312228.860,2624464.200,131.4400,0.0000,0.9800,0.0626,-1
KHAPRETA_510206,311954.860,2624465.200,128.6900,0.0000,3.7300,0.2383,-1
KHAPRETA_510206,311956.860,2624465.200,128.6600,0.5181,3.7600,0.2403,-1
KHAPRETA_510206,311957.860,2624465.200,128.7400,0.7717,3.6800,0.2351,-1
KHAPRETA_510206,311964.860,2624465.200,128.7700,0.0000,3.6500,0.2332,-1
KHAPRETA_510206,311966.860,2624465.200,128.8200,0.4931,3.6000,0.2300,-1
KHAPRETA_510206,311977.860,2624465.200,128.8400,0.4081,3.5800,0.2288,-1
KHAPRETA_510206,311978.860,2624465.200,128.9600,0.5833,3.4600,0.2211,-1
KHAPRETA_510206,311980.860,2624465.200,129.1100,0.5563,3.3100,0.2115,-1
KHAPRETA_510206,311981.860,2624465.200,128.9600,0.3361,3.4600,0.2211,-1
KHAPRETA_510206,311984.860,2624465.200,129.4900,0.1881,2.9300,0.1872,-1
KHAPRETA_510206,311987.860,2624465.200,129.5400,0.0000,2.8800,0.1840,-1
KHAPRETA_510206,311994.860,2624465.200,129.5100,0.1776,2.9100,0.1859,-1
KHAPRETA_510206,311995.860,2624465.200,129.5300,0.1331,2.8900,0.1847,-1
KHAPRETA_510206,312000.860,2624465.200,129.6300,0.0981,2.7900,0.1783,-1
KHAPRETA_510206,312007.860,2624465.200,129.6200,0.1013,2.8000,0.1789,-1
KHAPRETA_510206,312008.860,2624465.200,129.6600,0.0250,2.7600,0.1764,-1
KHAPRETA_510206,312009.860,2624465.200,129.6500,0.0581,2.7700,0.1770,-1
KHAPRETA_510206,312021.860,2624465.200,129.7800,0.0000,2.6400,0.1687,-1
KHAPRETA_510206,312029.860,2624465.200,129.7900,0.0138,2.6300,0.1681,-1
KHAPRETA_510206,312030.860,2624465.200,129.8000,0.0165,2.6200,0.1674,-1
KHAPRETA_510206,312032.860,2624465.200,129.8200,0.0000,2.6000,0.1661,-1
KHAPRETA_510206,312035.860,2624465.200,129.8500,0.0000,2.5700,0.1642,-1
KHAPRETA_510206,312037.860,2624465.200,129.9100,0.1900,2.5100,0.1604,-1
KHAPRETA_510206,312044.860,2624465.200,130.4900,0.3969,1.9300,0.1233,-1
KHAPRETA_510206,312053.860,2624465.200,130.6400,0.3669,1.7800,0.1137,-1
KHAPRETA_510206,312055.860,2624465.200,130.5100,0.4020,1.9100,0.1220,-1
KHAPRETA_510206,312056.860,2624465.200,130.5800,0.3669,1.8400,0.1176,-1
KHAPRETA_510206,312058.860,2624465.200,130.6400,0.4069,1.7800,0.1137,-1
KHAPRETA_510206,312061.860,2624465.200,130.7000,0.0000,1.7200,0.1099,-1
KHAPRETA_510206,312069.860,2624465.200,130.8200,0.5169,1.6000,0.1022,-1
KHAPRETA_510206,312071.860,2624465.200,130.8300,0.5419,1.5900,0.1016,-1
KHAPRETA_510206,312076.860,2624465.200,130.7500,0.4619,1.6700,0.1067,-1
KHAPRETA_510206,312080.860,2624465.200,130.8000,0.5879,1.6200,0.1035,-1
KHAPRETA_510206,312081.860,2624465.200,130.5400,0.3798,1.8800,0.1201,-1
KHAPRETA_510206,312082.860,2624465.200,130.5700,0.5228,1.8500,0.1182,-1
KHAPRETA_510206,312091.860,2624465.200,130.6800,0.3919,1.7400,0.1112,-1
KHAPRETA_510206,312092.860,2624465.200,130.5600,0.4519,1.8600,0.1188,-1
KHAPRETA_510206,312095.860,2624465.200,130.6700,0.4469,1.7500,0.1118,-1
KHAPRETA_510206,312100.860,2624465.200,130.6700,0.5874,1.7500,0.1118,-1
KHAPRETA_510206,312101.860,2624465.200,130.5500,0.5538,1.8700,0.1195,-1
KHAPRETA_510206,312104.860,2624465.200,130.8500,0.4694,1.5700,0.1003,-1
KHAPRETA_510206,312105.860,2624465.200,130.4400,0.4100,1.9800,0.1265,-1
KHAPRETA_510206,312106.860,2624465.200,130.0300,0.2758,2.3900,0.1527,-1
KHAPRETA_510206,312107.860,2624465.200,129.9300,0.1269,2.4900,0.1591,-1
KHAPRETA_510206,312110.860,2624465.200,131.7200,0.0000,0.7000,0.0447,-1
KHAPRETA_510206,312167.860,2624465.200,129.3800,0.0581,3.0400,0.1942,-1
KHAPRETA_510206,312175.860,2624465.200,129.7100,0.0281,2.7100,0.1732,-1
KHAPRETA_510206,312176.860,2624465.200,129.7200,0.0331,2.7000,0.1725,-1
KHAPRETA_510206,312181.860,2624465.200,131.0900,0.0000,1.3300,0.0850,-1
KHAPRETA_510206,312186.860,2624465.200,131.1000,0.6819,1.3200,0.0843,-1
KHAPRETA_510206,312187.860,2624465.200,131.1400,0.6619,1.2800,0.0818,-1
KHAPRETA_510206,312191.860,2624465.200,131.0500,0.6569,1.3700,0.0875,-1
KHAPRETA_510206,312206.860,2624465.200,130.9400,0.0000,1.4800,0.0946,-1
KHAPRETA_510206,312212.860,2624465.200,130.9900,0.0000,1.4300,0.0914,-1
KHAPRETA_510206,312225.860,2624465.200,132.1000,1.1119,0.3200,0.0204,-1
KHAPRETA_510206,312230.860,2624465.200,130.6500,0.0000,1.7700,0.1131,-1
KHAPRETA_510206,312232.860,2624465.200,131.8200,1.0619,0.6000,0.0383,-1
KHAPRETA_510206,312233.860,2624465.200,131.9000,1.0219,0.5200,0.0332,-1
KHAPRETA_510206,311949.860,2624466.200,128.6500,0.0000,3.7700,0.2409,-1
KHAPRETA_510206,311957.860,2624466.200,128.7100,0.0100,3.7100,0.2371,-1
KHAPRETA_510206,311960.860,2624466.200,128.7500,0.0000,3.6700,0.2345,-1
KHAPRETA_510206,311976.860,2624466.200,128.8500,0.3681,3.5700,0.2281,-1
KHAPRETA_510206,311978.860,2624466.200,129.0800,0.0200,3.3400,0.2134,-1
KHAPRETA_510206,311980.860,2624466.200,129.0200,0.4890,3.4000,0.2173,-1
KHAPRETA_510206,311981.860,2624466.200,129.0600,0.5563,3.3600,0.2147,-1
KHAPRETA_510206,311984.860,2624466.200,129.4000,0.1988,3.0200,0.1930,-1
KHAPRETA_510206,311985.860,2624466.200,129.5000,0.1881,2.9200,0.1866,-1
KHAPRETA_510206,311989.860,2624466.200,129.4800,0.0000,2.9400,0.1879,-1
KHAPRETA_510206,311994.860,2624466.200,129.5200,0.1331,2.9000,0.1853,-1
KHAPRETA_510206,311996.860,2624466.200,129.5200,0.0000,2.9000,0.1853,-1
KHAPRETA_510206,311998.860,2624466.200,129.6200,0.1381,2.8000,0.1789,-1
KHAPRETA_510206,311999.860,2624466.200,129.5000,0.0781,2.9200,0.1866,-1
KHAPRETA_510206,312005.860,2624466.200,129.6600,0.0781,2.7600,0.1764,-1
KHAPRETA_510206,312006.860,2624466.200,129.6200,0.0250,2.8000,0.1789,-1
KHAPRETA_510206,312007.860,2624466.200,129.6100,0.0806,2.8100,0.1796,-1
KHAPRETA_510206,312008.860,2624466.200,129.6600,0.0844,2.7600,0.1764,-1
KHAPRETA_510206,312015.860,2624466.200,129.6900,0.0000,2.7300,0.1744,-1
KHAPRETA_510206,312022.860,2624466.200,129.7400,0.0183,2.6800,0.1712,-1
KHAPRETA_510206,312023.860,2624466.200,129.7400,0.0181,2.6800,0.1712,-1
KHAPRETA_510206,312027.860,2624466.200,129.7700,0.0000,2.6500,0.1693,-1
KHAPRETA_510206,312029.860,2624466.200,129.7900,0.0327,2.6300,0.1681,-1
KHAPRETA_510206,312030.860,2624466.200,129.8400,0.0259,2.5800,0.1649,-1
KHAPRETA_510206,312037.860,2624466.200,130.2600,0.0669,2.1600,0.1380,-1
KHAPRETA_510206,312043.860,2624466.200,130.3900,0.3969,2.0300,0.1297,-1
KHAPRETA_510206,312044.860,2624466.200,130.5700,0.4708,1.8500,0.1182,-1
KHAPRETA_510206,312055.860,2624466.200,130.5400,0.3669,1.8800,0.1201,-1
KHAPRETA_510206,312059.860,2624466.200,130.6800,0.0000,1.7400,0.1112,-1
KHAPRETA_510206,312063.860,2624466.200,130.6400,0.0000,1.7800,0.1137,-1
KHAPRETA_510206,312069.860,2624466.200,130.8100,0.7452,1.6100,0.1029,-1
KHAPRETA_510206,312070.860,2624466.200,130.8400,0.0250,1.5800,0.1010,-1
KHAPRETA_510206,312071.860,2624466.200,130.8600,0.7487,1.5600,0.0997,-1
KHAPRETA_510206,312074.860,2624466.200,130.8000,0.0000,1.6200,0.1035,-1
KHAPRETA_510206,312081.860,2624466.200,130.5000,0.5228,1.9200,0.1227,-1
KHAPRETA_510206,312082.860,2624466.200,130.4900,0.3669,1.9300,0.1233,-1
KHAPRETA_510206,312086.860,2624466.200,130.6600,0.5969,1.7600,0.1125,-1
KHAPRETA_510206,312087.860,2624466.200,130.6400,0.4419,1.7800,0.1137,-1
KHAPRETA_510206,312089.860,2624466.200,130.6900,0.0000,1.7300,0.1105,-1
KHAPRETA_510206,312093.860,2624466.200,130.5800,0.4319,1.8400,0.1176,-1
KHAPRETA_510206,312100.860,2624466.200,130.6600,0.4469,1.7600,0.1125,-1
KHAPRETA_510206,312102.860,2624466.200,130.6600,0.0000,1.7600,0.1125,-1
KHAPRETA_510206,312104.860,2624466.200,130.4400,0.5369,1.9800,0.1265,-1
KHAPRETA_510206,312106.860,2624466.200,130.4500,0.1269,1.9700,0.1259,-1
KHAPRETA_510206,312109.860,2624466.200,128.7100,0.1331,3.7100,0.2371,-1
KHAPRETA_510206,312131.860,2624466.200,132.4200,0.0000,0.0000,0.0000,-1
KHAPRETA_510206,312133.860,2624466.200,132.3000,0.3519,0.1200,0.0077,-1
KHAPRETA_510206,312137.860,2624466.200,132.0500,0.0000,0.3700,0.0236,-1
KHAPRETA_510206,312139.860,2624466.200,129.8900,0.0000,2.5300,0.1617,-1
KHAPRETA_510206,312149.860,2624466.200,129.8200,0.0000,2.6000,0.1661,-1
KHAPRETA_510206,312155.860,2624466.200,128.6400,0.4431,3.7800,0.2415,-1
KHAPRETA_510206,312160.860,2624466.200,131.9500,1.1219,0.4700,0.0300,-1
KHAPRETA_510206,312161.860,2624466.200,132.0200,1.1183,0.4000,0.0256,-1
KHAPRETA_510206,312163.860,2624466.200,131.5300,0.1681,0.8900,0.0569,-1
KHAPRETA_510206,312165.860,2624466.200,129.7800,0.0000,2.6400,0.1687,-1
KHAPRETA_510206,312167.860,2624466.200,129.6600,0.1981,2.7600,0.1764,-1
KHAPRETA_510206,312172.860,2624466.200,129.5500,0.0000,2.8700,0.1834,-1
KHAPRETA_510206,312174.860,2624466.200,129.5900,0.0000,2.8300,0.1808,-1
KHAPRETA_510206,312177.860,2624466.200,130.2800,0.0000,2.1400,0.1367,-1
KHAPRETA_510206,312180.860,2624466.200,131.1200,0.0000,1.3000,0.0831,-1
KHAPRETA_510206,312185.860,2624466.200,131.1300,0.6769,1.2900,0.0824,-1
KHAPRETA_510206,312191.860,2624466.200,131.0900,0.0400,1.3300,0.0850,-1
KHAPRETA_510206,312195.860,2624466.200,130.8300,0.8089,1.5900,0.1016,-1
KHAPRETA_510206,312196.860,2624466.200,130.9100,0.5269,1.5100,0.0965,-1
KHAPRETA_510206,312198.860,2624466.200,131.1100,0.7019,1.3100,0.0837,-1
KHAPRETA_510206,312202.860,2624466.200,130.8900,0.5769,1.5300,0.0978,-1
KHAPRETA_510206,312203.860,2624466.200,130.9300,0.5569,1.4900,0.0952,-1
KHAPRETA_510206,312209.860,2624466.200,130.9800,0.6019,1.4400,0.0920,-1
KHAPRETA_510206,312210.860,2624466.200,130.9800,0.6019,1.4400,0.0920,-1
KHAPRETA_510206,312215.860,2624466.200,131.0500,0.0000,1.3700,0.0875,-1
KHAPRETA_510206,312218.860,2624466.200,131.0500,0.6369,1.3700,0.0875,-1
KHAPRETA_510206,312220.860,2624466.200,131.0300,0.6269,1.3900,0.0888,-1
KHAPRETA_510206,312221.860,2624466.200,131.0300,0.6269,1.3900,0.0888,-1
KHAPRETA_510206,312223.860,2624466.200,131.0100,0.0000,1.4100,0.0901,-1
KHAPRETA_510206,312227.860,2624466.200,131.6600,0.9519,0.7600,0.0486,-1
KHAPRETA_510206,312228.860,2624466.200,131.6800,0.9419,0.7400,0.0473,-1
KHAPRETA_510206,312244.860,2624466.200,131.9500,0.0000,0.4700,0.0300,-1
KHAPRETA_510206,311945.860,2624467.200,128.6200,0.0000,3.8000,0.2428,-1
KHAPRETA_510206,311948.860,2624467.200,128.6500,0.5781,3.7700,0.2409,-1
KHAPRETA_510206,311957.860,2624467.200,128.7200,0.7539,3.7000,0.2364,-1
KHAPRETA_510206,311958.860,2624467.200,128.7100,0.5281,3.7100,0.2371,-1
KHAPRETA_510206,311961.860,2624467.200,128.7600,0.4931,3.6600,0.2339,-1
KHAPRETA_510206,311962.860,2624467.200,128.7900,0.5081,3.6300,0.2319,-1
KHAPRETA_510206,311967.860,2624467.200,128.8200,0.4931,3.6000,0.2300,-1
KHAPRETA_510206,311968.860,2624467.200,128.7900,0.4781,3.6300,0.2319,-1
KHAPRETA_510206,311971.860,2624467.200,128.8000,0.0000,3.6200,0.2313,-1
KHAPRETA_510206,311975.860,2624467.200,128.8900,0.5458,3.5300,0.2256,-1
KHAPRETA_510206,311976.860,2624467.200,129.0400,0.6409,3.3800,0.2160,-1
KHAPRETA_510206,311978.860,2624467.200,129.0000,0.3481,3.4200,0.2185,-1
KHAPRETA_510206,311995.860,2624467.200,129.5600,0.0000,2.8600,0.1827,-1
KHAPRETA_510206,312003.860,2624467.200,129.6000,0.0631,2.8200,0.1802,-1
KHAPRETA_510206,312004.860,2624467.200,129.6500,0.0881,2.7700,0.1770,-1
KHAPRETA_510206,312008.860,2624467.200,129.6300,0.0857,2.7900,0.1783,-1
KHAPRETA_510206,312009.860,2624467.200,129.6500,0.0300,2.7700,0.1770,-1
KHAPRETA_510206,312010.860,2624467.200,129.6900,0.0631,2.7300,0.1744,-1
KHAPRETA_510206,312014.860,2624467.200,129.7000,0.0000,2.7200,0.1738,-1
KHAPRETA_510206,312017.860,2624467.200,129.7400,0.0331,2.6800,0.1712,-1
KHAPRETA_510206,312019.860,2624467.200,129.7400,0.0000,2.6800,0.1712,-1
KHAPRETA_510206,312022.860,2624467.200,129.7700,0.0181,2.6500,0.1693,-1
KHAPRETA_510206,312026.860,2624467.200,129.7300,0.0000,2.6900,0.1719,-1
KHAPRETA_510206,312030.860,2624467.200,129.8500,0.0319,2.5700,0.1642,-1
KHAPRETA_510206,312032.860,2624467.200,130.2400,0.2319,2.1800,0.1393,-1
KHAPRETA_510206,312033.860,2624467.200,130.2400,0.4194,2.1800,0.1393,-1
KHAPRETA_510206,312034.860,2624467.200,130.3300,0.6079,2.0900,0.1335,-1
KHAPRETA_510206,312060.860,2624467.200,130.6800,0.6573,1.7400,0.1112,-1
KHAPRETA_510206,312061.860,2624467.200,130.6700,0.6498,1.7500,0.1118,-1
KHAPRETA_510206,312068.860,2624467.200,130.8600,0.0000,1.5600,0.0997,-1
KHAPRETA_510206,312078.860,2624467.200,130.7700,0.0000,1.6500,0.1054,-1
KHAPRETA_510206,312082.860,2624467.200,130.6900,0.3569,1.7300,0.1105,-1
KHAPRETA_510206,312086.860,2624467.200,130.6000,0.4419,1.8200,0.1163,-1
KHAPRETA_510206,312090.860,2624467.200,130.6300,0.0000,1.7900,0.1144,-1
KHAPRETA_510206,312093.860,2624467.200,130.6400,0.0650,1.7800,0.1137,-1
KHAPRETA_510206,312097.860,2624467.200,130.6700,0.4369,1.7500,0.1118,-1
KHAPRETA_510206,312103.860,2624467.200,130.7400,0.0000,1.6800,0.1073,-1
KHAPRETA_510206,312107.860,2624467.200,130.0300,0.0000,2.3900,0.1527,-1
KHAPRETA_510206,312109.860,2624467.200,129.5100,0.5331,2.9100,0.1859,-1
KHAPRETA_510206,312118.860,2624467.200,132.2500,0.0000,0.1700,0.0109,-1
KHAPRETA_510206,312132.860,2624467.200,131.9000,0.3795,0.5200,0.0332,-1
KHAPRETA_510206,312133.860,2624467.200,130.4800,1.2648,1.9400,0.1240,-1
KHAPRETA_510206,312134.860,2624467.200,132.0700,0.3985,0.3500,0.0224,-1
KHAPRETA_510206,312136.860,2624467.200,132.2800,0.0000,0.1400,0.0089,-1
KHAPRETA_510206,312140.860,2624467.200,129.9800,0.1219,2.4400,0.1559,-1
KHAPRETA_510206,312141.860,2624467.200,130.0200,0.1707,2.4000,0.1534,-1
KHAPRETA_510206,312143.860,2624467.200,129.9700,0.0569,2.4500,0.1565,-1
KHAPRETA_510206,312144.860,2624467.200,129.8900,0.1004,2.5300,0.1617,-1
KHAPRETA_510206,312145.860,2624467.200,129.8300,0.0000,2.5900,0.1655,-1
KHAPRETA_510206,312146.860,2624467.200,129.8900,0.0000,2.5300,0.1617,-1
KHAPRETA_510206,312147.860,2624467.200,129.8300,0.0569,2.5900,0.1655,-1
KHAPRETA_510206,312150.860,2624467.200,129.9400,0.0469,2.4800,0.1585,-1
KHAPRETA_510206,312155.860,2624467.200,128.8900,0.2300,3.5300,0.2256,-1
KHAPRETA_510206,312161.860,2624467.200,129.2500,1.1219,3.1700,0.2026,-1
KHAPRETA_510206,312163.860,2624467.200,129.4400,1.0850,2.9800,0.1904,-1
KHAPRETA_510206,312166.860,2624467.200,129.6900,0.0000,2.7300,0.1744,-1
KHAPRETA_510206,312171.860,2624467.200,129.5400,0.0000,2.8800,0.1840,-1
KHAPRETA_510206,312175.860,2624467.200,129.8900,0.0000,2.5300,0.1617,-1
KHAPRETA_510206,312185.860,2624467.200,131.1300,0.9468,1.2900,0.0824,-1
KHAPRETA_510206,312186.860,2624467.200,131.1000,0.0350,1.3200,0.0843,-1
KHAPRETA_510206,312187.860,2624467.200,131.0600,0.9758,1.3600,0.0869,-1
KHAPRETA_510206,312189.860,2624467.200,131.1400,0.6769,1.2800,0.0818,-1
KHAPRETA_510206,312191.860,2624467.200,131.1300,0.0200,1.2900,0.0824,-1
KHAPRETA_510206,312195.860,2624467.200,130.9300,0.2550,1.4900,0.0952,-1
KHAPRETA_510206,312198.860,2624467.200,131.1800,0.0350,1.2400,0.0792,-1
KHAPRETA_510206,312200.860,2624467.200,130.8600,0.6869,1.5600,0.0997,-1
KHAPRETA_510206,312204.860,2624467.200,130.9200,0.5669,1.5000,0.0958,-1
KHAPRETA_510206,312205.860,2624467.200,130.9100,0.0100,1.5100,0.0965,-1
KHAPRETA_510206,312206.860,2624467.200,130.9400,0.8269,1.4800,0.0946,-1
KHAPRETA_510206,312211.860,2624467.200,130.9900,0.0000,1.4300,0.0914,-1
KHAPRETA_510206,312216.860,2624467.200,131.0200,0.6419,1.4000,0.0895,-1
KHAPRETA_510206,312217.860,2624467.200,131.0600,0.6421,1.3600,0.0869,-1
KHAPRETA_510206,312218.860,2624467.200,131.0500,0.6370,1.3700,0.0875,-1
KHAPRETA_510206,312219.860,2624467.200,131.0400,0.6369,1.3800,0.0882,-1
KHAPRETA_510206,312224.860,2624467.200,131.0500,0.0000,1.3700,0.0875,-1
KHAPRETA_510206,312245.860,2624467.200,132.2200,0.0000,0.2000,0.0128,-1
KHAPRETA_510206,311939.860,2624468.200,131.2700,0.0000,1.1500,0.0735,-1
KHAPRETA_510206,311941.860,2624468.200,130.5200,0.0000,1.9000,0.1214,-1
KHAPRETA_510206,311943.860,2624468.200,130.0900,0.0000,2.3300,0.1489,-1
KHAPRETA_510206,311946.860,2624468.200,128.6900,0.0000,3.7300,0.2383,-1
KHAPRETA_510206,311948.860,2624468.200,128.6200,0.0100,3.8000,0.2428,-1
KHAPRETA_510206,311953.860,2624468.200,128.7200,0.5131,3.7000,0.2364,-1
KHAPRETA_510206,311954.860,2624468.200,128.7500,0.0050,3.6700,0.2345,-1
KHAPRETA_510206,311955.860,2624468.200,128.7300,0.5131,3.6900,0.2358,-1
KHAPRETA_510206,311960.860,2624468.200,128.7600,0.0000,3.6600,0.2339,-1
KHAPRETA_510206,311964.860,2624468.200,128.8200,0.4931,3.6000,0.2300,-1
KHAPRETA_510206,311965.860,2624468.200,128.7900,0.4781,3.6300,0.2319,-1
KHAPRETA_510206,311975.860,2624468.200,128.9700,0.4431,3.4500,0.2204,-1
KHAPRETA_510206,311980.860,2624468.200,129.0900,0.0000,3.3300,0.2128,-1
KHAPRETA_510206,311983.860,2624468.200,129.0300,0.3731,3.3900,0.2166,-1
KHAPRETA_510206,311984.860,2624468.200,129.0300,0.4744,3.3900,0.2166,-1
KHAPRETA_510206,311988.860,2624468.200,129.4900,0.0000,2.9300,0.1872,-1
KHAPRETA_510206,311992.860,2624468.200,129.5300,0.1381,2.8900,0.1847,-1
KHAPRETA_510206,311993.860,2624468.200,129.5000,0.1131,2.9200,0.1866,-1
KHAPRETA_510206,311994.860,2624468.200,129.5300,0.1381,2.8900,0.1847,-1
KHAPRETA_510206,312012.860,2624468.200,129.6800,0.0000,2.7400,0.1751,-1
KHAPRETA_510206,312017.860,2624468.200,129.7100,0.0181,2.7100,0.1732,-1
KHAPRETA_510206,312020.860,2624468.200,129.7700,0.0000,2.6500,0.1693,-1
KHAPRETA_510206,312024.860,2624468.200,129.7600,0.0000,2.6600,0.1700,-1
KHAPRETA_510206,312027.860,2624468.200,129.8100,0.2799,2.6100,0.1668,-1
KHAPRETA_510206,312028.860,2624468.200,130.1300,0.0169,2.2900,0.1463,-1
KHAPRETA_510206,312033.860,2624468.200,130.6100,0.5663,1.8100,0.1157,-1
KHAPRETA_510206,312034.860,2624468.200,130.9000,0.5005,1.5200,0.0971,-1
KHAPRETA_510206,312043.860,2624468.200,130.6100,0.4019,1.8100,0.1157,-1
KHAPRETA_510206,312045.860,2624468.200,130.6000,0.0000,1.8200,0.1163,-1
KHAPRETA_510206,312047.860,2624468.200,130.6200,0.0000,1.8000,0.1150,-1
KHAPRETA_510206,312049.860,2624468.200,130.6400,0.4219,1.7800,0.1137,-1
KHAPRETA_510206,312050.860,2624468.200,130.6200,0.4319,1.8000,0.1150,-1
KHAPRETA_510206,312053.860,2624468.200,130.6700,0.6020,1.7500,0.1118,-1
KHAPRETA_510206,312054.860,2624468.200,130.5600,0.0050,1.8600,0.1188,-1
KHAPRETA_510206,312055.860,2624468.200,130.6600,0.3919,1.7600,0.1125,-1
KHAPRETA_510206,312060.860,2624468.200,130.7400,0.6498,1.6800,0.1073,-1
KHAPRETA_510206,312061.860,2624468.200,130.7100,0.0510,1.7100,0.1093,-1
KHAPRETA_510206,312062.860,2624468.200,130.6400,0.0050,1.7800,0.1137,-1
KHAPRETA_510206,312063.860,2624468.200,130.7200,0.4319,1.7000,0.1086,-1
KHAPRETA_510206,312069.860,2624468.200,130.8500,0.0000,1.5700,0.1003,-1
KHAPRETA_510206,312072.860,2624468.200,130.8400,0.0000,1.5800,0.1010,-1
KHAPRETA_510206,312080.860,2624468.200,130.7700,0.0000,1.6500,0.1054,-1
KHAPRETA_510206,312084.860,2624468.200,130.6200,0.0000,1.8000,0.1150,-1
KHAPRETA_510206,312093.860,2624468.200,130.7100,0.4319,1.7100,0.1093,-1
KHAPRETA_510206,312095.860,2624468.200,130.6700,0.0000,1.7500,0.1118,-1
KHAPRETA_510206,312097.860,2624468.200,130.6500,0.4469,1.7700,0.1131,-1
KHAPRETA_510206,312099.860,2624468.200,130.6400,0.4669,1.7800,0.1137,-1
KHAPRETA_510206,312100.860,2624468.200,130.7100,0.4319,1.7100,0.1093,-1
KHAPRETA_510206,312108.860,2624468.200,130.5100,0.0000,1.9100,0.1220,-1
KHAPRETA_510206,312111.860,2624468.200,129.8800,0.0000,2.5400,0.1623,-1
KHAPRETA_510206,312119.860,2624468.200,131.6100,0.0000,0.8100,0.0518,-1
KHAPRETA_510206,312121.860,2624468.200,130.2500,0.0000,2.1700,0.1387,-1
KHAPRETA_510206,312131.860,2624468.200,130.2900,0.1419,2.1300,0.1361,-1
KHAPRETA_510206,312132.860,2624468.200,130.0600,1.0131,2.3600,0.1508,-1
KHAPRETA_510206,312134.860,2624468.200,130.1500,1.1502,2.2700,0.1450,-1
KHAPRETA_510206,312135.860,2624468.200,129.9500,0.1869,2.4700,0.1578,-1
KHAPRETA_510206,312139.860,2624468.200,130.3000,0.0000,2.1200,0.1355,-1
KHAPRETA_510206,312141.860,2624468.200,130.0500,0.1219,2.3700,0.1514,-1
KHAPRETA_510206,312144.860,2624468.200,129.9200,0.0569,2.5000,0.1597,-1
KHAPRETA_510206,312150.860,2624468.200,129.8700,0.3129,2.5500,0.1629,-1
KHAPRETA_510206,312151.860,2624468.200,130.3800,0.1168,2.0400,0.1304,-1
KHAPRETA_510206,312154.860,2624468.200,131.7800,0.3381,0.6400,0.0409,-1
KHAPRETA_510206,312155.860,2624468.200,129.1000,1.3506,3.3200,0.2121,-1
KHAPRETA_510206,312156.860,2624468.200,129.1100,0.3381,3.3100,0.2115,-1
KHAPRETA_510206,312158.860,2624468.200,129.0600,0.3681,3.3600,0.2147,-1
KHAPRETA_510206,312159.860,2624468.200,129.0400,0.3581,3.3800,0.2160,-1
KHAPRETA_510206,312163.860,2624468.200,129.3600,0.1681,3.0600,0.1955,-1
KHAPRETA_510206,312173.860,2624468.200,129.7200,0.1219,2.7000,0.1725,-1
KHAPRETA_510206,312174.860,2624468.200,130.0200,1.3172,2.4000,0.1534,-1
KHAPRETA_510206,312178.860,2624468.200,131.2000,0.0000,1.2200,0.0780,-1
KHAPRETA_510206,312180.860,2624468.200,131.2600,0.0000,1.1600,0.0741,-1
KHAPRETA_510206,312182.860,2624468.200,131.6300,0.0000,0.7900,0.0505,-1
KHAPRETA_510206,312184.860,2624468.200,131.1600,0.0000,1.2600,0.0805,-1
KHAPRETA_510206,312187.860,2624468.200,131.2100,0.6419,1.2100,0.0773,-1
KHAPRETA_510206,312189.860,2624468.200,131.1300,0.0150,1.2900,0.0824,-1
KHAPRETA_510206,312191.860,2624468.200,131.0500,0.6769,1.3700,0.0875,-1
KHAPRETA_510206,312195.860,2624468.200,131.3400,0.1250,1.0800,0.0690,-1
KHAPRETA_510206,312197.860,2624468.200,130.9800,0.6319,1.4400,0.0920,-1
KHAPRETA_510206,312198.860,2624468.200,131.0400,0.8856,1.3800,0.0882,-1
KHAPRETA_510206,312199.860,2624468.200,132.0600,0.0550,0.3600,0.0230,-1
KHAPRETA_510206,312200.860,2624468.200,131.1500,1.2640,1.2700,0.0812,-1
KHAPRETA_510206,312206.860,2624468.200,130.9800,0.5819,1.4400,0.0920,-1
KHAPRETA_510206,312208.860,2624468.200,131.0200,0.6119,1.4000,0.0895,-1
KHAPRETA_510206,312209.860,2624468.200,131.0000,0.6219,1.4200,0.0907,-1
KHAPRETA_510206,312212.860,2624468.200,131.0200,0.0000,1.4000,0.0895,-1
KHAPRETA_510206,312217.860,2624468.200,131.0600,0.6419,1.3600,0.0869,-1
KHAPRETA_510206,312228.860,2624468.200,132.0000,0.0000,0.4200,0.0268,-1
KHAPRETA_510206,312236.860,2624468.200,131.2200,0.0000,1.2000,0.0767,-1
KHAPRETA_510206,312241.860,2624468.200,131.6700,0.9669,0.7500,0.0479,-1
KHAPRETA_510206,311940.860,2624469.200,131.6500,0.0000,0.7700,0.0492,-1
KHAPRETA_510206,311945.860,2624469.200,128.6000,0.0000,3.8200,0.2441,-1
KHAPRETA_510206,311948.860,2624469.200,128.6300,0.0250,3.7900,0.2422,-1
KHAPRETA_510206,311950.860,2624469.200,128.7200,0.0000,3.7000,0.2364,-1
KHAPRETA_510206,311958.860,2624469.200,128.7800,0.0000,3.6400,0.2326,-1
KHAPRETA_510206,311961.860,2624469.200,128.7400,0.4731,3.6800,0.2351,-1
KHAPRETA_510206,311962.860,2624469.200,128.8300,0.5181,3.5900,0.2294,-1
KHAPRETA_510206,311984.860,2624469.200,129.1900,0.0650,3.2300,0.2064,-1
KHAPRETA_510206,311989.860,2624469.200,129.4900,0.0000,2.9300,0.1872,-1
KHAPRETA_510206,311993.860,2624469.200,129.5500,0.0050,2.8700,0.1834,-1
KHAPRETA_510206,311995.860,2624469.200,129.5300,0.0000,2.8900,0.1847,-1
KHAPRETA_510206,311999.860,2624469.200,129.5800,0.0000,2.8400,0.1815,-1
KHAPRETA_510206,312003.860,2624469.200,129.6000,0.0581,2.8200,0.1802,-1
KHAPRETA_510206,312004.860,2624469.200,129.6600,0.0881,2.7600,0.1764,-1
KHAPRETA_510206,312015.860,2624469.200,129.7300,0.0000,2.6900,0.1719,-1
KHAPRETA_510206,312023.860,2624469.200,129.7500,0.0000,2.6700,0.1706,-1
KHAPRETA_510206,312026.860,2624469.200,129.9500,0.2169,2.4700,0.1578,-1
KHAPRETA_510206,312027.860,2624469.200,130.2100,0.0886,2.2100,0.1412,-1
KHAPRETA_510206,312031.860,2624469.200,130.4600,0.2769,1.9600,0.1252,-1
KHAPRETA_510206,312032.860,2624469.200,130.3300,0.2650,2.0900,0.1335,-1
KHAPRETA_510206,312033.860,2624469.200,130.3800,0.5005,2.0400,0.1304,-1
KHAPRETA_510206,312035.860,2624469.200,130.7800,0.5669,1.6400,0.1048,-1
KHAPRETA_510206,312038.860,2624469.200,130.3000,0.4369,2.1200,0.1355,-1
KHAPRETA_510206,312041.860,2624469.200,130.4900,0.4119,1.9300,0.1233,-1
KHAPRETA_510206,312043.860,2624469.200,130.5800,0.4169,1.8400,0.1176,-1
KHAPRETA_510206,312053.860,2624469.200,130.6900,0.4469,1.7300,0.1105,-1
KHAPRETA_510206,312058.860,2624469.200,130.7100,0.0000,1.7100,0.1093,-1
KHAPRETA_510206,312061.860,2624469.200,130.6900,0.4669,1.7300,0.1105,-1
KHAPRETA_510206,312066.860,2624469.200,131.2300,0.0000,1.1900,0.0760,-1
KHAPRETA_510206,312085.860,2624469.200,130.7000,0.0000,1.7200,0.1099,-1
KHAPRETA_510206,312088.860,2624469.200,130.6600,0.0000,1.7600,0.1125,-1
KHAPRETA_510206,312090.860,2624469.200,130.6900,0.0000,1.7300,0.1105,-1
KHAPRETA_510206,312096.860,2624469.200,130.7000,0.0000,1.7200,0.1099,-1
KHAPRETA_510206,312101.860,2624469.200,130.7400,0.0000,1.6800,0.1073,-1
KHAPRETA_510206,312122.860,2624469.200,130.2400,0.0000,2.1800,0.1393,-1
KHAPRETA_510206,312130.860,2624469.200,130.1900,0.0000,2.2300,0.1425,-1
KHAPRETA_510206,312132.860,2624469.200,129.9400,0.1591,2.4800,0.1585,-1
KHAPRETA_510206,312133.860,2624469.200,129.9200,0.1347,2.5000,0.1597,-1
KHAPRETA_510206,312138.860,2624469.200,129.9700,0.1169,2.4500,0.1565,-1
KHAPRETA_510206,312142.860,2624469.200,130.1200,0.1169,2.3000,0.1470,-1
KHAPRETA_510206,312143.860,2624469.200,130.0100,0.1719,2.4100,0.1540,-1
KHAPRETA_510206,312151.860,2624469.200,129.9900,0.3224,2.4300,0.1553,-1
KHAPRETA_510206,312152.860,2624469.200,129.5500,0.1069,2.8700,0.1834,-1
KHAPRETA_510206,312155.860,2624469.200,129.3000,0.3381,3.1200,0.1994,-1
KHAPRETA_510206,312157.860,2624469.200,129.2700,0.0000,3.1500,0.2013,-1
KHAPRETA_510206,312164.860,2624469.200,129.3900,0.0000,3.0300,0.1936,-1
KHAPRETA_510206,312167.860,2624469.200,129.4400,0.2273,2.9800,0.1904,-1
KHAPRETA_510206,312168.860,2624469.200,129.4700,0.1681,2.9500,0.1885,-1
KHAPRETA_510206,312174.860,2624469.200,132.4100,0.1219,0.0100,0.0006,-1
KHAPRETA_510206,312179.860,2624469.200,131.1600,0.0000,1.2600,0.0805,-1
KHAPRETA_510206,312183.860,2624469.200,131.2000,0.0000,1.2200,0.0780,-1
KHAPRETA_510206,312189.860,2624469.200,131.1100,0.6769,1.3100,0.0837,-1
KHAPRETA_510206,312195.860,2624469.200,131.1800,0.7819,1.2400,0.0792,-1
KHAPRETA_510206,312214.860,2624469.200,131.1100,0.0000,1.3100,0.0837,-1
KHAPRETA_510206,312219.860,2624469.200,131.0700,0.0000,1.3500,0.0863,-1
KHAPRETA_510206,312223.860,2624469.200,131.0500,0.0000,1.3700,0.0875,-1
KHAPRETA_510206,312238.860,2624469.200,131.3300,0.0000,1.0900,0.0696,-1
KHAPRETA_510206,312241.860,2624469.200,131.7100,0.0250,0.7100,0.0454,-1
KHAPRETA_510206,311942.860,2624470.200,129.1900,0.4281,3.2300,0.2064,-1
KHAPRETA_510206,311943.860,2624470.200,128.9200,0.2931,3.5000,0.2236,-1
KHAPRETA_510206,311946.860,2624470.200,128.7000,0.0000,3.7200,0.2377,-1
KHAPRETA_510206,311948.860,2624470.200,128.6700,0.5731,3.7500,0.2396,-1
KHAPRETA_510206,311953.860,2624470.200,128.7400,0.0000,3.6800,0.2351,-1
KHAPRETA_510206,311955.860,2624470.200,128.7600,0.0000,3.6600,0.2339,-1
KHAPRETA_510206,311959.860,2624470.200,128.7300,0.0000,3.6900,0.2358,-1
KHAPRETA_510206,311963.860,2624470.200,128.7900,0.6976,3.6300,0.2319,-1
KHAPRETA_510206,311964.860,2624470.200,128.8200,0.0250,3.6000,0.2300,-1
KHAPRETA_510206,311965.860,2624470.200,128.8400,0.4781,3.5800,0.2288,-1
KHAPRETA_510206,311967.860,2624470.200,128.8300,0.0000,3.5900,0.2294,-1
KHAPRETA_510206,311971.860,2624470.200,129.0400,0.3831,3.3800,0.2160,-1
KHAPRETA_510206,311975.860,2624470.200,128.9600,0.0000,3.4600,0.2211,-1
KHAPRETA_510206,311983.860,2624470.200,129.8900,0.3081,2.5300,0.1617,-1
KHAPRETA_510206,311984.860,2624470.200,129.1600,0.2985,3.2600,0.2083,-1
KHAPRETA_510206,311986.860,2624470.200,129.4800,0.0000,2.9400,0.1879,-1
KHAPRETA_510206,311990.860,2624470.200,129.5700,0.0000,2.8500,0.1821,-1
KHAPRETA_510206,311992.860,2624470.200,129.5200,0.1331,2.9000,0.1853,-1
KHAPRETA_510206,311993.860,2624470.200,129.5100,0.1708,2.9100,0.1859,-1
KHAPRETA_510206,311996.860,2624470.200,129.5400,0.0931,2.8800,0.1840,-1
KHAPRETA_510206,312005.860,2624470.200,129.6600,0.0000,2.7600,0.1764,-1
KHAPRETA_510206,312008.860,2624470.200,129.6400,0.0381,2.7800,0.1776,-1
KHAPRETA_510206,312009.860,2624470.200,129.7000,0.0681,2.7200,0.1738,-1
KHAPRETA_510206,312013.860,2624470.200,129.7000,0.0331,2.7200,0.1738,-1
KHAPRETA_510206,312017.860,2624470.200,129.7100,0.0000,2.7100,0.1732,-1
KHAPRETA_510206,312020.860,2624470.200,129.7400,0.0281,2.6800,0.1712,-1
KHAPRETA_510206,312021.860,2624470.200,129.7200,0.0181,2.7000,0.1725,-1
KHAPRETA_510206,312025.860,2624470.200,130.1700,0.3219,2.2500,0.1438,-1
KHAPRETA_510206,312029.860,2624470.200,130.8500,0.0000,1.5700,0.1003,-1
KHAPRETA_510206,312032.860,2624470.200,130.3000,0.2769,2.1200,0.1355,-1
KHAPRETA_510206,312035.860,2624470.200,130.9100,0.1200,1.5100,0.0965,-1
KHAPRETA_510206,312037.860,2624470.200,130.5500,0.6923,1.8700,0.1195,-1
KHAPRETA_510206,312038.860,2624470.200,130.6500,0.4132,1.7700,0.1131,-1
KHAPRETA_510206,312041.860,2624470.200,130.6000,0.3569,1.8200,0.1163,-1
KHAPRETA_510206,312046.860,2624470.200,130.6000,0.0000,1.8200,0.1163,-1
KHAPRETA_510206,312049.860,2624470.200,130.6700,0.0000,1.7500,0.1118,-1
KHAPRETA_510206,312059.860,2624470.200,130.7000,0.0000,1.7200,0.1099,-1
KHAPRETA_510206,312062.860,2624470.200,130.7400,0.0000,1.6800,0.1073,-1
KHAPRETA_510206,312067.860,2624470.200,131.0600,0.5569,1.3600,0.0869,-1
KHAPRETA_510206,312068.860,2624470.200,130.8900,0.8564,1.5300,0.0978,-1
KHAPRETA_510206,312070.860,2624470.200,130.9100,0.5619,1.5100,0.0965,-1
KHAPRETA_510206,312078.860,2624470.200,130.8300,0.0000,1.5900,0.1016,-1
KHAPRETA_510206,312083.860,2624470.200,130.9200,0.3869,1.5000,0.0958,-1
KHAPRETA_510206,312084.860,2624470.200,130.5500,0.5719,1.8700,0.1195,-1
KHAPRETA_510206,312103.860,2624470.200,130.7600,0.0000,1.6600,0.1061,-1
KHAPRETA_510206,312108.860,2624470.200,130.4000,0.0000,2.0200,0.1291,-1
KHAPRETA_510206,312111.860,2624470.200,129.9600,0.2519,2.4600,0.1572,-1
KHAPRETA_510206,312120.860,2624470.200,129.9900,0.0319,2.4300,0.1553,-1
KHAPRETA_510206,312121.860,2624470.200,129.8400,0.1069,2.5800,0.1649,-1
KHAPRETA_510206,312133.860,2624470.200,129.9900,0.0000,2.4300,0.1553,-1
KHAPRETA_510206,312138.860,2624470.200,130.0100,0.1221,2.4100,0.1540,-1
KHAPRETA_510206,312139.860,2624470.200,130.0100,0.1169,2.4100,0.1540,-1
KHAPRETA_510206,312144.860,2624470.200,129.9200,0.0000,2.5000,0.1597,-1
KHAPRETA_510206,312149.860,2624470.200,129.8000,0.0000,2.6200,0.1674,-1
KHAPRETA_510206,312154.860,2624470.200,129.3300,0.0000,3.0900,0.1974,-1
KHAPRETA_510206,312156.860,2624470.200,129.3900,0.0000,3.0300,0.1936,-1
KHAPRETA_510206,312163.860,2624470.200,129.4200,0.1731,3.0000,0.1917,-1
KHAPRETA_510206,312167.860,2624470.200,129.4400,0.1681,2.9800,0.1904,-1
KHAPRETA_510206,312171.860,2624470.200,129.7700,0.0000,2.6500,0.1693,-1
KHAPRETA_510206,312173.860,2624470.200,130.8300,0.0000,1.5900,0.1016,-1
KHAPRETA_510206,312182.860,2624470.200,131.2400,0.0000,1.1800,0.0754,-1
KHAPRETA_510206,312190.860,2624470.200,131.2800,0.0000,1.1400,0.0728,-1
KHAPRETA_510206,312197.860,2624470.200,130.9800,0.0000,1.4400,0.0920,-1
KHAPRETA_510206,312205.860,2624470.200,130.9600,0.0000,1.4600,0.0933,-1
KHAPRETA_510206,312209.860,2624470.200,131.0700,0.6319,1.3500,0.0863,-1
KHAPRETA_510206,312215.860,2624470.200,131.0700,0.6569,1.3500,0.0863,-1
KHAPRETA_510206,312218.860,2624470.200,131.0700,0.6419,1.3500,0.0863,-1
KHAPRETA_510206,312224.860,2624470.200,131.0800,0.0000,1.3400,0.0856,-1
KHAPRETA_510206,312226.860,2624470.200,131.0900,0.0000,1.3300,0.0850,-1
KHAPRETA_510206,312229.860,2624470.200,131.3400,0.6719,1.0800,0.0690,-1
KHAPRETA_510206,312237.860,2624470.200,131.1800,0.0000,1.2400,0.0792,-1
KHAPRETA_510206,312239.860,2624470.200,131.4600,0.0000,0.9600,0.0613,-1
KHAPRETA_510206,312241.860,2624470.200,131.7200,0.9669,0.7000,0.0447,-1
KHAPRETA_510206,311945.860,2624471.200,128.6600,0.0000,3.7600,0.2403,-1
KHAPRETA_510206,311954.860,2624471.200,128.7200,0.0000,3.7000,0.2364,-1
KHAPRETA_510206,311956.860,2624471.200,128.7500,0.0000,3.6700,0.2345,-1
KHAPRETA_510206,311961.860,2624471.200,128.7900,0.0000,3.6300,0.2319,-1
KHAPRETA_510206,311963.860,2624471.200,128.7600,0.4931,3.6600,0.2339,-1
KHAPRETA_510206,311966.860,2624471.200,128.8300,0.0000,3.5900,0.2294,-1
KHAPRETA_510206,311971.860,2624471.200,129.0100,0.3681,3.4100,0.2179,-1
KHAPRETA_510206,311974.860,2624471.200,129.1000,0.0000,3.3200,0.2121,-1
KHAPRETA_510206,311976.860,2624471.200,129.0700,0.0000,3.3500,0.2141,-1
KHAPRETA_510206,311982.860,2624471.200,129.4900,0.0731,2.9300,0.1872,-1
KHAPRETA_510206,311996.860,2624471.200,129.5900,0.1181,2.8300,0.1808,-1
KHAPRETA_510206,311998.860,2624471.200,129.5900,0.0000,2.8300,0.1808,-1
KHAPRETA_510206,312003.860,2624471.200,129.6500,0.0581,2.7700,0.1770,-1
KHAPRETA_510206,312013.860,2624471.200,129.7100,0.0381,2.7100,0.1732,-1
KHAPRETA_510206,312014.860,2624471.200,129.7800,0.0534,2.6400,0.1687,-1
KHAPRETA_510206,312019.860,2624471.200,129.7300,0.0000,2.6900,0.1719,-1
KHAPRETA_510206,312023.860,2624471.200,130.1700,0.0000,2.2500,0.1438,-1
KHAPRETA_510206,312025.860,2624471.200,130.4200,0.1969,2.0000,0.1278,-1
KHAPRETA_510206,312033.860,2624471.200,130.4100,0.5569,2.0100,0.1284,-1
KHAPRETA_510206,312035.860,2624471.200,131.0200,0.1050,1.4000,0.0895,-1
KHAPRETA_510206,312037.860,2624471.200,130.8500,0.5615,1.5700,0.1003,-1
KHAPRETA_510206,312038.860,2624471.200,130.5900,0.5513,1.8300,0.1169,-1
KHAPRETA_510206,312040.860,2624471.200,130.5600,0.0000,1.8600,0.1188,-1
KHAPRETA_510206,312045.860,2624471.200,130.6200,0.0000,1.8000,0.1150,-1
KHAPRETA_510206,312054.860,2624471.200,130.7000,0.0000,1.7200,0.1099,-1
KHAPRETA_510206,312057.860,2624471.200,130.7400,0.0000,1.6800,0.1073,-1
KHAPRETA_510206,312060.860,2624471.200,130.7400,0.4519,1.6800,0.1073,-1
KHAPRETA_510206,312068.860,2624471.200,130.9100,0.5569,1.5100,0.0965,-1
KHAPRETA_510206,312070.860,2624471.200,130.9000,0.5669,1.5200,0.0971,-1
KHAPRETA_510206,312072.860,2624471.200,130.8900,0.0000,1.5300,0.0978,-1
KHAPRETA_510206,312075.860,2624471.200,130.8900,0.0000,1.5300,0.0978,-1
KHAPRETA_510206,312077.860,2624471.200,130.9200,0.0000,1.5000,0.0958,-1
KHAPRETA_510206,312086.860,2624471.200,130.7100,0.3519,1.7100,0.1093,-1
KHAPRETA_510206,312088.860,2624471.200,130.7000,0.4769,1.7200,0.1099,-1
KHAPRETA_510206,312089.860,2624471.200,130.7300,0.6568,1.6900,0.1080,-1
KHAPRETA_510206,312092.860,2624471.200,130.7900,0.4669,1.6300,0.1042,-1
KHAPRETA_510206,312094.860,2624471.200,130.7300,0.0000,1.6900,0.1080,-1
KHAPRETA_510206,312102.860,2624471.200,130.6700,0.5069,1.7500,0.1118,-1
KHAPRETA_510206,312107.860,2624471.200,130.6100,0.0000,1.8100,0.1157,-1
KHAPRETA_510206,312111.860,2624471.200,130.2800,0.3252,2.1400,0.1367,-1
KHAPRETA_510206,312112.860,2624471.200,130.4000,0.2519,2.0200,0.1291,-1
KHAPRETA_510206,312118.860,2624471.200,129.8800,0.0000,2.5400,0.1623,-1
KHAPRETA_510206,312124.860,2624471.200,129.8300,0.1219,2.5900,0.1655,-1
KHAPRETA_510206,312125.860,2624471.200,130.0200,0.0269,2.4000,0.1534,-1
KHAPRETA_510206,312128.860,2624471.200,129.9600,0.0000,2.4600,0.1572,-1
KHAPRETA_510206,312133.860,2624471.200,129.9200,0.1262,2.5000,0.1597,-1
KHAPRETA_510206,312134.860,2624471.200,129.9100,0.0100,2.5100,0.1604,-1
KHAPRETA_510206,312135.860,2624471.200,129.9000,0.0669,2.5200,0.1610,-1
KHAPRETA_510206,312138.860,2624471.200,129.9000,0.1169,2.5200,0.1610,-1
KHAPRETA_510206,312140.860,2624471.200,129.9300,0.1669,2.4900,0.1591,-1
KHAPRETA_510206,312141.860,2624471.200,130.1100,0.0850,2.3100,0.1476,-1
KHAPRETA_510206,312142.860,2624471.200,130.1000,0.1669,2.3200,0.1482,-1
KHAPRETA_510206,312155.860,2624471.200,129.4400,0.0000,2.9800,0.1904,-1
KHAPRETA_510206,312159.860,2624471.200,129.4400,0.2319,2.9800,0.1904,-1
KHAPRETA_510206,312162.860,2624471.200,129.3500,0.1731,3.0700,0.1962,-1
KHAPRETA_510206,312163.860,2624471.200,129.4300,0.1724,2.9900,0.1911,-1
KHAPRETA_510206,312164.860,2624471.200,129.4500,0.1731,2.9700,0.1898,-1
KHAPRETA_510206,312183.860,2624471.200,131.2600,0.0000,1.1600,0.0741,-1
KHAPRETA_510206,312187.860,2624471.200,131.1400,0.6919,1.2800,0.0818,-1
KHAPRETA_510206,312195.860,2624471.200,131.2400,0.8069,1.1800,0.0754,-1
KHAPRETA_510206,312196.860,2624471.200,131.3900,0.7319,1.0300,0.0658,-1
KHAPRETA_510206,312201.860,2624471.200,131.4700,0.0000,0.9500,0.0607,-1
KHAPRETA_510206,312204.860,2624471.200,130.9700,0.0000,1.4500,0.0927,-1
KHAPRETA_510206,312206.860,2624471.200,130.9900,0.0000,1.4300,0.0914,-1
KHAPRETA_510206,312209.860,2624471.200,131.0400,0.6469,1.3800,0.0882,-1
KHAPRETA_510206,312215.860,2624471.200,131.0900,0.6469,1.3300,0.0850,-1
KHAPRETA_510206,312218.860,2624471.200,131.0600,0.6469,1.3600,0.0869,-1
KHAPRETA_510206,312223.860,2624471.200,131.0700,0.0000,1.3500,0.0863,-1
KHAPRETA_510206,312229.860,2624471.200,131.1200,1.0883,1.3000,0.0831,-1
KHAPRETA_510206,312230.860,2624471.200,131.2900,0.6719,1.1300,0.0722,-1
KHAPRETA_510206,312236.860,2624471.200,131.4800,0.0000,0.9400,0.0601,-1
KHAPRETA_510206,312248.860,2624471.200,132.3600,0.0000,0.0600,0.0038,-1
KHAPRETA_510206,311942.860,2624472.200,130.2600,0.4681,2.1600,0.1380,-1
KHAPRETA_510206,311943.860,2624472.200,128.8400,0.8227,3.5800,0.2288,-1
KHAPRETA_510206,311944.860,2624472.200,128.7500,0.6514,3.6700,0.2345,-1
KHAPRETA_510206,311948.860,2624472.200,128.7300,0.7053,3.6900,0.2358,-1
KHAPRETA_510206,311949.860,2624472.200,128.8300,0.5231,3.5900,0.2294,-1
KHAPRETA_510206,311951.860,2624472.200,128.6200,0.5481,3.8000,0.2428,-1
KHAPRETA_510206,311968.860,2624472.200,129.0000,0.5773,3.4200,0.2185,-1
KHAPRETA_510206,311969.860,2624472.200,128.9800,0.0050,3.4400,0.2198,-1
KHAPRETA_510206,311970.860,2624472.200,128.9900,0.3981,3.4300,0.2192,-1
KHAPRETA_510206,311982.860,2624472.200,129.6300,0.1563,2.7900,0.1783,-1
KHAPRETA_510206,311983.860,2624472.200,129.6500,0.0731,2.7700,0.1770,-1
KHAPRETA_510206,311985.860,2624472.200,129.1600,0.3231,3.2600,0.2083,-1
KHAPRETA_510206,311986.860,2624472.200,129.1300,0.3359,3.2900,0.2102,-1
KHAPRETA_510206,311987.860,2624472.200,129.5900,0.3231,2.8300,0.1808,-1
KHAPRETA_510206,311994.860,2624472.200,129.5900,0.1181,2.8300,0.1808,-1
KHAPRETA_510206,311995.860,2624472.200,129.5400,0.0931,2.8800,0.1840,-1
KHAPRETA_510206,312002.860,2624472.200,129.6500,0.0857,2.7700,0.1770,-1
KHAPRETA_510206,312003.860,2624472.200,129.6600,0.0892,2.7600,0.1764,-1
KHAPRETA_510206,312009.860,2624472.200,129.7100,0.0000,2.7100,0.1732,-1
KHAPRETA_510206,312011.860,2624472.200,129.6700,0.0331,2.7500,0.1757,-1
KHAPRETA_510206,312014.860,2624472.200,129.8600,0.0019,2.5600,0.1636,-1
KHAPRETA_510206,312021.860,2624472.200,130.5400,0.4069,1.8800,0.1201,-1
KHAPRETA_510206,312029.860,2624472.200,131.0000,0.5419,1.4200,0.0907,-1
KHAPRETA_510206,312030.860,2624472.200,130.8600,0.6119,1.5600,0.0997,-1
KHAPRETA_510206,312033.860,2624472.200,130.8900,0.3169,1.5300,0.0978,-1
KHAPRETA_510206,312035.860,2624472.200,130.7000,0.9267,1.7200,0.1099,-1
KHAPRETA_510206,312036.860,2624472.200,131.1500,0.4619,1.2700,0.0812,-1
KHAPRETA_510206,312038.860,2624472.200,130.9000,0.4069,1.5200,0.0971,-1
KHAPRETA_510206,312042.860,2624472.200,130.6400,0.0000,1.7800,0.1137,-1
KHAPRETA_510206,312047.860,2624472.200,130.5500,0.4369,1.8700,0.1195,-1
KHAPRETA_510206,312048.860,2624472.200,130.6500,0.3869,1.7700,0.1131,-1
KHAPRETA_510206,312058.860,2624472.200,130.7300,0.0000,1.6900,0.1080,-1
KHAPRETA_510206,312060.860,2624472.200,130.6800,0.0050,1.7400,0.1112,-1
KHAPRETA_510206,312067.860,2624472.200,130.7300,0.5319,1.6900,0.1080,-1
KHAPRETA_510206,312076.860,2624472.200,130.8900,0.0000,1.5300,0.0978,-1
KHAPRETA_510206,312084.860,2624472.200,130.9100,0.5669,1.5100,0.0965,-1
KHAPRETA_510206,312086.860,2624472.200,130.4800,0.4669,1.9400,0.1240,-1
KHAPRETA_510206,312089.860,2624472.200,130.7100,0.4769,1.7100,0.1093,-1
KHAPRETA_510206,312092.860,2624472.200,130.7100,0.5069,1.7100,0.1093,-1
KHAPRETA_510206,312095.860,2624472.200,130.6900,0.0000,1.7300,0.1105,-1
KHAPRETA_510206,312102.860,2624472.200,130.7900,0.4469,1.6300,0.1042,-1
KHAPRETA_510206,312104.860,2624472.200,130.8000,0.4919,1.6200,0.1035,-1
KHAPRETA_510206,312105.860,2624472.200,130.7600,0.5119,1.6600,0.1061,-1
KHAPRETA_510206,312110.860,2624472.200,130.4100,0.3669,2.0100,0.1284,-1
KHAPRETA_510206,312113.860,2624472.200,129.9200,0.0000,2.5000,0.1597,-1
KHAPRETA_510206,312121.860,2624472.200,129.9600,0.1226,2.4600,0.1572,-1
KHAPRETA_510206,312122.860,2624472.200,129.8500,0.1199,2.5700,0.1642,-1
KHAPRETA_510206,312130.860,2624472.200,130.0000,0.0000,2.4200,0.1546,-1
KHAPRETA_510206,312137.860,2624472.200,129.9800,0.0000,2.4400,0.1559,-1
KHAPRETA_510206,312144.860,2624472.200,129.9900,0.0000,2.4300,0.1553,-1
KHAPRETA_510206,312148.860,2624472.200,129.8400,0.0000,2.5800,0.1649,-1
KHAPRETA_510206,312153.860,2624472.200,129.9500,0.0819,2.4700,0.1578,-1
KHAPRETA_510206,312159.860,2624472.200,130.2400,0.1795,2.1800,0.1393,-1
KHAPRETA_510206,312160.860,2624472.200,129.6500,0.2369,2.7700,0.1770,-1
KHAPRETA_510206,312163.860,2624472.200,129.7500,0.1731,2.6700,0.1706,-1
KHAPRETA_510206,312172.860,2624472.200,130.5300,0.0000,1.8900,0.1208,-1
KHAPRETA_510206,312182.860,2624472.200,131.4500,0.0000,0.9700,0.0620,-1
KHAPRETA_510206,312185.860,2624472.200,131.1900,0.0000,1.2300,0.0786,-1
KHAPRETA_510206,312187.860,2624472.200,131.1600,0.6819,1.2600,0.0805,-1
KHAPRETA_510206,312199.860,2624472.200,131.1100,0.0000,1.3100,0.0837,-1
KHAPRETA_510206,312203.860,2624472.200,130.9600,0.0000,1.4600,0.0933,-1
KHAPRETA_510206,312221.860,2624472.200,131.1100,0.6519,1.3100,0.0837,-1
KHAPRETA_510206,312222.860,2624472.200,131.0800,0.6669,1.3400,0.0856,-1
KHAPRETA_510206,312225.860,2624472.200,131.1000,0.0000,1.3200,0.0843,-1
KHAPRETA_510206,312227.860,2624472.200,131.1100,0.6719,1.3100,0.0837,-1
KHAPRETA_510206,312231.860,2624472.200,131.4800,0.9319,0.9400,0.0601,-1
KHAPRETA_510206,312232.860,2624472.200,131.6400,1.1102,0.7800,0.0498,-1
KHAPRETA_510206,312237.860,2624472.200,131.0500,0.9882,1.3700,0.0875,-1
KHAPRETA_510206,312238.860,2624472.200,131.3200,0.6369,1.1000,0.0703,-1
KHAPRETA_510206,312240.860,2624472.200,131.3800,0.0000,1.0400,0.0665,-1
KHAPRETA_510206,311943.860,2624473.200,130.4300,1.1070,1.9900,0.1272,-1
KHAPRETA_510206,311944.860,2624473.200,128.8700,0.6084,3.5500,0.2268,-1
KHAPRETA_510206,311948.860,2624473.200,128.7300,0.5231,3.6900,0.2358,-1
KHAPRETA_510206,311951.860,2624473.200,128.6800,0.5781,3.7400,0.2390,-1
KHAPRETA_510206,311954.860,2624473.200,128.7400,0.0000,3.6800,0.2351,-1
KHAPRETA_510206,311962.860,2624473.200,128.7900,0.0000,3.6300,0.2319,-1
KHAPRETA_510206,311966.860,2624473.200,128.9800,0.0000,3.4400,0.2198,-1
KHAPRETA_510206,311968.860,2624473.200,128.9400,0.3881,3.4800,0.2224,-1
KHAPRETA_510206,311973.860,2624473.200,129.0100,0.2431,3.4100,0.2179,-1
KHAPRETA_510206,311976.860,2624473.200,129.1500,0.0000,3.2700,0.2089,-1
KHAPRETA_510206,311980.860,2624473.200,129.3200,0.4569,3.1000,0.1981,-1
KHAPRETA_510206,311981.860,2624473.200,129.1400,0.3995,3.2800,0.2096,-1
KHAPRETA_510206,311986.860,2624473.200,129.2600,0.3231,3.1600,0.2019,-1
KHAPRETA_510206,312002.860,2624473.200,129.6500,0.0631,2.7700,0.1770,-1
KHAPRETA_510206,312007.860,2624473.200,129.6700,0.0000,2.7500,0.1757,-1
KHAPRETA_510206,312011.860,2624473.200,129.7100,0.0000,2.7100,0.1732,-1
KHAPRETA_510206,312013.860,2624473.200,129.6600,0.0000,2.7600,0.1764,-1
KHAPRETA_510206,312019.860,2624473.200,130.2500,0.0000,2.1700,0.1387,-1
KHAPRETA_510206,312021.860,2624473.200,130.5900,0.3819,1.8300,0.1169,-1
KHAPRETA_510206,312025.860,2624473.200,131.2600,0.8019,1.1600,0.0741,-1
KHAPRETA_510206,312027.860,2624473.200,130.9100,0.9258,1.5100,0.0965,-1
KHAPRETA_510206,312028.860,2624473.200,131.2400,0.5669,1.1800,0.0754,-1
KHAPRETA_510206,312034.860,2624473.200,130.3700,0.0000,2.0500,0.1310,-1
KHAPRETA_510206,312041.860,2624473.200,130.6200,0.0000,1.8000,0.1150,-1
KHAPRETA_510206,312044.860,2624473.200,130.5900,0.0000,1.8300,0.1169,-1
KHAPRETA_510206,312046.860,2624473.200,130.6800,0.0000,1.7400,0.1112,-1
KHAPRETA_510206,312051.860,2624473.200,130.7300,0.4469,1.6900,0.1080,-1
KHAPRETA_510206,312052.860,2624473.200,130.6700,0.0050,1.7500,0.1118,-1
KHAPRETA_510206,312053.860,2624473.200,130.7400,0.4469,1.6800,0.1073,-1
KHAPRETA_510206,312056.860,2624473.200,130.7200,0.4919,1.7000,0.1086,-1
KHAPRETA_510206,312057.860,2624473.200,130.7600,0.4719,1.6600,0.1061,-1
KHAPRETA_510206,312060.860,2624473.200,130.7500,0.4519,1.6700,0.1067,-1
KHAPRETA_510206,312065.860,2624473.200,130.7900,0.5219,1.6300,0.1042,-1
KHAPRETA_510206,312067.860,2624473.200,130.8400,0.7641,1.5800,0.1010,-1
KHAPRETA_510206,312068.860,2624473.200,130.9700,0.5319,1.4500,0.0927,-1
KHAPRETA_510206,312070.860,2624473.200,130.9100,0.0000,1.5100,0.0965,-1
KHAPRETA_510206,312077.860,2624473.200,130.9200,0.0000,1.5000,0.0958,-1
KHAPRETA_510206,312082.860,2624473.200,130.9000,0.8018,1.5200,0.0971,-1
KHAPRETA_510206,312083.860,2624473.200,130.9000,0.0050,1.5200,0.0971,-1
KHAPRETA_510206,312084.860,2624473.200,130.9100,0.5680,1.5100,0.0965,-1
KHAPRETA_510206,312085.860,2624473.200,130.9700,0.5669,1.4500,0.0927,-1
KHAPRETA_510206,312087.860,2624473.200,130.6900,0.4119,1.7300,0.1105,-1
KHAPRETA_510206,312088.860,2624473.200,130.6000,0.4569,1.8200,0.1163,-1
KHAPRETA_510206,312100.860,2624473.200,130.8200,0.0000,1.6000,0.1022,-1
KHAPRETA_510206,312103.860,2624473.200,130.7800,0.0000,1.6400,0.1048,-1
KHAPRETA_510206,312106.860,2624473.200,130.6700,0.0000,1.7500,0.1118,-1
KHAPRETA_510206,312110.860,2624473.200,130.5100,0.1750,1.9100,0.1220,-1
KHAPRETA_510206,312112.860,2624473.200,130.2000,0.0000,2.2200,0.1419,-1
KHAPRETA_510206,312119.860,2624473.200,130.0000,0.0000,2.4200,0.1546,-1
KHAPRETA_510206,312121.860,2624473.200,130.0100,0.0918,2.4100,0.1540,-1
KHAPRETA_510206,312122.860,2624473.200,129.9300,0.1226,2.4900,0.1591,-1
KHAPRETA_510206,312124.860,2624473.200,129.8900,0.0000,2.5300,0.1617,-1
KHAPRETA_510206,312135.860,2624473.200,129.8500,0.0669,2.5700,0.1642,-1
KHAPRETA_510206,312138.860,2624473.200,129.9100,0.1019,2.5100,0.1604,-1
KHAPRETA_510206,312139.860,2624473.200,129.9800,0.0669,2.4400,0.1559,-1
KHAPRETA_510206,312142.860,2624473.200,129.9300,0.1169,2.4900,0.1591,-1
KHAPRETA_510206,312143.860,2624473.200,130.0100,0.1020,2.4100,0.1540,-1
KHAPRETA_510206,312150.860,2624473.200,129.8700,0.0000,2.5500,0.1629,-1
KHAPRETA_510206,312153.860,2624473.200,129.9400,0.1794,2.4800,0.1585,-1
KHAPRETA_510206,312154.860,2624473.200,130.0900,0.0050,2.3300,0.1489,-1
KHAPRETA_510206,312155.860,2624473.200,129.9500,0.1569,2.4700,0.1578,-1
KHAPRETA_510206,312160.860,2624473.200,129.6800,0.0631,2.7400,0.1751,-1
KHAPRETA_510206,312162.860,2624473.200,129.8200,0.0000,2.6000,0.1661,-1
KHAPRETA_510206,312165.860,2624473.200,129.5600,0.0000,2.8600,0.1827,-1
KHAPRETA_510206,312170.860,2624473.200,132.3000,0.4919,0.1200,0.0077,-1
KHAPRETA_510206,312184.860,2624473.200,131.2200,0.0000,1.2000,0.0767,-1
KHAPRETA_510206,312186.860,2624473.200,131.2000,0.0000,1.2200,0.0780,-1
KHAPRETA_510206,312188.860,2624473.200,131.1900,0.6869,1.2300,0.0786,-1
KHAPRETA_510206,312189.860,2624473.200,131.1500,0.7069,1.2700,0.0812,-1
KHAPRETA_510206,312198.860,2624473.200,131.8300,0.0000,0.5900,0.0377,-1
KHAPRETA_510206,312211.860,2624473.200,131.0900,0.6419,1.3300,0.0850,-1
KHAPRETA_510206,312213.860,2624473.200,131.1000,0.0000,1.3200,0.0843,-1
KHAPRETA_510206,312215.860,2624473.200,131.0700,0.0000,1.3500,0.0863,-1
KHAPRETA_510206,312227.860,2624473.200,131.1200,0.6669,1.3000,0.0831,-1
KHAPRETA_510206,312232.860,2624473.200,131.2000,1.5328,1.2200,0.0780,-1
KHAPRETA_510206,312233.860,2624473.200,132.2100,1.1530,0.2100,0.0134,-1
KHAPRETA_510206,312237.860,2624473.200,131.0100,0.6369,1.4100,0.0901,-1
KHAPRETA_510206,312239.860,2624473.200,131.2200,0.7319,1.2000,0.0767,-1
KHAPRETA_510206,312248.860,2624473.200,132.3800,0.0000,0.0400,0.0026,-1
KHAPRETA_510206,312250.860,2624473.200,132.3900,0.0000,0.0300,0.0019,-1
KHAPRETA_510206,311943.860,2624474.200,130.8600,0.3269,1.5600,0.0997,-1
KHAPRETA_510206,311947.860,2624474.200,128.7100,0.0000,3.7100,0.2371,-1
KHAPRETA_510206,311952.860,2624474.200,128.7500,0.4931,3.6700,0.2345,-1
KHAPRETA_510206,311953.860,2624474.200,128.7900,0.7471,3.6300,0.2319,-1
KHAPRETA_510206,311958.860,2624474.200,128.7600,0.0000,3.6600,0.2339,-1
KHAPRETA_510206,311960.860,2624474.200,128.8100,0.6306,3.6100,0.2307,-1
KHAPRETA_510206,311961.860,2624474.200,128.8500,0.4831,3.5700,0.2281,-1
KHAPRETA_510206,311967.860,2624474.200,129.0000,0.4031,3.4200,0.2185,-1
KHAPRETA_510206,311973.860,2624474.200,129.2900,0.0050,3.1300,0.2000,-1
KHAPRETA_510206,311980.860,2624474.200,129.1200,0.3281,3.3000,0.2109,-1
KHAPRETA_510206,311981.860,2624474.200,129.1200,0.4569,3.3000,0.2109,-1
KHAPRETA_510206,311983.860,2624474.200,129.4700,0.2331,2.9500,0.1885,-1
KHAPRETA_510206,311984.860,2624474.200,129.3100,0.1531,3.1100,0.1987,-1
KHAPRETA_510206,311989.860,2624474.200,129.5000,0.0000,2.9200,0.1866,-1
KHAPRETA_510206,311996.860,2624474.200,129.6200,0.0000,2.8000,0.1789,-1
KHAPRETA_510206,312003.860,2624474.200,129.6300,0.0000,2.7900,0.1783,-1
KHAPRETA_510206,312008.860,2624474.200,129.6800,0.0000,2.7400,0.1751,-1
KHAPRETA_510206,312011.860,2624474.200,129.6700,0.0331,2.7500,0.1757,-1
KHAPRETA_510206,312016.860,2624474.200,130.2500,0.9939,2.1700,0.1387,-1
KHAPRETA_510206,312017.860,2624474.200,130.7300,0.4200,1.6900,0.1080,-1
KHAPRETA_510206,312018.860,2624474.200,131.0900,0.4769,1.3300,0.0850,-1
KHAPRETA_510206,312024.860,2624474.200,131.4800,0.8019,0.9400,0.0601,-1
KHAPRETA_510206,312025.860,2624474.200,131.3800,0.8523,1.0400,0.0665,-1
KHAPRETA_510206,312027.860,2624474.200,130.9100,0.0850,1.5100,0.0965,-1
KHAPRETA_510206,312029.860,2624474.200,131.7200,0.0000,0.7000,0.0447,-1
KHAPRETA_510206,312031.860,2624474.200,130.3900,0.3419,2.0300,0.1297,-1
KHAPRETA_510206,312033.860,2624474.200,130.3700,0.0000,2.0500,0.1310,-1
KHAPRETA_510206,312035.860,2624474.200,130.4000,0.0000,2.0200,0.1291,-1
KHAPRETA_510206,312037.860,2624474.200,130.9300,0.0000,1.4900,0.0952,-1
KHAPRETA_510206,312042.860,2624474.200,130.6700,0.0000,1.7500,0.1118,-1
KHAPRETA_510206,312054.860,2624474.200,130.7300,0.0000,1.6900,0.1080,-1
KHAPRETA_510206,312058.860,2624474.200,130.7900,0.0000,1.6300,0.1042,-1
KHAPRETA_510206,312061.860,2624474.200,130.7100,0.0000,1.7100,0.1093,-1
KHAPRETA_510206,312065.860,2624474.200,130.8200,0.7312,1.6000,0.1022,-1
KHAPRETA_510206,312066.860,2624474.200,130.8300,0.5219,1.5900,0.1016,-1
KHAPRETA_510206,312071.860,2624474.200,130.9900,0.5869,1.4300,0.0914,-1
KHAPRETA_510206,312072.860,2624474.200,130.9500,0.6069,1.4700,0.0939,-1
KHAPRETA_510206,312075.860,2624474.200,130.9400,0.0000,1.4800,0.0946,-1
KHAPRETA_510206,312082.860,2624474.200,130.9200,0.5619,1.5000,0.0958,-1
KHAPRETA_510206,312086.860,2624474.200,131.0100,0.0000,1.4100,0.0901,-1
KHAPRETA_510206,312091.860,2624474.200,130.7200,0.4819,1.7000,0.1086,-1
KHAPRETA_510206,312094.860,2624474.200,130.7100,0.5069,1.7100,0.1093,-1
KHAPRETA_510206,312099.860,2624474.200,130.7300,0.0000,1.6900,0.1080,-1
KHAPRETA_510206,312104.860,2624474.200,130.8400,0.0000,1.5800,0.1010,-1
KHAPRETA_510206,312107.860,2624474.200,130.7900,0.0000,1.6300,0.1042,-1
KHAPRETA_510206,312109.860,2624474.200,130.8000,0.4919,1.6200,0.1035,-1
KHAPRETA_510206,312110.860,2624474.200,130.7600,0.6299,1.6600,0.1061,-1
KHAPRETA_510206,312121.860,2624474.200,130.0600,0.1169,2.3600,0.1508,-1
KHAPRETA_510206,312135.860,2624474.200,129.9100,0.0369,2.5100,0.1604,-1
KHAPRETA_510206,312141.860,2624474.200,129.8900,0.0000,2.5300,0.1617,-1
KHAPRETA_510206,312143.860,2624474.200,129.9100,0.0550,2.5100,0.1604,-1
KHAPRETA_510206,312145.860,2624474.200,129.9400,0.0000,2.4800,0.1585,-1
KHAPRETA_510206,312151.860,2624474.200,129.9100,0.0669,2.5100,0.1604,-1
KHAPRETA_510206,312152.860,2624474.200,129.9100,0.0669,2.5100,0.1604,-1
KHAPRETA_510206,312156.860,2624474.200,130.4100,1.1238,2.0100,0.1284,-1
KHAPRETA_510206,312157.860,2624474.200,130.5400,1.4841,1.8800,0.1201,-1
KHAPRETA_510206,312158.860,2624474.200,132.0500,1.2402,0.3700,0.0236,-1
KHAPRETA_510206,312159.860,2624474.200,130.3600,1.1369,2.0600,0.1316,-1
KHAPRETA_510206,312161.860,2624474.200,130.7400,0.0000,1.6800,0.1073,-1
KHAPRETA_510206,312164.860,2624474.200,129.5700,0.0000,2.8500,0.1821,-1
KHAPRETA_510206,312166.860,2624474.200,129.5600,0.0000,2.8600,0.1827,-1
KHAPRETA_510206,312170.860,2624474.200,130.7600,1.6333,1.6600,0.1061,-1
KHAPRETA_510206,312171.860,2624474.200,131.8500,0.4919,0.5700,0.0364,-1
KHAPRETA_510206,312182.860,2624474.200,131.3500,0.9219,1.0700,0.0684,-1
KHAPRETA_510206,312183.860,2624474.200,131.6200,0.7869,0.8000,0.0511,-1
KHAPRETA_510206,312185.860,2624474.200,131.2200,0.0000,1.2000,0.0767,-1
KHAPRETA_510206,312190.860,2624474.200,131.2200,1.0069,1.2000,0.0767,-1
KHAPRETA_510206,312191.860,2624474.200,131.2100,0.0200,1.2100,0.0773,-1
KHAPRETA_510206,312192.860,2624474.200,131.2600,0.7169,1.1600,0.0741,-1
KHAPRETA_510206,312199.860,2624474.200,131.1100,0.0000,1.3100,0.0837,-1
KHAPRETA_510206,312204.860,2624474.200,131.0200,0.0000,1.4000,0.0895,-1
KHAPRETA_510206,312211.860,2624474.200,131.0600,0.9255,1.3600,0.0869,-1
KHAPRETA_510206,312212.860,2624474.200,131.0800,0.6419,1.3400,0.0856,-1
KHAPRETA_510206,312222.860,2624474.200,131.1000,0.0000,1.3200,0.0843,-1
KHAPRETA_510206,312224.860,2624474.200,131.1000,0.0000,1.3200,0.0843,-1
KHAPRETA_510206,312233.860,2624474.200,131.5900,1.2169,0.8300,0.0530,-1
KHAPRETA_510206,312236.860,2624474.200,131.3600,0.0000,1.0600,0.0677,-1
KHAPRETA_510206,312239.860,2624474.200,131.2400,0.7219,1.1800,0.0754,-1
KHAPRETA_510206,312246.860,2624474.200,132.4100,0.0000,0.0100,0.0006,-1
KHAPRETA_510206,311945.860,2624475.200,130.6700,0.0000,1.7500,0.1118,-1
KHAPRETA_510206,311949.860,2624475.200,128.7000,0.0000,3.7200,0.2377,-1
KHAPRETA_510206,311951.860,2624475.200,128.7400,0.0000,3.6800,0.2351,-1
KHAPRETA_510206,311953.860,2624475.200,128.6900,0.4931,3.7300,0.2383,-1
KHAPRETA_510206,311956.860,2624475.200,128.7600,0.0000,3.6600,0.2339,-1
KHAPRETA_510206,311960.860,2624475.200,128.9200,0.4831,3.5000,0.2236,-1
KHAPRETA_510206,311964.860,2624475.200,128.9400,0.0000,3.4800,0.2224,-1
KHAPRETA_510206,311967.860,2624475.200,128.9700,0.3881,3.4500,0.2204,-1
KHAPRETA_510206,311972.860,2624475.200,129.1500,0.3881,3.2700,0.2089,-1
KHAPRETA_510206,311973.860,2624475.200,129.0000,0.2456,3.4200,0.2185,-1
KHAPRETA_510206,311974.860,2624475.200,129.0800,0.3881,3.3400,0.2134,-1
KHAPRETA_510206,311980.860,2624475.200,129.3200,0.3281,3.1000,0.1981,-1
KHAPRETA_510206,311987.860,2624475.200,129.2200,0.0000,3.2000,0.2045,-1
KHAPRETA_510206,311993.860,2624475.200,129.6000,0.1177,2.8200,0.1802,-1
KHAPRETA_510206,311994.860,2624475.200,129.6000,0.0881,2.8200,0.1802,-1
KHAPRETA_510206,311998.860,2624475.200,129.6200,0.0000,2.8000,0.1789,-1
KHAPRETA_510206,312016.860,2624475.200,131.5200,0.2369,0.9000,0.0575,-1
KHAPRETA_510206,312021.860,2624475.200,131.2100,0.8169,1.2100,0.0773,-1
KHAPRETA_510206,312025.860,2624475.200,131.3100,0.8073,1.1100,0.0709,-1
KHAPRETA_510206,312026.860,2624475.200,131.3900,0.1150,1.0300,0.0658,-1
KHAPRETA_510206,312027.860,2624475.200,131.0800,0.5719,1.3400,0.0856,-1
KHAPRETA_510206,312028.860,2624475.200,131.2400,0.6519,1.1800,0.0754,-1
KHAPRETA_510206,312031.860,2624475.200,130.4600,0.3069,1.9600,0.1252,-1
KHAPRETA_510206,312034.860,2624475.200,130.6600,0.4969,1.7600,0.1125,-1
KHAPRETA_510206,312045.860,2624475.200,130.6300,0.4269,1.7900,0.1144,-1
KHAPRETA_510206,312048.860,2624475.200,130.7000,0.4669,1.7200,0.1099,-1
KHAPRETA_510206,312051.860,2624475.200,130.7500,0.0000,1.6700,0.1067,-1
KHAPRETA_510206,312053.860,2624475.200,130.7200,0.0000,1.7000,0.1086,-1
KHAPRETA_510206,312055.860,2624475.200,130.6300,0.5019,1.7900,0.1144,-1
KHAPRETA_510206,312057.860,2624475.200,130.7400,0.4669,1.6800,0.1073,-1
KHAPRETA_510206,312060.860,2624475.200,130.8200,0.0000,1.6000,0.1022,-1
KHAPRETA_510206,312064.860,2624475.200,130.8500,0.5119,1.5700,0.1003,-1
KHAPRETA_510206,312084.860,2624475.200,130.9000,0.6019,1.5200,0.0971,-1
KHAPRETA_510206,312088.860,2624475.200,130.6500,0.0000,1.7700,0.1131,-1
KHAPRETA_510206,312090.860,2624475.200,130.5900,0.4819,1.8300,0.1169,-1
KHAPRETA_510206,312091.860,2624475.200,130.7400,0.6232,1.6800,0.1073,-1
KHAPRETA_510206,312094.860,2624475.200,130.7900,0.0600,1.6300,0.1042,-1
KHAPRETA_510206,312100.860,2624475.200,130.7100,0.0000,1.7100,0.1093,-1
KHAPRETA_510206,312102.860,2624475.200,130.7800,0.0000,1.6400,0.1048,-1
KHAPRETA_510206,312111.860,2624475.200,130.5500,0.4969,1.8700,0.1195,-1
KHAPRETA_510206,312119.860,2624475.200,130.0000,0.0000,2.4200,0.1546,-1
KHAPRETA_510206,312124.860,2624475.200,129.9900,0.0419,2.4300,0.1553,-1
KHAPRETA_510206,312125.860,2624475.200,129.8600,0.0509,2.5600,0.1636,-1
KHAPRETA_510206,312126.860,2624475.200,129.9200,0.0419,2.5000,0.1597,-1
KHAPRETA_510206,312138.860,2624475.200,129.9300,0.0000,2.4900,0.1591,-1
KHAPRETA_510206,312140.860,2624475.200,129.9100,0.0000,2.5100,0.1604,-1
KHAPRETA_510206,312143.860,2624475.200,129.9000,0.0200,2.5200,0.1610,-1
KHAPRETA_510206,312154.860,2624475.200,130.0100,0.0869,2.4100,0.1540,-1
KHAPRETA_510206,312156.860,2624475.200,131.8900,1.2769,0.5300,0.0339,-1
KHAPRETA_510206,312157.860,2624475.200,132.2500,0.4222,0.1700,0.0109,-1
KHAPRETA_510206,312158.860,2624475.200,132.2500,1.6801,0.1700,0.0109,-1
KHAPRETA_510206,312162.860,2624475.200,130.1500,0.0000,2.2700,0.1450,-1
KHAPRETA_510206,312167.860,2624475.200,129.7200,0.3919,2.7000,0.1725,-1
KHAPRETA_510206,312168.860,2624475.200,130.5600,0.2000,1.8600,0.1188,-1
KHAPRETA_510206,312169.860,2624475.200,130.1200,1.3692,2.3000,0.1470,-1
KHAPRETA_510206,312186.860,2624475.200,131.2500,1.0531,1.1700,0.0748,-1
KHAPRETA_510206,312187.860,2624475.200,131.2300,0.7369,1.1900,0.0760,-1
KHAPRETA_510206,312189.860,2624475.200,131.2000,0.7069,1.2200,0.0780,-1
KHAPRETA_510206,312190.860,2624475.200,131.1900,0.7120,1.2300,0.0786,-1
KHAPRETA_510206,312201.860,2624475.200,131.1200,0.6969,1.3000,0.0831,-1
KHAPRETA_510206,312202.860,2624475.200,131.1700,0.9609,1.2500,0.0799,-1
KHAPRETA_510206,312208.860,2624475.200,131.0900,0.0000,1.3300,0.0850,-1
KHAPRETA_510206,312219.860,2624475.200,131.1300,0.0000,1.2900,0.0824,-1
KHAPRETA_510206,312229.860,2624475.200,131.1900,0.6919,1.2300,0.0786,-1
KHAPRETA_510206,312230.860,2624475.200,131.1600,0.7069,1.2600,0.0805,-1
KHAPRETA_510206,312244.860,2624475.200,132.0500,1.0169,0.3700,0.0236,-1
KHAPRETA_510206,311946.860,2624476.200,128.7200,0.5481,3.7000,0.2364,-1
KHAPRETA_510206,311947.860,2624476.200,128.6800,0.7328,3.7400,0.2390,-1
KHAPRETA_510206,311950.860,2624476.200,128.7400,0.0000,3.6800,0.2351,-1
KHAPRETA_510206,311952.860,2624476.200,128.7800,0.0000,3.6400,0.2326,-1
KHAPRETA_510206,311954.860,2624476.200,128.7200,0.7256,3.7000,0.2364,-1
KHAPRETA_510206,311955.860,2624476.200,128.7500,0.5281,3.6700,0.2345,-1
KHAPRETA_510206,311957.860,2624476.200,128.8900,0.6330,3.5300,0.2256,-1
KHAPRETA_510206,311958.860,2624476.200,128.8000,0.6231,3.6200,0.2313,-1
KHAPRETA_510206,311963.860,2624476.200,128.9800,0.0000,3.4400,0.2198,-1
KHAPRETA_510206,311977.860,2624476.200,129.1400,0.0000,3.2800,0.2096,-1
KHAPRETA_510206,311979.860,2624476.200,129.1400,0.0000,3.2800,0.2096,-1
KHAPRETA_510206,311982.860,2624476.200,129.5300,0.1301,2.8900,0.1847,-1
KHAPRETA_510206,311983.860,2624476.200,129.7300,0.2003,2.6900,0.1719,-1
KHAPRETA_510206,311989.860,2624476.200,129.6300,0.1131,2.7900,0.1783,-1
KHAPRETA_510206,311990.860,2624476.200,129.5500,0.0350,2.8700,0.1834,-1
KHAPRETA_510206,311991.860,2624476.200,129.5600,0.1131,2.8600,0.1827,-1
KHAPRETA_510206,311993.860,2624476.200,129.6200,0.0881,2.8000,0.1789,-1
KHAPRETA_510206,311997.860,2624476.200,129.6100,0.0000,2.8100,0.1796,-1
KHAPRETA_510206,312000.860,2624476.200,129.6000,0.0000,2.8200,0.1802,-1
KHAPRETA_510206,312008.860,2624476.200,129.9100,0.0369,2.5100,0.1604,-1
KHAPRETA_510206,312011.860,2624476.200,130.1200,0.0000,2.3000,0.1470,-1
KHAPRETA_510206,312015.860,2624476.200,131.7100,0.0000,0.7100,0.0454,-1
KHAPRETA_510206,312021.860,2624476.200,131.4100,0.8847,1.0100,0.0645,-1
KHAPRETA_510206,312022.860,2624476.200,131.4900,0.8169,0.9300,0.0594,-1
KHAPRETA_510206,312025.860,2624476.200,131.3300,0.7669,1.0900,0.0696,-1
KHAPRETA_510206,312032.860,2624476.200,130.8400,0.0000,1.5800,0.1010,-1
KHAPRETA_510206,312034.860,2624476.200,130.7700,0.7149,1.6500,0.1054,-1
KHAPRETA_510206,312035.860,2624476.200,130.9000,0.0000,1.5200,0.0971,-1
KHAPRETA_510206,312036.860,2624476.200,130.7700,0.0200,1.6500,0.1054,-1
KHAPRETA_510206,312037.860,2624476.200,130.9400,0.4969,1.4800,0.0946,-1
KHAPRETA_510206,312041.860,2624476.200,130.6000,0.0000,1.8200,0.1163,-1
KHAPRETA_510206,312045.860,2624476.200,130.6300,0.4269,1.7900,0.1144,-1
KHAPRETA_510206,312047.860,2624476.200,130.6500,0.4669,1.7700,0.1131,-1
KHAPRETA_510206,312048.860,2624476.200,130.7100,0.6358,1.7100,0.1093,-1
KHAPRETA_510206,312055.860,2624476.200,130.7800,0.4269,1.6400,0.1048,-1
KHAPRETA_510206,312057.860,2624476.200,130.7100,0.4819,1.7100,0.1093,-1
KHAPRETA_510206,312061.860,2624476.200,130.8700,0.0000,1.5500,0.0990,-1
KHAPRETA_510206,312064.860,2624476.200,130.8000,0.5369,1.6200,0.1035,-1
KHAPRETA_510206,312066.860,2624476.200,130.8800,0.7746,1.5400,0.0984,-1
KHAPRETA_510206,312067.860,2624476.200,130.8100,0.5519,1.6100,0.1029,-1
KHAPRETA_510206,312074.860,2624476.200,131.0300,0.6219,1.3900,0.0888,-1
KHAPRETA_510206,312083.860,2624476.200,130.9400,0.6019,1.4800,0.0946,-1
KHAPRETA_510206,312084.860,2624476.200,130.9800,0.5837,1.4400,0.0920,-1
KHAPRETA_510206,312089.860,2624476.200,130.6000,0.0000,1.8200,0.1163,-1
KHAPRETA_510206,312094.860,2624476.200,130.8300,0.5219,1.5900,0.1016,-1
KHAPRETA_510206,312095.860,2624476.200,130.8200,0.5303,1.6000,0.1022,-1
KHAPRETA_510206,312096.860,2624476.200,130.7100,0.0150,1.7100,0.1093,-1
KHAPRETA_510206,312097.860,2624476.200,130.7900,0.5170,1.6300,0.1042,-1
KHAPRETA_510206,312098.860,2624476.200,130.7300,0.5069,1.6900,0.1080,-1
KHAPRETA_510206,312101.860,2624476.200,130.7700,0.0000,1.6500,0.1054,-1
KHAPRETA_510206,312103.860,2624476.200,130.7300,0.0000,1.6900,0.1080,-1
KHAPRETA_510206,312107.860,2624476.200,130.8400,0.6923,1.5800,0.1010,-1
KHAPRETA_510206,312108.860,2624476.200,130.7700,0.5319,1.6500,0.1054,-1
KHAPRETA_510206,312111.860,2624476.200,130.7700,0.3869,1.6500,0.1054,-1
KHAPRETA_510206,312114.860,2624476.200,130.7900,0.3919,1.6300,0.1042,-1
KHAPRETA_510206,312115.860,2624476.200,130.5600,0.6628,1.8600,0.1188,-1
KHAPRETA_510206,312125.860,2624476.200,129.8500,0.0419,2.5700,0.1642,-1
KHAPRETA_510206,312129.860,2624476.200,129.9500,0.0269,2.4700,0.1578,-1
KHAPRETA_510206,312130.860,2624476.200,129.8300,0.0869,2.5900,0.1655,-1
KHAPRETA_510206,312135.860,2624476.200,130.0600,0.0000,2.3600,0.1508,-1
KHAPRETA_510206,312141.860,2624476.200,130.0400,0.0719,2.3800,0.1521,-1
KHAPRETA_510206,312142.860,2624476.200,129.9200,0.0850,2.5000,0.1597,-1
KHAPRETA_510206,312143.860,2624476.200,129.8700,0.0200,2.5500,0.1629,-1
KHAPRETA_510206,312144.860,2624476.200,129.8800,0.0688,2.5400,0.1623,-1
KHAPRETA_510206,312145.860,2624476.200,129.9300,0.1013,2.4900,0.1591,-1
KHAPRETA_510206,312147.860,2624476.200,130.0400,0.0000,2.3800,0.1521,-1
KHAPRETA_510206,312150.860,2624476.200,129.9700,0.0000,2.4500,0.1565,-1
KHAPRETA_510206,312153.860,2624476.200,129.9700,0.0869,2.4500,0.1565,-1
KHAPRETA_510206,312154.860,2624476.200,129.9500,0.1001,2.4700,0.1578,-1
KHAPRETA_510206,312163.860,2624476.200,129.6700,0.0031,2.7500,0.1757,-1
KHAPRETA_510206,312169.860,2624476.200,132.4000,0.4850,0.0200,0.0013,-1
KHAPRETA_510206,312186.860,2624476.200,131.3000,0.7369,1.1200,0.0716,-1
KHAPRETA_510206,312190.860,2624476.200,131.2000,0.0300,1.2200,0.0780,-1
KHAPRETA_510206,312193.860,2624476.200,131.2600,0.8669,1.1600,0.0741,-1
KHAPRETA_510206,312202.860,2624476.200,131.1500,0.6969,1.2700,0.0812,-1
KHAPRETA_510206,312204.860,2624476.200,131.2500,0.0000,1.1700,0.0748,-1
KHAPRETA_510206,312211.860,2624476.200,131.1000,0.0000,1.3200,0.0843,-1
KHAPRETA_510206,312213.860,2624476.200,131.0900,0.0000,1.3300,0.0850,-1
KHAPRETA_510206,312216.860,2624476.200,131.1100,0.9574,1.3100,0.0837,-1
KHAPRETA_510206,312217.860,2624476.200,131.1200,0.6669,1.3000,0.0831,-1
KHAPRETA_510206,312226.860,2624476.200,131.1600,0.0000,1.2600,0.0805,-1
KHAPRETA_510206,312233.860,2624476.200,131.2400,0.0000,1.1800,0.0754,-1
KHAPRETA_510206,312235.860,2624476.200,131.7700,0.0000,0.6500,0.0415,-1
KHAPRETA_510206,312239.860,2624476.200,132.0200,0.0000,0.4000,0.0256,-1
KHAPRETA_510206,312243.860,2624476.200,131.8600,1.0169,0.5600,0.0358,-1
KHAPRETA_510206,312244.860,2624476.200,131.8100,1.5422,0.6100,0.0390,-1
KHAPRETA_510206,312251.860,2624476.200,132.2000,1.2319,0.2200,0.0141,-1
KHAPRETA_510206,311947.860,2624477.200,128.7600,0.5737,3.6600,0.2339,-1
KHAPRETA_510206,311948.860,2624477.200,128.6500,0.5081,3.7700,0.2409,-1
KHAPRETA_510206,311954.860,2624477.200,128.7500,0.1100,3.6700,0.2345,-1
KHAPRETA_510206,311957.860,2624477.200,128.9700,0.4385,3.4500,0.2204,-1
KHAPRETA_510206,311958.860,2624477.200,128.9000,0.4890,3.5200,0.2249,-1
KHAPRETA_510206,311959.860,2624477.200,128.9100,0.4381,3.5100,0.2243,-1
KHAPRETA_510206,311966.860,2624477.200,128.9600,0.0000,3.4600,0.2211,-1
KHAPRETA_510206,311972.860,2624477.200,129.6400,0.0000,2.7800,0.1776,-1
KHAPRETA_510206,311982.860,2624477.200,129.5200,0.2003,2.9000,0.1853,-1
KHAPRETA_510206,311983.860,2624477.200,129.4600,0.1301,2.9600,0.1891,-1
KHAPRETA_510206,311998.860,2624477.200,129.6300,0.0831,2.7900,0.1783,-1
KHAPRETA_510206,311999.860,2624477.200,129.6100,0.0731,2.8100,0.1796,-1
KHAPRETA_510206,312002.860,2624477.200,129.7900,0.0069,2.6300,0.1681,-1
KHAPRETA_510206,312005.860,2624477.200,129.9200,0.0000,2.5000,0.1597,-1
KHAPRETA_510206,312008.860,2624477.200,129.8500,0.0300,2.5700,0.1642,-1
KHAPRETA_510206,312012.860,2624477.200,130.2400,0.0000,2.1800,0.1393,-1
KHAPRETA_510206,312014.860,2624477.200,131.6500,0.0000,0.7700,0.0492,-1
KHAPRETA_510206,312021.860,2624477.200,131.6500,0.0850,0.7700,0.0492,-1
KHAPRETA_510206,312027.860,2624477.200,131.6600,0.0000,0.7600,0.0486,-1
KHAPRETA_510206,312029.860,2624477.200,131.8000,1.1869,0.6200,0.0396,-1
KHAPRETA_510206,312039.860,2624477.200,131.0900,0.4419,1.3300,0.0850,-1
KHAPRETA_510206,312040.860,2624477.200,130.6600,0.9220,1.7600,0.1125,-1
KHAPRETA_510206,312042.860,2624477.200,130.7300,0.0000,1.6900,0.1080,-1
KHAPRETA_510206,312046.860,2624477.200,130.7100,0.0000,1.7100,0.1093,-1
KHAPRETA_510206,312051.860,2624477.200,130.7900,0.0000,1.6300,0.1042,-1
KHAPRETA_510206,312056.860,2624477.200,130.8100,0.0000,1.6100,0.1029,-1
KHAPRETA_510206,312065.860,2624477.200,130.9300,0.5769,1.4900,0.0952,-1
KHAPRETA_510206,312066.860,2624477.200,130.9300,0.7984,1.4900,0.0952,-1
KHAPRETA_510206,312071.860,2624477.200,131.0500,0.0000,1.3700,0.0875,-1
KHAPRETA_510206,312074.860,2624477.200,131.0200,0.8657,1.4000,0.0895,-1
KHAPRETA_510206,312075.860,2624477.200,130.9700,0.6219,1.4500,0.0927,-1
KHAPRETA_510206,312079.860,2624477.200,130.9900,0.8690,1.4300,0.0914,-1
KHAPRETA_510206,312080.860,2624477.200,131.0000,0.6069,1.4200,0.0907,-1
KHAPRETA_510206,312084.860,2624477.200,130.9900,0.6019,1.4300,0.0914,-1
KHAPRETA_510206,312087.860,2624477.200,131.0100,0.0000,1.4100,0.0901,-1
KHAPRETA_510206,312090.860,2624477.200,130.5200,0.5069,1.9000,0.1214,-1
KHAPRETA_510206,312091.860,2624477.200,130.7900,0.6048,1.6300,0.1042,-1
KHAPRETA_510206,312094.860,2624477.200,130.7900,0.7452,1.6300,0.1042,-1
KHAPRETA_510206,312095.860,2624477.200,130.8300,0.7276,1.5900,0.1016,-1
KHAPRETA_510206,312097.860,2624477.200,130.8100,0.5069,1.6100,0.1029,-1
KHAPRETA_510206,312100.860,2624477.200,130.8500,0.0000,1.5700,0.1003,-1
KHAPRETA_510206,312107.860,2624477.200,130.7400,0.5319,1.6800,0.1073,-1
KHAPRETA_510206,312115.860,2624477.200,130.6300,0.0150,1.7900,0.1144,-1
KHAPRETA_510206,312133.860,2624477.200,130.2000,0.1119,2.2200,0.1419,-1
KHAPRETA_510206,312136.860,2624477.200,130.1300,0.0000,2.2900,0.1463,-1
KHAPRETA_510206,312143.860,2624477.200,129.9000,0.0777,2.5200,0.1610,-1
KHAPRETA_510206,312144.860,2624477.200,129.9000,0.0576,2.5200,0.1610,-1
KHAPRETA_510206,312145.860,2624477.200,129.9500,0.0621,2.4700,0.1578,-1
KHAPRETA_510206,312149.860,2624477.200,129.9800,0.0000,2.4400,0.1559,-1
KHAPRETA_510206,312151.860,2624477.200,130.0100,0.0000,2.4100,0.1540,-1
KHAPRETA_510206,312154.860,2624477.200,129.9600,0.0100,2.4600,0.1572,-1
KHAPRETA_510206,312162.860,2624477.200,129.7000,0.0031,2.7200,0.1738,-1
KHAPRETA_510206,312163.860,2624477.200,129.7700,0.0653,2.6500,0.1693,-1
KHAPRETA_510206,312165.860,2624477.200,129.7700,0.0000,2.6500,0.1693,-1
KHAPRETA_510206,312169.860,2624477.200,131.0900,0.2400,1.3300,0.0850,-1
KHAPRETA_510206,312188.860,2624477.200,131.2400,0.0000,1.1800,0.0754,-1
KHAPRETA_510206,312190.860,2624477.200,131.2500,0.7119,1.1700,0.0748,-1
KHAPRETA_510206,312193.860,2624477.200,131.5100,0.7419,0.9100,0.0581,-1
KHAPRETA_510206,312198.860,2624477.200,131.3500,0.7119,1.0700,0.0684,-1
KHAPRETA_510206,312210.860,2624477.200,131.1000,0.6669,1.3200,0.0843,-1
KHAPRETA_510206,312212.860,2624477.200,131.1300,0.0000,1.2900,0.0824,-1
KHAPRETA_510206,312216.860,2624477.200,131.1400,0.6669,1.2800,0.0818,-1
KHAPRETA_510206,312223.860,2624477.200,131.1600,0.0000,1.2600,0.0805,-1
KHAPRETA_510206,312229.860,2624477.200,131.1900,0.0000,1.2300,0.0786,-1
KHAPRETA_510206,312236.860,2624477.200,131.8700,0.9569,0.5500,0.0351,-1
KHAPRETA_510206,312240.860,2624477.200,131.4400,0.7669,0.9800,0.0626,-1
KHAPRETA_510206,312247.860,2624477.200,132.3000,1.3069,0.1200,0.0077,-1
KHAPRETA_510206,312248.860,2624477.200,132.3900,1.2619,0.0300,0.0019,-1
KHAPRETA_510206,312251.860,2624477.200,132.2400,1.2119,0.1800,0.0115,-1
KHAPRETA_510206,312254.860,2624477.200,132.3100,0.0000,0.1100,0.0070,-1
KHAPRETA_510206,311946.860,2624478.200,131.2800,0.4381,1.1400,0.0728,-1
KHAPRETA_510206,311947.860,2624478.200,128.9000,0.7520,3.5200,0.2249,-1
KHAPRETA_510206,311950.860,2624478.200,128.7100,0.0000,3.7100,0.2371,-1
KHAPRETA_510206,311952.860,2624478.200,128.8000,0.4481,3.6200,0.2313,-1
KHAPRETA_510206,311954.860,2624478.200,128.9400,0.5131,3.4800,0.2224,-1
KHAPRETA_510206,311956.860,2624478.200,128.8400,0.4631,3.5800,0.2288,-1
KHAPRETA_510206,311957.860,2624478.200,128.8500,0.6177,3.5700,0.2281,-1
KHAPRETA_510206,311960.860,2624478.200,129.0200,0.0000,3.4000,0.2173,-1
KHAPRETA_510206,311964.860,2624478.200,128.9900,0.0000,3.4300,0.2192,-1
KHAPRETA_510206,311967.860,2624478.200,129.0800,0.3781,3.3400,0.2134,-1
KHAPRETA_510206,311968.860,2624478.200,129.0200,0.3660,3.4000,0.2173,-1
KHAPRETA_510206,311970.860,2624478.200,129.4600,0.1381,2.9600,0.1891,-1
KHAPRETA_510206,311974.860,2624478.200,129.4500,0.0000,2.9700,0.1898,-1
KHAPRETA_510206,311976.860,2624478.200,129.1500,0.3431,3.2700,0.2089,-1
KHAPRETA_510206,311986.860,2624478.200,129.2700,0.0000,3.1500,0.2013,-1
KHAPRETA_510206,311990.860,2624478.200,129.6200,0.0369,2.8000,0.1789,-1
KHAPRETA_510206,312000.860,2624478.200,129.7800,0.0000,2.6400,0.1687,-1
KHAPRETA_510206,312002.860,2624478.200,129.7900,0.0069,2.6300,0.1681,-1
KHAPRETA_510206,312007.860,2624478.200,129.8200,0.0376,2.6000,0.1661,-1
KHAPRETA_510206,312008.860,2624478.200,129.8500,0.0763,2.5700,0.1642,-1
KHAPRETA_510206,312009.860,2624478.200,129.9000,0.1040,2.5200,0.1610,-1
KHAPRETA_510206,312010.860,2624478.200,129.9900,0.0619,2.4300,0.1553,-1
KHAPRETA_510206,312013.860,2624478.200,130.1600,0.0000,2.2600,0.1444,-1
KHAPRETA_510206,312017.860,2624478.200,131.6200,0.9369,0.8000,0.0511,-1
KHAPRETA_510206,312018.860,2624478.200,131.6500,0.9219,0.7700,0.0492,-1
KHAPRETA_510206,312021.860,2624478.200,131.5800,0.7870,0.8400,0.0537,-1
KHAPRETA_510206,312022.860,2624478.200,131.3500,1.3114,1.0700,0.0684,-1
KHAPRETA_510206,312029.860,2624478.200,132.1500,1.5560,0.2700,0.0173,-1
KHAPRETA_510206,312030.860,2624478.200,132.1400,1.1869,0.2800,0.0179,-1
KHAPRETA_510206,312033.860,2624478.200,131.0600,0.8445,1.3600,0.0869,-1
KHAPRETA_510206,312034.860,2624478.200,130.9400,1.0001,1.4800,0.0946,-1
KHAPRETA_510206,312036.860,2624478.200,130.6300,0.0000,1.7900,0.1144,-1
KHAPRETA_510206,312040.860,2624478.200,131.0700,0.1250,1.3500,0.0863,-1
KHAPRETA_510206,312047.860,2624478.200,130.6800,0.0000,1.7400,0.1112,-1
KHAPRETA_510206,312054.860,2624478.200,130.8200,0.5169,1.6000,0.1022,-1
KHAPRETA_510206,312078.860,2624478.200,131.0100,0.8796,1.4100,0.0901,-1
KHAPRETA_510206,312079.860,2624478.200,131.0100,0.6170,1.4100,0.0901,-1
KHAPRETA_510206,312085.860,2624478.200,131.0000,0.6319,1.4200,0.0907,-1
KHAPRETA_510206,312086.860,2624478.200,131.0400,0.6119,1.3800,0.0882,-1
KHAPRETA_510206,312091.860,2624478.200,130.7300,0.0250,1.6900,0.1080,-1
KHAPRETA_510206,312093.860,2624478.200,130.8200,0.0000,1.6000,0.1022,-1
KHAPRETA_510206,312114.860,2624478.200,130.8200,0.6462,1.6000,0.1022,-1
KHAPRETA_510206,312115.860,2624478.200,130.5900,0.4271,1.8300,0.1169,-1
KHAPRETA_510206,312116.860,2624478.200,130.8400,0.6540,1.5800,0.1010,-1
KHAPRETA_510206,312118.860,2624478.200,130.4400,0.5269,1.9800,0.1265,-1
KHAPRETA_510206,312121.860,2624478.200,130.0200,0.1269,2.4000,0.1534,-1
KHAPRETA_510206,312122.860,2624478.200,130.0300,0.1219,2.3900,0.1527,-1
KHAPRETA_510206,312131.860,2624478.200,129.8900,0.1304,2.5300,0.1617,-1
KHAPRETA_510206,312132.860,2624478.200,129.9100,0.0550,2.5100,0.1604,-1
KHAPRETA_510206,312133.860,2624478.200,130.0000,0.2223,2.4200,0.1546,-1
KHAPRETA_510206,312145.860,2624478.200,129.9200,0.0350,2.5000,0.1597,-1
KHAPRETA_510206,312147.860,2624478.200,130.0000,0.2219,2.4200,0.1546,-1
KHAPRETA_510206,312148.860,2624478.200,130.1800,0.1417,2.2400,0.1431,-1
KHAPRETA_510206,312150.860,2624478.200,130.0200,0.0000,2.4000,0.1534,-1
KHAPRETA_510206,312154.860,2624478.200,129.9700,0.0919,2.4500,0.1565,-1
KHAPRETA_510206,312156.860,2624478.200,129.8900,0.0569,2.5300,0.1617,-1
KHAPRETA_510206,312166.860,2624478.200,130.0100,0.2519,2.4100,0.1540,-1
KHAPRETA_510206,312167.860,2624478.200,130.2800,0.1169,2.1400,0.1367,-1
KHAPRETA_510206,312169.860,2624478.200,131.9200,0.0400,0.5000,0.0319,-1
KHAPRETA_510206,312187.860,2624478.200,131.1800,0.0000,1.2400,0.0792,-1
KHAPRETA_510206,312192.860,2624478.200,131.4500,0.0000,0.9700,0.0620,-1
KHAPRETA_510206,312194.860,2624478.200,132.0400,0.7669,0.3800,0.0243,-1
KHAPRETA_510206,312195.860,2624478.200,131.3100,1.3843,1.1100,0.0709,-1
KHAPRETA_510206,312198.860,2624478.200,131.2000,1.0747,1.2200,0.0780,-1
KHAPRETA_510206,312199.860,2624478.200,131.2400,1.0283,1.1800,0.0754,-1
KHAPRETA_510206,312203.860,2624478.200,131.1500,0.0000,1.2700,0.0812,-1
KHAPRETA_510206,312206.860,2624478.200,131.1000,0.0000,1.3200,0.0843,-1
KHAPRETA_510206,312210.860,2624478.200,131.1100,0.6619,1.3100,0.0837,-1
KHAPRETA_510206,312215.860,2624478.200,131.1400,0.6969,1.2800,0.0818,-1
KHAPRETA_510206,312221.860,2624478.200,131.1600,0.0000,1.2600,0.0805,-1
KHAPRETA_510206,312224.860,2624478.200,131.1500,0.6969,1.2700,0.0812,-1
KHAPRETA_510206,312227.860,2624478.200,131.1800,0.0000,1.2400,0.0792,-1
KHAPRETA_510206,312235.860,2624478.200,131.3500,0.9569,1.0700,0.0684,-1
KHAPRETA_510206,312236.860,2624478.200,131.6900,1.3097,0.7300,0.0466,-1
KHAPRETA_510206,312239.860,2624478.200,131.7600,0.7669,0.6600,0.0422,-1
KHAPRETA_510206,312240.860,2624478.200,131.3100,1.2946,1.1100,0.0709,-1
KHAPRETA_510206,312243.860,2624478.200,131.5900,1.4025,0.8300,0.0530,-1
KHAPRETA_510206,312244.860,2624478.200,131.6200,1.5378,0.8000,0.0511,-1
KHAPRETA_510206,311947.860,2624479.200,128.7700,0.7055,3.6500,0.2332,-1
KHAPRETA_510206,311948.860,2624479.200,128.6700,0.4280,3.7500,0.2396,-1
KHAPRETA_510206,311949.860,2624479.200,128.6400,0.5531,3.7800,0.2415,-1
KHAPRETA_510206,311952.860,2624479.200,128.8800,0.6797,3.5400,0.2262,-1
KHAPRETA_510206,311953.860,2624479.200,128.8300,0.4481,3.5900,0.2294,-1
KHAPRETA_510206,311955.860,2624479.200,128.8500,0.0000,3.5700,0.2281,-1
KHAPRETA_510206,311968.860,2624479.200,129.5500,0.3860,2.8700,0.1834,-1
KHAPRETA_510206,311969.860,2624479.200,129.6200,0.0250,2.8000,0.1789,-1
KHAPRETA_510206,311970.860,2624479.200,129.5000,0.1763,2.9200,0.1866,-1
KHAPRETA_510206,311972.860,2624479.200,129.4100,0.2881,3.0100,0.1923,-1
KHAPRETA_510206,311973.860,2624479.200,129.2000,0.1831,3.2200,0.2058,-1
KHAPRETA_510206,311976.860,2624479.200,129.0900,0.4499,3.3300,0.2128,-1
KHAPRETA_510206,311977.860,2624479.200,129.1300,0.3431,3.2900,0.2102,-1
KHAPRETA_510206,311979.860,2624479.200,129.1900,0.0931,3.2300,0.2064,-1
KHAPRETA_510206,311989.860,2624479.200,129.2100,0.2113,3.2100,0.2051,-1
KHAPRETA_510206,311990.860,2624479.200,129.8500,0.2936,2.5700,0.1642,-1
KHAPRETA_510206,311992.860,2624479.200,129.6900,0.0631,2.7300,0.1744,-1
KHAPRETA_510206,311993.860,2624479.200,129.6500,0.1579,2.7700,0.1770,-1
KHAPRETA_510206,311996.860,2624479.200,129.7900,0.0519,2.6300,0.1681,-1
KHAPRETA_510206,311997.860,2624479.200,129.8800,0.0069,2.5400,0.1623,-1
KHAPRETA_510206,311999.860,2624479.200,129.7900,0.0000,2.6300,0.1681,-1
KHAPRETA_510206,312007.860,2624479.200,129.7900,0.1043,2.6300,0.1681,-1
KHAPRETA_510206,312008.860,2624479.200,129.9800,0.0791,2.4400,0.1559,-1
KHAPRETA_510206,312009.860,2624479.200,129.9300,0.1193,2.4900,0.1591,-1
KHAPRETA_510206,312016.860,2624479.200,131.6100,0.0000,0.8100,0.0518,-1
KHAPRETA_510206,312019.860,2624479.200,131.6300,0.9019,0.7900,0.0505,-1
KHAPRETA_510206,312021.860,2624479.200,131.6400,0.9528,0.7800,0.0498,-1
KHAPRETA_510206,312022.860,2624479.200,131.6800,1.2197,0.7400,0.0473,-1
KHAPRETA_510206,312025.860,2624479.200,131.4000,0.0000,1.0200,0.0652,-1
KHAPRETA_510206,312032.860,2624479.200,131.4800,0.6119,0.9400,0.0601,-1
KHAPRETA_510206,312033.860,2624479.200,131.0000,0.6475,1.4200,0.0907,-1
KHAPRETA_510206,312034.860,2624479.200,131.3100,0.8445,1.1100,0.0709,-1
KHAPRETA_510206,312037.860,2624479.200,130.6600,0.5319,1.7600,0.1125,-1
KHAPRETA_510206,312040.860,2624479.200,130.9100,0.4624,1.5100,0.0965,-1
KHAPRETA_510206,312041.860,2624479.200,130.7000,0.1150,1.7200,0.1099,-1
KHAPRETA_510206,312042.860,2624479.200,130.6800,0.4619,1.7400,0.1112,-1
KHAPRETA_510206,312052.860,2624479.200,130.6500,0.0000,1.7700,0.1131,-1
KHAPRETA_510206,312054.860,2624479.200,130.8100,0.0100,1.6100,0.1029,-1
KHAPRETA_510206,312057.860,2624479.200,130.8600,0.0000,1.5600,0.0997,-1
KHAPRETA_510206,312065.860,2624479.200,130.9300,0.5869,1.4900,0.0952,-1
KHAPRETA_510206,312073.860,2624479.200,131.0100,0.6269,1.4100,0.0901,-1
KHAPRETA_510206,312074.860,2624479.200,131.0300,0.6169,1.3900,0.0888,-1
KHAPRETA_510206,312077.860,2624479.200,131.0100,0.8866,1.4100,0.0901,-1
KHAPRETA_510206,312078.860,2624479.200,131.0300,0.6169,1.3900,0.0888,-1
KHAPRETA_510206,312079.860,2624479.200,131.0100,0.8796,1.4100,0.0901,-1
KHAPRETA_510206,312091.860,2624479.200,130.7400,0.4769,1.6800,0.1073,-1
KHAPRETA_510206,312095.860,2624479.200,130.6500,0.0000,1.7700,0.1131,-1
KHAPRETA_510206,312097.860,2624479.200,130.8300,0.5119,1.5900,0.1016,-1
KHAPRETA_510206,312100.860,2624479.200,130.7900,0.5069,1.6300,0.1042,-1
KHAPRETA_510206,312101.860,2624479.200,130.7900,0.7134,1.6300,0.1042,-1
KHAPRETA_510206,312104.860,2624479.200,130.8200,0.0000,1.6000,0.1022,-1
KHAPRETA_510206,312108.860,2624479.200,130.6800,0.0000,1.7400,0.1112,-1
KHAPRETA_510206,312113.860,2624479.200,130.8700,0.5019,1.5500,0.0990,-1
KHAPRETA_510206,312114.860,2624479.200,130.7800,0.7560,1.6400,0.1048,-1
KHAPRETA_510206,312116.860,2624479.200,130.8000,0.5319,1.6200,0.1035,-1
KHAPRETA_510206,312118.860,2624479.200,130.8300,0.1350,1.5900,0.1016,-1
KHAPRETA_510206,312120.860,2624479.200,130.1200,0.0000,2.3000,0.1470,-1
KHAPRETA_510206,312131.860,2624479.200,130.0000,0.0569,2.4200,0.1546,-1
KHAPRETA_510206,312137.860,2624479.200,130.0500,0.0000,2.3700,0.1514,-1
KHAPRETA_510206,312139.860,2624479.200,130.1000,0.1719,2.3200,0.1482,-1
KHAPRETA_510206,312144.860,2624479.200,130.2300,0.1219,2.1900,0.1399,-1
KHAPRETA_510206,312145.860,2624479.200,130.0200,0.2381,2.4000,0.1534,-1
KHAPRETA_510206,312147.860,2624479.200,129.9600,0.1417,2.4600,0.1572,-1
KHAPRETA_510206,312148.860,2624479.200,129.9500,0.2219,2.4700,0.1578,-1
KHAPRETA_510206,312151.860,2624479.200,130.0300,0.0869,2.3900,0.1527,-1
KHAPRETA_510206,312152.860,2624479.200,129.9500,0.1269,2.4700,0.1578,-1
KHAPRETA_510206,312156.860,2624479.200,129.8900,0.0569,2.5300,0.1617,-1
KHAPRETA_510206,312160.860,2624479.200,129.9200,0.0000,2.5000,0.1597,-1
KHAPRETA_510206,312164.860,2624479.200,129.8500,0.0000,2.5700,0.1642,-1
KHAPRETA_510206,312169.860,2624479.200,131.0100,0.8269,1.4100,0.0901,-1
KHAPRETA_510206,312170.860,2624479.200,131.0700,0.6169,1.3500,0.0863,-1
KHAPRETA_510206,312188.860,2624479.200,131.3500,0.0000,1.0700,0.0684,-1
KHAPRETA_510206,312195.860,2624479.200,131.3700,0.0250,1.0500,0.0671,-1
KHAPRETA_510206,312199.860,2624479.200,131.2600,0.7319,1.1600,0.0741,-1
KHAPRETA_510206,312201.860,2624479.200,131.2100,0.0000,1.2100,0.0773,-1
KHAPRETA_510206,312215.860,2624479.200,131.1700,0.6819,1.2500,0.0799,-1
KHAPRETA_510206,312218.860,2624479.200,131.1200,0.0000,1.3000,0.0831,-1
KHAPRETA_510206,312220.860,2624479.200,131.2000,0.0000,1.2200,0.0780,-1
KHAPRETA_510206,312224.860,2624479.200,131.1700,0.6869,1.2500,0.0799,-1
KHAPRETA_510206,312234.860,2624479.200,131.3600,0.0000,1.0600,0.0677,-1
KHAPRETA_510206,312237.860,2624479.200,131.4800,1.4810,0.9400,0.0601,-1
KHAPRETA_510206,312238.860,2624479.200,132.2400,0.8519,0.1800,0.0115,-1
KHAPRETA_510206,312242.860,2624479.200,131.6700,1.0569,0.7500,0.0479,-1
KHAPRETA_510206,312243.860,2624479.200,131.8900,0.9537,0.5300,0.0339,-1
KHAPRETA_510206,312244.860,2624479.200,132.2600,1.0817,0.1600,0.0102,-1
KHAPRETA_510206,312248.860,2624479.200,132.1500,0.0000,0.2700,0.0173,-1
KHAPRETA_510206,312251.860,2624479.200,132.3900,0.0000,0.0300,0.0019,-1
KHAPRETA_510206,312260.860,2624479.200,132.3500,0.0000,0.0700,0.0045,-1
KHAPRETA_510206,311948.860,2624480.200,128.9300,0.0550,3.4900,0.2230,-1
KHAPRETA_510206,311961.860,2624480.200,129.0800,0.4031,3.3400,0.2134,-1
KHAPRETA_510206,311965.860,2624480.200,129.0200,0.1531,3.4000,0.2173,-1
KHAPRETA_510206,311971.860,2624480.200,129.5000,0.3331,2.9200,0.1866,-1
KHAPRETA_510206,311979.860,2624480.200,129.5900,0.2931,2.8300,0.1808,-1
KHAPRETA_510206,311984.860,2624480.200,129.3200,0.2668,3.1000,0.1981,-1
KHAPRETA_510206,311985.860,2624480.200,129.4300,0.2281,2.9900,0.1911,-1
KHAPRETA_510206,311988.860,2624480.200,129.3900,0.2081,3.0300,0.1936,-1
KHAPRETA_510206,311989.860,2624480.200,129.3600,0.3426,3.0600,0.1955,-1
KHAPRETA_510206,311993.860,2624480.200,130.0800,0.0631,2.3400,0.1495,-1
KHAPRETA_510206,311998.860,2624480.200,129.8300,0.0669,2.5900,0.1655,-1
KHAPRETA_510206,312011.860,2624480.200,130.0600,0.1917,2.3600,0.1508,-1
KHAPRETA_510206,312012.860,2624480.200,130.0800,0.0100,2.3400,0.1495,-1
KHAPRETA_510206,312013.860,2624480.200,130.0800,0.1519,2.3400,0.1495,-1
KHAPRETA_510206,312019.860,2624480.200,131.5800,0.9269,0.8400,0.0537,-1
KHAPRETA_510206,312021.860,2624480.200,131.5000,0.9319,0.9200,0.0588,-1
KHAPRETA_510206,312037.860,2624480.200,130.8400,0.0450,1.5800,0.1010,-1
KHAPRETA_510206,312040.860,2624480.200,131.1100,0.5669,1.3100,0.0837,-1
KHAPRETA_510206,312046.860,2624480.200,130.6500,0.0000,1.7700,0.1131,-1
KHAPRETA_510206,312049.860,2624480.200,130.7400,0.0000,1.6800,0.1073,-1
KHAPRETA_510206,312054.860,2624480.200,130.8400,0.5272,1.5800,0.1010,-1
KHAPRETA_510206,312055.860,2624480.200,130.8300,0.5319,1.5900,0.1016,-1
KHAPRETA_510206,312062.860,2624480.200,130.9300,0.0000,1.4900,0.0952,-1
KHAPRETA_510206,312065.860,2624480.200,130.9500,0.5871,1.4700,0.0939,-1
KHAPRETA_510206,312066.860,2624480.200,130.9500,0.5869,1.4700,0.0939,-1
KHAPRETA_510206,312075.860,2624480.200,131.0300,0.9049,1.3900,0.0888,-1
KHAPRETA_510206,312076.860,2624480.200,131.0100,0.0000,1.4100,0.0901,-1
KHAPRETA_510206,312077.860,2624480.200,131.0300,0.8725,1.3900,0.0888,-1
KHAPRETA_510206,312080.860,2624480.200,131.0000,0.6069,1.4200,0.0907,-1
KHAPRETA_510206,312081.860,2624480.200,130.9900,0.8833,1.4300,0.0914,-1
KHAPRETA_510206,312086.860,2624480.200,131.0200,0.6319,1.4000,0.0895,-1
KHAPRETA_510206,312088.860,2624480.200,131.0700,0.8941,1.3500,0.0863,-1
KHAPRETA_510206,312089.860,2624480.200,131.0800,0.6469,1.3400,0.0856,-1
KHAPRETA_510206,312097.860,2624480.200,130.8000,0.7452,1.6200,0.1035,-1
KHAPRETA_510206,312098.860,2624480.200,130.8300,0.5119,1.5900,0.1016,-1
KHAPRETA_510206,312101.860,2624480.200,130.7800,0.5069,1.6400,0.1048,-1
KHAPRETA_510206,312105.860,2624480.200,130.5200,0.0000,1.9000,0.1214,-1
KHAPRETA_510206,312112.860,2624480.200,130.7200,0.0000,1.7000,0.1086,-1
KHAPRETA_510206,312118.860,2624480.200,130.7100,0.5269,1.7100,0.1093,-1
KHAPRETA_510206,312127.860,2624480.200,130.0200,0.0000,2.4000,0.1534,-1
KHAPRETA_510206,312139.860,2624480.200,130.1200,0.1619,2.3000,0.1470,-1
KHAPRETA_510206,312141.860,2624480.200,130.1800,0.0000,2.2400,0.1431,-1
KHAPRETA_510206,312143.860,2624480.200,130.0700,0.0000,2.3500,0.1502,-1
KHAPRETA_510206,312154.860,2624480.200,130.0100,0.0000,2.4100,0.1540,-1
KHAPRETA_510206,312161.860,2624480.200,129.8700,0.0719,2.5500,0.1629,-1
KHAPRETA_510206,312162.860,2624480.200,129.9200,0.0469,2.5000,0.1597,-1
KHAPRETA_510206,312169.860,2624480.200,130.8900,0.6169,1.5300,0.0978,-1
KHAPRETA_510206,312190.860,2624480.200,131.4300,0.0000,0.9900,0.0633,-1
KHAPRETA_510206,312194.860,2624480.200,131.3000,0.7919,1.1200,0.0716,-1
KHAPRETA_510206,312195.860,2624480.200,131.3600,1.1026,1.0600,0.0677,-1
KHAPRETA_510206,312200.860,2624480.200,131.2400,0.0000,1.1800,0.0754,-1
KHAPRETA_510206,312202.860,2624480.200,131.1700,0.6769,1.2500,0.0799,-1
KHAPRETA_510206,312212.860,2624480.200,131.1400,0.7069,1.2800,0.0818,-1
KHAPRETA_510206,312213.860,2624480.200,131.1900,0.6819,1.2300,0.0786,-1
KHAPRETA_510206,312216.860,2624480.200,131.2000,0.7169,1.2200,0.0780,-1
KHAPRETA_510206,312217.860,2624480.200,131.2100,1.0139,1.2100,0.0773,-1
KHAPRETA_510206,312225.860,2624480.200,131.2300,0.0000,1.1900,0.0760,-1
KHAPRETA_510206,312237.860,2624480.200,131.4200,0.8519,1.0000,0.0639,-1
KHAPRETA_510206,312240.860,2624480.200,131.2500,1.3119,1.1700,0.0748,-1
KHAPRETA_510206,312244.860,2624480.200,132.0800,1.2419,0.3400,0.0217,-1
KHAPRETA_510206,312249.860,2624480.200,132.2400,1.1769,0.1800,0.0115,-1
KHAPRETA_510206,312253.860,2624480.200,132.1600,0.0000,0.2600,0.0166,-1
KHAPRETA_510206,312264.860,2624480.200,132.3600,0.0000,0.0600,0.0038,-1
KHAPRETA_510206,311948.860,2624481.200,128.7800,0.1500,3.6400,0.2326,-1
KHAPRETA_510206,311950.860,2624481.200,128.7800,0.0000,3.6400,0.2326,-1
KHAPRETA_510206,311961.860,2624481.200,128.9700,0.0700,3.4500,0.2204,-1
KHAPRETA_510206,311965.860,2624481.200,129.4700,0.0300,2.9500,0.1885,-1
KHAPRETA_510206,311968.860,2624481.200,129.5700,0.3531,2.8500,0.1821,-1
KHAPRETA_510206,311971.860,2624481.200,129.1100,0.1381,3.3100,0.2115,-1
KHAPRETA_510206,311975.860,2624481.200,129.6000,0.0000,2.8200,0.1802,-1
KHAPRETA_510206,311978.860,2624481.200,129.4800,0.2181,2.9400,0.1879,-1
KHAPRETA_510206,311980.860,2624481.200,129.4800,0.3509,2.9400,0.1879,-1
KHAPRETA_510206,311981.860,2624481.200,129.2700,0.1481,3.1500,0.2013,-1
KHAPRETA_510206,311983.860,2624481.200,129.2600,0.2031,3.1600,0.2019,-1
KHAPRETA_510206,311984.860,2624481.200,129.3700,0.2604,3.0500,0.1949,-1
KHAPRETA_510206,311990.860,2624481.200,129.4900,0.1119,2.9300,0.1872,-1
KHAPRETA_510206,311991.860,2624481.200,130.0000,0.3687,2.4200,0.1546,-1
KHAPRETA_510206,311992.860,2624481.200,130.2200,0.1119,2.2000,0.1406,-1
KHAPRETA_510206,311998.860,2624481.200,129.9100,0.0269,2.5100,0.1604,-1
KHAPRETA_510206,312007.860,2624481.200,129.9600,0.0000,2.4600,0.1572,-1
KHAPRETA_510206,312011.860,2624481.200,130.0100,0.0100,2.4100,0.1540,-1
KHAPRETA_510206,312026.860,2624481.200,132.0900,1.2419,0.3300,0.0211,-1
KHAPRETA_510206,312032.860,2624481.200,131.4000,0.7819,1.0200,0.0652,-1
KHAPRETA_510206,312036.860,2624481.200,130.4200,0.7127,2.0000,0.1278,-1
KHAPRETA_510206,312037.860,2624481.200,130.5700,0.3790,1.8500,0.1182,-1
KHAPRETA_510206,312039.860,2624481.200,131.0200,0.0000,1.4000,0.0895,-1
KHAPRETA_510206,312041.860,2624481.200,130.7500,0.0000,1.6700,0.1067,-1
KHAPRETA_510206,312051.860,2624481.200,130.8100,0.0000,1.6100,0.1029,-1
KHAPRETA_510206,312053.860,2624481.200,130.8100,0.5319,1.6100,0.1029,-1
KHAPRETA_510206,312054.860,2624481.200,130.8400,0.7417,1.5800,0.1010,-1
KHAPRETA_510206,312056.860,2624481.200,130.9000,0.0000,1.5200,0.0971,-1
KHAPRETA_510206,312059.860,2624481.200,130.8500,0.0000,1.5700,0.1003,-1
KHAPRETA_510206,312065.860,2624481.200,130.9600,0.5869,1.4600,0.0933,-1
KHAPRETA_510206,312069.860,2624481.200,131.0100,0.0000,1.4100,0.0901,-1
KHAPRETA_510206,312072.860,2624481.200,131.1000,0.0000,1.3200,0.0843,-1
KHAPRETA_510206,312075.860,2624481.200,131.1000,0.6269,1.3200,0.0843,-1
KHAPRETA_510206,312081.860,2624481.200,131.0500,0.6069,1.3700,0.0875,-1
KHAPRETA_510206,312084.860,2624481.200,131.0100,0.6669,1.4100,0.0901,-1
KHAPRETA_510206,312086.860,2624481.200,131.0400,0.6219,1.3800,0.0882,-1
KHAPRETA_510206,312088.860,2624481.200,131.0000,0.0200,1.4200,0.0907,-1
KHAPRETA_510206,312091.860,2624481.200,130.8700,0.5019,1.5500,0.0990,-1
KHAPRETA_510206,312092.860,2624481.200,130.7800,0.5469,1.6400,0.1048,-1
KHAPRETA_510206,312095.860,2624481.200,130.8100,0.5369,1.6100,0.1029,-1
KHAPRETA_510206,312099.860,2624481.200,130.8800,0.5369,1.5400,0.0984,-1
KHAPRETA_510206,312113.860,2624481.200,130.8400,0.0000,1.5800,0.1010,-1
KHAPRETA_510206,312123.860,2624481.200,130.1000,0.0000,2.3200,0.1482,-1
KHAPRETA_510206,312126.860,2624481.200,130.0800,0.0000,2.3400,0.1495,-1
KHAPRETA_510206,312129.860,2624481.200,130.1100,0.0000,2.3100,0.1476,-1
KHAPRETA_510206,312133.860,2624481.200,129.9900,0.1097,2.4300,0.1553,-1
KHAPRETA_510206,312134.860,2624481.200,129.9500,0.1069,2.4700,0.1578,-1
KHAPRETA_510206,312144.860,2624481.200,130.0900,0.0000,2.3300,0.1489,-1
KHAPRETA_510206,312153.860,2624481.200,130.0900,0.0000,2.3300,0.1489,-1
KHAPRETA_510206,312156.860,2624481.200,129.9000,0.0000,2.5200,0.1610,-1
KHAPRETA_510206,312160.860,2624481.200,129.8400,0.0319,2.5800,0.1649,-1
KHAPRETA_510206,312164.860,2624481.200,129.8700,0.0000,2.5500,0.1629,-1
KHAPRETA_510206,312171.860,2624481.200,131.6500,0.0000,0.7700,0.0492,-1
KHAPRETA_510206,312192.860,2624481.200,131.5700,1.0119,0.8500,0.0543,-1
KHAPRETA_510206,312197.860,2624481.200,131.2700,0.7369,1.1500,0.0735,-1
KHAPRETA_510206,312198.860,2624481.200,131.2500,0.0150,1.1700,0.0748,-1
KHAPRETA_510206,312199.860,2624481.200,131.3000,0.7369,1.1200,0.0716,-1
KHAPRETA_510206,312201.860,2624481.200,131.2500,0.6769,1.1700,0.0748,-1
KHAPRETA_510206,312202.860,2624481.200,131.1300,1.0143,1.2900,0.0824,-1
KHAPRETA_510206,312204.860,2624481.200,131.2300,0.0000,1.1900,0.0760,-1
KHAPRETA_510206,312217.860,2624481.200,131.2200,0.7169,1.2000,0.0767,-1
KHAPRETA_510206,312219.860,2624481.200,131.2200,0.7269,1.2000,0.0767,-1
KHAPRETA_510206,312224.860,2624481.200,131.3000,0.0000,1.1200,0.0716,-1
KHAPRETA_510206,312235.860,2624481.200,131.4400,0.8219,0.9800,0.0626,-1
KHAPRETA_510206,312238.860,2624481.200,131.4500,0.8419,0.9700,0.0620,-1
KHAPRETA_510206,312239.860,2624481.200,131.4600,0.4750,0.9600,0.0613,-1
KHAPRETA_510206,312240.860,2624481.200,132.4000,0.8246,0.0200,0.0013,-1
KHAPRETA_510206,312241.860,2624481.200,132.2000,1.3126,0.2200,0.0141,-1
KHAPRETA_510206,312242.860,2624481.200,131.5500,1.2119,0.8700,0.0556,-1
KHAPRETA_510206,312249.860,2624481.200,132.1300,0.0900,0.2900,0.0185,-1
KHAPRETA_510206,312251.860,2624481.200,132.2000,0.0000,0.2200,0.0141,-1
KHAPRETA_510206,312255.860,2624481.200,132.3700,0.0000,0.0500,0.0032,-1
KHAPRETA_510206,312257.860,2624481.200,132.1100,1.2319,0.3100,0.0198,-1
KHAPRETA_510206,312259.860,2624481.200,132.2100,1.7035,0.2100,0.0134,-1
KHAPRETA_510206,312260.860,2624481.200,132.2200,1.2169,0.2000,0.0128,-1
KHAPRETA_510206,312262.860,2624481.200,132.4200,0.0000,0.0000,0.0000,-1
KHAPRETA_510206,311948.860,2624482.200,128.6300,0.0850,3.7900,0.2422,-1
KHAPRETA_510206,311951.860,2624482.200,128.7800,0.0000,3.6400,0.2326,-1
KHAPRETA_510206,311953.860,2624482.200,128.7600,0.0000,3.6600,0.2339,-1
KHAPRETA_510206,311956.860,2624482.200,129.0100,0.5773,3.4100,0.2179,-1
KHAPRETA_510206,311957.860,2624482.200,128.9800,0.3831,3.4400,0.2198,-1
KHAPRETA_510206,311961.860,2624482.200,128.9400,0.4031,3.4800,0.2224,-1
KHAPRETA_510206,311964.860,2624482.200,129.0700,0.3481,3.3500,0.2141,-1
KHAPRETA_510206,311965.860,2624482.200,129.0800,0.3848,3.3400,0.2134,-1
KHAPRETA_510206,311968.860,2624482.200,129.0700,0.1031,3.3500,0.2141,-1
KHAPRETA_510206,311972.860,2624482.200,129.1000,0.1931,3.3200,0.2121,-1
KHAPRETA_510206,311973.860,2624482.200,129.3900,0.3381,3.0300,0.1936,-1
KHAPRETA_510206,311976.860,2624482.200,129.5400,0.0000,2.8800,0.1840,-1
KHAPRETA_510206,311978.860,2624482.200,129.3400,0.1481,3.0800,0.1968,-1
KHAPRETA_510206,311980.860,2624482.200,129.2900,0.1481,3.1300,0.2000,-1
KHAPRETA_510206,311982.860,2624482.200,129.3800,0.2381,3.0400,0.1942,-1
KHAPRETA_510206,311984.860,2624482.200,129.3900,0.0200,3.0300,0.1936,-1
KHAPRETA_510206,311987.860,2624482.200,129.3800,0.1817,3.0400,0.1942,-1
KHAPRETA_510206,311988.860,2624482.200,129.5400,0.0500,2.8800,0.1840,-1
KHAPRETA_510206,311989.860,2624482.200,129.2800,0.1181,3.1400,0.2006,-1
KHAPRETA_510206,311991.860,2624482.200,129.8800,0.1119,2.5400,0.1623,-1
KHAPRETA_510206,311996.860,2624482.200,129.9200,0.0000,2.5000,0.1597,-1
KHAPRETA_510206,312008.860,2624482.200,129.8900,0.0000,2.5300,0.1617,-1
KHAPRETA_510206,312010.860,2624482.200,129.9700,0.1519,2.4500,0.1565,-1
KHAPRETA_510206,312011.860,2624482.200,130.0800,0.0981,2.3400,0.1495,-1
KHAPRETA_510206,312016.860,2624482.200,131.2500,0.8519,1.1700,0.0748,-1
KHAPRETA_510206,312017.860,2624482.200,131.4800,1.2118,0.9400,0.0601,-1
KHAPRETA_510206,312019.860,2624482.200,132.0200,0.0000,0.4000,0.0256,-1
KHAPRETA_510206,312023.860,2624482.200,132.2400,0.0000,0.1800,0.0115,-1
KHAPRETA_510206,312026.860,2624482.200,132.2600,1.1569,0.1600,0.0102,-1
KHAPRETA_510206,312032.860,2624482.200,131.3400,0.8119,1.0800,0.0690,-1
KHAPRETA_510206,312036.860,2624482.200,130.9600,0.4624,1.4600,0.0933,-1
KHAPRETA_510206,312037.860,2624482.200,130.4400,0.7127,1.9800,0.1265,-1
KHAPRETA_510206,312040.860,2624482.200,130.9200,0.0000,1.5000,0.0958,-1
KHAPRETA_510206,312042.860,2624482.200,130.5200,0.0000,1.9000,0.1214,-1
KHAPRETA_510206,312045.860,2624482.200,130.7100,0.0000,1.7100,0.1093,-1
KHAPRETA_510206,312062.860,2624482.200,130.9300,0.0000,1.4900,0.0952,-1
KHAPRETA_510206,312068.860,2624482.200,130.9500,0.0000,1.4700,0.0939,-1
KHAPRETA_510206,312079.860,2624482.200,131.0400,0.0000,1.3800,0.0882,-1
KHAPRETA_510206,312083.860,2624482.200,131.0400,0.9153,1.3800,0.0882,-1
KHAPRETA_510206,312084.860,2624482.200,131.1100,0.8831,1.3100,0.0837,-1
KHAPRETA_510206,312088.860,2624482.200,131.0300,0.0200,1.3900,0.0888,-1
KHAPRETA_510206,312095.860,2624482.200,130.8500,0.5169,1.5700,0.1003,-1
KHAPRETA_510206,312097.860,2624482.200,130.7700,0.5119,1.6500,0.1054,-1
KHAPRETA_510206,312099.860,2624482.200,130.8500,0.5519,1.5700,0.1003,-1
KHAPRETA_510206,312102.860,2624482.200,130.6500,0.4769,1.7700,0.1131,-1
KHAPRETA_510206,312103.860,2624482.200,130.7300,0.4369,1.6900,0.1080,-1
KHAPRETA_510206,312119.860,2624482.200,130.9200,0.0000,1.5000,0.0958,-1
KHAPRETA_510206,312132.860,2624482.200,130.0100,0.0669,2.4100,0.1540,-1
KHAPRETA_510206,312133.860,2624482.200,129.9100,0.1585,2.5100,0.1604,-1
KHAPRETA_510206,312138.860,2624482.200,130.4100,0.1519,2.0100,0.1284,-1
KHAPRETA_510206,312139.860,2624482.200,130.0800,0.1800,2.3400,0.1495,-1
KHAPRETA_510206,312140.860,2624482.200,130.0500,0.1519,2.3700,0.1514,-1
KHAPRETA_510206,312143.860,2624482.200,130.4600,0.0000,1.9600,0.1252,-1
KHAPRETA_510206,312152.860,2624482.200,130.2100,0.0000,2.2100,0.1412,-1
KHAPRETA_510206,312160.860,2624482.200,129.8400,0.0050,2.5800,0.1649,-1
KHAPRETA_510206,312162.860,2624482.200,129.9000,0.0000,2.5200,0.1610,-1
KHAPRETA_510206,312165.860,2624482.200,130.7100,0.5569,1.7100,0.1093,-1
KHAPRETA_510206,312168.860,2624482.200,131.1100,0.0000,1.3100,0.0837,-1
KHAPRETA_510206,312170.860,2624482.200,131.0700,0.0000,1.3500,0.0863,-1
KHAPRETA_510206,312192.860,2624482.200,131.8000,0.0850,0.6200,0.0396,-1
KHAPRETA_510206,312194.860,2624482.200,131.7700,0.8219,0.6500,0.0415,-1
KHAPRETA_510206,312195.860,2624482.200,131.4200,0.9969,1.0000,0.0639,-1
KHAPRETA_510206,312203.860,2624482.200,131.1400,0.0000,1.2800,0.0818,-1
KHAPRETA_510206,312205.860,2624482.200,131.3100,0.0000,1.1100,0.0709,-1
KHAPRETA_510206,312209.860,2624482.200,131.2300,0.7269,1.1900,0.0760,-1
KHAPRETA_510206,312214.860,2624482.200,131.2100,0.7319,1.2100,0.0773,-1
KHAPRETA_510206,312219.860,2624482.200,131.2300,0.7219,1.1900,0.0760,-1
KHAPRETA_510206,312223.860,2624482.200,131.3200,0.0000,1.1000,0.0703,-1
KHAPRETA_510206,312232.860,2624482.200,131.3600,0.0000,1.0600,0.0677,-1
KHAPRETA_510206,312235.860,2624482.200,131.4200,0.0150,1.0000,0.0639,-1
KHAPRETA_510206,312241.860,2624482.200,132.2600,1.2119,0.1600,0.0102,-1
KHAPRETA_510206,312249.860,2624482.200,132.4200,0.0500,0.0000,0.0000,-1
KHAPRETA_510206,312252.860,2624482.200,132.1200,0.0000,0.3000,0.0192,-1
KHAPRETA_510206,312257.860,2624482.200,132.2400,1.1669,0.1800,0.0115,-1
KHAPRETA_510206,312259.860,2624482.200,132.1500,1.2169,0.2700,0.0173,-1
KHAPRETA_510206,311948.860,2624483.200,128.6100,0.7999,3.8100,0.2435,-1
KHAPRETA_510206,311949.860,2624483.200,128.6600,0.0650,3.7600,0.2403,-1
KHAPRETA_510206,311950.860,2624483.200,128.7400,0.5581,3.6800,0.2351,-1
KHAPRETA_510206,311955.860,2624483.200,128.8500,0.4181,3.5700,0.2281,-1
KHAPRETA_510206,311956.860,2624483.200,128.9400,0.6010,3.4800,0.2224,-1
KHAPRETA_510206,311959.860,2624483.200,129.0100,0.3981,3.4100,0.2179,-1
KHAPRETA_510206,311960.860,2624483.200,128.9800,0.5744,3.4400,0.2198,-1
KHAPRETA_510206,311962.860,2624483.200,129.0100,0.0000,3.4100,0.2179,-1
KHAPRETA_510206,311967.860,2624483.200,129.0400,0.0000,3.3800,0.2160,-1
KHAPRETA_510206,311969.860,2624483.200,129.2400,0.0000,3.1800,0.2032,-1
KHAPRETA_510206,311981.860,2624483.200,129.4200,0.2381,3.0000,0.1917,-1
KHAPRETA_510206,311982.860,2624483.200,129.3000,0.1787,3.1200,0.1994,-1
KHAPRETA_510206,311984.860,2624483.200,129.3300,0.2766,3.0900,0.1974,-1
KHAPRETA_510206,311985.860,2624483.200,129.3800,0.2231,3.0400,0.1942,-1
KHAPRETA_510206,311987.860,2624483.200,129.5000,0.0300,2.9200,0.1866,-1
KHAPRETA_510206,311993.860,2624483.200,129.8600,0.0620,2.5600,0.1636,-1
KHAPRETA_510206,311994.860,2624483.200,129.9000,0.0419,2.5200,0.1610,-1
KHAPRETA_510206,311997.860,2624483.200,129.7800,0.0000,2.6400,0.1687,-1
KHAPRETA_510206,312001.860,2624483.200,129.9200,0.0869,2.5000,0.1597,-1
KHAPRETA_510206,312002.860,2624483.200,129.9500,0.1030,2.4700,0.1578,-1
KHAPRETA_510206,312003.860,2624483.200,129.9500,0.1013,2.4700,0.1578,-1
KHAPRETA_510206,312011.860,2624483.200,129.9800,0.2221,2.4400,0.1559,-1
KHAPRETA_510206,312012.860,2624483.200,130.1000,0.0368,2.3200,0.1482,-1
KHAPRETA_510206,312013.860,2624483.200,130.0300,0.0850,2.3900,0.1527,-1
KHAPRETA_510206,312014.860,2624483.200,129.9300,0.1760,2.4900,0.1591,-1
KHAPRETA_510206,312017.860,2624483.200,131.7000,0.8519,0.7200,0.0460,-1
KHAPRETA_510206,312022.860,2624483.200,131.8500,0.0000,0.5700,0.0364,-1
KHAPRETA_510206,312024.860,2624483.200,132.2300,0.0000,0.1900,0.0121,-1
KHAPRETA_510206,312033.860,2624483.200,130.7700,0.7869,1.6500,0.1054,-1
KHAPRETA_510206,312034.860,2624483.200,131.3500,0.8478,1.0700,0.0684,-1
KHAPRETA_510206,312049.860,2624483.200,130.8400,0.0000,1.5800,0.1010,-1
KHAPRETA_510206,312051.860,2624483.200,130.8300,0.0000,1.5900,0.1016,-1
KHAPRETA_510206,312064.860,2624483.200,130.9100,0.5819,1.5100,0.0965,-1
KHAPRETA_510206,312067.860,2624483.200,131.0200,0.0000,1.4000,0.0895,-1
KHAPRETA_510206,312073.860,2624483.200,131.1100,0.0000,1.3100,0.0837,-1
KHAPRETA_510206,312077.860,2624483.200,131.0900,0.0000,1.3300,0.0850,-1
KHAPRETA_510206,312080.860,2624483.200,131.0700,0.9079,1.3500,0.0863,-1
KHAPRETA_510206,312081.860,2624483.200,131.0500,0.6469,1.3700,0.0875,-1
KHAPRETA_510206,312083.860,2624483.200,131.0300,0.6319,1.3900,0.0888,-1
KHAPRETA_510206,312087.860,2624483.200,131.0400,0.6319,1.3800,0.0882,-1
KHAPRETA_510206,312088.860,2624483.200,131.0400,0.6270,1.3800,0.0882,-1
KHAPRETA_510206,312089.860,2624483.200,131.0300,0.0150,1.3900,0.0888,-1
KHAPRETA_510206,312090.860,2624483.200,131.0700,0.6269,1.3500,0.0863,-1
KHAPRETA_510206,312093.860,2624483.200,130.8400,0.0000,1.5800,0.1010,-1
KHAPRETA_510206,312097.860,2624483.200,130.8000,0.0300,1.6200,0.1035,-1
KHAPRETA_510206,312101.860,2624483.200,130.6600,0.5219,1.7600,0.1125,-1
KHAPRETA_510206,312104.860,2624483.200,130.8300,0.0000,1.5900,0.1016,-1
KHAPRETA_510206,312107.860,2624483.200,130.7200,0.0000,1.7000,0.1086,-1
KHAPRETA_510206,312114.860,2624483.200,130.9100,0.0000,1.5100,0.0965,-1
KHAPRETA_510206,312117.860,2624483.200,130.7500,0.0000,1.6700,0.1067,-1
KHAPRETA_510206,312126.860,2624483.200,130.1300,0.1969,2.2900,0.1463,-1
KHAPRETA_510206,312129.860,2624483.200,130.2700,0.2169,2.1500,0.1374,-1
KHAPRETA_510206,312130.860,2624483.200,130.2100,0.2469,2.2100,0.1412,-1
KHAPRETA_510206,312142.860,2624483.200,130.1500,0.0000,2.2700,0.1450,-1
KHAPRETA_510206,312145.860,2624483.200,130.1800,0.0000,2.2400,0.1431,-1
KHAPRETA_510206,312149.860,2624483.200,130.0900,0.0000,2.3300,0.1489,-1
KHAPRETA_510206,312155.860,2624483.200,129.9500,0.0119,2.4700,0.1578,-1
KHAPRETA_510206,312156.860,2624483.200,129.8000,0.0000,2.6200,0.1674,-1
KHAPRETA_510206,312157.860,2624483.200,129.9500,0.0680,2.4700,0.1578,-1
KHAPRETA_510206,312159.860,2624483.200,129.9000,0.0809,2.5200,0.1610,-1
KHAPRETA_510206,312160.860,2624483.200,129.8500,0.0697,2.5700,0.1642,-1
KHAPRETA_510206,312163.860,2624483.200,130.3300,0.0000,2.0900,0.1335,-1
KHAPRETA_510206,312165.860,2624483.200,130.8900,0.8060,1.5300,0.0978,-1
KHAPRETA_510206,312166.860,2624483.200,131.0900,0.1200,1.3300,0.0850,-1
KHAPRETA_510206,312167.860,2624483.200,131.1300,0.6569,1.2900,0.0824,-1
KHAPRETA_510206,312172.860,2624483.200,131.2200,0.0000,1.2000,0.0767,-1
KHAPRETA_510206,312189.860,2624483.200,131.6200,1.2669,0.8000,0.0511,-1
KHAPRETA_510206,312190.860,2624483.200,132.3100,1.3038,0.1100,0.0070,-1
KHAPRETA_510206,312192.860,2624483.200,131.7400,1.0119,0.6800,0.0435,-1
KHAPRETA_510206,312196.860,2624483.200,131.2500,0.0000,1.1700,0.0748,-1
KHAPRETA_510206,312199.860,2624483.200,131.2500,0.0000,1.1700,0.0748,-1
KHAPRETA_510206,312204.860,2624483.200,131.2400,0.7069,1.1800,0.0754,-1
KHAPRETA_510206,312206.860,2624483.200,131.2300,0.7369,1.1900,0.0760,-1
KHAPRETA_510206,312209.860,2624483.200,131.2300,1.0316,1.1900,0.0760,-1
KHAPRETA_510206,312210.860,2624483.200,131.2400,0.7269,1.1800,0.0754,-1
KHAPRETA_510206,312212.860,2624483.200,131.2700,0.0000,1.1500,0.0735,-1
KHAPRETA_510206,312214.860,2624483.200,131.2400,0.0300,1.1800,0.0754,-1
KHAPRETA_510206,312216.860,2624483.200,131.3100,0.7469,1.1100,0.0709,-1
KHAPRETA_510206,312217.860,2624483.200,131.2700,0.7669,1.1500,0.0735,-1
KHAPRETA_510206,312220.860,2624483.200,131.3100,0.7919,1.1100,0.0709,-1
KHAPRETA_510206,312224.860,2624483.200,131.3700,0.0000,1.0500,0.0671,-1
KHAPRETA_510206,312226.860,2624483.200,131.4300,0.0000,0.9900,0.0633,-1
KHAPRETA_510206,312229.860,2624483.200,131.3700,0.0000,1.0500,0.0671,-1
KHAPRETA_510206,312235.860,2624483.200,131.4700,1.1766,0.9500,0.0607,-1
KHAPRETA_510206,312236.860,2624483.200,131.4600,0.0100,0.9600,0.0613,-1
KHAPRETA_510206,312237.860,2624483.200,131.4900,1.2193,0.9300,0.0594,-1
KHAPRETA_510206,312249.860,2624483.200,132.0300,1.3219,0.3900,0.0249,-1
KHAPRETA_510206,312251.860,2624483.200,132.2800,0.0000,0.1400,0.0089,-1
KHAPRETA_510206,312253.860,2624483.200,132.3500,0.0000,0.0700,0.0045,-1
KHAPRETA_510206,311953.860,2624484.200,128.8800,0.6266,3.5400,0.2262,-1
KHAPRETA_510206,311954.860,2624484.200,128.8900,0.6443,3.5300,0.2256,-1
KHAPRETA_510206,311960.860,2624484.200,128.9200,0.3956,3.5000,0.2236,-1
KHAPRETA_510206,311961.860,2624484.200,128.9900,0.4281,3.4300,0.2192,-1
KHAPRETA_510206,311977.860,2624484.200,129.3200,0.0000,3.1000,0.1981,-1
KHAPRETA_510206,311979.860,2624484.200,129.4700,0.0000,2.9500,0.1885,-1
KHAPRETA_510206,311982.860,2624484.200,129.4100,0.2381,3.0100,0.1923,-1
KHAPRETA_510206,311987.860,2624484.200,129.4400,0.1381,2.9800,0.1904,-1
KHAPRETA_510206,311989.860,2624484.200,129.6800,0.0269,2.7400,0.1751,-1
KHAPRETA_510206,311992.860,2624484.200,129.8300,0.0019,2.5900,0.1655,-1
KHAPRETA_510206,311993.860,2624484.200,129.7800,0.0498,2.6400,0.1687,-1
KHAPRETA_510206,311999.860,2624484.200,129.9000,0.0000,2.5200,0.1610,-1
KHAPRETA_510206,312002.860,2624484.200,129.9800,0.1013,2.4400,0.1559,-1
KHAPRETA_510206,312003.860,2624484.200,129.8800,0.0522,2.5400,0.1623,-1
KHAPRETA_510206,312004.860,2624484.200,129.8800,0.0887,2.5400,0.1623,-1
KHAPRETA_510206,312012.860,2624484.200,129.8300,0.1619,2.5900,0.1655,-1
KHAPRETA_510206,312014.860,2624484.200,130.0200,0.0769,2.4000,0.1534,-1
KHAPRETA_510206,312018.860,2624484.200,131.7800,0.0000,0.6400,0.0409,-1
KHAPRETA_510206,312031.860,2624484.200,131.5000,1.0824,0.9200,0.0588,-1
KHAPRETA_510206,312032.860,2624484.200,131.3800,1.1243,1.0400,0.0665,-1
KHAPRETA_510206,312034.860,2624484.200,131.1500,0.1050,1.2700,0.0812,-1
KHAPRETA_510206,312039.860,2624484.200,130.7800,0.0000,1.6400,0.1048,-1
KHAPRETA_510206,312045.860,2624484.200,130.8000,0.0000,1.6200,0.1035,-1
KHAPRETA_510206,312047.860,2624484.200,130.7800,0.0000,1.6400,0.1048,-1
KHAPRETA_510206,312052.860,2624484.200,130.8700,0.5419,1.5500,0.0990,-1
KHAPRETA_510206,312053.860,2624484.200,130.8600,0.5469,1.5600,0.0997,-1
KHAPRETA_510206,312056.860,2624484.200,130.8800,0.5269,1.5400,0.0984,-1
KHAPRETA_510206,312060.860,2624484.200,130.9500,0.0000,1.4700,0.0939,-1
KHAPRETA_510206,312062.860,2624484.200,130.9400,0.0000,1.4800,0.0946,-1
KHAPRETA_510206,312064.860,2624484.200,130.9400,0.5669,1.4800,0.0946,-1
KHAPRETA_510206,312080.860,2624484.200,131.0700,0.6469,1.3500,0.0863,-1
KHAPRETA_510206,312086.860,2624484.200,131.0700,0.0000,1.3500,0.0863,-1
KHAPRETA_510206,312091.860,2624484.200,131.0600,0.6719,1.3600,0.0869,-1
KHAPRETA_510206,312092.860,2624484.200,131.1200,0.6419,1.3000,0.0831,-1
KHAPRETA_510206,312094.860,2624484.200,130.9800,0.0000,1.4400,0.0920,-1
KHAPRETA_510206,312097.860,2624484.200,130.7100,0.3974,1.7100,0.1093,-1
KHAPRETA_510206,312098.860,2624484.200,130.5700,0.4669,1.8500,0.1182,-1
KHAPRETA_510206,312101.860,2624484.200,130.8200,0.0100,1.6000,0.1022,-1
KHAPRETA_510206,312105.860,2624484.200,130.8500,0.0000,1.5700,0.1003,-1
KHAPRETA_510206,312116.860,2624484.200,130.7300,0.5419,1.6900,0.1080,-1
KHAPRETA_510206,312118.860,2624484.200,130.9000,0.5769,1.5200,0.0971,-1
KHAPRETA_510206,312125.860,2624484.200,130.1700,0.1969,2.2500,0.1438,-1
KHAPRETA_510206,312126.860,2624484.200,130.1700,0.2647,2.2500,0.1438,-1
KHAPRETA_510206,312147.860,2624484.200,130.0700,0.1869,2.3500,0.1502,-1
KHAPRETA_510206,312148.860,2624484.200,130.1500,0.1469,2.2700,0.1450,-1
KHAPRETA_510206,312150.860,2624484.200,130.1100,0.0000,2.3100,0.1476,-1
KHAPRETA_510206,312157.860,2624484.200,129.9100,0.1686,2.5100,0.1604,-1
KHAPRETA_510206,312158.860,2624484.200,129.9300,0.0050,2.4900,0.1591,-1
KHAPRETA_510206,312159.860,2624484.200,129.9200,0.0988,2.5000,0.1597,-1
KHAPRETA_510206,312171.860,2624484.200,131.2100,0.0000,1.2100,0.0773,-1
KHAPRETA_510206,312173.860,2624484.200,132.3400,0.0000,0.0800,0.0051,-1
KHAPRETA_510206,312190.860,2624484.200,131.6200,1.2669,0.8000,0.0511,-1
KHAPRETA_510206,312197.860,2624484.200,131.2600,0.0000,1.1600,0.0741,-1
KHAPRETA_510206,312204.860,2624484.200,131.1900,0.7319,1.2300,0.0786,-1
KHAPRETA_510206,312206.860,2624484.200,131.2500,0.7269,1.1700,0.0748,-1
KHAPRETA_510206,312213.860,2624484.200,131.2800,0.7469,1.1400,0.0728,-1
KHAPRETA_510206,312214.860,2624484.200,131.2700,1.0494,1.1500,0.0735,-1
KHAPRETA_510206,312220.860,2624484.200,131.3600,0.7669,1.0600,0.0677,-1
KHAPRETA_510206,312228.860,2624484.200,131.4100,0.0000,1.0100,0.0645,-1
KHAPRETA_510206,312230.860,2624484.200,131.4400,0.8169,0.9800,0.0626,-1
KHAPRETA_510206,312231.860,2624484.200,131.4100,0.8319,1.0100,0.0645,-1
KHAPRETA_510206,312234.860,2624484.200,131.5500,0.0000,0.8700,0.0556,-1
KHAPRETA_510206,312237.860,2624484.200,131.5400,0.0650,0.8800,0.0562,-1
KHAPRETA_510206,312254.860,2624484.200,132.2000,0.0000,0.2200,0.0141,-1
KHAPRETA_510206,312259.860,2624484.200,132.0600,0.0000,0.3600,0.0230,-1
KHAPRETA_510206,312265.860,2624484.200,132.3900,0.0000,0.0300,0.0019,-1
KHAPRETA_510206,311949.860,2624485.200,128.8300,0.0000,3.5900,0.2294,-1
KHAPRETA_510206,311952.860,2624485.200,128.9600,0.5665,3.4600,0.2211,-1
KHAPRETA_510206,311953.860,2624485.200,128.8900,0.4514,3.5300,0.2256,-1
KHAPRETA_510206,311954.860,2624485.200,128.8500,0.4590,3.5700,0.2281,-1
KHAPRETA_510206,311956.860,2624485.200,129.0100,0.6010,3.4100,0.2179,-1
KHAPRETA_510206,311957.860,2624485.200,129.0100,0.3831,3.4100,0.2179,-1
KHAPRETA_510206,311960.860,2624485.200,129.0700,0.4281,3.3500,0.2141,-1
KHAPRETA_510206,311963.860,2624485.200,129.0300,0.5421,3.3900,0.2166,-1
KHAPRETA_510206,311964.860,2624485.200,128.9800,0.3731,3.4400,0.2198,-1
KHAPRETA_510206,311976.860,2624485.200,129.3800,0.0000,3.0400,0.1942,-1
KHAPRETA_510206,311978.860,2624485.200,129.4100,0.0000,3.0100,0.1923,-1
KHAPRETA_510206,311984.860,2624485.200,129.3900,0.0000,3.0300,0.1936,-1
KHAPRETA_510206,311989.860,2624485.200,129.8300,0.0638,2.5900,0.1655,-1
KHAPRETA_510206,311990.860,2624485.200,129.8600,0.0269,2.5600,0.1636,-1
KHAPRETA_510206,312001.860,2624485.200,129.9100,0.0219,2.5100,0.1604,-1
KHAPRETA_510206,312003.860,2624485.200,129.9800,0.0800,2.4400,0.1559,-1
KHAPRETA_510206,312004.860,2624485.200,129.9200,0.1024,2.5000,0.1597,-1
KHAPRETA_510206,312006.860,2624485.200,129.9000,0.1169,2.5200,0.1610,-1
KHAPRETA_510206,312007.860,2624485.200,130.0100,0.0932,2.4100,0.1540,-1
KHAPRETA_510206,312008.860,2624485.200,129.9300,0.1169,2.4900,0.1591,-1
KHAPRETA_510206,312013.860,2624485.200,130.0400,0.0669,2.3800,0.1521,-1
KHAPRETA_510206,312016.860,2624485.200,129.9100,0.0000,2.5100,0.1604,-1
KHAPRETA_510206,312019.860,2624485.200,131.8700,0.0000,0.5500,0.0351,-1
KHAPRETA_510206,312024.860,2624485.200,131.8500,1.1469,0.5700,0.0364,-1
KHAPRETA_510206,312031.860,2624485.200,131.2300,1.1243,1.1900,0.0760,-1
KHAPRETA_510206,312032.860,2624485.200,131.2200,0.8462,1.2000,0.0767,-1
KHAPRETA_510206,312033.860,2624485.200,131.7700,1.0477,0.6500,0.0415,-1
KHAPRETA_510206,312034.860,2624485.200,131.1400,0.5994,1.2800,0.0818,-1
KHAPRETA_510206,312035.860,2624485.200,131.3700,1.0718,1.0500,0.0671,-1
KHAPRETA_510206,312037.860,2624485.200,131.4400,0.0000,0.9800,0.0626,-1
KHAPRETA_510206,312042.860,2624485.200,130.9000,0.0000,1.5200,0.0971,-1
KHAPRETA_510206,312049.860,2624485.200,130.8400,0.0000,1.5800,0.1010,-1
KHAPRETA_510206,312051.860,2624485.200,130.8100,0.0000,1.6100,0.1029,-1
KHAPRETA_510206,312056.860,2624485.200,130.8300,0.5519,1.5900,0.1016,-1
KHAPRETA_510206,312058.860,2624485.200,130.9200,0.8159,1.5000,0.0958,-1
KHAPRETA_510206,312059.860,2624485.200,130.9300,0.5719,1.4900,0.0952,-1
KHAPRETA_510206,312067.860,2624485.200,131.0300,0.0000,1.3900,0.0888,-1
KHAPRETA_510206,312071.860,2624485.200,131.1400,0.0000,1.2800,0.0818,-1
KHAPRETA_510206,312073.860,2624485.200,131.1200,0.0000,1.3000,0.0831,-1
KHAPRETA_510206,312083.860,2624485.200,131.1100,0.6669,1.3100,0.0837,-1
KHAPRETA_510206,312084.860,2624485.200,131.1100,0.6669,1.3100,0.0837,-1
KHAPRETA_510206,312089.860,2624485.200,131.0800,0.9149,1.3400,0.0856,-1
KHAPRETA_510206,312090.860,2624485.200,131.0700,0.6519,1.3500,0.0863,-1
KHAPRETA_510206,312096.860,2624485.200,130.7800,0.4919,1.6400,0.1048,-1
KHAPRETA_510206,312097.860,2624485.200,130.7600,0.6855,1.6600,0.1061,-1
KHAPRETA_510206,312099.860,2624485.200,130.8400,0.5119,1.5800,0.1010,-1
KHAPRETA_510206,312101.860,2624485.200,130.6800,0.0450,1.7400,0.1112,-1
KHAPRETA_510206,312106.860,2624485.200,130.8700,0.0000,1.5500,0.0990,-1
KHAPRETA_510206,312116.860,2624485.200,130.8600,0.7524,1.5600,0.0997,-1
KHAPRETA_510206,312117.860,2624485.200,130.9400,0.0350,1.4800,0.0946,-1
KHAPRETA_510206,312118.860,2624485.200,130.9300,0.5825,1.4900,0.0952,-1
KHAPRETA_510206,312121.860,2624485.200,130.7600,0.0000,1.6600,0.1061,-1
KHAPRETA_510206,312127.860,2624485.200,130.2400,0.0000,2.1800,0.1393,-1
KHAPRETA_510206,312129.860,2624485.200,130.2200,0.0000,2.2000,0.1406,-1
KHAPRETA_510206,312131.860,2624485.200,130.1900,0.0000,2.2300,0.1425,-1
KHAPRETA_510206,312137.860,2624485.200,130.0800,0.1819,2.3400,0.1495,-1
KHAPRETA_510206,312138.860,2624485.200,130.1400,0.1150,2.2800,0.1457,-1
KHAPRETA_510206,312139.860,2624485.200,130.3100,0.0750,2.1100,0.1348,-1
KHAPRETA_510206,312140.860,2624485.200,129.9900,0.2669,2.4300,0.1553,-1
KHAPRETA_510206,312143.860,2624485.200,130.1700,0.0000,2.2500,0.1438,-1
KHAPRETA_510206,312149.860,2624485.200,130.0900,0.0000,2.3300,0.1489,-1
KHAPRETA_510206,312155.860,2624485.200,130.2500,0.2469,2.1700,0.1387,-1
KHAPRETA_510206,312156.860,2624485.200,130.2700,0.0000,2.1500,0.1374,-1
KHAPRETA_510206,312157.860,2624485.200,130.2500,0.2559,2.1700,0.1387,-1
KHAPRETA_510206,312161.860,2624485.200,130.1700,0.0000,2.2500,0.1438,-1
KHAPRETA_510206,312163.860,2624485.200,130.6500,0.0000,1.7700,0.1131,-1
KHAPRETA_510206,312166.860,2624485.200,131.1400,0.6819,1.2800,0.0818,-1
KHAPRETA_510206,312167.860,2624485.200,131.1400,0.9858,1.2800,0.0818,-1
KHAPRETA_510206,312170.860,2624485.200,131.1800,0.0000,1.2400,0.0792,-1
KHAPRETA_510206,312192.860,2624485.200,131.2400,0.7569,1.1800,0.0754,-1
KHAPRETA_510206,312193.860,2624485.200,131.2900,0.7319,1.1300,0.0722,-1
KHAPRETA_510206,312196.860,2624485.200,131.2600,0.0000,1.1600,0.0741,-1
KHAPRETA_510206,312199.860,2624485.200,131.2500,0.0000,1.1700,0.0748,-1
KHAPRETA_510206,312201.860,2624485.200,131.3200,0.7419,1.1000,0.0703,-1
KHAPRETA_510206,312211.860,2624485.200,131.3200,0.7719,1.1000,0.0703,-1
KHAPRETA_510206,312223.860,2624485.200,131.4400,0.8219,0.9800,0.0626,-1
KHAPRETA_510206,312224.860,2624485.200,131.4200,1.1765,1.0000,0.0639,-1
KHAPRETA_510206,312232.860,2624485.200,131.5200,0.0000,0.9000,0.0575,-1
KHAPRETA_510206,312235.860,2624485.200,131.5400,0.0000,0.8800,0.0562,-1
KHAPRETA_510206,312237.860,2624485.200,131.6200,1.2650,0.8000,0.0511,-1
KHAPRETA_510206,312238.860,2624485.200,131.5900,0.9219,0.8300,0.0530,-1
KHAPRETA_510206,312240.860,2624485.200,131.5900,0.9469,0.8300,0.0530,-1
KHAPRETA_510206,312262.860,2624485.200,132.3900,0.0000,0.0300,0.0019,-1
KHAPRETA_510206,311952.860,2624486.200,129.0700,0.4081,3.3500,0.2141,-1
KHAPRETA_510206,311954.860,2624486.200,129.1300,0.0300,3.2900,0.2102,-1
KHAPRETA_510206,311956.860,2624486.200,128.8500,0.3831,3.5700,0.2281,-1
KHAPRETA_510206,311963.860,2624486.200,129.0400,0.2150,3.3800,0.2160,-1
KHAPRETA_510206,311965.860,2624486.200,129.5100,0.1431,2.9100,0.1859,-1
KHAPRETA_510206,311969.860,2624486.200,129.5700,0.0000,2.8500,0.1821,-1
KHAPRETA_510206,311973.860,2624486.200,129.2600,0.0000,3.1600,0.2019,-1
KHAPRETA_510206,311982.860,2624486.200,129.3800,0.1631,3.0400,0.1942,-1
KHAPRETA_510206,311985.860,2624486.200,129.5600,0.1653,2.8600,0.1827,-1
KHAPRETA_510206,311986.860,2624486.200,129.5100,0.1081,2.9100,0.1859,-1
KHAPRETA_510206,311991.860,2624486.200,130.0400,0.0769,2.3800,0.1521,-1
KHAPRETA_510206,311993.860,2624486.200,129.9500,0.0000,2.4700,0.1578,-1
KHAPRETA_510206,312001.860,2624486.200,129.8200,0.0000,2.6000,0.1661,-1
KHAPRETA_510206,312003.860,2624486.200,129.9500,0.1193,2.4700,0.1578,-1
KHAPRETA_510206,312004.860,2624486.200,129.9000,0.0906,2.5200,0.1610,-1
KHAPRETA_510206,312005.860,2624486.200,129.8400,0.1412,2.5800,0.1649,-1
KHAPRETA_510206,312007.860,2624486.200,129.9600,0.1169,2.4600,0.1572,-1
KHAPRETA_510206,312012.860,2624486.200,130.1000,0.1799,2.3200,0.1482,-1
KHAPRETA_510206,312013.860,2624486.200,129.9100,0.2089,2.5100,0.1604,-1
KHAPRETA_510206,312015.860,2624486.200,129.9500,0.1369,2.4700,0.1578,-1
KHAPRETA_510206,312020.860,2624486.200,132.0900,0.0000,0.3300,0.0211,-1
KHAPRETA_510206,312022.860,2624486.200,132.2600,0.0000,0.1600,0.0102,-1
KHAPRETA_510206,312024.860,2624486.200,132.0700,1.0369,0.3500,0.0224,-1
KHAPRETA_510206,312033.860,2624486.200,131.8700,1.2738,0.5500,0.0351,-1
KHAPRETA_510206,312034.860,2624486.200,132.2800,0.7165,0.1400,0.0089,-1
KHAPRETA_510206,312035.860,2624486.200,131.4300,1.4841,0.9900,0.0633,-1
KHAPRETA_510206,312039.860,2624486.200,131.6400,1.1869,0.7800,0.0498,-1
KHAPRETA_510206,312041.860,2624486.200,131.9000,0.0000,0.5200,0.0332,-1
KHAPRETA_510206,312044.860,2624486.200,131.0800,0.0000,1.3400,0.0856,-1
KHAPRETA_510206,312048.860,2624486.200,130.8800,0.0000,1.5400,0.0984,-1
KHAPRETA_510206,312054.860,2624486.200,130.8900,0.0000,1.5300,0.0978,-1
KHAPRETA_510206,312058.860,2624486.200,130.9300,0.5719,1.4900,0.0952,-1
KHAPRETA_510206,312065.860,2624486.200,130.9300,0.6219,1.4900,0.0952,-1
KHAPRETA_510206,312069.860,2624486.200,130.9900,0.0000,1.4300,0.0914,-1
KHAPRETA_510206,312076.860,2624486.200,131.1400,0.0000,1.2800,0.0818,-1
KHAPRETA_510206,312081.860,2624486.200,131.1200,0.0000,1.3000,0.0831,-1
KHAPRETA_510206,312086.860,2624486.200,131.0900,0.0000,1.3300,0.0850,-1
KHAPRETA_510206,312089.860,2624486.200,131.0700,0.0250,1.3500,0.0863,-1
KHAPRETA_510206,312093.860,2624486.200,131.0700,0.0000,1.3500,0.0863,-1
KHAPRETA_510206,312099.860,2624486.200,130.8000,0.5421,1.6200,0.1035,-1
KHAPRETA_510206,312100.860,2624486.200,130.8600,0.0350,1.5600,0.0997,-1
KHAPRETA_510206,312101.860,2624486.200,130.7300,0.7057,1.6900,0.1080,-1
KHAPRETA_510206,312113.860,2624486.200,130.8900,0.0000,1.5300,0.0978,-1
KHAPRETA_510206,312118.860,2624486.200,130.8500,0.5769,1.5700,0.1003,-1
KHAPRETA_510206,312120.860,2624486.200,130.7400,0.6169,1.6800,0.1073,-1
KHAPRETA_510206,312123.860,2624486.200,130.8200,0.4969,1.6000,0.1022,-1
KHAPRETA_510206,312124.860,2624486.200,130.7700,0.5219,1.6500,0.1054,-1
KHAPRETA_510206,312126.860,2624486.200,130.4500,0.0000,1.9700,0.1259,-1
KHAPRETA_510206,312133.860,2624486.200,130.0500,0.2762,2.3700,0.1514,-1
KHAPRETA_510206,312134.860,2624486.200,130.2500,0.1369,2.1700,0.1387,-1
KHAPRETA_510206,312141.860,2624486.200,129.9700,0.0000,2.4500,0.1565,-1
KHAPRETA_510206,312144.860,2624486.200,130.1900,0.0000,2.2300,0.1425,-1
KHAPRETA_510206,312146.860,2624486.200,130.2500,0.2119,2.1700,0.1387,-1
KHAPRETA_510206,312148.860,2624486.200,130.2200,0.0000,2.2000,0.1406,-1
KHAPRETA_510206,312152.860,2624486.200,130.1400,0.1719,2.2800,0.1457,-1
KHAPRETA_510206,312159.860,2624486.200,129.9200,0.0669,2.5000,0.1597,-1
KHAPRETA_510206,312164.860,2624486.200,130.8100,0.0000,1.6100,0.1029,-1
KHAPRETA_510206,312167.860,2624486.200,131.2000,0.0100,1.2200,0.0780,-1
KHAPRETA_510206,312174.860,2624486.200,131.5400,0.8169,0.8800,0.0562,-1
KHAPRETA_510206,312195.860,2624486.200,131.4300,0.8369,0.9900,0.0633,-1
KHAPRETA_510206,312197.860,2624486.200,131.2300,0.0000,1.1900,0.0760,-1
KHAPRETA_510206,312201.860,2624486.200,131.2600,0.7719,1.1600,0.0741,-1
KHAPRETA_510206,312203.860,2624486.200,132.3500,0.7869,0.0700,0.0045,-1
KHAPRETA_510206,312204.860,2624486.200,131.3500,1.2869,1.0700,0.0684,-1
KHAPRETA_510206,312211.860,2624486.200,131.3200,0.0900,1.1000,0.0703,-1
KHAPRETA_510206,312220.860,2624486.200,131.3800,0.0000,1.0400,0.0665,-1
KHAPRETA_510206,312224.860,2624486.200,131.4400,0.8219,0.9800,0.0626,-1
KHAPRETA_510206,312227.860,2624486.200,131.5500,0.9069,0.8700,0.0556,-1
KHAPRETA_510206,312231.860,2624486.200,131.5300,0.0000,0.8900,0.0569,-1
KHAPRETA_510206,312240.860,2624486.200,131.6700,0.0500,0.7500,0.0479,-1
KHAPRETA_510206,312257.860,2624486.200,132.1300,1.5832,0.2900,0.0185,-1
KHAPRETA_510206,312258.860,2624486.200,132.0400,0.1150,0.3800,0.0243,-1
KHAPRETA_510206,312259.860,2624486.200,132.3600,1.1319,0.0600,0.0038,-1
KHAPRETA_510206,312265.860,2624486.200,132.4200,0.0000,0.0000,0.0000,-1
KHAPRETA_510206,311954.860,2624487.200,128.9100,0.3231,3.5100,0.2243,-1
KHAPRETA_510206,311961.860,2624487.200,128.9900,0.2881,3.4300,0.2192,-1
KHAPRETA_510206,311962.860,2624487.200,129.2000,0.2350,3.2200,0.2058,-1
KHAPRETA_510206,311963.860,2624487.200,129.4600,0.4674,2.9600,0.1891,-1
KHAPRETA_510206,311965.860,2624487.200,129.4900,0.1798,2.9300,0.1872,-1
KHAPRETA_510206,311966.860,2624487.200,129.4200,0.0350,3.0000,0.1917,-1
KHAPRETA_510206,311967.860,2624487.200,129.4200,0.1781,3.0000,0.1917,-1
KHAPRETA_510206,311970.860,2624487.200,129.3500,0.2181,3.0700,0.1962,-1
KHAPRETA_510206,311971.860,2624487.200,129.3400,0.2131,3.0800,0.1968,-1
KHAPRETA_510206,311976.860,2624487.200,129.4200,0.1731,3.0000,0.1917,-1
KHAPRETA_510206,311977.860,2624487.200,129.4300,0.1781,2.9900,0.1911,-1
KHAPRETA_510206,311979.860,2624487.200,129.4200,0.0000,3.0000,0.1917,-1
KHAPRETA_510206,311982.860,2624487.200,129.4500,0.0100,2.9700,0.1898,-1
KHAPRETA_510206,311984.860,2624487.200,129.5600,0.2345,2.8600,0.1827,-1
KHAPRETA_510206,311985.860,2624487.200,129.5800,0.1082,2.8400,0.1815,-1
KHAPRETA_510206,311991.860,2624487.200,129.9300,0.1400,2.4900,0.1591,-1
KHAPRETA_510206,311992.860,2624487.200,129.8700,0.0769,2.5500,0.1629,-1
KHAPRETA_510206,312000.860,2624487.200,129.8900,0.0742,2.5300,0.1617,-1
KHAPRETA_510206,312001.860,2624487.200,129.9100,0.0668,2.5100,0.1604,-1
KHAPRETA_510206,312005.860,2624487.200,130.0300,0.0522,2.3900,0.1527,-1
KHAPRETA_510206,312006.860,2624487.200,129.8800,0.1269,2.5400,0.1623,-1
KHAPRETA_510206,312012.860,2624487.200,130.1100,0.1619,2.3100,0.1476,-1
KHAPRETA_510206,312015.860,2624487.200,130.0500,0.1300,2.3700,0.1514,-1
KHAPRETA_510206,312033.860,2624487.200,132.2400,1.0469,0.1800,0.0115,-1
KHAPRETA_510206,312039.860,2624487.200,132.1500,0.9319,0.2700,0.0173,-1
KHAPRETA_510206,312045.860,2624487.200,130.7200,0.0000,1.7000,0.1086,-1
KHAPRETA_510206,312052.860,2624487.200,130.9100,0.0000,1.5100,0.0965,-1
KHAPRETA_510206,312063.860,2624487.200,131.0000,0.0000,1.4200,0.0907,-1
KHAPRETA_510206,312065.860,2624487.200,131.0200,0.5769,1.4000,0.0895,-1
KHAPRETA_510206,312067.860,2624487.200,131.0600,0.0000,1.3600,0.0869,-1
KHAPRETA_510206,312082.860,2624487.200,131.1300,0.0000,1.2900,0.0824,-1
KHAPRETA_510206,312089.860,2624487.200,131.1300,0.6469,1.2900,0.0824,-1
KHAPRETA_510206,312092.860,2624487.200,131.1200,0.6769,1.3000,0.0831,-1
KHAPRETA_510206,312094.860,2624487.200,131.1000,0.6719,1.3200,0.0843,-1
KHAPRETA_510206,312096.860,2624487.200,131.1700,0.0000,1.2500,0.0799,-1
KHAPRETA_510206,312099.860,2624487.200,130.8700,0.5119,1.5500,0.0990,-1
KHAPRETA_510206,312104.860,2624487.200,130.8500,0.0000,1.5700,0.1003,-1
KHAPRETA_510206,312106.860,2624487.200,130.8700,0.5269,1.5500,0.0990,-1
KHAPRETA_510206,312109.860,2624487.200,130.9100,0.5469,1.5100,0.0965,-1
KHAPRETA_510206,312110.860,2624487.200,130.8700,0.8089,1.5500,0.0990,-1
KHAPRETA_510206,312114.860,2624487.200,130.9400,0.0000,1.4800,0.0946,-1
KHAPRETA_510206,312120.860,2624487.200,131.0100,0.4819,1.4100,0.0901,-1
KHAPRETA_510206,312125.860,2624487.200,130.7600,0.0000,1.6600,0.1061,-1
KHAPRETA_510206,312133.860,2624487.200,130.0600,0.0200,2.3600,0.1508,-1
KHAPRETA_510206,312138.860,2624487.200,130.0100,0.0000,2.4100,0.1540,-1
KHAPRETA_510206,312146.860,2624487.200,130.2000,0.2369,2.2200,0.1419,-1
KHAPRETA_510206,312149.860,2624487.200,130.1400,0.0000,2.2800,0.1457,-1
KHAPRETA_510206,312151.860,2624487.200,130.1800,0.1719,2.2400,0.1431,-1
KHAPRETA_510206,312152.860,2624487.200,130.1200,0.0532,2.3000,0.1470,-1
KHAPRETA_510206,312153.860,2624487.200,130.2600,0.6408,2.1600,0.1380,-1
KHAPRETA_510206,312154.860,2624487.200,131.1100,0.9049,1.3100,0.0837,-1
KHAPRETA_510206,312156.860,2624487.200,130.3200,0.3169,2.1000,0.1342,-1
KHAPRETA_510206,312159.860,2624487.200,129.9100,0.0719,2.5100,0.1604,-1
KHAPRETA_510206,312161.860,2624487.200,130.3600,0.5119,2.0600,0.1316,-1
KHAPRETA_510206,312162.860,2624487.200,130.8000,0.2919,1.6200,0.1035,-1
KHAPRETA_510206,312166.860,2624487.200,131.1200,0.6719,1.3000,0.0831,-1
KHAPRETA_510206,312167.860,2624487.200,131.1200,0.9790,1.3000,0.0831,-1
KHAPRETA_510206,312169.860,2624487.200,131.1800,0.0000,1.2400,0.0792,-1
KHAPRETA_510206,312174.860,2624487.200,131.4100,0.8819,1.0100,0.0645,-1
KHAPRETA_510206,312192.860,2624487.200,131.5300,0.7869,0.8900,0.0569,-1
KHAPRETA_510206,312193.860,2624487.200,131.3500,0.0350,1.0700,0.0684,-1
KHAPRETA_510206,312194.860,2624487.200,131.4600,0.0500,0.9600,0.0613,-1
KHAPRETA_510206,312195.860,2624487.200,131.4500,1.1801,0.9700,0.0620,-1
KHAPRETA_510206,312200.860,2624487.200,131.3300,0.0000,1.0900,0.0696,-1
KHAPRETA_510206,312211.860,2624487.200,131.5000,0.7719,0.9200,0.0588,-1
KHAPRETA_510206,312214.860,2624487.200,131.3500,0.0000,1.0700,0.0684,-1
KHAPRETA_510206,312218.860,2624487.200,131.5200,0.0000,0.9000,0.0575,-1
KHAPRETA_510206,312222.860,2624487.200,131.4600,0.0000,0.9600,0.0613,-1
KHAPRETA_510206,312225.860,2624487.200,131.5100,0.0000,0.9100,0.0581,-1
KHAPRETA_510206,312227.860,2624487.200,131.5900,0.8869,0.8300,0.0530,-1
KHAPRETA_510206,312233.860,2624487.200,131.7200,0.0000,0.7000,0.0447,-1
KHAPRETA_510206,312237.860,2624487.200,131.6100,0.0000,0.8100,0.0518,-1
KHAPRETA_510206,312240.860,2624487.200,131.6900,0.9469,0.7300,0.0466,-1
KHAPRETA_510206,312244.860,2624487.200,132.3000,0.0000,0.1200,0.0077,-1
KHAPRETA_510206,312257.860,2624487.200,131.9900,1.1769,0.4300,0.0275,-1
KHAPRETA_510206,311955.860,2624488.200,128.9600,0.0000,3.4600,0.2211,-1
KHAPRETA_510206,311958.860,2624488.200,128.9600,0.0000,3.4600,0.2211,-1
KHAPRETA_510206,311965.860,2624488.200,129.4600,0.1431,2.9600,0.1891,-1
KHAPRETA_510206,311980.860,2624488.200,129.3900,0.0000,3.0300,0.1936,-1
KHAPRETA_510206,311982.860,2624488.200,129.4000,0.0600,3.0200,0.1930,-1
KHAPRETA_510206,311984.860,2624488.200,129.3500,0.1564,3.0700,0.1962,-1
KHAPRETA_510206,311985.860,2624488.200,129.5500,0.1298,2.8700,0.1834,-1
KHAPRETA_510206,311986.860,2624488.200,129.5200,0.1152,2.9000,0.1853,-1
KHAPRETA_510206,311989.860,2624488.200,129.8300,0.0669,2.5900,0.1655,-1
KHAPRETA_510206,311990.860,2624488.200,129.9100,0.0269,2.5100,0.1604,-1
KHAPRETA_510206,311996.860,2624488.200,129.9100,0.0219,2.5100,0.1604,-1
KHAPRETA_510206,311997.860,2624488.200,129.8200,0.0669,2.6000,0.1661,-1
KHAPRETA_510206,311999.860,2624488.200,129.8200,0.0387,2.6000,0.1661,-1
KHAPRETA_510206,312000.860,2624488.200,129.8400,0.0668,2.5800,0.1649,-1
KHAPRETA_510206,312001.860,2624488.200,129.8900,0.0319,2.5300,0.1617,-1
KHAPRETA_510206,312004.860,2624488.200,129.8200,0.0369,2.6000,0.1661,-1
KHAPRETA_510206,312005.860,2624488.200,129.8500,0.1288,2.5700,0.1642,-1
KHAPRETA_510206,312007.860,2624488.200,129.7900,0.0269,2.6300,0.1681,-1
KHAPRETA_510206,312010.860,2624488.200,129.8900,0.1469,2.5300,0.1617,-1
KHAPRETA_510206,312011.860,2624488.200,130.0700,0.1256,2.3500,0.1502,-1
KHAPRETA_510206,312014.860,2624488.200,130.2000,0.2737,2.2200,0.1419,-1
KHAPRETA_510206,312015.860,2624488.200,130.2100,0.1384,2.2100,0.1412,-1
KHAPRETA_510206,312016.860,2624488.200,130.1600,0.2649,2.2600,0.1444,-1
KHAPRETA_510206,312029.860,2624488.200,132.1800,0.0000,0.2400,0.0153,-1
KHAPRETA_510206,312042.860,2624488.200,131.5100,1.0469,0.9100,0.0581,-1
KHAPRETA_510206,312044.860,2624488.200,131.2900,0.9369,1.1300,0.0722,-1
KHAPRETA_510206,312049.860,2624488.200,130.8300,0.4719,1.5900,0.1016,-1
KHAPRETA_510206,312050.860,2624488.200,130.7200,0.0250,1.7000,0.1086,-1
KHAPRETA_510206,312051.860,2624488.200,130.8800,0.4719,1.5400,0.0984,-1
KHAPRETA_510206,312053.860,2624488.200,130.7700,0.0000,1.6500,0.1054,-1
KHAPRETA_510206,312055.860,2624488.200,130.9300,0.5869,1.4900,0.0952,-1
KHAPRETA_510206,312068.860,2624488.200,131.0600,0.6369,1.3600,0.0869,-1
KHAPRETA_510206,312069.860,2624488.200,131.0500,0.6419,1.3700,0.0875,-1
KHAPRETA_510206,312071.860,2624488.200,131.1100,0.0000,1.3100,0.0837,-1
KHAPRETA_510206,312076.860,2624488.200,131.1300,0.6919,1.2900,0.0824,-1
KHAPRETA_510206,312078.860,2624488.200,131.1500,0.7069,1.2700,0.0812,-1
KHAPRETA_510206,312080.860,2624488.200,131.1700,0.6669,1.2500,0.0799,-1
KHAPRETA_510206,312081.860,2624488.200,131.1100,0.6969,1.3100,0.0837,-1
KHAPRETA_510206,312090.860,2624488.200,131.1400,0.0000,1.2800,0.0818,-1
KHAPRETA_510206,312092.860,2624488.200,131.1300,0.0050,1.2900,0.0824,-1
KHAPRETA_510206,312094.860,2624488.200,131.1200,0.0300,1.3000,0.0831,-1
KHAPRETA_510206,312100.860,2624488.200,130.8800,0.5519,1.5400,0.0984,-1
KHAPRETA_510206,312102.860,2624488.200,130.9500,0.0000,1.4700,0.0939,-1
KHAPRETA_510206,312105.860,2624488.200,130.8500,0.7417,1.5700,0.1003,-1
KHAPRETA_510206,312106.860,2624488.200,130.8300,0.5373,1.5900,0.1016,-1
KHAPRETA_510206,312108.860,2624488.200,130.9400,0.0000,1.4800,0.0946,-1
KHAPRETA_510206,312110.860,2624488.200,130.9300,0.7560,1.4900,0.0952,-1
KHAPRETA_510206,312111.860,2624488.200,130.8200,0.5769,1.6000,0.1022,-1
KHAPRETA_510206,312115.860,2624488.200,130.9300,0.0000,1.4900,0.0952,-1
KHAPRETA_510206,312133.860,2624488.200,130.0900,0.0550,2.3300,0.1489,-1
KHAPRETA_510206,312137.860,2624488.200,130.2500,0.0000,2.1700,0.1387,-1
KHAPRETA_510206,312150.860,2624488.200,130.1500,0.0000,2.2700,0.1450,-1
KHAPRETA_510206,312152.860,2624488.200,130.2100,0.4418,2.2100,0.1412,-1
KHAPRETA_510206,312153.860,2624488.200,130.5900,0.6983,1.8300,0.1169,-1
KHAPRETA_510206,312154.860,2624488.200,131.5200,0.7813,0.9000,0.0575,-1
KHAPRETA_510206,312156.860,2624488.200,130.4100,0.3023,2.0100,0.1284,-1
KHAPRETA_510206,312157.860,2624488.200,130.0400,0.3396,2.3800,0.1521,-1
KHAPRETA_510206,312171.860,2624488.200,131.2400,0.0000,1.1800,0.0754,-1
KHAPRETA_510206,312196.860,2624488.200,131.5500,0.0000,0.8700,0.0556,-1
KHAPRETA_510206,312201.860,2624488.200,131.3400,0.8419,1.0800,0.0690,-1
KHAPRETA_510206,312204.860,2624488.200,131.2700,0.0000,1.1500,0.0735,-1
KHAPRETA_510206,312213.860,2624488.200,131.3900,0.0000,1.0300,0.0658,-1
KHAPRETA_510206,312215.860,2624488.200,131.4000,0.8169,1.0200,0.0652,-1
KHAPRETA_510206,312216.860,2624488.200,131.4100,1.1805,1.0100,0.0645,-1
KHAPRETA_510206,312220.860,2624488.200,131.5100,0.0000,0.9100,0.0581,-1
KHAPRETA_510206,312223.860,2624488.200,131.6500,0.9419,0.7700,0.0492,-1
KHAPRETA_510206,312228.860,2624488.200,131.7900,0.0000,0.6300,0.0403,-1
KHAPRETA_510206,312232.860,2624488.200,131.7100,0.0000,0.7100,0.0454,-1
KHAPRETA_510206,312248.860,2624488.200,132.1700,1.0619,0.2500,0.0160,-1
KHAPRETA_510206,312249.860,2624488.200,131.9000,1.1969,0.5200,0.0332,-1
KHAPRETA_510206,312258.860,2624488.200,131.9600,0.0000,0.4600,0.0294,-1
KHAPRETA_510206,312260.860,2624488.200,132.2400,0.0000,0.1800,0.0115,-1
KHAPRETA_510206,311953.860,2624489.200,128.9700,0.5842,3.4500,0.2204,-1
KHAPRETA_510206,311954.860,2624489.200,128.9500,0.5807,3.4700,0.2217,-1
KHAPRETA_510206,311969.860,2624489.200,129.4000,0.3121,3.0200,0.1930,-1
KHAPRETA_510206,311970.860,2624489.200,129.3500,0.2995,3.0700,0.1962,-1
KHAPRETA_510206,311973.860,2624489.200,129.3000,0.1681,3.1200,0.1994,-1
KHAPRETA_510206,311974.860,2624489.200,129.4400,0.2381,2.9800,0.1904,-1
KHAPRETA_510206,311978.860,2624489.200,129.4600,0.1581,2.9600,0.1891,-1
KHAPRETA_510206,311979.860,2624489.200,129.4600,0.1581,2.9600,0.1891,-1
KHAPRETA_510206,311982.860,2624489.200,129.3300,0.1881,3.0900,0.1974,-1
KHAPRETA_510206,311986.860,2624489.200,129.8200,0.1281,2.6000,0.1661,-1
KHAPRETA_510206,311995.860,2624489.200,129.8000,0.0000,2.6200,0.1674,-1
KHAPRETA_510206,311998.860,2624489.200,129.8300,0.0284,2.5900,0.1655,-1
KHAPRETA_510206,311999.860,2624489.200,129.8200,0.0347,2.6000,0.1661,-1
KHAPRETA_510206,312001.860,2624489.200,129.9100,0.0569,2.5100,0.1604,-1
KHAPRETA_510206,312003.860,2624489.200,129.8100,0.0169,2.6100,0.1668,-1
KHAPRETA_510206,312007.860,2624489.200,129.8300,0.1221,2.5900,0.1655,-1
KHAPRETA_510206,312008.860,2624489.200,130.0200,0.0269,2.4000,0.1534,-1
KHAPRETA_510206,312011.860,2624489.200,130.0000,0.1469,2.4200,0.1546,-1
KHAPRETA_510206,312014.860,2624489.200,130.1100,0.2119,2.3100,0.1476,-1
KHAPRETA_510206,312016.860,2624489.200,130.0800,0.1919,2.3400,0.1495,-1
KHAPRETA_510206,312042.860,2624489.200,131.8700,0.1350,0.5500,0.0351,-1
KHAPRETA_510206,312044.860,2624489.200,131.6500,0.7569,0.7700,0.0492,-1
KHAPRETA_510206,312055.860,2624489.200,130.9500,0.5769,1.4700,0.0939,-1
KHAPRETA_510206,312057.860,2624489.200,130.9600,0.6019,1.4600,0.0933,-1
KHAPRETA_510206,312058.860,2624489.200,130.9800,0.5919,1.4400,0.0920,-1
KHAPRETA_510206,312060.860,2624489.200,130.9400,0.6269,1.4800,0.0946,-1
KHAPRETA_510206,312061.860,2624489.200,131.0300,0.5819,1.3900,0.0888,-1
KHAPRETA_510206,312064.860,2624489.200,131.0300,0.0000,1.3900,0.0888,-1
KHAPRETA_510206,312076.860,2624489.200,131.1600,0.0350,1.2600,0.0805,-1
KHAPRETA_510206,312078.860,2624489.200,131.1900,0.0150,1.2300,0.0786,-1
KHAPRETA_510206,312092.860,2624489.200,131.1100,0.6769,1.3100,0.0837,-1
KHAPRETA_510206,312094.860,2624489.200,131.1600,0.6719,1.2600,0.0805,-1
KHAPRETA_510206,312100.860,2624489.200,130.8800,0.5172,1.5400,0.0984,-1
KHAPRETA_510206,312101.860,2624489.200,130.8100,0.7948,1.6100,0.1029,-1
KHAPRETA_510206,312104.860,2624489.200,130.8700,0.5219,1.5500,0.0990,-1
KHAPRETA_510206,312105.860,2624489.200,130.8200,0.5373,1.6000,0.1022,-1
KHAPRETA_510206,312106.860,2624489.200,130.9100,0.7417,1.5100,0.0965,-1
KHAPRETA_510206,312109.860,2624489.200,130.9200,0.0000,1.5000,0.0958,-1
KHAPRETA_510206,312113.860,2624489.200,130.9800,0.0000,1.4400,0.0920,-1
KHAPRETA_510206,312117.860,2624489.200,130.7800,0.0000,1.6400,0.1048,-1
KHAPRETA_510206,312119.860,2624489.200,130.9700,0.5069,1.4500,0.0927,-1
KHAPRETA_510206,312120.860,2624489.200,130.7900,0.5969,1.6300,0.1042,-1
KHAPRETA_510206,312125.860,2624489.200,130.9600,0.0000,1.4600,0.0933,-1
KHAPRETA_510206,312128.860,2624489.200,130.6800,0.5491,1.7400,0.1112,-1
KHAPRETA_510206,312129.860,2624489.200,130.3700,0.1950,2.0500,0.1310,-1
KHAPRETA_510206,312130.860,2624489.200,130.2900,0.2969,2.1300,0.1361,-1
KHAPRETA_510206,312132.860,2624489.200,130.2500,0.1969,2.1700,0.1387,-1
KHAPRETA_510206,312133.860,2624489.200,130.1700,0.1739,2.2500,0.1438,-1
KHAPRETA_510206,312134.860,2624489.200,130.1000,0.1969,2.3200,0.1482,-1
KHAPRETA_510206,312141.860,2624489.200,130.3500,0.0000,2.0700,0.1323,-1
KHAPRETA_510206,312143.860,2624489.200,130.3700,0.0000,2.0500,0.1310,-1
KHAPRETA_510206,312146.860,2624489.200,130.1600,0.0000,2.2600,0.1444,-1
KHAPRETA_510206,312157.860,2624489.200,130.0200,0.1319,2.4000,0.1534,-1
KHAPRETA_510206,312160.860,2624489.200,130.3700,0.4069,2.0500,0.1310,-1
KHAPRETA_510206,312161.860,2624489.200,130.5900,1.3357,1.8300,0.1169,-1
KHAPRETA_510206,312162.860,2624489.200,131.1200,0.4069,1.3000,0.0831,-1
KHAPRETA_510206,312166.860,2624489.200,131.1300,0.6869,1.2900,0.0824,-1
KHAPRETA_510206,312176.860,2624489.200,131.4900,0.0000,0.9300,0.0594,-1
KHAPRETA_510206,312193.860,2624489.200,131.5200,0.9419,0.9000,0.0575,-1
KHAPRETA_510206,312197.860,2624489.200,131.5700,0.0000,0.8500,0.0543,-1
KHAPRETA_510206,312199.860,2624489.200,131.4000,0.7869,1.0200,0.0652,-1
KHAPRETA_510206,312200.860,2624489.200,131.3500,0.0300,1.0700,0.0684,-1
KHAPRETA_510206,312201.860,2624489.200,131.4600,1.1094,0.9600,0.0613,-1
KHAPRETA_510206,312203.860,2624489.200,131.3700,0.0000,1.0500,0.0671,-1
KHAPRETA_510206,312210.860,2624489.200,131.6900,0.0000,0.7300,0.0466,-1
KHAPRETA_510206,312214.860,2624489.200,131.4400,0.0000,0.9800,0.0626,-1
KHAPRETA_510206,312216.860,2624489.200,131.4900,0.8169,0.9300,0.0594,-1
KHAPRETA_510206,312221.860,2624489.200,131.5800,0.9369,0.8400,0.0537,-1
KHAPRETA_510206,312223.860,2624489.200,131.6600,0.0900,0.7600,0.0486,-1
KHAPRETA_510206,312235.860,2624489.200,131.7500,1.0169,0.6700,0.0428,-1
KHAPRETA_510206,312240.860,2624489.200,131.7700,0.9919,0.6500,0.0415,-1
KHAPRETA_510206,312241.860,2624489.200,131.7600,1.4099,0.6600,0.0422,-1
KHAPRETA_510206,312246.860,2624489.200,132.1300,0.0000,0.2900,0.0185,-1
KHAPRETA_510206,312252.860,2624489.200,131.8800,1.1869,0.5400,0.0345,-1
KHAPRETA_510206,312255.860,2624489.200,132.3900,1.1719,0.0300,0.0019,-1
KHAPRETA_510206,311953.860,2624490.200,128.9500,0.5807,3.4700,0.2217,-1
KHAPRETA_510206,311954.860,2624490.200,128.9400,0.4430,3.4800,0.2224,-1
KHAPRETA_510206,311960.860,2624490.200,129.5100,0.0000,2.9100,0.1859,-1
KHAPRETA_510206,311966.860,2624490.200,129.3500,0.2481,3.0700,0.1962,-1
KHAPRETA_510206,311967.860,2624490.200,129.2800,0.2131,3.1400,0.2006,-1
KHAPRETA_510206,311969.860,2624490.200,129.3200,0.2995,3.1000,0.1981,-1
KHAPRETA_510206,311970.860,2624490.200,129.3100,0.3121,3.1100,0.1987,-1
KHAPRETA_510206,311976.860,2624490.200,129.4800,0.0000,2.9400,0.1879,-1
KHAPRETA_510206,311984.860,2624490.200,129.2600,0.0169,3.1600,0.2019,-1
KHAPRETA_510206,311994.860,2624490.200,129.9000,0.0000,2.5200,0.1610,-1
KHAPRETA_510206,311998.860,2624490.200,129.7400,0.0269,2.6800,0.1712,-1
KHAPRETA_510206,312002.860,2624490.200,129.8700,0.0169,2.5500,0.1629,-1
KHAPRETA_510206,312003.860,2624490.200,129.8100,0.0499,2.6100,0.1668,-1
KHAPRETA_510206,312010.860,2624490.200,130.0400,0.0919,2.3800,0.1521,-1
KHAPRETA_510206,312013.860,2624490.200,129.9700,0.1569,2.4500,0.1565,-1
KHAPRETA_510206,312017.860,2624490.200,129.9500,0.0000,2.4700,0.1578,-1
KHAPRETA_510206,312034.860,2624490.200,132.3500,0.0000,0.0700,0.0045,-1
KHAPRETA_510206,312037.860,2624490.200,132.1200,1.1919,0.3000,0.0192,-1
KHAPRETA_510206,312042.860,2624490.200,131.7800,1.0469,0.6400,0.0409,-1
KHAPRETA_510206,312046.860,2624490.200,130.8000,0.0000,1.6200,0.1035,-1
KHAPRETA_510206,312051.860,2624490.200,130.9300,0.5819,1.4900,0.0952,-1
KHAPRETA_510206,312059.860,2624490.200,130.9600,0.0000,1.4600,0.0933,-1
KHAPRETA_510206,312065.860,2624490.200,130.9600,0.0000,1.4600,0.0933,-1
KHAPRETA_510206,312074.860,2624490.200,131.1300,0.0000,1.2900,0.0824,-1
KHAPRETA_510206,312076.860,2624490.200,131.2000,0.9821,1.2200,0.0780,-1
KHAPRETA_510206,312077.860,2624490.200,131.1700,0.0100,1.2500,0.0799,-1
KHAPRETA_510206,312078.860,2624490.200,131.1800,0.9927,1.2400,0.0792,-1
KHAPRETA_510206,312080.860,2624490.200,131.1600,0.0000,1.2600,0.0805,-1
KHAPRETA_510206,312087.860,2624490.200,131.1400,0.0000,1.2800,0.0818,-1
KHAPRETA_510206,312095.860,2624490.200,131.1700,0.6769,1.2500,0.0799,-1
KHAPRETA_510206,312096.860,2624490.200,131.1300,0.0150,1.2900,0.0824,-1
KHAPRETA_510206,312097.860,2624490.200,131.2000,0.7168,1.2200,0.0780,-1
KHAPRETA_510206,312098.860,2624490.200,130.8400,0.9858,1.5800,0.1010,-1
KHAPRETA_510206,312100.860,2624490.200,130.8500,0.7948,1.5700,0.1003,-1
KHAPRETA_510206,312101.860,2624490.200,130.9200,0.5384,1.5000,0.0958,-1
KHAPRETA_510206,312114.860,2624490.200,130.8900,0.0000,1.5300,0.0978,-1
KHAPRETA_510206,312116.860,2624490.200,130.8000,0.5319,1.6200,0.1035,-1
KHAPRETA_510206,312118.860,2624490.200,130.8900,0.0000,1.5300,0.0978,-1
KHAPRETA_510206,312128.860,2624490.200,130.7000,0.4519,1.7200,0.1099,-1
KHAPRETA_510206,312131.860,2624490.200,130.2900,0.0000,2.1300,0.1361,-1
KHAPRETA_510206,312136.860,2624490.200,130.2400,0.0000,2.1800,0.1393,-1
KHAPRETA_510206,312144.860,2624490.200,130.1200,0.1719,2.3000,0.1470,-1
KHAPRETA_510206,312153.860,2624490.200,130.8100,0.0000,1.6100,0.1029,-1
KHAPRETA_510206,312158.860,2624490.200,130.0100,0.1219,2.4100,0.1540,-1
KHAPRETA_510206,312159.860,2624490.200,130.0200,0.1169,2.4000,0.1534,-1
KHAPRETA_510206,312161.860,2624490.200,132.3400,0.4069,0.0800,0.0051,-1
KHAPRETA_510206,312165.860,2624490.200,131.1000,0.6869,1.3200,0.0843,-1
KHAPRETA_510206,312166.860,2624490.200,131.1500,0.6622,1.2700,0.0812,-1
KHAPRETA_510206,312170.860,2624490.200,131.2100,0.0000,1.2100,0.0773,-1
KHAPRETA_510206,312173.860,2624490.200,131.2200,0.7719,1.2000,0.0767,-1
KHAPRETA_510206,312174.860,2624490.200,131.3200,0.0450,1.1000,0.0703,-1
KHAPRETA_510206,312175.860,2624490.200,131.3100,0.7719,1.1100,0.0709,-1
KHAPRETA_510206,312193.860,2624490.200,131.6600,0.8719,0.7600,0.0486,-1
KHAPRETA_510206,312198.860,2624490.200,132.4000,0.0000,0.0200,0.0013,-1
KHAPRETA_510206,312202.860,2624490.200,131.3300,0.0000,1.0900,0.0696,-1
KHAPRETA_510206,312212.860,2624490.200,131.5200,0.0000,0.9000,0.0575,-1
KHAPRETA_510206,312218.860,2624490.200,131.5100,0.0000,0.9100,0.0581,-1
KHAPRETA_510206,312221.860,2624490.200,131.6500,0.0850,0.7700,0.0492,-1
KHAPRETA_510206,312223.860,2624490.200,131.8300,0.9419,0.5900,0.0377,-1
KHAPRETA_510206,312225.860,2624490.200,131.7700,0.0000,0.6500,0.0415,-1
KHAPRETA_510206,312235.860,2624490.200,131.8100,0.0250,0.6100,0.0390,-1
KHAPRETA_510206,312237.860,2624490.200,131.7900,0.0000,0.6300,0.0403,-1
KHAPRETA_510206,312241.860,2624490.200,131.7700,0.9923,0.6500,0.0415,-1
KHAPRETA_510206,312242.860,2624490.200,131.7600,0.0050,0.6600,0.0422,-1
KHAPRETA_510206,312243.860,2624490.200,131.7600,0.0450,0.6600,0.0422,-1
KHAPRETA_510206,312244.860,2624490.200,131.8500,0.1300,0.5700,0.0364,-1
KHAPRETA_510206,312245.860,2624490.200,132.0200,1.0369,0.4000,0.0256,-1
KHAPRETA_510206,312247.860,2624490.200,131.8200,1.0769,0.6000,0.0383,-1
KHAPRETA_510206,312248.860,2624490.200,131.9300,1.4103,0.4900,0.0313,-1
KHAPRETA_510206,312251.860,2624490.200,131.7700,1.1869,0.6500,0.0415,-1
KHAPRETA_510206,312252.860,2624490.200,132.1500,1.4493,0.2700,0.0173,-1
KHAPRETA_510206,312255.860,2624490.200,132.1200,1.3069,0.3000,0.0192,-1
KHAPRETA_510206,312258.860,2624490.200,131.9700,1.1419,0.4500,0.0288,-1
KHAPRETA_510206,312259.860,2624490.200,132.0600,1.0969,0.3600,0.0230,-1
KHAPRETA_510206,311950.860,2624491.200,128.9100,0.4771,3.5100,0.2243,-1
KHAPRETA_510206,311951.860,2624491.200,128.9800,0.4331,3.4400,0.2198,-1
KHAPRETA_510206,311954.860,2624491.200,129.2700,0.4181,3.1500,0.2013,-1
KHAPRETA_510206,311958.860,2624491.200,129.4300,0.2031,2.9900,0.1911,-1
KHAPRETA_510206,311961.860,2624491.200,129.4000,0.0000,3.0200,0.1930,-1
KHAPRETA_510206,311968.860,2624491.200,129.3300,0.0000,3.0900,0.1974,-1
KHAPRETA_510206,311980.860,2624491.200,129.4200,0.0000,3.0000,0.1917,-1
KHAPRETA_510206,311982.860,2624491.200,129.2700,0.2381,3.1500,0.2013,-1
KHAPRETA_510206,311983.860,2624491.200,129.3000,0.2700,3.1200,0.1994,-1
KHAPRETA_510206,311984.860,2624491.200,129.8100,0.3511,2.6100,0.1668,-1
KHAPRETA_510206,311986.860,2624491.200,129.7800,0.0000,2.6400,0.1687,-1
KHAPRETA_510206,311995.860,2624491.200,129.8300,0.0000,2.5900,0.1655,-1
KHAPRETA_510206,312001.860,2624491.200,129.8200,0.0000,2.6000,0.1661,-1
KHAPRETA_510206,312007.860,2624491.200,129.9500,0.0819,2.4700,0.1578,-1
KHAPRETA_510206,312009.860,2624491.200,129.9400,0.0919,2.4800,0.1585,-1
KHAPRETA_510206,312010.860,2624491.200,129.9600,0.1494,2.4600,0.1572,-1
KHAPRETA_510206,312011.860,2624491.200,130.0800,0.0919,2.3400,0.1495,-1
KHAPRETA_510206,312013.860,2624491.200,130.0900,0.1678,2.3300,0.1489,-1
KHAPRETA_510206,312014.860,2624491.200,130.0500,0.1569,2.3700,0.1514,-1
KHAPRETA_510206,312016.860,2624491.200,130.0700,0.1819,2.3500,0.1502,-1
KHAPRETA_510206,312018.860,2624491.200,130.0500,0.0000,2.3700,0.1514,-1
KHAPRETA_510206,312036.860,2624491.200,132.1600,1.6857,0.2600,0.0166,-1
KHAPRETA_510206,312037.860,2624491.200,132.1600,1.6716,0.2600,0.0166,-1
KHAPRETA_510206,312040.860,2624491.200,132.1900,1.4740,0.2300,0.0147,-1
KHAPRETA_510206,312041.860,2624491.200,131.5900,1.4327,0.8300,0.0530,-1
KHAPRETA_510206,312044.860,2624491.200,131.7600,0.9869,0.6600,0.0422,-1
KHAPRETA_510206,312051.860,2624491.200,130.9400,0.5769,1.4800,0.0946,-1
KHAPRETA_510206,312069.860,2624491.200,131.1100,0.0000,1.3100,0.0837,-1
KHAPRETA_510206,312071.860,2624491.200,131.1200,0.6719,1.3000,0.0831,-1
KHAPRETA_510206,312072.860,2624491.200,131.1200,0.6719,1.3000,0.0831,-1
KHAPRETA_510206,312083.860,2624491.200,131.1800,0.0000,1.2400,0.0792,-1
KHAPRETA_510206,312086.860,2624491.200,131.1300,0.0000,1.2900,0.0824,-1
KHAPRETA_510206,312089.860,2624491.200,131.1600,0.0000,1.2600,0.0805,-1
KHAPRETA_510206,312097.860,2624491.200,131.1800,0.6820,1.2400,0.0792,-1
KHAPRETA_510206,312098.860,2624491.200,131.1400,0.8807,1.2800,0.0818,-1
KHAPRETA_510206,312101.860,2624491.200,130.7300,0.5719,1.6900,0.1080,-1
KHAPRETA_510206,312109.860,2624491.200,130.9000,0.0000,1.5200,0.0971,-1
KHAPRETA_510206,312116.860,2624491.200,130.8400,0.5119,1.5800,0.1010,-1
KHAPRETA_510206,312124.860,2624491.200,130.8300,0.0000,1.5900,0.1016,-1
KHAPRETA_510206,312127.860,2624491.200,131.0100,0.0000,1.4100,0.0901,-1
KHAPRETA_510206,312130.860,2624491.200,130.3900,0.0000,2.0300,0.1297,-1
KHAPRETA_510206,312134.860,2624491.200,130.5200,0.2519,1.9000,0.1214,-1
KHAPRETA_510206,312135.860,2624491.200,130.2800,0.4383,2.1400,0.1367,-1
KHAPRETA_510206,312140.860,2624491.200,130.2700,0.1819,2.1500,0.1374,-1
KHAPRETA_510206,312142.860,2624491.200,130.1400,0.0000,2.2800,0.1457,-1
KHAPRETA_510206,312144.860,2624491.200,130.1200,0.0000,2.3000,0.1470,-1
KHAPRETA_510206,312148.860,2624491.200,130.1500,0.0000,2.2700,0.1450,-1
KHAPRETA_510206,312156.860,2624491.200,130.0000,0.0000,2.4200,0.1546,-1
KHAPRETA_510206,312166.860,2624491.200,131.1700,0.0200,1.2500,0.0799,-1
KHAPRETA_510206,312169.860,2624491.200,131.2400,0.7319,1.1800,0.0754,-1
KHAPRETA_510206,312194.860,2624491.200,131.7900,0.0000,0.6300,0.0403,-1
KHAPRETA_510206,312196.860,2624491.200,131.5000,0.8469,0.9200,0.0588,-1
KHAPRETA_510206,312200.860,2624491.200,131.5000,0.7669,0.9200,0.0588,-1
KHAPRETA_510206,312201.860,2624491.200,131.3100,0.8619,1.1100,0.0709,-1
KHAPRETA_510206,312221.860,2624491.200,131.7500,0.9369,0.6700,0.0428,-1
KHAPRETA_510206,312227.860,2624491.200,131.8000,0.0000,0.6200,0.0396,-1
KHAPRETA_510206,312234.860,2624491.200,131.8500,1.4311,0.5700,0.0364,-1
KHAPRETA_510206,312235.860,2624491.200,131.8000,1.4524,0.6200,0.0396,-1
KHAPRETA_510206,312240.860,2624491.200,131.7900,1.0169,0.6300,0.0403,-1
KHAPRETA_510206,312241.860,2624491.200,131.8100,1.4170,0.6100,0.0390,-1
KHAPRETA_510206,312248.860,2624491.200,131.7200,1.0769,0.7000,0.0447,-1
KHAPRETA_510206,312250.860,2624491.200,131.9900,0.0000,0.4300,0.0275,-1
KHAPRETA_510206,312253.860,2624491.200,131.7700,0.0000,0.6500,0.0415,-1
KHAPRETA_510206,311950.860,2624492.200,129.2500,0.4331,3.1700,0.2026,-1
KHAPRETA_510206,311958.860,2624492.200,129.3700,0.1731,3.0500,0.1949,-1
KHAPRETA_510206,311965.860,2624492.200,129.2600,0.0000,3.1600,0.2019,-1
KHAPRETA_510206,311985.860,2624492.200,129.8200,0.0000,2.6000,0.1661,-1
KHAPRETA_510206,311991.860,2624492.200,129.8000,0.0000,2.6200,0.1674,-1
KHAPRETA_510206,311998.860,2624492.200,129.9100,0.0000,2.5100,0.1604,-1
KHAPRETA_510206,312004.860,2624492.200,129.9000,0.0919,2.5200,0.1610,-1
KHAPRETA_510206,312005.860,2624492.200,129.9600,0.1270,2.4600,0.1572,-1
KHAPRETA_510206,312006.860,2624492.200,130.0200,0.0100,2.4000,0.1534,-1
KHAPRETA_510206,312007.860,2624492.200,129.9400,0.1498,2.4800,0.1585,-1
KHAPRETA_510206,312016.860,2624492.200,130.1400,0.1469,2.2800,0.1457,-1
KHAPRETA_510206,312036.860,2624492.200,132.1600,1.1919,0.2600,0.0166,-1
KHAPRETA_510206,312040.860,2624492.200,132.1000,0.7766,0.3200,0.0204,-1
KHAPRETA_510206,312041.860,2624492.200,131.3200,0.9356,1.1000,0.0703,-1
KHAPRETA_510206,312042.860,2624492.200,131.6400,0.1450,0.7800,0.0498,-1
KHAPRETA_510206,312043.860,2624492.200,131.6100,0.9186,0.8100,0.0518,-1
KHAPRETA_510206,312044.860,2624492.200,131.7500,1.3508,0.6700,0.0428,-1
KHAPRETA_510206,312046.860,2624492.200,131.1600,0.6719,1.2600,0.0805,-1
KHAPRETA_510206,312053.860,2624492.200,130.9500,0.0000,1.4700,0.0939,-1
KHAPRETA_510206,312065.860,2624492.200,131.0100,0.9114,1.4100,0.0901,-1
KHAPRETA_510206,312066.860,2624492.200,131.0500,0.8939,1.3700,0.0875,-1
KHAPRETA_510206,312068.860,2624492.200,131.0200,0.0000,1.4000,0.0895,-1
KHAPRETA_510206,312073.860,2624492.200,131.2000,0.6769,1.2200,0.0780,-1
KHAPRETA_510206,312075.860,2624492.200,131.2300,0.0000,1.1900,0.0760,-1
KHAPRETA_510206,312079.860,2624492.200,131.2200,0.0000,1.2000,0.0767,-1
KHAPRETA_510206,312081.860,2624492.200,131.2000,0.0000,1.2200,0.0780,-1
KHAPRETA_510206,312091.860,2624492.200,131.1700,0.0000,1.2500,0.0799,-1
KHAPRETA_510206,312093.860,2624492.200,131.1500,0.0000,1.2700,0.0812,-1
KHAPRETA_510206,312096.860,2624492.200,131.1700,0.7019,1.2500,0.0799,-1
KHAPRETA_510206,312097.860,2624492.200,131.1800,0.6970,1.2400,0.0792,-1
KHAPRETA_510206,312100.860,2624492.200,130.6300,0.6819,1.7900,0.1144,-1
KHAPRETA_510206,312106.860,2624492.200,130.9300,0.5919,1.4900,0.0952,-1
KHAPRETA_510206,312107.860,2624492.200,130.9600,0.5769,1.4600,0.0933,-1
KHAPRETA_510206,312110.860,2624492.200,130.7700,0.0000,1.6500,0.1054,-1
KHAPRETA_510206,312118.860,2624492.200,131.0200,0.0000,1.4000,0.0895,-1
KHAPRETA_510206,312120.860,2624492.200,131.0200,0.6669,1.4000,0.0895,-1
KHAPRETA_510206,312123.860,2624492.200,131.0000,0.0000,1.4200,0.0907,-1
KHAPRETA_510206,312125.860,2624492.200,130.8500,0.0000,1.5700,0.1003,-1
KHAPRETA_510206,312133.860,2624492.200,130.2900,0.0000,2.1300,0.1361,-1
KHAPRETA_510206,312135.860,2624492.200,130.2400,0.2519,2.1800,0.1393,-1
KHAPRETA_510206,312140.860,2624492.200,130.1400,0.2469,2.2800,0.1457,-1
KHAPRETA_510206,312144.860,2624492.200,130.1200,0.0150,2.3000,0.1470,-1
KHAPRETA_510206,312152.860,2624492.200,131.1800,0.3769,1.2400,0.0792,-1
KHAPRETA_510206,312157.860,2624492.200,129.8500,0.1619,2.5700,0.1642,-1
KHAPRETA_510206,312158.860,2624492.200,130.1000,0.2645,2.3200,0.1482,-1
KHAPRETA_510206,312161.860,2624492.200,131.4500,0.0000,0.9700,0.0620,-1
KHAPRETA_510206,312166.860,2624492.200,131.1900,0.6969,1.2300,0.0786,-1
KHAPRETA_510206,312169.860,2624492.200,131.2400,0.0050,1.1800,0.0754,-1
KHAPRETA_510206,312177.860,2624492.200,131.5200,0.0000,0.9000,0.0575,-1
KHAPRETA_510206,312196.860,2624492.200,131.4700,0.8619,0.9500,0.0607,-1
KHAPRETA_510206,312213.860,2624492.200,131.6000,0.0000,0.8200,0.0524,-1
KHAPRETA_510206,312215.860,2624492.200,131.5900,0.0000,0.8300,0.0530,-1
KHAPRETA_510206,312217.860,2624492.200,131.6600,0.0000,0.7600,0.0486,-1
KHAPRETA_510206,312219.860,2624492.200,131.6900,0.0000,0.7300,0.0466,-1
KHAPRETA_510206,312222.860,2624492.200,131.8600,1.0069,0.5600,0.0358,-1
KHAPRETA_510206,312223.860,2624492.200,131.7900,1.0419,0.6300,0.0403,-1
KHAPRETA_510206,312233.860,2624492.200,131.8100,1.0119,0.6100,0.0390,-1
KHAPRETA_510206,312234.860,2624492.200,131.8000,1.0169,0.6200,0.0396,-1
KHAPRETA_510206,312245.860,2624492.200,131.9000,1.3887,0.5200,0.0332,-1
KHAPRETA_510206,312246.860,2624492.200,131.7400,1.0619,0.6800,0.0435,-1
KHAPRETA_510206,312249.860,2624492.200,131.6800,1.0519,0.7400,0.0473,-1
KHAPRETA_510206,312252.860,2624492.200,131.7100,0.0000,0.7100,0.0454,-1
KHAPRETA_510206,312258.860,2624492.200,132.2000,0.0000,0.2200,0.0141,-1
KHAPRETA_510206,311951.860,2624493.200,129.3100,0.0000,3.1100,0.1987,-1
KHAPRETA_510206,311954.860,2624493.200,129.0000,0.4131,3.4200,0.2185,-1
KHAPRETA_510206,311956.860,2624493.200,128.9900,0.0000,3.4300,0.2192,-1
KHAPRETA_510206,311960.860,2624493.200,129.2800,0.3315,3.1400,0.2006,-1
KHAPRETA_510206,311961.860,2624493.200,129.2600,0.0250,3.1600,0.2019,-1
KHAPRETA_510206,311962.860,2624493.200,129.3300,0.2581,3.0900,0.1974,-1
KHAPRETA_510206,311967.860,2624493.200,129.3700,0.0000,3.0500,0.1949,-1
KHAPRETA_510206,311970.860,2624493.200,129.4100,0.1581,3.0100,0.1923,-1
KHAPRETA_510206,311971.860,2624493.200,129.4600,0.0150,2.9600,0.1891,-1
KHAPRETA_510206,311972.860,2624493.200,129.4400,0.1581,2.9800,0.1904,-1
KHAPRETA_510206,311975.860,2624493.200,129.3200,0.2181,3.1000,0.1981,-1
KHAPRETA_510206,311976.860,2624493.200,129.3400,0.3087,3.0800,0.1968,-1
KHAPRETA_510206,311978.860,2624493.200,129.2400,0.0000,3.1800,0.2032,-1
KHAPRETA_510206,311999.860,2624493.200,129.9700,0.0000,2.4500,0.1565,-1
KHAPRETA_510206,312002.860,2624493.200,129.7900,0.0000,2.6300,0.1681,-1
KHAPRETA_510206,312005.860,2624493.200,130.0000,0.0919,2.4200,0.1546,-1
KHAPRETA_510206,312009.860,2624493.200,129.9800,0.1619,2.4400,0.1559,-1
KHAPRETA_510206,312018.860,2624493.200,130.1400,0.1519,2.2800,0.1457,-1
KHAPRETA_510206,312039.860,2624493.200,132.1200,1.6152,0.3000,0.0192,-1
KHAPRETA_510206,312040.860,2624493.200,132.0200,1.6503,0.4000,0.0256,-1
KHAPRETA_510206,312043.860,2624493.200,131.6100,0.0350,0.8100,0.0518,-1
KHAPRETA_510206,312045.860,2624493.200,131.3600,0.6719,1.0600,0.0677,-1
KHAPRETA_510206,312046.860,2624493.200,131.1200,1.0516,1.3000,0.0831,-1
KHAPRETA_510206,312059.860,2624493.200,131.0500,0.0000,1.3700,0.0875,-1
KHAPRETA_510206,312065.860,2624493.200,131.0800,0.8939,1.3400,0.0856,-1
KHAPRETA_510206,312066.860,2624493.200,131.0700,0.6370,1.3500,0.0863,-1
KHAPRETA_510206,312067.860,2624493.200,131.0700,0.6469,1.3500,0.0863,-1
KHAPRETA_510206,312069.860,2624493.200,131.0800,0.0000,1.3400,0.0856,-1
KHAPRETA_510206,312072.860,2624493.200,131.1200,0.6769,1.3000,0.0831,-1
KHAPRETA_510206,312073.860,2624493.200,131.1300,0.9790,1.2900,0.0824,-1
KHAPRETA_510206,312077.860,2624493.200,131.2200,0.0000,1.2000,0.0767,-1
KHAPRETA_510206,312080.860,2624493.200,131.2100,0.0000,1.2100,0.0773,-1
KHAPRETA_510206,312087.860,2624493.200,131.1600,0.7169,1.2600,0.0805,-1
KHAPRETA_510206,312088.860,2624493.200,131.2100,0.6971,1.2100,0.0773,-1
KHAPRETA_510206,312089.860,2624493.200,131.1900,0.0100,1.2300,0.0786,-1
KHAPRETA_510206,312090.860,2624493.200,131.1900,0.7069,1.2300,0.0786,-1
KHAPRETA_510206,312097.860,2624493.200,131.2000,0.9927,1.2200,0.0780,-1
KHAPRETA_510206,312098.860,2624493.200,131.1800,0.7119,1.2400,0.0792,-1
KHAPRETA_510206,312100.860,2624493.200,131.1400,0.4269,1.2800,0.0818,-1
KHAPRETA_510206,312108.860,2624493.200,130.9400,0.6319,1.4800,0.0946,-1
KHAPRETA_510206,312109.860,2624493.200,131.0400,0.5819,1.3800,0.0882,-1
KHAPRETA_510206,312113.860,2624493.200,130.9300,0.6519,1.4900,0.0952,-1
KHAPRETA_510206,312114.860,2624493.200,131.0800,0.5769,1.3400,0.0856,-1
KHAPRETA_510206,312120.860,2624493.200,131.1100,0.6219,1.3100,0.0837,-1
KHAPRETA_510206,312122.860,2624493.200,131.0500,0.0000,1.3700,0.0875,-1
KHAPRETA_510206,312124.860,2624493.200,131.0000,0.5919,1.4200,0.0907,-1
KHAPRETA_510206,312128.860,2624493.200,131.0100,0.6169,1.4100,0.0901,-1
KHAPRETA_510206,312130.860,2624493.200,131.1100,0.6019,1.3100,0.0837,-1
KHAPRETA_510206,312132.860,2624493.200,130.5300,0.0000,1.8900,0.1208,-1
KHAPRETA_510206,312134.860,2624493.200,130.3500,0.0000,2.0700,0.1323,-1
KHAPRETA_510206,312137.860,2624493.200,130.2100,0.0000,2.2100,0.1412,-1
KHAPRETA_510206,312144.860,2624493.200,130.1500,0.2887,2.2700,0.1450,-1
KHAPRETA_510206,312145.860,2624493.200,130.2400,0.1869,2.1800,0.1393,-1
KHAPRETA_510206,312149.860,2624493.200,130.1200,0.1819,2.3000,0.1470,-1
KHAPRETA_510206,312150.860,2624493.200,130.1400,0.3133,2.2800,0.1457,-1
KHAPRETA_510206,312152.860,2624493.200,130.5300,0.7019,1.8900,0.1208,-1
KHAPRETA_510206,312154.860,2624493.200,130.1300,0.0000,2.2900,0.1463,-1
KHAPRETA_510206,312158.860,2624493.200,130.3000,0.9853,2.1200,0.1355,-1
KHAPRETA_510206,312159.860,2624493.200,131.7200,0.5950,0.7000,0.0447,-1
KHAPRETA_510206,312160.860,2624493.200,131.4900,0.9719,0.9300,0.0594,-1
KHAPRETA_510206,312169.860,2624493.200,131.2500,0.7319,1.1700,0.0748,-1
KHAPRETA_510206,312172.860,2624493.200,131.2500,0.7419,1.1700,0.0748,-1
KHAPRETA_510206,312173.860,2624493.200,131.2600,0.7369,1.1600,0.0741,-1
KHAPRETA_510206,312194.860,2624493.200,131.7300,0.0000,0.6900,0.0441,-1
KHAPRETA_510206,312210.860,2624493.200,132.3000,1.2069,0.1200,0.0077,-1
KHAPRETA_510206,312211.860,2624493.200,132.1900,0.1650,0.2300,0.0147,-1
KHAPRETA_510206,312212.860,2624493.200,131.9700,1.2069,0.4500,0.0288,-1
KHAPRETA_510206,312227.860,2624493.200,131.8500,1.0769,0.5700,0.0364,-1
KHAPRETA_510206,312231.860,2624493.200,131.9700,1.0769,0.4500,0.0288,-1
KHAPRETA_510206,312232.860,2624493.200,131.9300,1.0969,0.4900,0.0313,-1
KHAPRETA_510206,312234.860,2624493.200,131.8600,1.0119,0.5600,0.0358,-1
KHAPRETA_510206,312238.860,2624493.200,131.8600,0.0000,0.5600,0.0358,-1
KHAPRETA_510206,312245.860,2624493.200,131.7400,1.0619,0.6800,0.0435,-1
KHAPRETA_510206,312249.860,2624493.200,131.8800,1.3930,0.5400,0.0345,-1
KHAPRETA_510206,312250.860,2624493.200,131.8100,1.0519,0.6100,0.0390,-1
KHAPRETA_510206,312253.860,2624493.200,131.5500,1.1119,0.8700,0.0556,-1
KHAPRETA_510206,312254.860,2624493.200,132.0000,0.8869,0.4200,0.0268,-1
KHAPRETA_510206,311952.860,2624494.200,128.8400,0.4131,3.5800,0.2288,-1
KHAPRETA_510206,311953.860,2624494.200,128.9500,0.0550,3.4700,0.2217,-1
KHAPRETA_510206,311954.860,2624494.200,128.9500,0.5668,3.4700,0.2217,-1
KHAPRETA_510206,311960.860,2624494.200,129.3600,0.2481,3.0600,0.1955,-1
KHAPRETA_510206,311963.860,2624494.200,129.3100,0.2181,3.1100,0.1987,-1
KHAPRETA_510206,311965.860,2624494.200,129.3000,0.2031,3.1200,0.1994,-1
KHAPRETA_510206,311973.860,2624494.200,129.3300,0.0000,3.0900,0.1974,-1
KHAPRETA_510206,311976.860,2624494.200,129.3600,0.2181,3.0600,0.1955,-1
KHAPRETA_510206,311982.860,2624494.200,129.7900,0.0569,2.6300,0.1681,-1
KHAPRETA_510206,311986.860,2624494.200,129.9000,0.0000,2.5200,0.1610,-1
KHAPRETA_510206,311988.860,2624494.200,129.8000,0.0000,2.6200,0.1674,-1
KHAPRETA_510206,311994.860,2624494.200,129.8000,0.0669,2.6200,0.1674,-1
KHAPRETA_510206,311997.860,2624494.200,129.7900,0.0219,2.6300,0.1681,-1
KHAPRETA_510206,311998.860,2624494.200,129.8200,0.0069,2.6000,0.1661,-1
KHAPRETA_510206,312004.860,2624494.200,129.9400,0.0000,2.4800,0.1585,-1
KHAPRETA_510206,312007.860,2624494.200,129.9200,0.0669,2.5000,0.1597,-1
KHAPRETA_510206,312009.860,2624494.200,130.1000,0.0050,2.3200,0.1482,-1
KHAPRETA_510206,312013.860,2624494.200,130.0400,0.1119,2.3800,0.1521,-1
KHAPRETA_510206,312015.860,2624494.200,130.0300,0.1519,2.3900,0.1527,-1
KHAPRETA_510206,312017.860,2624494.200,130.1900,0.1519,2.2300,0.1425,-1
KHAPRETA_510206,312018.860,2624494.200,130.0800,0.2755,2.3400,0.1495,-1
KHAPRETA_510206,312038.860,2624494.200,131.9400,1.1619,0.4800,0.0307,-1
KHAPRETA_510206,312039.860,2624494.200,132.1000,1.5950,0.3200,0.0204,-1
KHAPRETA_510206,312042.860,2624494.200,131.6300,0.9519,0.7900,0.0505,-1
KHAPRETA_510206,312043.860,2624494.200,131.6800,1.3038,0.7400,0.0473,-1
KHAPRETA_510206,312053.860,2624494.200,130.9300,0.0000,1.4900,0.0952,-1
KHAPRETA_510206,312061.860,2624494.200,131.0900,0.0000,1.3300,0.0850,-1
KHAPRETA_510206,312081.860,2624494.200,131.2200,0.7469,1.2000,0.0767,-1
KHAPRETA_510206,312084.860,2624494.200,131.1900,0.0000,1.2300,0.0786,-1
KHAPRETA_510206,312088.860,2624494.200,131.1700,0.7169,1.2500,0.0799,-1
KHAPRETA_510206,312101.860,2624494.200,130.9900,0.0000,1.4300,0.0914,-1
KHAPRETA_510206,312105.860,2624494.200,130.8400,0.0000,1.5800,0.1010,-1
KHAPRETA_510206,312111.860,2624494.200,131.0300,0.6169,1.3900,0.0888,-1
KHAPRETA_510206,312119.860,2624494.200,130.8400,0.6369,1.5800,0.1010,-1
KHAPRETA_510206,312123.860,2624494.200,131.0600,0.8514,1.3600,0.0869,-1
KHAPRETA_510206,312124.860,2624494.200,130.9600,0.0050,1.4600,0.0933,-1
KHAPRETA_510206,312125.860,2624494.200,131.0500,0.6348,1.3700,0.0875,-1
KHAPRETA_510206,312126.860,2624494.200,131.0800,0.9008,1.3400,0.0856,-1
KHAPRETA_510206,312128.860,2624494.200,131.0100,0.5961,1.4100,0.0901,-1
KHAPRETA_510206,312129.860,2624494.200,130.9600,0.6371,1.4600,0.0933,-1
KHAPRETA_510206,312130.860,2624494.200,130.9800,0.0522,1.4400,0.0920,-1
KHAPRETA_510206,312131.860,2624494.200,130.9900,0.6019,1.4300,0.0914,-1
KHAPRETA_510206,312133.860,2624494.200,130.6400,0.0000,1.7800,0.1137,-1
KHAPRETA_510206,312136.860,2624494.200,130.2400,0.0000,2.1800,0.1393,-1
KHAPRETA_510206,312140.860,2624494.200,130.2500,0.1719,2.1700,0.1387,-1
KHAPRETA_510206,312141.860,2624494.200,130.1200,0.2369,2.3000,0.1470,-1
KHAPRETA_510206,312143.860,2624494.200,130.1800,0.0000,2.2400,0.1431,-1
KHAPRETA_510206,312146.860,2624494.200,130.3600,0.3619,2.0600,0.1316,-1
KHAPRETA_510206,312147.860,2624494.200,130.5000,0.3824,1.9200,0.1227,-1
KHAPRETA_510206,312150.860,2624494.200,130.3000,0.4185,2.1200,0.1355,-1
KHAPRETA_510206,312151.860,2624494.200,130.5300,0.2619,1.8900,0.1208,-1
KHAPRETA_510206,312163.860,2624494.200,131.1800,0.6969,1.2400,0.0792,-1
KHAPRETA_510206,312165.860,2624494.200,131.2400,0.0000,1.1800,0.0754,-1
KHAPRETA_510206,312178.860,2624494.200,131.5400,0.0000,0.8800,0.0562,-1
KHAPRETA_510206,312192.860,2624494.200,131.6300,0.0000,0.7900,0.0505,-1
KHAPRETA_510206,312197.860,2624494.200,132.2400,0.0000,0.1800,0.0115,-1
KHAPRETA_510206,312209.860,2624494.200,132.3900,1.3069,0.0300,0.0019,-1
KHAPRETA_510206,312219.860,2624494.200,131.8400,0.0000,0.5800,0.0371,-1
KHAPRETA_510206,312227.860,2624494.200,131.9300,1.0369,0.4900,0.0313,-1
KHAPRETA_510206,312230.860,2624494.200,131.9300,1.0819,0.4900,0.0313,-1
KHAPRETA_510206,312235.860,2624494.200,131.8800,0.0000,0.5400,0.0345,-1
KHAPRETA_510206,312237.860,2624494.200,131.9300,1.2269,0.4900,0.0313,-1
KHAPRETA_510206,312242.860,2624494.200,132.0200,0.0000,0.4000,0.0256,-1
KHAPRETA_510206,312262.860,2624494.200,132.2900,1.1969,0.1300,0.0083,-1
KHAPRETA_510206,311955.860,2624495.200,129.0100,0.0000,3.4100,0.2179,-1
KHAPRETA_510206,311961.860,2624495.200,129.2900,0.2231,3.1300,0.2000,-1
KHAPRETA_510206,311962.860,2624495.200,129.3300,0.0250,3.0900,0.1974,-1
KHAPRETA_510206,311963.860,2624495.200,129.3400,0.2331,3.0800,0.1968,-1
KHAPRETA_510206,311964.860,2624495.200,129.3200,0.0150,3.1000,0.1981,-1
KHAPRETA_510206,311965.860,2624495.200,129.3700,0.2385,3.0500,0.1949,-1
KHAPRETA_510206,311966.860,2624495.200,129.3500,0.2031,3.0700,0.1962,-1
KHAPRETA_510206,311968.860,2624495.200,129.3200,0.2381,3.1000,0.1981,-1
KHAPRETA_510206,311971.860,2624495.200,129.3800,0.0000,3.0400,0.1942,-1
KHAPRETA_510206,311982.860,2624495.200,129.8900,0.0278,2.5300,0.1617,-1
KHAPRETA_510206,311983.860,2624495.200,129.8300,0.0630,2.5900,0.1655,-1
KHAPRETA_510206,311985.860,2624495.200,129.8900,0.0381,2.5300,0.1617,-1
KHAPRETA_510206,311987.860,2624495.200,129.9200,0.0000,2.5000,0.1597,-1
KHAPRETA_510206,311991.860,2624495.200,129.7700,0.0119,2.6500,0.1693,-1
KHAPRETA_510206,311992.860,2624495.200,129.8000,0.0450,2.6200,0.1674,-1
KHAPRETA_510206,311993.860,2624495.200,129.8600,0.0550,2.5600,0.1636,-1
KHAPRETA_510206,311994.860,2624495.200,129.9100,0.0465,2.5100,0.1604,-1
KHAPRETA_510206,311999.860,2624495.200,129.9400,0.0000,2.4800,0.1585,-1
KHAPRETA_510206,312001.860,2624495.200,129.9000,0.1234,2.5200,0.1610,-1
KHAPRETA_510206,312002.860,2624495.200,130.0000,0.0350,2.4200,0.1546,-1
KHAPRETA_510206,312003.860,2624495.200,129.8300,0.1119,2.5900,0.1655,-1
KHAPRETA_510206,312007.860,2624495.200,129.9100,0.0719,2.5100,0.1604,-1
KHAPRETA_510206,312009.860,2624495.200,129.9900,0.1619,2.4300,0.1553,-1
KHAPRETA_510206,312012.860,2624495.200,129.9600,0.1119,2.4600,0.1572,-1
KHAPRETA_510206,312013.860,2624495.200,130.0000,0.0932,2.4200,0.1546,-1
KHAPRETA_510206,312015.860,2624495.200,130.0800,0.1269,2.3400,0.1495,-1
KHAPRETA_510206,312026.860,2624495.200,132.3400,0.0000,0.0800,0.0051,-1
KHAPRETA_510206,312041.860,2624495.200,131.6000,0.0000,0.8200,0.0524,-1
KHAPRETA_510206,312046.860,2624495.200,131.8900,0.7319,0.5300,0.0339,-1
KHAPRETA_510206,312047.860,2624495.200,131.2400,1.0569,1.1800,0.0754,-1
KHAPRETA_510206,312056.860,2624495.200,130.9500,0.6319,1.4700,0.0939,-1
KHAPRETA_510206,312058.860,2624495.200,130.9700,0.6669,1.4500,0.0927,-1
KHAPRETA_510206,312062.860,2624495.200,131.0900,0.6519,1.3300,0.0850,-1
KHAPRETA_510206,312063.860,2624495.200,131.0800,0.6569,1.3400,0.0856,-1
KHAPRETA_510206,312068.860,2624495.200,131.1100,0.6719,1.3100,0.0837,-1
KHAPRETA_510206,312073.860,2624495.200,131.1200,0.0000,1.3000,0.0831,-1
KHAPRETA_510206,312077.860,2624495.200,131.2300,0.7419,1.1900,0.0760,-1
KHAPRETA_510206,312081.860,2624495.200,131.2700,1.0210,1.1500,0.0735,-1
KHAPRETA_510206,312082.860,2624495.200,131.2200,0.0200,1.2000,0.0767,-1
KHAPRETA_510206,312083.860,2624495.200,131.2300,1.0281,1.1900,0.0760,-1
KHAPRETA_510206,312086.860,2624495.200,131.2400,0.0000,1.1800,0.0754,-1
KHAPRETA_510206,312091.860,2624495.200,131.2000,0.7069,1.2200,0.0780,-1
KHAPRETA_510206,312092.860,2624495.200,131.1900,0.7119,1.2300,0.0786,-1
KHAPRETA_510206,312094.860,2624495.200,131.2000,0.7269,1.2200,0.0780,-1
KHAPRETA_510206,312095.860,2624495.200,131.2300,1.0104,1.1900,0.0760,-1
KHAPRETA_510206,312104.860,2624495.200,130.8200,0.0000,1.6000,0.1022,-1
KHAPRETA_510206,312107.860,2624495.200,130.8000,0.0000,1.6200,0.1035,-1
KHAPRETA_510206,312111.860,2624495.200,131.0100,0.6269,1.4100,0.0901,-1
KHAPRETA_510206,312115.860,2624495.200,130.8200,0.0000,1.6000,0.1022,-1
KHAPRETA_510206,312119.860,2624495.200,131.0500,0.1200,1.3700,0.0875,-1
KHAPRETA_510206,312123.860,2624495.200,131.0000,0.8869,1.4200,0.0907,-1
KHAPRETA_510206,312124.860,2624495.200,131.0000,0.0680,1.4200,0.0907,-1
KHAPRETA_510206,312125.860,2624495.200,131.0400,0.6374,1.3800,0.0882,-1
KHAPRETA_510206,312126.860,2624495.200,131.0500,0.9079,1.3700,0.0875,-1
KHAPRETA_510206,312128.860,2624495.200,130.8700,0.8867,1.5500,0.0990,-1
KHAPRETA_510206,312129.860,2624495.200,131.0500,0.5961,1.3700,0.0875,-1
KHAPRETA_510206,312130.860,2624495.200,131.0100,0.8764,1.4100,0.0901,-1
KHAPRETA_510206,312137.860,2624495.200,130.2000,0.2619,2.2200,0.1419,-1
KHAPRETA_510206,312139.860,2624495.200,130.2300,0.0000,2.1900,0.1399,-1
KHAPRETA_510206,312144.860,2624495.200,130.1400,0.3307,2.2800,0.1457,-1
KHAPRETA_510206,312145.860,2624495.200,130.3000,0.1819,2.1200,0.1355,-1
KHAPRETA_510206,312147.860,2624495.200,130.2700,0.3619,2.1500,0.1374,-1
KHAPRETA_510206,312152.860,2624495.200,130.6200,0.0000,1.8000,0.1150,-1
KHAPRETA_510206,312156.860,2624495.200,130.1500,0.4669,2.2700,0.1450,-1
KHAPRETA_510206,312157.860,2624495.200,130.7100,0.1869,1.7100,0.1093,-1
KHAPRETA_510206,312163.860,2624495.200,131.1700,0.0200,1.2500,0.0799,-1
KHAPRETA_510206,312168.860,2624495.200,131.2600,0.0000,1.1600,0.0741,-1
KHAPRETA_510206,312170.860,2624495.200,131.3300,0.0000,1.0900,0.0696,-1
KHAPRETA_510206,312209.860,2624495.200,132.3900,0.1650,0.0300,0.0019,-1
KHAPRETA_510206,312217.860,2624495.200,131.7500,0.0000,0.6700,0.0428,-1
KHAPRETA_510206,312228.860,2624495.200,132.0000,0.0000,0.4200,0.0268,-1
KHAPRETA_510206,312230.860,2624495.200,131.9400,1.0769,0.4800,0.0307,-1
KHAPRETA_510206,312233.860,2624495.200,132.0100,0.0000,0.4100,0.0262,-1
KHAPRETA_510206,312237.860,2624495.200,132.2300,0.1550,0.1900,0.0121,-1
KHAPRETA_510206,312241.860,2624495.200,131.9700,1.1119,0.4500,0.0288,-1
KHAPRETA_510206,312243.860,2624495.200,131.9600,0.0000,0.4600,0.0294,-1
KHAPRETA_510206,312250.860,2624495.200,131.8900,0.0000,0.5300,0.0339,-1
KHAPRETA_510206,312253.860,2624495.200,132.2900,1.2369,0.1300,0.0083,-1
KHAPRETA_510206,312261.860,2624495.200,132.1900,1.1969,0.2300,0.0147,-1
KHAPRETA_510206,312262.860,2624495.200,132.1700,1.2571,0.2500,0.0160,-1
KHAPRETA_510206,312263.860,2624495.200,132.1500,1.1638,0.2700,0.0173,-1
KHAPRETA_510206,312264.860,2624495.200,132.3000,1.1869,0.1200,0.0077,-1
KHAPRETA_510206,311956.860,2624496.200,129.2300,0.0000,3.1900,0.2038,-1
KHAPRETA_510206,311958.860,2624496.200,129.3300,0.2181,3.0900,0.1974,-1
KHAPRETA_510206,311959.860,2624496.200,129.3400,0.3262,3.0800,0.1968,-1
KHAPRETA_510206,311968.860,2624496.200,129.3000,0.2281,3.1200,0.1994,-1
KHAPRETA_510206,311970.860,2624496.200,129.3700,0.0000,3.0500,0.1949,-1
KHAPRETA_510206,311978.860,2624496.200,129.3200,0.2081,3.1000,0.1981,-1
KHAPRETA_510206,311983.860,2624496.200,129.8300,0.0269,2.5900,0.1655,-1
KHAPRETA_510206,311985.860,2624496.200,129.7000,0.0569,2.7200,0.1738,-1
KHAPRETA_510206,311989.860,2624496.200,129.7800,0.0000,2.6400,0.1687,-1
KHAPRETA_510206,311994.860,2624496.200,129.8400,0.0669,2.5800,0.1649,-1
KHAPRETA_510206,312000.860,2624496.200,130.0800,0.0519,2.3400,0.1495,-1
KHAPRETA_510206,312001.860,2624496.200,129.8800,0.1641,2.5400,0.1623,-1
KHAPRETA_510206,312006.860,2624496.200,129.8800,0.1419,2.5400,0.1623,-1
KHAPRETA_510206,312008.860,2624496.200,130.0100,0.0869,2.4100,0.1540,-1
KHAPRETA_510206,312010.860,2624496.200,130.0100,0.0000,2.4100,0.1540,-1
KHAPRETA_510206,312013.860,2624496.200,130.0100,0.1119,2.4100,0.1540,-1
KHAPRETA_510206,312016.860,2624496.200,129.9500,0.0000,2.4700,0.1578,-1
KHAPRETA_510206,312019.860,2624496.200,130.1400,0.0000,2.2800,0.1457,-1
KHAPRETA_510206,312038.860,2624496.200,132.4200,0.0000,0.0000,0.0000,-1
KHAPRETA_510206,312043.860,2624496.200,131.6200,0.0000,0.8000,0.0511,-1
KHAPRETA_510206,312049.860,2624496.200,130.9400,0.5669,1.4800,0.0946,-1
KHAPRETA_510206,312050.860,2624496.200,130.9100,0.0200,1.5100,0.0965,-1
KHAPRETA_510206,312051.860,2624496.200,130.9800,0.5669,1.4400,0.0920,-1
KHAPRETA_510206,312056.860,2624496.200,131.0400,0.8847,1.3800,0.0882,-1
KHAPRETA_510206,312057.860,2624496.200,131.1000,0.0350,1.3200,0.0843,-1
KHAPRETA_510206,312058.860,2624496.200,131.1100,0.5970,1.3100,0.0837,-1
KHAPRETA_510206,312059.860,2624496.200,131.0900,0.6376,1.3300,0.0850,-1
KHAPRETA_510206,312060.860,2624496.200,131.0500,0.6569,1.3700,0.0875,-1
KHAPRETA_510206,312067.860,2624496.200,131.1600,0.6719,1.2600,0.0805,-1
KHAPRETA_510206,312068.860,2624496.200,131.1200,0.9610,1.3000,0.0831,-1
KHAPRETA_510206,312077.860,2624496.200,131.2600,0.0200,1.1600,0.0741,-1
KHAPRETA_510206,312083.860,2624496.200,131.2400,1.0280,1.1800,0.0754,-1
KHAPRETA_510206,312084.860,2624496.200,131.2300,1.0458,1.1900,0.0760,-1
KHAPRETA_510206,312088.860,2624496.200,131.2000,0.0000,1.2200,0.0780,-1
KHAPRETA_510206,312090.860,2624496.200,131.2300,0.7219,1.1900,0.0760,-1
KHAPRETA_510206,312095.860,2624496.200,131.2100,0.0100,1.2100,0.0773,-1
KHAPRETA_510206,312108.860,2624496.200,130.9900,0.0000,1.4300,0.0914,-1
KHAPRETA_510206,312117.860,2624496.200,131.0600,0.6119,1.3600,0.0869,-1
KHAPRETA_510206,312119.860,2624496.200,131.0800,0.6369,1.3400,0.0856,-1
KHAPRETA_510206,312122.860,2624496.200,131.1200,0.0000,1.3000,0.0831,-1
KHAPRETA_510206,312124.860,2624496.200,131.0900,0.6119,1.3300,0.0850,-1
KHAPRETA_510206,312131.860,2624496.200,130.9100,0.0000,1.5100,0.0965,-1
KHAPRETA_510206,312137.860,2624496.200,130.3000,0.2119,2.1200,0.1355,-1
KHAPRETA_510206,312144.860,2624496.200,130.1800,0.1819,2.2400,0.1431,-1
KHAPRETA_510206,312150.860,2624496.200,131.0400,0.0000,1.3800,0.0882,-1
KHAPRETA_510206,312160.860,2624496.200,131.3100,0.7319,1.1100,0.0709,-1
KHAPRETA_510206,312163.860,2624496.200,131.2200,0.6969,1.2000,0.0767,-1
KHAPRETA_510206,312172.860,2624496.200,131.3500,0.7919,1.0700,0.0684,-1
KHAPRETA_510206,312173.860,2624496.200,131.3600,0.7869,1.0600,0.0677,-1
KHAPRETA_510206,312175.860,2624496.200,131.3600,0.8119,1.0600,0.0677,-1
KHAPRETA_510206,312179.860,2624496.200,131.6400,0.0000,0.7800,0.0498,-1
KHAPRETA_510206,312192.860,2624496.200,131.6600,0.8469,0.7600,0.0486,-1
KHAPRETA_510206,312193.860,2624496.200,131.4700,0.1400,0.9500,0.0607,-1
KHAPRETA_510206,312194.860,2624496.200,131.3800,1.2446,1.0400,0.0665,-1
KHAPRETA_510206,312201.860,2624496.200,131.7600,0.0000,0.6600,0.0422,-1
KHAPRETA_510206,312209.860,2624496.200,132.0600,1.7722,0.3600,0.0230,-1
KHAPRETA_510206,312210.860,2624496.200,132.1700,1.1419,0.2500,0.0160,-1
KHAPRETA_510206,312214.860,2624496.200,131.7700,1.0169,0.6500,0.0415,-1
KHAPRETA_510206,312219.860,2624496.200,131.8300,0.0000,0.5900,0.0377,-1
KHAPRETA_510206,312223.860,2624496.200,131.9800,0.0000,0.4400,0.0281,-1
KHAPRETA_510206,312229.860,2624496.200,132.0500,0.0000,0.3700,0.0236,-1
KHAPRETA_510206,312237.860,2624496.200,132.2400,1.7176,0.1800,0.0115,-1
KHAPRETA_510206,312238.860,2624496.200,132.1800,1.7458,0.2400,0.0153,-1
KHAPRETA_510206,312241.860,2624496.200,132.0000,1.0969,0.4200,0.0268,-1
KHAPRETA_510206,312244.860,2624496.200,132.0100,0.0000,0.4100,0.0262,-1
KHAPRETA_510206,312249.860,2624496.200,131.9000,0.0000,0.5200,0.0332,-1
KHAPRETA_510206,312253.860,2624496.200,132.2500,1.6263,0.1700,0.0109,-1
KHAPRETA_510206,312254.860,2624496.200,131.8400,1.2369,0.5800,0.0371,-1
KHAPRETA_510206,312256.860,2624496.200,132.0000,0.0000,0.4200,0.0268,-1
KHAPRETA_510206,312263.860,2624496.200,132.1000,1.1869,0.3200,0.0204,-1
KHAPRETA_510206,311955.860,2624497.200,129.2700,0.0000,3.1500,0.2013,-1
KHAPRETA_510206,311959.860,2624497.200,129.3000,0.2181,3.1200,0.1994,-1
KHAPRETA_510206,311971.860,2624497.200,129.4000,0.0000,3.0200,0.1930,-1
KHAPRETA_510206,311974.860,2624497.200,129.3700,0.2731,3.0500,0.1949,-1
KHAPRETA_510206,311975.860,2624497.200,129.2300,0.2031,3.1900,0.2038,-1
KHAPRETA_510206,311978.860,2624497.200,129.3600,0.2281,3.0600,0.1955,-1
KHAPRETA_510206,311987.860,2624497.200,129.7900,0.0000,2.6300,0.1681,-1
KHAPRETA_510206,311992.860,2624497.200,129.8500,0.0000,2.5700,0.1642,-1
KHAPRETA_510206,311998.860,2624497.200,129.8800,0.0533,2.5400,0.1623,-1
KHAPRETA_510206,311999.860,2624497.200,129.8800,0.0668,2.5400,0.1623,-1
KHAPRETA_510206,312003.860,2624497.200,130.0200,0.0669,2.4000,0.1534,-1
KHAPRETA_510206,312004.860,2624497.200,129.9100,0.1416,2.5100,0.1604,-1
KHAPRETA_510206,312006.860,2624497.200,130.0600,0.0519,2.3600,0.1508,-1
KHAPRETA_510206,312008.860,2624497.200,129.9500,0.0250,2.4700,0.1578,-1
KHAPRETA_510206,312017.860,2624497.200,130.2200,0.0000,2.2000,0.1406,-1
KHAPRETA_510206,312037.860,2624497.200,132.4000,0.0000,0.0200,0.0013,-1
KHAPRETA_510206,312040.860,2624497.200,132.0000,1.1719,0.4200,0.0268,-1
KHAPRETA_510206,312047.860,2624497.200,131.0700,0.0000,1.3500,0.0863,-1
KHAPRETA_510206,312054.860,2624497.200,131.0200,0.6469,1.4000,0.0895,-1
KHAPRETA_510206,312055.860,2624497.200,131.0700,0.6219,1.3500,0.0863,-1
KHAPRETA_510206,312059.860,2624497.200,131.0500,0.0000,1.3700,0.0875,-1
KHAPRETA_510206,312063.860,2624497.200,131.1400,0.6669,1.2800,0.0818,-1
KHAPRETA_510206,312064.860,2624497.200,131.1100,0.0000,1.3100,0.0837,-1
KHAPRETA_510206,312065.860,2624497.200,131.1400,0.0200,1.2800,0.0818,-1
KHAPRETA_510206,312066.860,2624497.200,131.1500,0.6819,1.2700,0.0812,-1
KHAPRETA_510206,312073.860,2624497.200,131.2000,0.0000,1.2200,0.0780,-1
KHAPRETA_510206,312076.860,2624497.200,131.3000,0.7469,1.1200,0.0716,-1
KHAPRETA_510206,312077.860,2624497.200,131.2700,1.0635,1.1500,0.0735,-1
KHAPRETA_510206,312080.860,2624497.200,131.2600,1.0387,1.1600,0.0741,-1
KHAPRETA_510206,312081.860,2624497.200,131.2300,0.7419,1.1900,0.0760,-1
KHAPRETA_510206,312084.860,2624497.200,131.2700,0.7269,1.1500,0.0735,-1
KHAPRETA_510206,312090.860,2624497.200,131.2200,0.7269,1.2000,0.0767,-1
KHAPRETA_510206,312095.860,2624497.200,131.2100,0.7169,1.2100,0.0773,-1
KHAPRETA_510206,312097.860,2624497.200,131.2000,0.0000,1.2200,0.0780,-1
KHAPRETA_510206,312099.860,2624497.200,131.2200,0.0000,1.2000,0.0767,-1
KHAPRETA_510206,312103.860,2624497.200,131.3000,0.0000,1.1200,0.0716,-1
KHAPRETA_510206,312106.860,2624497.200,130.9000,0.0000,1.5200,0.0971,-1
KHAPRETA_510206,312116.860,2624497.200,131.0100,0.6119,1.4100,0.0901,-1
KHAPRETA_510206,312117.860,2624497.200,131.0000,0.8903,1.4200,0.0907,-1
KHAPRETA_510206,312120.860,2624497.200,131.1100,0.6219,1.3100,0.0837,-1
KHAPRETA_510206,312128.860,2624497.200,130.8400,0.0000,1.5800,0.1010,-1
KHAPRETA_510206,312132.860,2624497.200,131.0000,0.0000,1.4200,0.0907,-1
KHAPRETA_510206,312146.860,2624497.200,130.3200,0.0000,2.1000,0.1342,-1
KHAPRETA_510206,312151.860,2624497.200,130.5200,0.3219,1.9000,0.1214,-1
KHAPRETA_510206,312154.860,2624497.200,130.1900,0.2069,2.2300,0.1425,-1
KHAPRETA_510206,312156.860,2624497.200,130.2500,0.0000,2.1700,0.1387,-1
KHAPRETA_510206,312158.860,2624497.200,131.4300,0.0000,0.9900,0.0633,-1
KHAPRETA_510206,312160.860,2624497.200,131.2400,1.0464,1.1800,0.0754,-1
KHAPRETA_510206,312161.860,2624497.200,131.2000,0.7319,1.2200,0.0780,-1
KHAPRETA_510206,312165.860,2624497.200,131.3000,0.7569,1.1200,0.0716,-1
KHAPRETA_510206,312169.860,2624497.200,131.3200,0.0000,1.1000,0.0703,-1
KHAPRETA_510206,312171.860,2624497.200,131.3400,0.0000,1.0800,0.0690,-1
KHAPRETA_510206,312175.860,2624497.200,131.4000,1.1271,1.0200,0.0652,-1
KHAPRETA_510206,312176.860,2624497.200,131.3800,1.1447,1.0400,0.0665,-1
KHAPRETA_510206,312180.860,2624497.200,131.6300,0.0000,0.7900,0.0505,-1
KHAPRETA_510206,312194.860,2624497.200,131.6000,1.4574,0.8200,0.0524,-1
KHAPRETA_510206,312195.860,2624497.200,132.2100,0.9119,0.2100,0.0134,-1
KHAPRETA_510206,312199.860,2624497.200,131.4500,1.3568,0.9700,0.0620,-1
KHAPRETA_510206,312200.860,2624497.200,131.4900,0.8369,0.9300,0.0594,-1
KHAPRETA_510206,312202.860,2624497.200,131.7800,0.0000,0.6400,0.0409,-1
KHAPRETA_510206,312207.860,2624497.200,131.9800,0.0000,0.4400,0.0281,-1
KHAPRETA_510206,312214.860,2624497.200,131.8100,0.9969,0.6100,0.0390,-1
KHAPRETA_510206,312221.860,2624497.200,131.9700,1.0769,0.4500,0.0288,-1
KHAPRETA_510206,312225.860,2624497.200,131.9900,1.1219,0.4300,0.0275,-1
KHAPRETA_510206,312233.860,2624497.200,131.9500,0.0000,0.4700,0.0300,-1
KHAPRETA_510206,312238.860,2624497.200,132.2500,1.2019,0.1700,0.0109,-1
KHAPRETA_510206,312242.860,2624497.200,132.0300,1.2369,0.3900,0.0249,-1
KHAPRETA_510206,312243.860,2624497.200,132.2500,1.1269,0.1700,0.0109,-1
KHAPRETA_510206,312247.860,2624497.200,131.9100,1.0819,0.5100,0.0326,-1
KHAPRETA_510206,312255.860,2624497.200,131.6500,0.9369,0.7700,0.0492,-1
KHAPRETA_510206,312264.860,2624497.200,132.2400,0.0000,0.1800,0.0115,-1
KHAPRETA_510206,311957.860,2624498.200,129.1800,0.0000,3.2400,0.2070,-1
KHAPRETA_510206,311965.860,2624498.200,129.3600,0.2481,3.0600,0.1955,-1
KHAPRETA_510206,311966.860,2624498.200,129.2800,0.2081,3.1400,0.2006,-1
KHAPRETA_510206,311972.860,2624498.200,129.3800,0.0000,3.0400,0.1942,-1
KHAPRETA_510206,311977.860,2624498.200,129.6300,0.0000,2.7900,0.1783,-1
KHAPRETA_510206,311989.860,2624498.200,129.8600,0.0669,2.5600,0.1636,-1
KHAPRETA_510206,311996.860,2624498.200,129.7900,0.0000,2.6300,0.1681,-1
KHAPRETA_510206,311998.860,2624498.200,129.8000,0.0580,2.6200,0.1674,-1
KHAPRETA_510206,311999.860,2624498.200,129.8600,0.0200,2.5600,0.1636,-1
KHAPRETA_510206,312000.860,2624498.200,129.8000,0.0726,2.6200,0.1674,-1
KHAPRETA_510206,312001.860,2624498.200,129.9500,0.1200,2.4700,0.1578,-1
KHAPRETA_510206,312002.860,2624498.200,130.0400,0.0869,2.3800,0.1521,-1
KHAPRETA_510206,312004.860,2624498.200,129.9200,0.0669,2.5000,0.1597,-1
KHAPRETA_510206,312007.860,2624498.200,129.9500,0.0919,2.4700,0.1578,-1
KHAPRETA_510206,312008.860,2624498.200,129.9600,0.1229,2.4600,0.1572,-1
KHAPRETA_510206,312011.860,2624498.200,130.0200,0.1369,2.4000,0.1534,-1
KHAPRETA_510206,312012.860,2624498.200,130.0500,0.1797,2.3700,0.1514,-1
KHAPRETA_510206,312040.860,2624498.200,132.1200,1.5272,0.3000,0.0192,-1
KHAPRETA_510206,312041.860,2624498.200,131.8700,1.6574,0.5500,0.0351,-1
KHAPRETA_510206,312046.860,2624498.200,131.3300,0.0000,1.0900,0.0696,-1
KHAPRETA_510206,312049.860,2624498.200,130.9700,0.5569,1.4500,0.0927,-1
KHAPRETA_510206,312050.860,2624498.200,130.8900,0.5969,1.5300,0.0978,-1
KHAPRETA_510206,312059.860,2624498.200,131.0900,0.6369,1.3300,0.0850,-1
KHAPRETA_510206,312067.860,2624498.200,131.1200,0.6819,1.3000,0.0831,-1
KHAPRETA_510206,312071.860,2624498.200,131.1500,0.7069,1.2700,0.0812,-1
KHAPRETA_510206,312072.860,2624498.200,131.1900,0.9436,1.2300,0.0786,-1
KHAPRETA_510206,312075.860,2624498.200,131.1200,0.0000,1.3000,0.0831,-1
KHAPRETA_510206,312080.860,2624498.200,131.2600,0.7419,1.1600,0.0741,-1
KHAPRETA_510206,312082.860,2624498.200,131.2500,0.7369,1.1700,0.0748,-1
KHAPRETA_510206,312083.860,2624498.200,131.2500,0.7369,1.1700,0.0748,-1
KHAPRETA_510206,312096.860,2624498.200,131.2700,0.7319,1.1500,0.0735,-1
KHAPRETA_510206,312098.860,2624498.200,131.2200,0.7369,1.2000,0.0767,-1
KHAPRETA_510206,312105.860,2624498.200,130.6700,0.0000,1.7500,0.1118,-1
KHAPRETA_510206,312107.860,2624498.200,130.9000,0.0000,1.5200,0.0971,-1
KHAPRETA_510206,312111.860,2624498.200,131.0500,0.0000,1.3700,0.0875,-1
KHAPRETA_510206,312113.860,2624498.200,130.9400,0.5319,1.4800,0.0946,-1
KHAPRETA_510206,312120.860,2624498.200,131.0200,0.0200,1.4000,0.0895,-1
KHAPRETA_510206,312122.860,2624498.200,131.0700,0.6519,1.3500,0.0863,-1
KHAPRETA_510206,312126.860,2624498.200,131.1300,0.0000,1.2900,0.0824,-1
KHAPRETA_510206,312135.860,2624498.200,131.0800,0.0000,1.3400,0.0856,-1
KHAPRETA_510206,312139.860,2624498.200,130.4200,0.0000,2.0000,0.1278,-1
KHAPRETA_510206,312142.860,2624498.200,130.2200,0.2219,2.2000,0.1406,-1
KHAPRETA_510206,312143.860,2624498.200,130.2200,0.2219,2.2000,0.1406,-1
KHAPRETA_510206,312147.860,2624498.200,130.2800,0.1669,2.1400,0.1367,-1
KHAPRETA_510206,312148.860,2624498.200,130.1100,0.2150,2.3100,0.1476,-1
KHAPRETA_510206,312149.860,2624498.200,130.7100,0.4959,1.7100,0.1093,-1
KHAPRETA_510206,312151.860,2624498.200,130.4200,0.3719,2.0000,0.1278,-1
KHAPRETA_510206,312154.860,2624498.200,130.1900,0.2069,2.2300,0.1425,-1
KHAPRETA_510206,312163.860,2624498.200,131.2100,0.0000,1.2100,0.0773,-1
KHAPRETA_510206,312165.860,2624498.200,131.2900,0.7619,1.1300,0.0722,-1
KHAPRETA_510206,312173.860,2624498.200,131.4100,0.0000,1.0100,0.0645,-1
KHAPRETA_510206,312176.860,2624498.200,131.3900,0.8019,1.0300,0.0658,-1
KHAPRETA_510206,312179.860,2624498.200,131.4800,0.0000,0.9400,0.0601,-1
KHAPRETA_510206,312187.860,2624498.200,131.4500,0.0000,0.9700,0.0620,-1
KHAPRETA_510206,312190.860,2624498.200,131.4800,0.8669,0.9400,0.0601,-1
KHAPRETA_510206,312191.860,2624498.200,131.5100,0.0200,0.9100,0.0581,-1
KHAPRETA_510206,312192.860,2624498.200,131.4400,0.0150,0.9800,0.0626,-1
KHAPRETA_510206,312193.860,2624498.200,131.4800,1.2234,0.9400,0.0601,-1
KHAPRETA_510206,312199.860,2624498.200,131.8800,0.8369,0.5400,0.0345,-1
KHAPRETA_510206,312201.860,2624498.200,132.1400,0.0000,0.2800,0.0179,-1
KHAPRETA_510206,312209.860,2624498.200,132.1000,1.1169,0.3200,0.0204,-1
KHAPRETA_510206,312210.860,2624498.200,132.0100,1.1619,0.4100,0.0262,-1
KHAPRETA_510206,312216.860,2624498.200,131.8500,0.0000,0.5700,0.0364,-1
KHAPRETA_510206,312219.860,2624498.200,131.8500,1.0769,0.5700,0.0364,-1
KHAPRETA_510206,312220.860,2624498.200,131.9300,0.0400,0.4900,0.0313,-1
KHAPRETA_510206,312221.860,2624498.200,131.9300,1.5372,0.4900,0.0313,-1
KHAPRETA_510206,312223.860,2624498.200,132.0700,0.0000,0.3500,0.0224,-1
KHAPRETA_510206,312225.860,2624498.200,132.0200,1.1069,0.4000,0.0256,-1
KHAPRETA_510206,312228.860,2624498.200,132.0300,1.6434,0.3900,0.0249,-1
KHAPRETA_510206,312229.860,2624498.200,132.0700,1.5797,0.3500,0.0224,-1
KHAPRETA_510206,312231.860,2624498.200,131.9600,0.0000,0.4600,0.0294,-1
KHAPRETA_510206,312234.860,2624498.200,132.1300,0.0000,0.2900,0.0185,-1
KHAPRETA_510206,312236.860,2624498.200,132.1100,1.1769,0.3100,0.0198,-1
KHAPRETA_510206,312247.860,2624498.200,131.9400,1.0669,0.4800,0.0307,-1
KHAPRETA_510206,312250.860,2624498.200,131.9000,1.0869,0.5200,0.0332,-1
KHAPRETA_510206,312253.860,2624498.200,132.2300,0.0000,0.1900,0.0121,-1
KHAPRETA_510206,312255.860,2624498.200,131.6500,1.3110,0.7700,0.0492,-1
KHAPRETA_510206,312256.860,2624498.200,131.6100,0.9369,0.8100,0.0518,-1
KHAPRETA_510206,311956.860,2624499.200,129.3400,0.0000,3.0800,0.1968,-1
KHAPRETA_510206,311958.860,2624499.200,129.3100,0.0000,3.1100,0.1987,-1
KHAPRETA_510206,311962.860,2624499.200,129.2900,0.0000,3.1300,0.2000,-1
KHAPRETA_510206,311964.860,2624499.200,129.3900,0.1881,3.0300,0.1936,-1
KHAPRETA_510206,311967.860,2624499.200,129.3900,0.0000,3.0300,0.1936,-1
KHAPRETA_510206,311970.860,2624499.200,129.2400,0.0000,3.1800,0.2032,-1
KHAPRETA_510206,311975.860,2624499.200,129.3600,0.3519,3.0600,0.1955,-1
KHAPRETA_510206,311976.860,2624499.200,129.3200,0.2443,3.1000,0.1981,-1
KHAPRETA_510206,311984.860,2624499.200,129.8900,0.0269,2.5300,0.1617,-1
KHAPRETA_510206,311985.860,2624499.200,129.8300,0.0550,2.5900,0.1655,-1
KHAPRETA_510206,311986.860,2624499.200,129.7800,0.0100,2.6400,0.1687,-1
KHAPRETA_510206,311987.860,2624499.200,129.8100,0.0320,2.6100,0.1668,-1
KHAPRETA_510206,311989.860,2624499.200,129.9100,0.0100,2.5100,0.1604,-1
KHAPRETA_510206,311994.860,2624499.200,129.8800,0.0119,2.5400,0.1623,-1
KHAPRETA_510206,311998.860,2624499.200,129.9600,0.0729,2.4600,0.1572,-1
KHAPRETA_510206,311999.860,2624499.200,129.9200,0.0783,2.5000,0.1597,-1
KHAPRETA_510206,312000.860,2624499.200,129.8900,0.0747,2.5300,0.1617,-1
KHAPRETA_510206,312003.860,2624499.200,129.9200,0.0000,2.5000,0.1597,-1
KHAPRETA_510206,312006.860,2624499.200,129.9100,0.0000,2.5100,0.1604,-1
KHAPRETA_510206,312010.860,2624499.200,129.9400,0.0000,2.4800,0.1585,-1
KHAPRETA_510206,312012.860,2624499.200,130.0400,0.1369,2.3800,0.1521,-1
KHAPRETA_510206,312039.860,2624499.200,132.1500,0.0000,0.2700,0.0173,-1
KHAPRETA_510206,312041.860,2624499.200,132.1200,0.1600,0.3000,0.0192,-1
KHAPRETA_510206,312044.860,2624499.200,132.0700,0.0000,0.3500,0.0224,-1
KHAPRETA_510206,312048.860,2624499.200,130.7800,0.0000,1.6400,0.1048,-1
KHAPRETA_510206,312053.860,2624499.200,131.0000,0.6219,1.4200,0.0907,-1
KHAPRETA_510206,312058.860,2624499.200,131.1000,0.0000,1.3200,0.0843,-1
KHAPRETA_510206,312061.860,2624499.200,131.1500,0.6469,1.2700,0.0812,-1
KHAPRETA_510206,312062.860,2624499.200,131.0700,0.9715,1.3500,0.0863,-1
KHAPRETA_510206,312064.860,2624499.200,131.0900,0.0000,1.3300,0.0850,-1
KHAPRETA_510206,312067.860,2624499.200,131.1400,0.6719,1.2800,0.0818,-1
KHAPRETA_510206,312072.860,2624499.200,131.0700,0.0300,1.3500,0.0863,-1
KHAPRETA_510206,312079.860,2624499.200,131.2900,0.0000,1.1300,0.0722,-1
KHAPRETA_510206,312089.860,2624499.200,131.2300,0.0000,1.1900,0.0760,-1
KHAPRETA_510206,312092.860,2624499.200,131.2400,0.7419,1.1800,0.0754,-1
KHAPRETA_510206,312093.860,2624499.200,131.2600,0.7319,1.1600,0.0741,-1
KHAPRETA_510206,312096.860,2624499.200,131.2400,0.7469,1.1800,0.0754,-1
KHAPRETA_510206,312098.860,2624499.200,131.2500,0.7219,1.1700,0.0748,-1
KHAPRETA_510206,312102.860,2624499.200,131.2500,0.0000,1.1700,0.0748,-1
KHAPRETA_510206,312113.860,2624499.200,130.8400,0.0350,1.5800,0.1010,-1
KHAPRETA_510206,312119.860,2624499.200,131.0700,0.8472,1.3500,0.0863,-1
KHAPRETA_510206,312120.860,2624499.200,131.0700,0.8974,1.3500,0.0863,-1
KHAPRETA_510206,312122.860,2624499.200,131.0800,0.6469,1.3400,0.0856,-1
KHAPRETA_510206,312128.860,2624499.200,131.0100,0.6669,1.4100,0.0901,-1
KHAPRETA_510206,312129.860,2624499.200,131.1100,0.6169,1.3100,0.0837,-1
KHAPRETA_510206,312132.860,2624499.200,131.1200,0.0000,1.3000,0.0831,-1
KHAPRETA_510206,312140.860,2624499.200,130.2200,0.2469,2.2000,0.1406,-1
KHAPRETA_510206,312144.860,2624499.200,130.6200,0.3969,1.8000,0.1150,-1
KHAPRETA_510206,312145.860,2624499.200,130.5700,0.5075,1.8500,0.1182,-1
KHAPRETA_510206,312149.860,2624499.200,130.7100,0.4669,1.7100,0.1093,-1
KHAPRETA_510206,312157.860,2624499.200,131.2400,1.0819,1.1800,0.0754,-1
KHAPRETA_510206,312159.860,2624499.200,131.1900,0.7119,1.2300,0.0786,-1
KHAPRETA_510206,312160.860,2624499.200,131.2000,0.7069,1.2200,0.0780,-1
KHAPRETA_510206,312172.860,2624499.200,131.4100,0.0000,1.0100,0.0645,-1
KHAPRETA_510206,312175.860,2624499.200,131.4300,0.0000,0.9900,0.0633,-1
KHAPRETA_510206,312186.860,2624499.200,131.6500,0.0000,0.7700,0.0492,-1
KHAPRETA_510206,312193.860,2624499.200,131.5700,0.8519,0.8500,0.0543,-1
KHAPRETA_510206,312198.860,2624499.200,131.8800,0.0000,0.5400,0.0345,-1
KHAPRETA_510206,312204.860,2624499.200,132.0900,0.0000,0.3300,0.0211,-1
KHAPRETA_510206,312206.860,2624499.200,132.1400,0.0000,0.2800,0.0179,-1
KHAPRETA_510206,312208.860,2624499.200,132.0500,0.0000,0.3700,0.0236,-1
KHAPRETA_510206,312211.860,2624499.200,132.2300,0.0000,0.1900,0.0121,-1
KHAPRETA_510206,312218.860,2624499.200,131.9000,0.0000,0.5200,0.0332,-1
KHAPRETA_510206,312227.860,2624499.200,132.1000,1.1769,0.3200,0.0204,-1
KHAPRETA_510206,312228.860,2624499.200,132.1300,0.0552,0.2900,0.0185,-1
KHAPRETA_510206,312229.860,2624499.200,131.9900,1.1782,0.4300,0.0275,-1
KHAPRETA_510206,312233.860,2624499.200,132.1400,0.0000,0.2800,0.0179,-1
KHAPRETA_510206,312236.860,2624499.200,132.1300,0.0400,0.2900,0.0185,-1
KHAPRETA_510206,312248.860,2624499.200,131.9100,0.0000,0.5100,0.0326,-1
KHAPRETA_510206,312250.860,2624499.200,131.9500,1.0619,0.4700,0.0300,-1
KHAPRETA_510206,312252.860,2624499.200,132.0100,0.0000,0.4100,0.0262,-1
KHAPRETA_510206,312254.860,2624499.200,131.9700,1.1119,0.4500,0.0288,-1
KHAPRETA_510206,311959.860,2624500.200,129.3800,0.0000,3.0400,0.1942,-1
KHAPRETA_510206,311964.860,2624500.200,129.4000,0.2626,3.0200,0.1930,-1
KHAPRETA_510206,311965.860,2624500.200,129.4200,0.1881,3.0000,0.1917,-1
KHAPRETA_510206,311971.860,2624500.200,129.2600,0.2431,3.1600,0.2019,-1
KHAPRETA_510206,311974.860,2624500.200,129.3400,0.3487,3.0800,0.1968,-1
KHAPRETA_510206,311975.860,2624500.200,129.2400,0.2267,3.1800,0.2032,-1
KHAPRETA_510206,311976.860,2624500.200,129.5200,0.3519,2.9000,0.1853,-1
KHAPRETA_510206,311978.860,2624500.200,129.7800,0.0031,2.6400,0.1687,-1
KHAPRETA_510206,311979.860,2624500.200,129.7700,0.0019,2.6500,0.1693,-1
KHAPRETA_510206,311983.860,2624500.200,129.7800,0.0000,2.6400,0.1687,-1
KHAPRETA_510206,311987.860,2624500.200,129.8400,0.0050,2.5800,0.1649,-1
KHAPRETA_510206,311989.860,2624500.200,129.8400,0.0818,2.5800,0.1649,-1
KHAPRETA_510206,311990.860,2624500.200,129.8700,0.0787,2.5500,0.1629,-1
KHAPRETA_510206,311994.860,2624500.200,129.8000,0.0550,2.6200,0.1674,-1
KHAPRETA_510206,311996.860,2624500.200,129.9600,0.0000,2.4600,0.1572,-1
KHAPRETA_510206,311999.860,2624500.200,130.0000,0.0787,2.4200,0.1546,-1
KHAPRETA_510206,312000.860,2624500.200,129.8400,0.1256,2.5800,0.1649,-1
KHAPRETA_510206,312004.860,2624500.200,129.9500,0.0000,2.4700,0.1578,-1
KHAPRETA_510206,312013.860,2624500.200,130.2400,0.0000,2.1800,0.1393,-1
KHAPRETA_510206,312041.860,2624500.200,132.1900,1.1719,0.2300,0.0147,-1
KHAPRETA_510206,312052.860,2624500.200,131.0300,0.6219,1.3900,0.0888,-1
KHAPRETA_510206,312053.860,2624500.200,131.0200,0.6123,1.4000,0.0895,-1
KHAPRETA_510206,312054.860,2624500.200,131.0700,0.6219,1.3500,0.0863,-1
KHAPRETA_510206,312056.860,2624500.200,131.0200,0.0000,1.4000,0.0895,-1
KHAPRETA_510206,312060.860,2624500.200,131.0900,0.0000,1.3300,0.0850,-1
KHAPRETA_510206,312062.860,2624500.200,131.1500,0.6469,1.2700,0.0812,-1
KHAPRETA_510206,312066.860,2624500.200,131.1700,0.0000,1.2500,0.0799,-1
KHAPRETA_510206,312069.860,2624500.200,131.1400,0.0000,1.2800,0.0818,-1
KHAPRETA_510206,312071.860,2624500.200,131.1400,0.6769,1.2800,0.0818,-1
KHAPRETA_510206,312072.860,2624500.200,131.1300,0.9400,1.2900,0.0824,-1
KHAPRETA_510206,312074.860,2624500.200,131.2400,0.6519,1.1800,0.0754,-1
KHAPRETA_510206,312075.860,2624500.200,131.0800,0.7319,1.3400,0.0856,-1
KHAPRETA_510206,312077.860,2624500.200,131.3100,0.0000,1.1100,0.0709,-1
KHAPRETA_510206,312081.860,2624500.200,131.3000,0.0000,1.1200,0.0716,-1
KHAPRETA_510206,312083.860,2624500.200,131.2900,0.7469,1.1300,0.0722,-1
KHAPRETA_510206,312084.860,2624500.200,131.2700,0.7569,1.1500,0.0735,-1
KHAPRETA_510206,312087.860,2624500.200,131.2900,0.0000,1.1300,0.0722,-1
KHAPRETA_510206,312090.860,2624500.200,131.2600,0.0000,1.1600,0.0741,-1
KHAPRETA_510206,312095.860,2624500.200,131.2700,0.0000,1.1500,0.0735,-1
KHAPRETA_510206,312103.860,2624500.200,131.2400,0.7569,1.1800,0.0754,-1
KHAPRETA_510206,312106.860,2624500.200,130.6400,0.0000,1.7800,0.1137,-1
KHAPRETA_510206,312110.860,2624500.200,131.0000,0.5919,1.4200,0.0907,-1
KHAPRETA_510206,312113.860,2624500.200,130.8700,0.5319,1.5500,0.0990,-1
KHAPRETA_510206,312116.860,2624500.200,131.0300,0.6369,1.3900,0.0888,-1
KHAPRETA_510206,312117.860,2624500.200,131.0500,0.5570,1.3700,0.0875,-1
KHAPRETA_510206,312118.860,2624500.200,131.0500,0.0900,1.3700,0.0875,-1
KHAPRETA_510206,312119.860,2624500.200,130.8700,0.9079,1.5500,0.0990,-1
KHAPRETA_510206,312124.860,2624500.200,131.0900,0.6319,1.3300,0.0850,-1
KHAPRETA_510206,312125.860,2624500.200,131.0400,0.6569,1.3800,0.0882,-1
KHAPRETA_510206,312130.860,2624500.200,130.9100,0.5819,1.5100,0.0965,-1
KHAPRETA_510206,312135.860,2624500.200,131.0800,0.0000,1.3400,0.0856,-1
KHAPRETA_510206,312140.860,2624500.200,130.2700,0.0600,2.1500,0.1374,-1
KHAPRETA_510206,312145.860,2624500.200,130.3400,0.3969,2.0800,0.1329,-1
KHAPRETA_510206,312152.860,2624500.200,130.2400,0.2519,2.1800,0.1393,-1
KHAPRETA_510206,312153.860,2624500.200,130.2800,0.0500,2.1400,0.1367,-1
KHAPRETA_510206,312154.860,2624500.200,130.3400,0.2519,2.0800,0.1329,-1
KHAPRETA_510206,312156.860,2624500.200,131.2900,1.4022,1.1300,0.0722,-1
KHAPRETA_510206,312157.860,2624500.200,131.9400,0.7758,0.4800,0.0307,-1
KHAPRETA_510206,312171.860,2624500.200,131.4300,0.0000,0.9900,0.0633,-1
KHAPRETA_510206,312176.860,2624500.200,132.0200,0.9569,0.4000,0.0256,-1
KHAPRETA_510206,312177.860,2624500.200,131.6900,1.4490,0.7300,0.0466,-1
KHAPRETA_510206,312182.860,2624500.200,131.5400,0.0000,0.8800,0.0562,-1
KHAPRETA_510206,312185.860,2624500.200,131.9000,0.0000,0.5200,0.0332,-1
KHAPRETA_510206,312192.860,2624500.200,131.5400,0.0000,0.8800,0.0562,-1
KHAPRETA_510206,312197.860,2624500.200,131.9800,1.1469,0.4400,0.0281,-1
KHAPRETA_510206,312205.860,2624500.200,132.3600,0.0000,0.0600,0.0038,-1
KHAPRETA_510206,312217.860,2624500.200,131.9500,1.0919,0.4700,0.0300,-1
KHAPRETA_510206,312220.860,2624500.200,132.0000,1.1069,0.4200,0.0268,-1
KHAPRETA_510206,312221.860,2624500.200,131.9900,1.1119,0.4300,0.0275,-1
KHAPRETA_510206,312225.860,2624500.200,132.0100,1.1169,0.4100,0.0262,-1
KHAPRETA_510206,312226.860,2624500.200,132.0100,1.1169,0.4100,0.0262,-1
KHAPRETA_510206,312228.860,2624500.200,132.0400,1.6822,0.3800,0.0243,-1
KHAPRETA_510206,312229.860,2624500.200,132.1800,1.5832,0.2400,0.0153,-1
KHAPRETA_510206,312234.860,2624500.200,132.1200,1.1769,0.3000,0.0192,-1
KHAPRETA_510206,312235.860,2624500.200,132.1300,0.0350,0.2900,0.0185,-1
KHAPRETA_510206,312236.860,2624500.200,132.1900,1.6644,0.2300,0.0147,-1
KHAPRETA_510206,312238.860,2624500.200,132.0800,0.0000,0.3400,0.0217,-1
KHAPRETA_510206,312240.860,2624500.200,132.0600,0.0000,0.3600,0.0230,-1
KHAPRETA_510206,312251.860,2624500.200,131.9200,1.1069,0.5000,0.0319,-1
KHAPRETA_510206,312254.860,2624500.200,132.0000,1.0969,0.4200,0.0268,-1
KHAPRETA_510206,312257.860,2624500.200,132.0600,0.8419,0.3600,0.0230,-1
KHAPRETA_510206,312266.860,2624500.200,132.2700,0.0000,0.1500,0.0096,-1
KHAPRETA_510206,311969.860,2624501.200,129.2500,0.2281,3.1700,0.2026,-1
KHAPRETA_510206,311970.860,2624501.200,129.3200,0.0200,3.1000,0.1981,-1
KHAPRETA_510206,311971.860,2624501.200,129.2900,0.2598,3.1300,0.2000,-1
KHAPRETA_510206,311972.860,2624501.200,129.2600,0.2431,3.1600,0.2019,-1
KHAPRETA_510206,311974.860,2624501.200,129.3300,0.2150,3.0900,0.1974,-1
KHAPRETA_510206,311987.860,2624501.200,129.8200,0.0653,2.6000,0.1661,-1
KHAPRETA_510206,311988.860,2624501.200,129.8900,0.0219,2.5300,0.1617,-1
KHAPRETA_510206,311990.860,2624501.200,129.9200,0.0000,2.5000,0.1597,-1
KHAPRETA_510206,311992.860,2624501.200,129.9800,0.0000,2.4400,0.1559,-1
KHAPRETA_510206,311994.860,2624501.200,129.9900,0.0119,2.4300,0.1553,-1
KHAPRETA_510206,311997.860,2624501.200,130.0200,0.0000,2.4000,0.1534,-1
KHAPRETA_510206,312002.860,2624501.200,130.0300,0.0619,2.3900,0.1527,-1
KHAPRETA_510206,312006.860,2624501.200,130.0200,0.0000,2.4000,0.1534,-1
KHAPRETA_510206,312044.860,2624501.200,132.2800,0.0000,0.1400,0.0089,-1
KHAPRETA_510206,312046.860,2624501.200,131.4800,0.0000,0.9400,0.0601,-1
KHAPRETA_510206,312050.860,2624501.200,131.1800,0.8586,1.2400,0.0792,-1
KHAPRETA_510206,312051.860,2624501.200,130.9600,0.7019,1.4600,0.0933,-1
KHAPRETA_510206,312059.860,2624501.200,131.1500,0.6719,1.2700,0.0812,-1
KHAPRETA_510206,312076.860,2624501.200,131.2500,0.0000,1.1700,0.0748,-1
KHAPRETA_510206,312079.860,2624501.200,131.2900,0.0000,1.1300,0.0722,-1
KHAPRETA_510206,312088.860,2624501.200,131.3300,0.0000,1.0900,0.0696,-1
KHAPRETA_510206,312091.860,2624501.200,131.2800,0.0000,1.1400,0.0728,-1
KHAPRETA_510206,312097.860,2624501.200,131.2900,0.0000,1.1300,0.0722,-1
KHAPRETA_510206,312099.860,2624501.200,131.2600,0.0000,1.1600,0.0741,-1
KHAPRETA_510206,312103.860,2624501.200,131.2900,0.0000,1.1300,0.0722,-1
KHAPRETA_510206,312109.860,2624501.200,130.8900,0.5919,1.5300,0.0978,-1
KHAPRETA_510206,312110.860,2624501.200,130.9600,0.5577,1.4600,0.0933,-1
KHAPRETA_510206,312117.860,2624501.200,130.8900,0.6369,1.5300,0.0978,-1
KHAPRETA_510206,312120.860,2624501.200,131.0300,0.0000,1.3900,0.0888,-1
KHAPRETA_510206,312128.860,2624501.200,131.0900,0.0000,1.3300,0.0850,-1
KHAPRETA_510206,312130.860,2624501.200,130.9400,0.5669,1.4800,0.0946,-1
KHAPRETA_510206,312134.860,2624501.200,130.9800,0.0000,1.4400,0.0920,-1
KHAPRETA_510206,312137.860,2624501.200,131.0900,0.0000,1.3300,0.0850,-1
KHAPRETA_510206,312139.860,2624501.200,130.6700,0.2819,1.7500,0.1118,-1
KHAPRETA_510206,312140.860,2624501.200,130.3400,0.5106,2.0800,0.1329,-1
KHAPRETA_510206,312146.860,2624501.200,130.3500,0.0000,2.0700,0.1323,-1
KHAPRETA_510206,312151.860,2624501.200,130.2500,0.0000,2.1700,0.1387,-1
KHAPRETA_510206,312155.860,2624501.200,130.9700,0.8919,1.4500,0.0927,-1
KHAPRETA_510206,312156.860,2624501.200,131.5600,0.8161,0.8600,0.0550,-1
KHAPRETA_510206,312157.860,2624501.200,131.5800,1.4022,0.8400,0.0537,-1
KHAPRETA_510206,312164.860,2624501.200,131.2800,0.0000,1.1400,0.0728,-1
KHAPRETA_510206,312166.860,2624501.200,131.3600,0.0000,1.0600,0.0677,-1
KHAPRETA_510206,312177.860,2624501.200,131.6100,0.9569,0.8100,0.0518,-1
KHAPRETA_510206,312183.860,2624501.200,131.6100,0.0000,0.8100,0.0518,-1
KHAPRETA_510206,312196.860,2624501.200,132.0000,1.1469,0.4200,0.0268,-1
KHAPRETA_510206,312197.860,2624501.200,132.0700,1.1141,0.3500,0.0224,-1
KHAPRETA_510206,312201.860,2624501.200,132.0600,0.0000,0.3600,0.0230,-1
KHAPRETA_510206,312209.860,2624501.200,132.0100,0.0000,0.4100,0.0262,-1
KHAPRETA_510206,312211.860,2624501.200,132.1200,0.0000,0.3000,0.0192,-1
KHAPRETA_510206,312217.860,2624501.200,131.9600,1.0869,0.4600,0.0294,-1
KHAPRETA_510206,312230.860,2624501.200,132.2200,0.0000,0.2000,0.0128,-1
KHAPRETA_510206,312232.860,2624501.200,132.1900,0.0000,0.2300,0.0147,-1
KHAPRETA_510206,312239.860,2624501.200,132.1000,1.2119,0.3200,0.0204,-1
KHAPRETA_510206,312251.860,2624501.200,131.9900,1.0770,0.4300,0.0275,-1
KHAPRETA_510206,312252.860,2624501.200,131.9300,1.1069,0.4900,0.0313,-1
KHAPRETA_510206,312257.860,2624501.200,131.4600,1.1419,0.9600,0.0613,-1
KHAPRETA_510206,312270.860,2624501.200,132.4200,0.0000,0.0000,0.0000,-1
KHAPRETA_510206,312272.860,2624501.200,132.4100,0.0000,0.0100,0.0006,-1
KHAPRETA_510206,311963.860,2624502.200,129.2500,0.0000,3.1700,0.2026,-1
KHAPRETA_510206,311974.860,2624502.200,129.7700,0.2200,2.6500,0.1693,-1
KHAPRETA_510206,311978.860,2624502.200,129.7000,0.0043,2.7200,0.1738,-1
KHAPRETA_510206,311979.860,2624502.200,129.7700,0.0450,2.6500,0.1693,-1
KHAPRETA_510206,311980.860,2624502.200,129.7900,0.0031,2.6300,0.1681,-1
KHAPRETA_510206,311989.860,2624502.200,129.8900,0.0469,2.5300,0.1617,-1
KHAPRETA_510206,311990.860,2624502.200,129.8700,0.0541,2.5500,0.1629,-1
KHAPRETA_510206,311991.860,2624502.200,129.9500,0.0469,2.4700,0.1578,-1
KHAPRETA_510206,311999.860,2624502.200,130.0700,0.0000,2.3500,0.1502,-1
KHAPRETA_510206,312001.860,2624502.200,129.9500,0.0619,2.4700,0.1578,-1
KHAPRETA_510206,312002.860,2624502.200,129.9000,0.1331,2.5200,0.1610,-1
KHAPRETA_510206,312003.860,2624502.200,130.0300,0.0619,2.3900,0.1527,-1
KHAPRETA_510206,312005.860,2624502.200,130.0000,0.0000,2.4200,0.1546,-1
KHAPRETA_510206,312007.860,2624502.200,129.9700,0.1987,2.4500,0.1565,-1
KHAPRETA_510206,312008.860,2624502.200,130.0200,0.0969,2.4000,0.1534,-1
KHAPRETA_510206,312011.860,2624502.200,130.0000,0.1669,2.4200,0.1546,-1
KHAPRETA_510206,312013.860,2624502.200,129.9900,0.0000,2.4300,0.1553,-1
KHAPRETA_510206,312047.860,2624502.200,131.7800,0.9169,0.6400,0.0409,-1
KHAPRETA_510206,312048.860,2624502.200,131.6100,1.3152,0.8100,0.0518,-1
KHAPRETA_510206,312050.860,2624502.200,131.0200,0.7019,1.4000,0.0895,-1
KHAPRETA_510206,312053.860,2624502.200,131.0500,0.0000,1.3700,0.0875,-1
KHAPRETA_510206,312057.860,2624502.200,131.0300,0.0000,1.3900,0.0888,-1
KHAPRETA_510206,312059.860,2624502.200,131.1200,0.6869,1.3000,0.0831,-1
KHAPRETA_510206,312071.860,2624502.200,131.1500,0.0000,1.2700,0.0812,-1
KHAPRETA_510206,312073.860,2624502.200,131.2500,0.7119,1.1700,0.0748,-1
KHAPRETA_510206,312074.860,2624502.200,131.2000,0.9973,1.2200,0.0780,-1
KHAPRETA_510206,312081.860,2624502.200,131.3300,1.0776,1.0900,0.0696,-1
KHAPRETA_510206,312082.860,2624502.200,131.2800,0.7821,1.1400,0.0728,-1
KHAPRETA_510206,312083.860,2624502.200,131.3600,0.7820,1.0600,0.0677,-1
KHAPRETA_510206,312084.860,2624502.200,131.3000,0.7919,1.1200,0.0716,-1
KHAPRETA_510206,312090.860,2624502.200,131.3100,0.0000,1.1100,0.0709,-1
KHAPRETA_510206,312093.860,2624502.200,131.3000,0.0000,1.1200,0.0716,-1
KHAPRETA_510206,312100.860,2624502.200,131.3000,0.0000,1.1200,0.0716,-1
KHAPRETA_510206,312103.860,2624502.200,131.2400,0.7470,1.1800,0.0754,-1
KHAPRETA_510206,312104.860,2624502.200,131.2700,0.7375,1.1500,0.0735,-1
KHAPRETA_510206,312105.860,2624502.200,131.3000,1.0634,1.1200,0.0716,-1
KHAPRETA_510206,312108.860,2624502.200,130.9500,0.6719,1.4700,0.0939,-1
KHAPRETA_510206,312110.860,2624502.200,130.9400,0.8622,1.4800,0.0946,-1
KHAPRETA_510206,312111.860,2624502.200,131.0300,0.6224,1.3900,0.0888,-1
KHAPRETA_510206,312112.860,2624502.200,130.8900,0.1100,1.5300,0.0978,-1
KHAPRETA_510206,312113.860,2624502.200,130.8100,0.5569,1.6100,0.1029,-1
KHAPRETA_510206,312122.860,2624502.200,131.0700,0.5369,1.3500,0.0863,-1
KHAPRETA_510206,312123.860,2624502.200,130.8500,0.0500,1.5700,0.1003,-1
KHAPRETA_510206,312124.860,2624502.200,130.9700,0.8331,1.4500,0.0927,-1
KHAPRETA_510206,312131.860,2624502.200,130.9700,0.7069,1.4500,0.0927,-1
KHAPRETA_510206,312135.860,2624502.200,131.2200,0.7319,1.2000,0.0767,-1
KHAPRETA_510206,312136.860,2624502.200,131.2400,0.7219,1.1800,0.0754,-1
KHAPRETA_510206,312144.860,2624502.200,130.2200,0.0000,2.2000,0.1406,-1
KHAPRETA_510206,312147.860,2624502.200,130.6300,0.0000,1.7900,0.1144,-1
KHAPRETA_510206,312149.860,2624502.200,131.6300,0.0000,0.7900,0.0505,-1
KHAPRETA_510206,312152.860,2624502.200,130.2900,0.0000,2.1300,0.1361,-1
KHAPRETA_510206,312158.860,2624502.200,131.2200,1.0247,1.2000,0.0767,-1
KHAPRETA_510206,312159.860,2624502.200,131.2000,0.7219,1.2200,0.0780,-1
KHAPRETA_510206,312169.860,2624502.200,131.4100,0.0000,1.0100,0.0645,-1
KHAPRETA_510206,312178.860,2624502.200,131.4700,1.0619,0.9500,0.0607,-1
KHAPRETA_510206,312179.860,2624502.200,131.9000,0.8469,0.5200,0.0332,-1
KHAPRETA_510206,312184.860,2624502.200,132.0100,0.0000,0.4100,0.0262,-1
KHAPRETA_510206,312197.860,2624502.200,132.1200,0.0250,0.3000,0.0192,-1
KHAPRETA_510206,312203.860,2624502.200,132.1300,0.0000,0.2900,0.0185,-1
KHAPRETA_510206,312213.860,2624502.200,132.3100,1.2569,0.1100,0.0070,-1
KHAPRETA_510206,312214.860,2624502.200,132.2900,0.0150,0.1300,0.0083,-1
KHAPRETA_510206,312215.860,2624502.200,132.2800,1.2569,0.1400,0.0089,-1
KHAPRETA_510206,312226.860,2624502.200,132.3700,0.0000,0.0500,0.0032,-1
KHAPRETA_510206,312238.860,2624502.200,132.2300,1.2119,0.1900,0.0121,-1
KHAPRETA_510206,312239.860,2624502.200,132.2000,1.6898,0.2200,0.0141,-1
KHAPRETA_510206,312250.860,2624502.200,131.8800,1.0619,0.5400,0.0345,-1
KHAPRETA_510206,312251.860,2624502.200,131.9000,1.0531,0.5200,0.0332,-1
KHAPRETA_510206,312256.860,2624502.200,131.9900,0.0000,0.4300,0.0275,-1
KHAPRETA_510206,312258.860,2624502.200,131.5200,0.9519,0.9000,0.0575,-1
KHAPRETA_510206,312259.860,2624502.200,131.6800,1.2545,0.7400,0.0473,-1
KHAPRETA_510206,311959.860,2624503.200,129.4100,0.2431,3.0100,0.1923,-1
KHAPRETA_510206,311965.860,2624503.200,129.2400,0.2681,3.1800,0.2032,-1
KHAPRETA_510206,311970.860,2624503.200,129.3200,0.1981,3.1000,0.1981,-1
KHAPRETA_510206,311973.860,2624503.200,129.4700,0.0031,2.9500,0.1885,-1
KHAPRETA_510206,311974.860,2624503.200,129.7700,0.1531,2.6500,0.1693,-1
KHAPRETA_510206,311978.860,2624503.200,129.7700,0.0450,2.6500,0.1693,-1
KHAPRETA_510206,311981.860,2624503.200,129.8500,0.0019,2.5700,0.1642,-1
KHAPRETA_510206,311982.860,2624503.200,129.7800,0.0369,2.6400,0.1687,-1
KHAPRETA_510206,311984.860,2624503.200,129.7900,0.0219,2.6300,0.1681,-1
KHAPRETA_510206,311985.860,2624503.200,129.8200,0.0100,2.6000,0.1661,-1
KHAPRETA_510206,311986.860,2624503.200,129.8100,0.0219,2.6100,0.1668,-1
KHAPRETA_510206,311990.860,2624503.200,129.8300,0.0100,2.5900,0.1655,-1
KHAPRETA_510206,311998.860,2624503.200,130.0200,0.1169,2.4000,0.1534,-1
KHAPRETA_510206,312000.860,2624503.200,129.9700,0.1169,2.4500,0.1565,-1
KHAPRETA_510206,312004.860,2624503.200,129.9600,0.1219,2.4600,0.1572,-1
KHAPRETA_510206,312007.860,2624503.200,130.0900,0.0969,2.3300,0.1489,-1
KHAPRETA_510206,312011.860,2624503.200,130.1100,0.1119,2.3100,0.1476,-1
KHAPRETA_510206,312017.860,2624503.200,130.1000,0.0000,2.3200,0.1482,-1
KHAPRETA_510206,312024.860,2624503.200,130.5900,0.0000,1.8300,0.1169,-1
KHAPRETA_510206,312026.860,2624503.200,130.5300,0.0000,1.8900,0.1208,-1
KHAPRETA_510206,312041.860,2624503.200,131.9800,0.0000,0.4400,0.0281,-1
KHAPRETA_510206,312046.860,2624503.200,132.1900,0.0000,0.2300,0.0147,-1
KHAPRETA_510206,312048.860,2624503.200,131.4800,0.9169,0.9400,0.0601,-1
KHAPRETA_510206,312052.860,2624503.200,131.0900,0.5869,1.3300,0.0850,-1
KHAPRETA_510206,312064.860,2624503.200,131.1400,0.0000,1.2800,0.0818,-1
KHAPRETA_510206,312069.860,2624503.200,131.1900,0.7319,1.2300,0.0786,-1
KHAPRETA_510206,312070.860,2624503.200,131.2400,0.7069,1.1800,0.0754,-1
KHAPRETA_510206,312074.860,2624503.200,131.1200,1.0175,1.3000,0.0831,-1
KHAPRETA_510206,312075.860,2624503.200,131.2300,0.9432,1.1900,0.0760,-1
KHAPRETA_510206,312081.860,2624503.200,131.3200,1.1023,1.1000,0.0703,-1
KHAPRETA_510206,312082.860,2624503.200,131.3400,0.7520,1.0800,0.0690,-1
KHAPRETA_510206,312083.860,2624503.200,131.3400,1.1129,1.0800,0.0690,-1
KHAPRETA_510206,312095.860,2624503.200,131.3100,0.0000,1.1100,0.0709,-1
KHAPRETA_510206,312103.860,2624503.200,131.2800,1.0387,1.1400,0.0728,-1
KHAPRETA_510206,312104.860,2624503.200,131.2500,0.7470,1.1700,0.0748,-1
KHAPRETA_510206,312105.860,2624503.200,131.2900,1.0600,1.1300,0.0722,-1
KHAPRETA_510206,312108.860,2624503.200,131.1200,0.8443,1.3000,0.0831,-1
KHAPRETA_510206,312109.860,2624503.200,130.9900,0.8240,1.4300,0.0914,-1
KHAPRETA_510206,312111.860,2624503.200,131.0200,0.0050,1.4000,0.0895,-1
KHAPRETA_510206,312116.860,2624503.200,130.9900,0.0000,1.4300,0.0914,-1
KHAPRETA_510206,312118.860,2624503.200,131.0800,0.0000,1.3400,0.0856,-1
KHAPRETA_510206,312121.860,2624503.200,131.0600,0.5219,1.3600,0.0869,-1
KHAPRETA_510206,312124.860,2624503.200,131.0500,0.5969,1.3700,0.0875,-1
KHAPRETA_510206,312127.860,2624503.200,131.0500,0.0000,1.3700,0.0875,-1
KHAPRETA_510206,312131.860,2624503.200,131.1900,0.5969,1.2300,0.0786,-1
KHAPRETA_510206,312158.860,2624503.200,131.2500,0.7219,1.1700,0.0748,-1
KHAPRETA_510206,312160.860,2624503.200,131.2400,0.7419,1.1800,0.0754,-1
KHAPRETA_510206,312161.860,2624503.200,131.2600,1.0458,1.1600,0.0741,-1
KHAPRETA_510206,312163.860,2624503.200,131.2900,0.0000,1.1300,0.0722,-1
KHAPRETA_510206,312165.860,2624503.200,131.3200,1.1094,1.1000,0.0703,-1
KHAPRETA_510206,312166.860,2624503.200,131.3500,0.0200,1.0700,0.0684,-1
KHAPRETA_510206,312167.860,2624503.200,131.3600,0.7869,1.0600,0.0677,-1
KHAPRETA_510206,312177.860,2624503.200,131.5100,0.0000,0.9100,0.0581,-1
KHAPRETA_510206,312181.860,2624503.200,131.5200,0.8819,0.9000,0.0575,-1
KHAPRETA_510206,312189.860,2624503.200,132.1300,1.6434,0.2900,0.0185,-1
KHAPRETA_510206,312190.860,2624503.200,132.1300,1.1769,0.2900,0.0185,-1
KHAPRETA_510206,312197.860,2624503.200,132.1200,1.6645,0.3000,0.0192,-1
KHAPRETA_510206,312198.860,2624503.200,132.1400,0.0050,0.2800,0.0179,-1
KHAPRETA_510206,312199.860,2624503.200,132.1300,1.6751,0.2900,0.0185,-1
KHAPRETA_510206,312204.860,2624503.200,132.2300,0.0000,0.1900,0.0121,-1
KHAPRETA_510206,312212.860,2624503.200,132.3200,1.1619,0.1000,0.0064,-1
KHAPRETA_510206,312217.860,2624503.200,132.0500,1.6402,0.3700,0.0236,-1
KHAPRETA_510206,312218.860,2624503.200,132.0400,1.1369,0.3800,0.0243,-1
KHAPRETA_510206,312235.860,2624503.200,132.2100,0.0000,0.2100,0.0134,-1
KHAPRETA_510206,312251.860,2624503.200,131.8900,1.0619,0.5300,0.0339,-1
KHAPRETA_510206,312259.860,2624503.200,131.5800,0.9519,0.8400,0.0537,-1
KHAPRETA_510206,312269.860,2624503.200,132.2400,0.0000,0.1800,0.0115,-1
KHAPRETA_510206,311959.860,2624504.200,129.2900,0.1831,3.1300,0.2000,-1
KHAPRETA_510206,311965.860,2624504.200,129.2400,0.2681,3.1800,0.2032,-1
KHAPRETA_510206,311967.860,2624504.200,129.2700,0.2081,3.1500,0.2013,-1
KHAPRETA_510206,311968.860,2624504.200,129.3600,0.2531,3.0600,0.1955,-1
KHAPRETA_510206,311970.860,2624504.200,129.3800,0.2281,3.0400,0.1942,-1
KHAPRETA_510206,311978.860,2624504.200,129.7900,0.0050,2.6300,0.1681,-1
KHAPRETA_510206,311980.860,2624504.200,129.7200,0.0000,2.7000,0.1725,-1
KHAPRETA_510206,311987.860,2624504.200,129.8400,0.0369,2.5800,0.1649,-1
KHAPRETA_510206,311989.860,2624504.200,129.8800,0.0841,2.5400,0.1623,-1
KHAPRETA_510206,311990.860,2624504.200,129.8900,0.0287,2.5300,0.1617,-1
KHAPRETA_510206,311991.860,2624504.200,129.9000,0.0569,2.5200,0.1610,-1
KHAPRETA_510206,311994.860,2624504.200,129.9500,0.0000,2.4700,0.1578,-1
KHAPRETA_510206,311997.860,2624504.200,129.9000,0.1169,2.5200,0.1610,-1
KHAPRETA_510206,311998.860,2624504.200,130.0100,0.1368,2.4100,0.1540,-1
KHAPRETA_510206,312000.860,2624504.200,130.0100,0.0969,2.4100,0.1540,-1
KHAPRETA_510206,312004.860,2624504.200,130.0200,0.1336,2.4000,0.1534,-1
KHAPRETA_510206,312005.860,2624504.200,129.9700,0.1219,2.4500,0.1565,-1
KHAPRETA_510206,312010.860,2624504.200,130.0600,0.0000,2.3600,0.1508,-1
KHAPRETA_510206,312013.860,2624504.200,130.2300,0.2069,2.1900,0.1399,-1
KHAPRETA_510206,312014.860,2624504.200,130.1900,0.2269,2.2300,0.1425,-1
KHAPRETA_510206,312019.860,2624504.200,129.9900,0.1760,2.4300,0.1553,-1
KHAPRETA_510206,312020.860,2624504.200,130.0200,0.2025,2.4000,0.1534,-1
KHAPRETA_510206,312049.860,2624504.200,131.5100,0.9719,0.9100,0.0581,-1
KHAPRETA_510206,312051.860,2624504.200,131.0200,0.5869,1.4000,0.0895,-1
KHAPRETA_510206,312052.860,2624504.200,130.9500,0.6264,1.4700,0.0939,-1
KHAPRETA_510206,312055.860,2624504.200,131.0800,0.9292,1.3400,0.0856,-1
KHAPRETA_510206,312056.860,2624504.200,131.0700,0.8976,1.3500,0.0863,-1
KHAPRETA_510206,312063.860,2624504.200,131.2000,0.0000,1.2200,0.0780,-1
KHAPRETA_510206,312067.860,2624504.200,131.2400,0.7069,1.1800,0.0754,-1
KHAPRETA_510206,312068.860,2624504.200,131.1900,0.7319,1.2300,0.0786,-1
KHAPRETA_510206,312071.860,2624504.200,131.2900,0.7119,1.1300,0.0722,-1
KHAPRETA_510206,312075.860,2624504.200,131.1000,0.7269,1.3200,0.0843,-1
KHAPRETA_510206,312079.860,2624504.200,131.3200,0.0000,1.1000,0.0703,-1
KHAPRETA_510206,312086.860,2624504.200,131.3200,0.0000,1.1000,0.0703,-1
KHAPRETA_510206,312090.860,2624504.200,131.3100,0.0000,1.1100,0.0709,-1
KHAPRETA_510206,312097.860,2624504.200,131.3000,0.0000,1.1200,0.0716,-1
KHAPRETA_510206,312109.860,2624504.200,130.7300,0.6069,1.6900,0.1080,-1
KHAPRETA_510206,312111.860,2624504.200,131.0400,0.6473,1.3800,0.0882,-1
KHAPRETA_510206,312112.860,2624504.200,131.0700,0.6319,1.3500,0.0863,-1
KHAPRETA_510206,312120.860,2624504.200,130.7100,0.5219,1.7100,0.1093,-1
KHAPRETA_510206,312121.860,2624504.200,130.8200,0.7938,1.6000,0.1022,-1
KHAPRETA_510206,312134.860,2624504.200,131.2200,0.6419,1.2000,0.0767,-1
KHAPRETA_510206,312135.860,2624504.200,131.0600,1.0139,1.3600,0.0869,-1
KHAPRETA_510206,312146.860,2624504.200,130.7000,0.6469,1.7200,0.1099,-1
KHAPRETA_510206,312147.860,2624504.200,131.0700,0.4619,1.3500,0.0863,-1
KHAPRETA_510206,312149.860,2624504.200,130.3500,0.3019,2.0700,0.1323,-1
KHAPRETA_510206,312151.860,2624504.200,130.2500,0.0000,2.1700,0.1387,-1
KHAPRETA_510206,312156.860,2624504.200,131.5400,0.7569,0.8800,0.0562,-1
KHAPRETA_510206,312157.860,2624504.200,131.2900,1.1303,1.1300,0.0722,-1
KHAPRETA_510206,312159.860,2624504.200,131.2000,0.0000,1.2200,0.0780,-1
KHAPRETA_510206,312161.860,2624504.200,131.2700,0.7419,1.1500,0.0735,-1
KHAPRETA_510206,312165.860,2624504.200,131.3400,0.7719,1.0800,0.0690,-1
KHAPRETA_510206,312176.860,2624504.200,131.5500,0.8719,0.8700,0.0556,-1
KHAPRETA_510206,312181.860,2624504.200,131.5400,0.8719,0.8800,0.0562,-1
KHAPRETA_510206,312189.860,2624504.200,132.0700,1.1769,0.3500,0.0224,-1
KHAPRETA_510206,312191.860,2624504.200,132.1000,0.0000,0.3200,0.0204,-1
KHAPRETA_510206,312199.860,2624504.200,132.1500,1.1921,0.2700,0.0173,-1
KHAPRETA_510206,312200.860,2624504.200,132.1600,1.6892,0.2600,0.0166,-1
KHAPRETA_510206,312212.860,2624504.200,132.1000,1.2719,0.3200,0.0204,-1
KHAPRETA_510206,312214.860,2624504.200,132.3600,0.0000,0.0600,0.0038,-1
KHAPRETA_510206,312216.860,2624504.200,132.2500,1.1869,0.1700,0.0109,-1
KHAPRETA_510206,312217.860,2624504.200,132.1500,1.6801,0.2700,0.0173,-1
KHAPRETA_510206,312226.860,2624504.200,132.3000,0.0000,0.1200,0.0077,-1
KHAPRETA_510206,312239.860,2624504.200,132.2400,0.0000,0.1800,0.0115,-1
KHAPRETA_510206,312249.860,2624504.200,131.9300,1.0669,0.4900,0.0313,-1
KHAPRETA_510206,312255.860,2624504.200,131.8900,1.1569,0.5300,0.0339,-1
KHAPRETA_510206,312256.860,2624504.200,132.0900,0.2100,0.3300,0.0211,-1
KHAPRETA_510206,312257.860,2624504.200,132.3100,0.1050,0.1100,0.0070,-1
KHAPRETA_510206,312258.860,2624504.200,131.8800,1.6435,0.5400,0.0345,-1
KHAPRETA_510206,311971.860,2624505.200,129.6400,0.0000,2.7800,0.1776,-1
KHAPRETA_510206,311978.860,2624505.200,129.7800,0.0069,2.6400,0.1687,-1
KHAPRETA_510206,311981.860,2624505.200,129.8200,0.0000,2.6000,0.1661,-1
KHAPRETA_510206,311984.860,2624505.200,129.9100,0.0519,2.5100,0.1604,-1
KHAPRETA_510206,311987.860,2624505.200,129.8500,0.0050,2.5700,0.1642,-1
KHAPRETA_510206,311989.860,2624505.200,129.9000,0.0519,2.5200,0.1610,-1
KHAPRETA_510206,311996.860,2624505.200,129.9200,0.0000,2.5000,0.1597,-1
KHAPRETA_510206,311999.860,2624505.200,130.0100,0.1469,2.4100,0.1540,-1
KHAPRETA_510206,312002.860,2624505.200,129.9400,0.1369,2.4800,0.1585,-1
KHAPRETA_510206,312007.860,2624505.200,130.0700,0.1219,2.3500,0.1502,-1
KHAPRETA_510206,312008.860,2624505.200,130.0200,0.0500,2.4000,0.1534,-1
KHAPRETA_510206,312009.860,2624505.200,129.9700,0.1219,2.4500,0.1565,-1
KHAPRETA_510206,312011.860,2624505.200,130.1400,0.0000,2.2800,0.1457,-1
KHAPRETA_510206,312017.860,2624505.200,130.1200,0.1069,2.3000,0.1470,-1
KHAPRETA_510206,312018.860,2624505.200,129.9900,0.1114,2.4300,0.1553,-1
KHAPRETA_510206,312019.860,2624505.200,130.0300,0.0680,2.3900,0.1527,-1
KHAPRETA_510206,312020.860,2624505.200,130.1200,0.1270,2.3000,0.1470,-1
KHAPRETA_510206,312043.860,2624505.200,132.3900,0.0000,0.0300,0.0019,-1
KHAPRETA_510206,312049.860,2624505.200,131.7200,1.1742,0.7000,0.0447,-1
KHAPRETA_510206,312050.860,2624505.200,131.3600,1.2794,1.0600,0.0677,-1
KHAPRETA_510206,312052.860,2624505.200,130.9400,0.8847,1.4800,0.0946,-1
KHAPRETA_510206,312053.860,2624505.200,131.1000,0.5819,1.3200,0.0843,-1
KHAPRETA_510206,312055.860,2624505.200,131.1100,0.8976,1.3100,0.0837,-1
KHAPRETA_510206,312056.860,2624505.200,131.0100,0.9292,1.4100,0.0901,-1
KHAPRETA_510206,312058.860,2624505.200,130.9900,0.0000,1.4300,0.0914,-1
KHAPRETA_510206,312064.860,2624505.200,131.0000,0.0000,1.4200,0.0907,-1
KHAPRETA_510206,312071.860,2624505.200,131.2000,0.7569,1.2200,0.0780,-1
KHAPRETA_510206,312073.860,2624505.200,131.1400,0.0000,1.2800,0.0818,-1
KHAPRETA_510206,312076.860,2624505.200,131.2300,0.0000,1.1900,0.0760,-1
KHAPRETA_510206,312080.860,2624505.200,131.3700,0.0000,1.0500,0.0671,-1
KHAPRETA_510206,312082.860,2624505.200,131.3800,1.1094,1.0400,0.0665,-1
KHAPRETA_510206,312083.860,2624505.200,131.3300,0.8019,1.0900,0.0696,-1
KHAPRETA_510206,312085.860,2624505.200,131.3600,0.0000,1.0600,0.0677,-1
KHAPRETA_510206,312096.860,2624505.200,131.2800,0.0000,1.1400,0.0728,-1
KHAPRETA_510206,312100.860,2624505.200,131.2700,0.0000,1.1500,0.0735,-1
KHAPRETA_510206,312103.860,2624505.200,131.3000,0.0000,1.1200,0.0716,-1
KHAPRETA_510206,312105.860,2624505.200,131.2800,0.7669,1.1400,0.0728,-1
KHAPRETA_510206,312106.860,2624505.200,131.3100,0.7519,1.1100,0.0709,-1
KHAPRETA_510206,312108.860,2624505.200,131.4100,0.8169,1.0100,0.0645,-1
KHAPRETA_510206,312111.860,2624505.200,131.0600,0.1300,1.3600,0.0869,-1
KHAPRETA_510206,312113.860,2624505.200,131.0300,0.0000,1.3900,0.0888,-1
KHAPRETA_510206,312118.860,2624505.200,130.9700,0.0000,1.4500,0.0927,-1
KHAPRETA_510206,312127.860,2624505.200,130.9900,0.6169,1.4300,0.0914,-1
KHAPRETA_510206,312128.860,2624505.200,131.0100,0.6069,1.4100,0.0901,-1
KHAPRETA_510206,312131.860,2624505.200,131.1400,0.7519,1.2800,0.0818,-1
KHAPRETA_510206,312132.860,2624505.200,131.2800,0.6819,1.1400,0.0728,-1
KHAPRETA_510206,312135.860,2624505.200,131.2000,0.1000,1.2200,0.0780,-1
KHAPRETA_510206,312137.860,2624505.200,131.0500,0.7419,1.3700,0.0875,-1
KHAPRETA_510206,312138.860,2624505.200,131.2600,0.6369,1.1600,0.0741,-1
KHAPRETA_510206,312144.860,2624505.200,130.5500,0.6319,1.8700,0.1195,-1
KHAPRETA_510206,312148.860,2624505.200,131.1700,0.3019,1.2500,0.0799,-1
KHAPRETA_510206,312149.860,2624505.200,130.3800,0.4250,2.0400,0.1304,-1
KHAPRETA_510206,312150.860,2624505.200,130.3200,0.3019,2.1000,0.1342,-1
KHAPRETA_510206,312152.860,2624505.200,130.3200,0.0000,2.1000,0.1342,-1
KHAPRETA_510206,312157.860,2624505.200,131.1900,1.0426,1.2300,0.0786,-1
KHAPRETA_510206,312158.860,2624505.200,131.2100,0.7069,1.2100,0.0773,-1
KHAPRETA_510206,312160.860,2624505.200,131.2600,0.0000,1.1600,0.0741,-1
KHAPRETA_510206,312167.860,2624505.200,131.4200,0.8169,1.0000,0.0639,-1
KHAPRETA_510206,312172.860,2624505.200,131.5200,0.0000,0.9000,0.0575,-1
KHAPRETA_510206,312176.860,2624505.200,131.5200,0.8770,0.9000,0.0575,-1
KHAPRETA_510206,312177.860,2624505.200,131.5300,0.0450,0.8900,0.0569,-1
KHAPRETA_510206,312178.860,2624505.200,131.6100,0.8769,0.8100,0.0518,-1
KHAPRETA_510206,312199.860,2624505.200,132.1700,1.6892,0.2500,0.0160,-1
KHAPRETA_510206,312200.860,2624505.200,132.1800,1.6892,0.2400,0.0153,-1
KHAPRETA_510206,312205.860,2624505.200,132.2600,1.1869,0.1600,0.0102,-1
KHAPRETA_510206,312206.860,2624505.200,132.1500,1.2419,0.2700,0.0173,-1
KHAPRETA_510206,312209.860,2624505.200,132.1700,0.0000,0.2500,0.0160,-1
KHAPRETA_510206,312221.860,2624505.200,132.3000,0.0000,0.1200,0.0077,-1
KHAPRETA_510206,312243.860,2624505.200,132.1700,1.2069,0.2500,0.0160,-1
KHAPRETA_510206,312244.860,2624505.200,132.1900,1.1969,0.2300,0.0147,-1
KHAPRETA_510206,312249.860,2624505.200,131.9100,1.0769,0.5100,0.0326,-1
KHAPRETA_510206,312252.860,2624505.200,131.9900,1.1369,0.4300,0.0275,-1
KHAPRETA_510206,312258.860,2624505.200,131.8700,1.0519,0.5500,0.0351,-1
KHAPRETA_510206,312263.860,2624505.200,132.3100,1.3069,0.1100,0.0070,-1
KHAPRETA_510206,311966.860,2624506.200,129.4800,0.2593,2.9400,0.1879,-1
KHAPRETA_510206,311967.860,2624506.200,129.3900,0.1481,3.0300,0.1936,-1
KHAPRETA_510206,311972.860,2624506.200,129.9000,0.0000,2.5200,0.1610,-1
KHAPRETA_510206,311984.860,2624506.200,129.8800,0.0836,2.5400,0.1623,-1
KHAPRETA_510206,311985.860,2624506.200,129.9100,0.0519,2.5100,0.1604,-1
KHAPRETA_510206,311987.860,2624506.200,129.8500,0.0369,2.5700,0.1642,-1
KHAPRETA_510206,311990.860,2624506.200,130.0100,0.0000,2.4100,0.1540,-1
KHAPRETA_510206,311994.860,2624506.200,130.0500,0.0000,2.3700,0.1514,-1
KHAPRETA_510206,311999.860,2624506.200,130.0700,0.0150,2.3500,0.1502,-1
KHAPRETA_510206,312002.860,2624506.200,130.0500,0.0650,2.3700,0.1514,-1
KHAPRETA_510206,312013.860,2624506.200,130.0800,0.2611,2.3400,0.1495,-1
KHAPRETA_510206,312014.860,2624506.200,130.1600,0.0500,2.2600,0.1444,-1
KHAPRETA_510206,312015.860,2624506.200,130.1800,0.2611,2.2400,0.1431,-1
KHAPRETA_510206,312018.860,2624506.200,129.9800,0.1378,2.4400,0.1559,-1
KHAPRETA_510206,312019.860,2624506.200,129.9500,0.1278,2.4700,0.1578,-1
KHAPRETA_510206,312020.860,2624506.200,130.0100,0.0905,2.4100,0.1540,-1
KHAPRETA_510206,312024.860,2624506.200,131.6300,1.2619,0.7900,0.0505,-1
KHAPRETA_510206,312025.860,2624506.200,132.3000,0.9269,0.1200,0.0077,-1
KHAPRETA_510206,312045.860,2624506.200,131.9700,0.0000,0.4500,0.0288,-1
KHAPRETA_510206,312048.860,2624506.200,131.7700,0.0000,0.6500,0.0415,-1
KHAPRETA_510206,312050.860,2624506.200,131.4400,0.7919,0.9800,0.0626,-1
KHAPRETA_510206,312059.860,2624506.200,131.0700,0.0000,1.3500,0.0863,-1
KHAPRETA_510206,312063.860,2624506.200,131.1500,0.0000,1.2700,0.0812,-1
KHAPRETA_510206,312068.860,2624506.200,131.2600,0.6669,1.1600,0.0741,-1
KHAPRETA_510206,312069.860,2624506.200,131.1100,0.7419,1.3100,0.0837,-1
KHAPRETA_510206,312077.860,2624506.200,131.3300,0.8119,1.0900,0.0696,-1
KHAPRETA_510206,312078.860,2624506.200,131.4000,1.1310,1.0200,0.0652,-1
KHAPRETA_510206,312082.860,2624506.200,131.3600,0.8019,1.0600,0.0677,-1
KHAPRETA_510206,312084.860,2624506.200,131.3700,0.0000,1.0500,0.0671,-1
KHAPRETA_510206,312089.860,2624506.200,131.3400,0.0000,1.0800,0.0690,-1
KHAPRETA_510206,312095.860,2624506.200,131.3000,0.0000,1.1200,0.0716,-1
KHAPRETA_510206,312101.860,2624506.200,131.3000,0.7619,1.1200,0.0716,-1
KHAPRETA_510206,312102.860,2624506.200,131.3000,0.7619,1.1200,0.0716,-1
KHAPRETA_510206,312104.860,2624506.200,131.3100,0.0000,1.1100,0.0709,-1
KHAPRETA_510206,312108.860,2624506.200,131.4100,0.8169,1.0100,0.0645,-1
KHAPRETA_510206,312111.860,2624506.200,130.7800,0.8732,1.6400,0.1048,-1
KHAPRETA_510206,312112.860,2624506.200,130.9600,0.5019,1.4600,0.0933,-1
KHAPRETA_510206,312115.860,2624506.200,131.0200,0.6469,1.4000,0.0895,-1
KHAPRETA_510206,312129.860,2624506.200,131.0400,0.6969,1.3800,0.0882,-1
KHAPRETA_510206,312135.860,2624506.200,131.2600,0.7119,1.1600,0.0741,-1
KHAPRETA_510206,312139.860,2624506.200,131.2000,0.0000,1.2200,0.0780,-1
KHAPRETA_510206,312142.860,2624506.200,131.2400,0.0000,1.1800,0.0754,-1
KHAPRETA_510206,312144.860,2624506.200,131.0400,0.1800,1.3800,0.0882,-1
KHAPRETA_510206,312149.860,2624506.200,130.3400,0.0250,2.0800,0.1329,-1
KHAPRETA_510206,312164.860,2624506.200,131.3500,0.7969,1.0700,0.0684,-1
KHAPRETA_510206,312166.860,2624506.200,131.3900,0.8169,1.0300,0.0658,-1
KHAPRETA_510206,312167.860,2624506.200,131.4100,0.8221,1.0100,0.0645,-1
KHAPRETA_510206,312168.860,2624506.200,131.4200,0.8470,1.0000,0.0639,-1
KHAPRETA_510206,312169.860,2624506.200,131.4200,0.8219,1.0000,0.0639,-1
KHAPRETA_510206,312174.860,2624506.200,131.5200,0.0000,0.9000,0.0575,-1
KHAPRETA_510206,312176.860,2624506.200,131.5400,0.8719,0.8800,0.0562,-1
KHAPRETA_510206,312179.860,2624506.200,131.5700,0.9469,0.8500,0.0543,-1
KHAPRETA_510206,312181.860,2624506.200,131.5500,0.0000,0.8700,0.0556,-1
KHAPRETA_510206,312186.860,2624506.200,132.1600,1.1319,0.2600,0.0166,-1
KHAPRETA_510206,312191.860,2624506.200,132.0800,0.0000,0.3400,0.0217,-1
KHAPRETA_510206,312193.860,2624506.200,132.1600,1.1969,0.2600,0.0166,-1
KHAPRETA_510206,312198.860,2624506.200,132.1600,0.0000,0.2600,0.0166,-1
KHAPRETA_510206,312201.860,2624506.200,132.2200,0.0000,0.2000,0.0128,-1
KHAPRETA_510206,312203.860,2624506.200,132.2300,0.0000,0.1900,0.0121,-1
KHAPRETA_510206,312214.860,2624506.200,132.3700,1.2469,0.0500,0.0032,-1
KHAPRETA_510206,312216.860,2624506.200,132.4100,0.0000,0.0100,0.0006,-1
KHAPRETA_510206,312231.860,2624506.200,132.3500,0.0000,0.0700,0.0045,-1
KHAPRETA_510206,312239.860,2624506.200,132.2800,1.2319,0.1400,0.0089,-1
KHAPRETA_510206,312248.860,2624506.200,132.1800,1.2819,0.2400,0.0153,-1
KHAPRETA_510206,312252.860,2624506.200,132.0500,1.1069,0.3700,0.0236,-1
KHAPRETA_510206,312255.860,2624506.200,131.9000,0.0000,0.5200,0.0332,-1
KHAPRETA_510206,312259.860,2624506.200,131.7500,0.0000,0.6700,0.0428,-1
KHAPRETA_510206,312263.860,2624506.200,132.3900,1.2669,0.0300,0.0019,-1
KHAPRETA_510206,312269.860,2624506.200,132.2800,1.2519,0.1400,0.0089,-1
KHAPRETA_510206,311964.860,2624507.200,129.4900,0.0000,2.9300,0.1872,-1
KHAPRETA_510206,311966.860,2624507.200,129.4300,0.1481,2.9900,0.1911,-1
KHAPRETA_510206,311969.860,2624507.200,129.4200,0.0000,3.0000,0.1917,-1
KHAPRETA_510206,311971.860,2624507.200,130.2000,0.1219,2.2200,0.1419,-1
KHAPRETA_510206,311976.860,2624507.200,129.7900,0.0000,2.6300,0.1681,-1
KHAPRETA_510206,311978.860,2624507.200,129.7400,0.0000,2.6800,0.1712,-1
KHAPRETA_510206,311981.860,2624507.200,129.7800,0.0436,2.6400,0.1687,-1
KHAPRETA_510206,311982.860,2624507.200,129.8600,0.0019,2.5600,0.1636,-1
KHAPRETA_510206,311984.860,2624507.200,129.8100,0.0100,2.6100,0.1668,-1
KHAPRETA_510206,311986.860,2624507.200,129.8100,0.0000,2.6100,0.1668,-1
KHAPRETA_510206,311992.860,2624507.200,130.0100,0.0619,2.4100,0.1540,-1
KHAPRETA_510206,311993.860,2624507.200,129.9000,0.1551,2.5200,0.1610,-1
KHAPRETA_510206,311995.860,2624507.200,130.0800,0.1319,2.3400,0.1495,-1
KHAPRETA_510206,311999.860,2624507.200,130.0400,0.1269,2.3800,0.1521,-1
KHAPRETA_510206,312000.860,2624507.200,130.0300,0.1580,2.3900,0.1527,-1
KHAPRETA_510206,312002.860,2624507.200,130.0700,0.0400,2.3500,0.1502,-1
KHAPRETA_510206,312004.860,2624507.200,129.9600,0.1119,2.4600,0.1572,-1
KHAPRETA_510206,312006.860,2624507.200,130.0700,0.0000,2.3500,0.1502,-1
KHAPRETA_510206,312008.860,2624507.200,130.0100,0.1169,2.4100,0.1540,-1
KHAPRETA_510206,312009.860,2624507.200,130.0100,0.0300,2.4100,0.1540,-1
KHAPRETA_510206,312010.860,2624507.200,129.9500,0.1169,2.4700,0.1578,-1
KHAPRETA_510206,312013.860,2624507.200,130.1300,0.1519,2.2900,0.1463,-1
KHAPRETA_510206,312015.860,2624507.200,130.1300,0.2019,2.2900,0.1463,-1
KHAPRETA_510206,312020.860,2624507.200,130.0700,0.1169,2.3500,0.1502,-1
KHAPRETA_510206,312042.860,2624507.200,132.1800,1.1219,0.2400,0.0153,-1
KHAPRETA_510206,312043.860,2624507.200,132.0200,1.2019,0.4000,0.0256,-1
KHAPRETA_510206,312055.860,2624507.200,131.1400,0.0000,1.2800,0.0818,-1
KHAPRETA_510206,312060.860,2624507.200,131.1900,0.6669,1.2300,0.0786,-1
KHAPRETA_510206,312071.860,2624507.200,131.1100,0.0000,1.3100,0.0837,-1
KHAPRETA_510206,312073.860,2624507.200,131.2000,0.0000,1.2200,0.0780,-1
KHAPRETA_510206,312078.860,2624507.200,131.4200,0.8119,1.0000,0.0639,-1
KHAPRETA_510206,312079.860,2624507.200,131.4000,0.8219,1.0200,0.0652,-1
KHAPRETA_510206,312090.860,2624507.200,131.3200,0.0000,1.1000,0.0703,-1
KHAPRETA_510206,312092.860,2624507.200,131.3200,0.0000,1.1000,0.0703,-1
KHAPRETA_510206,312099.860,2624507.200,131.2900,0.7619,1.1300,0.0722,-1
KHAPRETA_510206,312107.860,2624507.200,131.3500,0.0000,1.0700,0.0684,-1
KHAPRETA_510206,312110.860,2624507.200,131.5700,0.0000,0.8500,0.0543,-1
KHAPRETA_510206,312114.860,2624507.200,131.0600,0.9079,1.3600,0.0869,-1
KHAPRETA_510206,312115.860,2624507.200,131.0700,0.8938,1.3500,0.0863,-1
KHAPRETA_510206,312120.860,2624507.200,131.0500,0.0000,1.3700,0.0875,-1
KHAPRETA_510206,312125.860,2624507.200,131.1200,0.0000,1.3000,0.0831,-1
KHAPRETA_510206,312129.860,2624507.200,131.1700,0.6319,1.2500,0.0799,-1
KHAPRETA_510206,312131.860,2624507.200,131.1900,1.0387,1.2300,0.0786,-1
KHAPRETA_510206,312132.860,2624507.200,131.2600,0.0350,1.1600,0.0741,-1
KHAPRETA_510206,312133.860,2624507.200,131.2600,1.0493,1.1600,0.0741,-1
KHAPRETA_510206,312140.860,2624507.200,130.9300,0.9927,1.4900,0.0952,-1
KHAPRETA_510206,312141.860,2624507.200,131.1900,0.5769,1.2300,0.0786,-1
KHAPRETA_510206,312144.860,2624507.200,130.9100,0.6319,1.5100,0.0965,-1
KHAPRETA_510206,312149.860,2624507.200,130.3300,0.2819,2.0900,0.1335,-1
KHAPRETA_510206,312154.860,2624507.200,131.6200,0.0000,0.8000,0.0511,-1
KHAPRETA_510206,312158.860,2624507.200,131.2600,0.0000,1.1600,0.0741,-1
KHAPRETA_510206,312162.860,2624507.200,131.3600,0.0000,1.0600,0.0677,-1
KHAPRETA_510206,312164.860,2624507.200,131.3700,0.8275,1.0500,0.0671,-1
KHAPRETA_510206,312165.860,2624507.200,131.4300,0.7969,0.9900,0.0633,-1
KHAPRETA_510206,312168.860,2624507.200,131.4700,0.8219,0.9500,0.0607,-1
KHAPRETA_510206,312177.860,2624507.200,131.5500,0.9619,0.8700,0.0556,-1
KHAPRETA_510206,312178.860,2624507.200,131.7000,0.0600,0.7200,0.0460,-1
KHAPRETA_510206,312179.860,2624507.200,131.6700,1.3152,0.7500,0.0479,-1
KHAPRETA_510206,312186.860,2624507.200,132.0400,1.6716,0.3800,0.0243,-1
KHAPRETA_510206,312187.860,2624507.200,132.1200,1.6150,0.3000,0.0192,-1
KHAPRETA_510206,312193.860,2624507.200,132.1700,0.0100,0.2500,0.0160,-1
KHAPRETA_510206,312195.860,2624507.200,132.1400,0.0000,0.2800,0.0179,-1
KHAPRETA_510206,312208.860,2624507.200,132.2100,0.0000,0.2100,0.0134,-1
KHAPRETA_510206,312214.860,2624507.200,132.2700,1.2969,0.1500,0.0096,-1
KHAPRETA_510206,312218.860,2624507.200,132.3600,0.0000,0.0600,0.0038,-1
KHAPRETA_510206,312233.860,2624507.200,132.3500,1.2669,0.0700,0.0045,-1
KHAPRETA_510206,312234.860,2624507.200,132.3100,1.2869,0.1100,0.0070,-1
KHAPRETA_510206,312239.860,2624507.200,132.2400,1.2519,0.1800,0.0115,-1
KHAPRETA_510206,312241.860,2624507.200,132.2200,0.0000,0.2000,0.0128,-1
KHAPRETA_510206,312243.860,2624507.200,132.2500,0.0000,0.1700,0.0109,-1
KHAPRETA_510206,312248.860,2624507.200,132.3400,1.2019,0.0800,0.0051,-1
KHAPRETA_510206,312254.860,2624507.200,131.9700,1.1019,0.4500,0.0288,-1
KHAPRETA_510206,312266.860,2624507.200,131.9800,0.0000,0.4400,0.0281,-1
KHAPRETA_510206,312269.860,2624507.200,132.2800,0.0100,0.1400,0.0089,-1
KHAPRETA_510206,311962.860,2624508.200,129.3300,0.0000,3.0900,0.1974,-1
KHAPRETA_510206,311965.860,2624508.200,129.5900,0.0000,2.8300,0.1808,-1
KHAPRETA_510206,311970.860,2624508.200,129.6600,0.1475,2.7600,0.1764,-1
KHAPRETA_510206,311971.860,2624508.200,130.0200,0.2197,2.4000,0.1534,-1
KHAPRETA_510206,311979.860,2624508.200,129.7800,0.0269,2.6400,0.1687,-1
KHAPRETA_510206,311981.860,2624508.200,129.8000,0.0019,2.6200,0.1674,-1
KHAPRETA_510206,311983.860,2624508.200,129.8600,0.0419,2.5600,0.1636,-1
KHAPRETA_510206,311984.860,2624508.200,129.8600,0.0452,2.5600,0.1636,-1
KHAPRETA_510206,311990.860,2624508.200,129.8900,0.0419,2.5300,0.1617,-1
KHAPRETA_510206,311991.860,2624508.200,129.8600,0.0569,2.5600,0.1636,-1
KHAPRETA_510206,311993.860,2624508.200,129.9800,0.0619,2.4400,0.1559,-1
KHAPRETA_510206,311995.860,2624508.200,130.0400,0.1519,2.3800,0.1521,-1
KHAPRETA_510206,311997.860,2624508.200,130.0300,0.1719,2.3900,0.1527,-1
KHAPRETA_510206,311998.860,2624508.200,130.1200,0.0200,2.3000,0.1470,-1
KHAPRETA_510206,311999.860,2624508.200,130.0700,0.0873,2.3500,0.1502,-1
KHAPRETA_510206,312000.860,2624508.200,129.9500,0.1942,2.4700,0.1578,-1
KHAPRETA_510206,312002.860,2624508.200,129.9700,0.1469,2.4500,0.1565,-1
KHAPRETA_510206,312004.860,2624508.200,130.0000,0.0400,2.4200,0.1546,-1
KHAPRETA_510206,312007.860,2624508.200,130.1100,0.0000,2.3100,0.1476,-1
KHAPRETA_510206,312012.860,2624508.200,130.0900,0.0000,2.3300,0.1489,-1
KHAPRETA_510206,312047.860,2624508.200,132.3600,1.3169,0.0600,0.0038,-1
KHAPRETA_510206,312050.860,2624508.200,131.8700,0.7469,0.5500,0.0351,-1
KHAPRETA_510206,312051.860,2624508.200,131.2700,1.4700,1.1500,0.0735,-1
KHAPRETA_510206,312056.860,2624508.200,131.1400,0.0000,1.2800,0.0818,-1
KHAPRETA_510206,312060.860,2624508.200,131.1100,0.7069,1.3100,0.0837,-1
KHAPRETA_510206,312064.860,2624508.200,131.2100,0.7319,1.2100,0.0773,-1
KHAPRETA_510206,312065.860,2624508.200,131.2400,0.7169,1.1800,0.0754,-1
KHAPRETA_510206,312070.860,2624508.200,131.1800,0.6869,1.2400,0.0792,-1
KHAPRETA_510206,312072.860,2624508.200,131.2400,0.0000,1.1800,0.0754,-1
KHAPRETA_510206,312075.860,2624508.200,131.1500,0.6919,1.2700,0.0812,-1
KHAPRETA_510206,312076.860,2624508.200,131.1600,0.6869,1.2600,0.0805,-1
KHAPRETA_510206,312078.860,2624508.200,131.4000,0.8219,1.0200,0.0652,-1
KHAPRETA_510206,312082.860,2624508.200,131.4100,0.8069,1.0100,0.0645,-1
KHAPRETA_510206,312083.860,2624508.200,131.3900,0.0150,1.0300,0.0658,-1
KHAPRETA_510206,312084.860,2624508.200,131.3800,0.8069,1.0400,0.0665,-1
KHAPRETA_510206,312097.860,2624508.200,131.3100,0.7669,1.1100,0.0709,-1
KHAPRETA_510206,312098.860,2624508.200,131.3100,0.0050,1.1100,0.0709,-1
KHAPRETA_510206,312099.860,2624508.200,131.3000,0.7670,1.1200,0.0716,-1
KHAPRETA_510206,312102.860,2624508.200,131.3100,0.0000,1.1100,0.0709,-1
KHAPRETA_510206,312105.860,2624508.200,131.3000,0.0000,1.1200,0.0716,-1
KHAPRETA_510206,312108.860,2624508.200,131.3200,0.0000,1.1000,0.0703,-1
KHAPRETA_510206,312111.860,2624508.200,131.1000,0.0000,1.3200,0.0843,-1
KHAPRETA_510206,312114.860,2624508.200,131.0500,0.6419,1.3700,0.0875,-1
KHAPRETA_510206,312128.860,2624508.200,131.1200,0.0000,1.3000,0.0831,-1
KHAPRETA_510206,312130.860,2624508.200,131.2200,0.7269,1.2000,0.0767,-1
KHAPRETA_510206,312131.860,2624508.200,131.2300,1.0104,1.1900,0.0760,-1
KHAPRETA_510206,312133.860,2624508.200,131.2600,1.0671,1.1600,0.0741,-1
KHAPRETA_510206,312134.860,2624508.200,131.3100,0.7419,1.1100,0.0709,-1
KHAPRETA_510206,312137.860,2624508.200,131.2600,0.7419,1.1600,0.0741,-1
KHAPRETA_510206,312138.860,2624508.200,131.2600,0.7419,1.1600,0.0741,-1
KHAPRETA_510206,312140.860,2624508.200,131.1700,0.5769,1.2500,0.0799,-1
KHAPRETA_510206,312160.860,2624508.200,131.2800,0.7769,1.1400,0.0728,-1
KHAPRETA_510206,312161.860,2624508.200,131.3300,0.7519,1.0900,0.0696,-1
KHAPRETA_510206,312163.860,2624508.200,131.3600,0.8169,1.0600,0.0677,-1
KHAPRETA_510206,312164.860,2624508.200,131.4100,1.1235,1.0100,0.0645,-1
KHAPRETA_510206,312167.860,2624508.200,131.4300,0.0000,0.9900,0.0633,-1
KHAPRETA_510206,312172.860,2624508.200,131.5200,0.0000,0.9000,0.0575,-1
KHAPRETA_510206,312182.860,2624508.200,131.5800,0.9119,0.8400,0.0537,-1
KHAPRETA_510206,312187.860,2624508.200,132.0800,1.1719,0.3400,0.0217,-1
KHAPRETA_510206,312193.860,2624508.200,132.1800,1.1969,0.2400,0.0153,-1
KHAPRETA_510206,312196.860,2624508.200,132.1500,1.1669,0.2700,0.0173,-1
KHAPRETA_510206,312199.860,2624508.200,132.2200,1.2219,0.2000,0.0128,-1
KHAPRETA_510206,312200.860,2624508.200,132.2200,1.2219,0.2000,0.0128,-1
KHAPRETA_510206,312215.860,2624508.200,132.2500,0.0000,0.1700,0.0109,-1
KHAPRETA_510206,312236.860,2624508.200,132.3600,0.0000,0.0600,0.0038,-1
KHAPRETA_510206,312242.860,2624508.200,132.2400,0.0000,0.1800,0.0115,-1
KHAPRETA_510206,312251.860,2624508.200,132.0400,1.1269,0.3800,0.0243,-1
KHAPRETA_510206,312254.860,2624508.200,131.9800,1.5584,0.4400,0.0281,-1
KHAPRETA_510206,312255.860,2624508.200,131.9900,1.1019,0.4300,0.0275,-1
KHAPRETA_510206,312257.860,2624508.200,132.0000,0.0000,0.4200,0.0268,-1
KHAPRETA_510206,312260.860,2624508.200,131.8700,0.0000,0.5500,0.0351,-1
KHAPRETA_510206,312269.860,2624508.200,132.3000,1.2519,0.1200,0.0077,-1
KHAPRETA_510206,312271.860,2624508.200,132.4000,1.3219,0.0200,0.0013,-1
KHAPRETA_510206,311964.860,2624509.200,129.8300,0.0000,2.5900,0.1655,-1
KHAPRETA_510206,311967.860,2624509.200,129.5300,0.1231,2.8900,0.1847,-1
KHAPRETA_510206,311970.860,2624509.200,129.6100,0.0581,2.8100,0.1796,-1
KHAPRETA_510206,311974.860,2624509.200,129.8200,0.0000,2.6000,0.1661,-1
KHAPRETA_510206,311977.860,2624509.200,129.7900,0.0000,2.6300,0.1681,-1
KHAPRETA_510206,311979.860,2624509.200,129.8300,0.0019,2.5900,0.1655,-1
KHAPRETA_510206,311988.860,2624509.200,129.8600,0.0000,2.5600,0.1636,-1
KHAPRETA_510206,311994.860,2624509.200,129.9300,0.0000,2.4900,0.1591,-1
KHAPRETA_510206,311999.860,2624509.200,130.0800,0.0000,2.3400,0.1495,-1
KHAPRETA_510206,312001.860,2624509.200,130.0400,0.0669,2.3800,0.1521,-1
KHAPRETA_510206,312004.860,2624509.200,130.0400,0.1119,2.3800,0.1521,-1
KHAPRETA_510206,312009.860,2624509.200,130.0700,0.1469,2.3500,0.1502,-1
KHAPRETA_510206,312014.860,2624509.200,130.0700,0.0000,2.3500,0.1502,-1
KHAPRETA_510206,312018.860,2624509.200,130.0100,0.0000,2.4100,0.1540,-1
KHAPRETA_510206,312021.860,2624509.200,130.0700,0.0000,2.3500,0.1502,-1
KHAPRETA_510206,312045.860,2624509.200,132.3500,0.0000,0.0700,0.0045,-1
KHAPRETA_510206,312047.860,2624509.200,132.4100,0.0650,0.0100,0.0006,-1
KHAPRETA_510206,312049.860,2624509.200,132.3200,0.0000,0.1000,0.0064,-1
KHAPRETA_510206,312051.860,2624509.200,131.8400,0.1500,0.5800,0.0371,-1
KHAPRETA_510206,312053.860,2624509.200,131.0400,0.0000,1.3800,0.0882,-1
KHAPRETA_510206,312059.860,2624509.200,131.1400,0.0000,1.2800,0.0818,-1
KHAPRETA_510206,312061.860,2624509.200,131.2200,0.0000,1.2000,0.0767,-1
KHAPRETA_510206,312066.860,2624509.200,131.2600,0.0000,1.1600,0.0741,-1
KHAPRETA_510206,312070.860,2624509.200,131.1500,0.9821,1.2700,0.0812,-1
KHAPRETA_510206,312071.860,2624509.200,131.1500,1.0002,1.2700,0.0812,-1
KHAPRETA_510206,312073.860,2624509.200,131.2400,0.0000,1.1800,0.0754,-1
KHAPRETA_510206,312086.860,2624509.200,131.4100,0.0000,1.0100,0.0645,-1
KHAPRETA_510206,312089.860,2624509.200,131.3800,0.0000,1.0400,0.0665,-1
KHAPRETA_510206,312099.860,2624509.200,131.3100,0.7619,1.1100,0.0709,-1
KHAPRETA_510206,312104.860,2624509.200,131.3100,0.0000,1.1100,0.0709,-1
KHAPRETA_510206,312107.860,2624509.200,131.3300,0.0000,1.0900,0.0696,-1
KHAPRETA_510206,312112.860,2624509.200,130.8300,0.0000,1.5900,0.1016,-1
KHAPRETA_510206,312118.860,2624509.200,130.9000,0.0000,1.5200,0.0971,-1
KHAPRETA_510206,312121.860,2624509.200,130.9500,0.0000,1.4700,0.0939,-1
KHAPRETA_510206,312125.860,2624509.200,131.1000,0.6719,1.3200,0.0843,-1
KHAPRETA_510206,312126.860,2624509.200,131.1200,0.0150,1.3000,0.0831,-1
KHAPRETA_510206,312127.860,2624509.200,131.1300,0.6719,1.2900,0.0824,-1
KHAPRETA_510206,312132.860,2624509.200,131.1200,0.7219,1.3000,0.0831,-1
KHAPRETA_510206,312154.860,2624509.200,131.9400,0.0000,0.4800,0.0307,-1
KHAPRETA_510206,312159.860,2624509.200,131.2800,0.0000,1.1400,0.0728,-1
KHAPRETA_510206,312166.860,2624509.200,131.4400,0.0000,0.9800,0.0626,-1
KHAPRETA_510206,312168.860,2624509.200,131.4700,1.2013,0.9500,0.0607,-1
KHAPRETA_510206,312169.860,2624509.200,131.4900,0.8469,0.9300,0.0594,-1
KHAPRETA_510206,312173.860,2624509.200,131.5500,0.0000,0.8700,0.0556,-1
KHAPRETA_510206,312182.860,2624509.200,131.6000,0.9019,0.8200,0.0524,-1
KHAPRETA_510206,312184.860,2624509.200,131.5800,0.9119,0.8400,0.0537,-1
KHAPRETA_510206,312185.860,2624509.200,131.6000,0.0250,0.8200,0.0524,-1
KHAPRETA_510206,312186.860,2624509.200,131.6300,0.9119,0.7900,0.0505,-1
KHAPRETA_510206,312195.860,2624509.200,132.2000,1.1669,0.2200,0.0141,-1
KHAPRETA_510206,312196.860,2624509.200,132.1100,1.2122,0.3100,0.0198,-1
KHAPRETA_510206,312198.860,2624509.200,132.1500,1.2019,0.2700,0.0173,-1
KHAPRETA_510206,312203.860,2624509.200,132.2700,1.2519,0.1500,0.0096,-1
KHAPRETA_510206,312208.860,2624509.200,132.2500,0.0000,0.1700,0.0109,-1
KHAPRETA_510206,312217.860,2624509.200,132.4100,1.2969,0.0100,0.0006,-1
KHAPRETA_510206,312218.860,2624509.200,132.3700,0.0300,0.0500,0.0032,-1
KHAPRETA_510206,312219.860,2624509.200,132.3500,1.2969,0.0700,0.0045,-1
KHAPRETA_510206,312239.860,2624509.200,132.2700,1.2469,0.1500,0.0096,-1
KHAPRETA_510206,312244.860,2624509.200,132.2800,1.2569,0.1400,0.0089,-1
KHAPRETA_510206,312247.860,2624509.200,132.3900,1.2969,0.0300,0.0019,-1
KHAPRETA_510206,312249.860,2624509.200,132.3300,0.0000,0.0900,0.0058,-1
KHAPRETA_510206,312251.860,2624509.200,132.0300,1.1319,0.3900,0.0249,-1
KHAPRETA_510206,312258.860,2624509.200,132.0200,0.0000,0.4000,0.0256,-1
KHAPRETA_510206,312262.860,2624509.200,131.9700,1.6629,0.4500,0.0288,-1
KHAPRETA_510206,312263.860,2624509.200,132.2400,1.0969,0.1800,0.0115,-1
KHAPRETA_510206,312270.860,2624509.200,132.3400,1.3219,0.0800,0.0051,-1
KHAPRETA_510206,312271.860,2624509.200,132.4200,1.8343,0.0000,0.0000,-1
KHAPRETA_510206,311966.860,2624510.200,129.5500,0.2374,2.8700,0.1834,-1
KHAPRETA_510206,311967.860,2624510.200,129.5300,0.1671,2.8900,0.1847,-1
KHAPRETA_510206,311982.860,2624510.200,129.9700,0.0219,2.4500,0.1565,-1
KHAPRETA_510206,311987.860,2624510.200,129.8400,0.0000,2.5800,0.1649,-1
KHAPRETA_510206,311991.860,2624510.200,129.9100,0.0000,2.5100,0.1604,-1
KHAPRETA_510206,311993.860,2624510.200,129.8900,0.0000,2.5300,0.1617,-1
KHAPRETA_510206,311995.860,2624510.200,129.9400,0.0819,2.4800,0.1585,-1
KHAPRETA_510206,311999.860,2624510.200,130.0700,0.1660,2.3500,0.1502,-1
KHAPRETA_510206,312000.860,2624510.200,129.9100,0.0800,2.5100,0.1604,-1
KHAPRETA_510206,312001.860,2624510.200,129.9100,0.0686,2.5100,0.1604,-1
KHAPRETA_510206,312006.860,2624510.200,130.0700,0.1369,2.3500,0.1502,-1
KHAPRETA_510206,312007.860,2624510.200,130.0500,0.1878,2.3700,0.1514,-1
KHAPRETA_510206,312009.860,2624510.200,130.0700,0.1469,2.3500,0.1502,-1
KHAPRETA_510206,312011.860,2624510.200,130.1800,0.0000,2.2400,0.1431,-1
KHAPRETA_510206,312015.860,2624510.200,130.0500,0.0000,2.3700,0.1514,-1
KHAPRETA_510206,312020.860,2624510.200,130.0900,0.0000,2.3300,0.1489,-1
KHAPRETA_510206,312033.860,2624510.200,132.3100,0.0000,0.1100,0.0070,-1
KHAPRETA_510206,312041.860,2624510.200,132.4000,0.0000,0.0200,0.0013,-1
KHAPRETA_510206,312047.860,2624510.200,132.2300,1.3169,0.1900,0.0121,-1
KHAPRETA_510206,312051.860,2624510.200,131.5700,1.2023,0.8500,0.0543,-1
KHAPRETA_510206,312052.860,2624510.200,131.0100,0.8969,1.4100,0.0901,-1
KHAPRETA_510206,312054.860,2624510.200,131.0700,0.0000,1.3500,0.0863,-1
KHAPRETA_510206,312058.860,2624510.200,131.1500,0.6869,1.2700,0.0812,-1
KHAPRETA_510206,312067.860,2624510.200,131.2300,0.0000,1.1900,0.0760,-1
KHAPRETA_510206,312071.860,2624510.200,131.2300,1.0002,1.1900,0.0760,-1
KHAPRETA_510206,312072.860,2624510.200,131.2300,0.7269,1.1900,0.0760,-1
KHAPRETA_510206,312074.860,2624510.200,131.1300,0.0000,1.2900,0.0824,-1
KHAPRETA_510206,312078.860,2624510.200,131.3000,0.0000,1.1200,0.0716,-1
KHAPRETA_510206,312080.860,2624510.200,131.3900,0.0000,1.0300,0.0658,-1
KHAPRETA_510206,312082.860,2624510.200,131.4100,0.0000,1.0100,0.0645,-1
KHAPRETA_510206,312084.860,2624510.200,131.4100,0.0000,1.0100,0.0645,-1
KHAPRETA_510206,312087.860,2624510.200,131.4100,0.0000,1.0100,0.0645,-1
KHAPRETA_510206,312091.860,2624510.200,131.3700,0.0000,1.0500,0.0671,-1
KHAPRETA_510206,312093.860,2624510.200,131.3900,0.8069,1.0300,0.0658,-1
KHAPRETA_510206,312094.860,2624510.200,131.3900,0.8069,1.0300,0.0658,-1
KHAPRETA_510206,312109.860,2624510.200,131.3800,0.0000,1.0400,0.0665,-1
KHAPRETA_510206,312114.860,2624510.200,130.7100,1.2169,1.7100,0.1093,-1
KHAPRETA_510206,312132.860,2624510.200,131.2200,0.7220,1.2000,0.0767,-1
KHAPRETA_510206,312133.860,2624510.200,131.2200,1.0388,1.2000,0.0767,-1
KHAPRETA_510206,312146.860,2624510.200,131.9400,0.0000,0.4800,0.0307,-1
KHAPRETA_510206,312148.860,2624510.200,130.3700,0.0000,2.0500,0.1310,-1
KHAPRETA_510206,312158.860,2624510.200,131.2700,0.0000,1.1500,0.0735,-1
KHAPRETA_510206,312167.860,2624510.200,131.4500,0.8419,0.9700,0.0620,-1
KHAPRETA_510206,312168.860,2624510.200,131.4600,1.1907,0.9600,0.0613,-1
KHAPRETA_510206,312174.860,2624510.200,131.5600,0.8969,0.8600,0.0550,-1
KHAPRETA_510206,312181.860,2624510.200,131.6000,0.0000,0.8200,0.0524,-1
KHAPRETA_510206,312188.860,2624510.200,131.7700,1.1119,0.6500,0.0415,-1
KHAPRETA_510206,312189.860,2624510.200,132.0000,1.4749,0.4200,0.0268,-1
KHAPRETA_510206,312192.860,2624510.200,132.1200,0.0000,0.3000,0.0192,-1
KHAPRETA_510206,312194.860,2624510.200,132.1700,0.0000,0.2500,0.0160,-1
KHAPRETA_510206,312196.860,2624510.200,132.2000,1.6896,0.2200,0.0141,-1
KHAPRETA_510206,312197.860,2624510.200,132.2200,0.0100,0.2000,0.0128,-1
KHAPRETA_510206,312198.860,2624510.200,132.1800,1.7035,0.2400,0.0153,-1
KHAPRETA_510206,312202.860,2624510.200,132.2800,1.2519,0.1400,0.0089,-1
KHAPRETA_510206,312203.860,2624510.200,132.2800,1.7670,0.1400,0.0089,-1
KHAPRETA_510206,312205.860,2624510.200,132.2600,0.0000,0.1600,0.0102,-1
KHAPRETA_510206,312209.860,2624510.200,132.1700,0.0000,0.2500,0.0160,-1
KHAPRETA_510206,312237.860,2624510.200,132.3400,0.0000,0.0800,0.0051,-1
KHAPRETA_510206,312239.860,2624510.200,132.2700,1.2770,0.1500,0.0096,-1
KHAPRETA_510206,312240.860,2624510.200,132.3300,1.2469,0.0900,0.0058,-1
KHAPRETA_510206,312244.860,2624510.200,132.2900,1.2519,0.1300,0.0083,-1
KHAPRETA_510206,312246.860,2624510.200,132.3700,1.2969,0.0500,0.0032,-1
KHAPRETA_510206,312247.860,2624510.200,132.3700,1.8412,0.0500,0.0032,-1
KHAPRETA_510206,312252.860,2624510.200,131.9800,1.6057,0.4400,0.0281,-1
KHAPRETA_510206,312253.860,2624510.200,131.9500,1.1019,0.4700,0.0300,-1
KHAPRETA_510206,312262.860,2624510.200,132.0100,1.0969,0.4100,0.0262,-1
KHAPRETA_510206,312265.860,2624510.200,132.0600,0.0000,0.3600,0.0230,-1
KHAPRETA_510206,311966.860,2624511.200,129.3700,0.1131,3.0500,0.1949,-1
KHAPRETA_510206,311974.860,2624511.200,129.7800,0.0000,2.6400,0.1687,-1
KHAPRETA_510206,311980.860,2624511.200,129.9600,0.0457,2.4600,0.1572,-1
KHAPRETA_510206,311981.860,2624511.200,129.8500,0.0700,2.5700,0.1642,-1
KHAPRETA_510206,311982.860,2624511.200,129.8200,0.0836,2.6000,0.1661,-1
KHAPRETA_510206,311988.860,2624511.200,129.8700,0.0000,2.5500,0.1629,-1
KHAPRETA_510206,311992.860,2624511.200,130.0300,0.0000,2.3900,0.1527,-1
KHAPRETA_510206,311994.860,2624511.200,129.9400,0.0819,2.4800,0.1585,-1
KHAPRETA_510206,311995.860,2624511.200,129.9400,0.0873,2.4800,0.1585,-1
KHAPRETA_510206,312001.860,2624511.200,130.0100,0.0669,2.4100,0.1540,-1
KHAPRETA_510206,312003.860,2624511.200,130.0200,0.1069,2.4000,0.1534,-1
KHAPRETA_510206,312004.860,2624511.200,129.9900,0.1219,2.4300,0.1553,-1
KHAPRETA_510206,312007.860,2624511.200,130.0100,0.1369,2.4100,0.1540,-1
KHAPRETA_510206,312010.860,2624511.200,130.0300,0.0000,2.3900,0.1527,-1
KHAPRETA_510206,312014.860,2624511.200,130.0800,0.1619,2.3400,0.1495,-1
KHAPRETA_510206,312018.860,2624511.200,130.1200,0.0000,2.3000,0.1470,-1
KHAPRETA_510206,312058.860,2624511.200,131.1500,0.6869,1.2700,0.0812,-1
KHAPRETA_510206,312069.860,2624511.200,131.1600,0.6969,1.2600,0.0805,-1
KHAPRETA_510206,312070.860,2624511.200,131.1700,0.6919,1.2500,0.0799,-1
KHAPRETA_510206,312076.860,2624511.200,131.0400,0.7269,1.3800,0.0882,-1
KHAPRETA_510206,312077.860,2624511.200,131.2300,1.1761,1.1900,0.0760,-1
KHAPRETA_510206,312083.860,2624511.200,131.4100,0.0000,1.0100,0.0645,-1
KHAPRETA_510206,312085.860,2624511.200,131.4300,0.8319,0.9900,0.0633,-1
KHAPRETA_510206,312086.860,2624511.200,131.4400,0.8269,0.9800,0.0626,-1
KHAPRETA_510206,312088.860,2624511.200,131.3900,0.0000,1.0300,0.0658,-1
KHAPRETA_510206,312092.860,2624511.200,131.3600,0.0000,1.0600,0.0677,-1
KHAPRETA_510206,312096.860,2624511.200,131.3800,0.0000,1.0400,0.0665,-1
KHAPRETA_510206,312100.860,2624511.200,131.4100,0.0000,1.0100,0.0645,-1
KHAPRETA_510206,312104.860,2624511.200,131.3400,0.0000,1.0800,0.0690,-1
KHAPRETA_510206,312112.860,2624511.200,131.4000,1.0119,1.0200,0.0652,-1
KHAPRETA_510206,312113.860,2624511.200,131.8000,0.4050,0.6200,0.0396,-1
KHAPRETA_510206,312114.860,2624511.200,132.2100,1.1145,0.2100,0.0134,-1
KHAPRETA_510206,312119.860,2624511.200,130.9900,0.0000,1.4300,0.0914,-1
KHAPRETA_510206,312123.860,2624511.200,131.0800,0.7019,1.3400,0.0856,-1
KHAPRETA_510206,312124.860,2624511.200,131.1800,0.6094,1.2400,0.0792,-1
KHAPRETA_510206,312125.860,2624511.200,131.1900,0.7019,1.2300,0.0786,-1
KHAPRETA_510206,312128.860,2624511.200,131.1800,0.0000,1.2400,0.0792,-1
KHAPRETA_510206,312132.860,2624511.200,131.1100,1.0388,1.3100,0.0837,-1
KHAPRETA_510206,312133.860,2624511.200,131.2700,0.9829,1.1500,0.0735,-1
KHAPRETA_510206,312137.860,2624511.200,131.2500,0.7669,1.1700,0.0748,-1
KHAPRETA_510206,312138.860,2624511.200,131.3100,1.0965,1.1100,0.0709,-1
KHAPRETA_510206,312140.860,2624511.200,131.3000,1.1024,1.1200,0.0716,-1
KHAPRETA_510206,312141.860,2624511.200,131.3100,1.0635,1.1100,0.0709,-1
KHAPRETA_510206,312144.860,2624511.200,131.3000,0.0000,1.1200,0.0716,-1
KHAPRETA_510206,312155.860,2624511.200,131.4800,0.8969,0.9400,0.0601,-1
KHAPRETA_510206,312157.860,2624511.200,131.2800,0.0000,1.1400,0.0728,-1
KHAPRETA_510206,312160.860,2624511.200,131.3000,0.0000,1.1200,0.0716,-1
KHAPRETA_510206,312169.860,2624511.200,131.4700,1.2261,0.9500,0.0607,-1
KHAPRETA_510206,312170.860,2624511.200,131.5000,0.8469,0.9200,0.0588,-1
KHAPRETA_510206,312174.860,2624511.200,131.5700,1.2649,0.8500,0.0543,-1
KHAPRETA_510206,312175.860,2624511.200,131.5700,0.8969,0.8500,0.0543,-1
KHAPRETA_510206,312177.860,2624511.200,131.5800,0.9069,0.8400,0.0537,-1
KHAPRETA_510206,312179.860,2624511.200,131.6500,0.9369,0.7700,0.0492,-1
KHAPRETA_510206,312183.860,2624511.200,131.6400,0.9369,0.7800,0.0498,-1
KHAPRETA_510206,312187.860,2624511.200,131.6800,0.0000,0.7400,0.0473,-1
KHAPRETA_510206,312189.860,2624511.200,131.9500,0.1550,0.4700,0.0300,-1
KHAPRETA_510206,312193.860,2624511.200,132.1000,0.0000,0.3200,0.0204,-1
KHAPRETA_510206,312195.860,2624511.200,132.2200,0.0000,0.2000,0.0128,-1
KHAPRETA_510206,312206.860,2624511.200,132.2600,1.7918,0.1600,0.0102,-1
KHAPRETA_510206,312207.860,2624511.200,132.2800,1.2419,0.1400,0.0089,-1
KHAPRETA_510206,312211.860,2624511.200,132.2100,0.0000,0.2100,0.0134,-1
KHAPRETA_510206,312214.860,2624511.200,132.2400,1.2319,0.1800,0.0115,-1
KHAPRETA_510206,312216.860,2624511.200,132.3300,0.0000,0.0900,0.0058,-1
KHAPRETA_510206,312219.860,2624511.200,132.4000,1.3069,0.0200,0.0013,-1
KHAPRETA_510206,312239.860,2624511.200,132.3000,1.2469,0.1200,0.0077,-1
KHAPRETA_510206,312242.860,2624511.200,132.2600,0.0000,0.1600,0.0102,-1
KHAPRETA_510206,312250.860,2624511.200,132.1200,1.2619,0.3000,0.0192,-1
KHAPRETA_510206,312251.860,2624511.200,132.3000,0.0100,0.1200,0.0077,-1
KHAPRETA_510206,312252.860,2624511.200,132.1400,1.2636,0.2800,0.0179,-1
KHAPRETA_510206,312261.860,2624511.200,131.9600,0.0000,0.4600,0.0294,-1
KHAPRETA_510206,312269.860,2624511.200,132.4100,1.2419,0.0100,0.0006,-1
KHAPRETA_510206,312270.860,2624511.200,132.2600,1.3169,0.1600,0.0102,-1
KHAPRETA_510206,311967.860,2624512.200,129.5300,0.0000,2.8900,0.1847,-1
KHAPRETA_510206,311969.860,2624512.200,129.7400,0.0481,2.6800,0.1712,-1
KHAPRETA_510206,311970.860,2624512.200,129.6800,0.0181,2.7400,0.1751,-1
KHAPRETA_510206,311973.860,2624512.200,129.6100,0.1131,2.8100,0.1796,-1
KHAPRETA_510206,311975.860,2624512.200,129.5700,0.1031,2.8500,0.1821,-1
KHAPRETA_510206,311977.860,2624512.200,129.8700,0.0000,2.5500,0.1629,-1
KHAPRETA_510206,311980.860,2624512.200,129.8300,0.0800,2.5900,0.1655,-1
KHAPRETA_510206,311982.860,2624512.200,129.8200,0.0300,2.6000,0.1661,-1
KHAPRETA_510206,311995.860,2624512.200,130.0000,0.0925,2.4200,0.1546,-1
KHAPRETA_510206,311996.860,2624512.200,129.9600,0.0600,2.4600,0.1572,-1
KHAPRETA_510206,311997.860,2624512.200,130.1200,0.0919,2.3000,0.1470,-1
KHAPRETA_510206,312000.860,2624512.200,130.0800,0.0000,2.3400,0.1495,-1
KHAPRETA_510206,312006.860,2624512.200,130.0000,0.0000,2.4200,0.1546,-1
KHAPRETA_510206,312009.860,2624512.200,130.0700,0.0000,2.3500,0.1502,-1
KHAPRETA_510206,312011.860,2624512.200,130.0700,0.1219,2.3500,0.1502,-1
KHAPRETA_510206,312012.860,2624512.200,130.0200,0.1469,2.4000,0.1534,-1
KHAPRETA_510206,312014.860,2624512.200,130.1000,0.1519,2.3200,0.1482,-1
KHAPRETA_510206,312016.860,2624512.200,130.0000,0.0000,2.4200,0.1546,-1
KHAPRETA_510206,312027.860,2624512.200,132.1200,1.1969,0.3000,0.0192,-1
KHAPRETA_510206,312053.860,2624512.200,131.6800,0.0000,0.7400,0.0473,-1
KHAPRETA_510206,312055.860,2624512.200,131.0100,0.0000,1.4100,0.0901,-1
KHAPRETA_510206,312057.860,2624512.200,131.1400,0.0000,1.2800,0.0818,-1
KHAPRETA_510206,312061.860,2624512.200,131.1200,0.0000,1.3000,0.0831,-1
KHAPRETA_510206,312065.860,2624512.200,131.2400,0.0000,1.1800,0.0754,-1
KHAPRETA_510206,312068.860,2624512.200,131.1200,0.0000,1.3000,0.0831,-1
KHAPRETA_510206,312071.860,2624512.200,131.2000,0.0000,1.2200,0.0780,-1
KHAPRETA_510206,312077.860,2624512.200,131.7600,0.4750,0.6600,0.0422,-1
KHAPRETA_510206,312080.860,2624512.200,131.4300,0.0000,0.9900,0.0633,-1
KHAPRETA_510206,312087.860,2624512.200,131.4200,0.0000,1.0000,0.0639,-1
KHAPRETA_510206,312095.860,2624512.200,131.4200,0.0000,1.0000,0.0639,-1
KHAPRETA_510206,312106.860,2624512.200,131.3500,0.0000,1.0700,0.0684,-1
KHAPRETA_510206,312109.860,2624512.200,131.4200,1.1589,1.0000,0.0639,-1
KHAPRETA_510206,312110.860,2624512.200,131.4300,0.8219,0.9900,0.0633,-1
KHAPRETA_510206,312122.860,2624512.200,131.2000,0.0000,1.2200,0.0780,-1
KHAPRETA_510206,312124.860,2624512.200,130.9900,0.0200,1.4300,0.0914,-1
KHAPRETA_510206,312129.860,2624512.200,131.0400,0.0000,1.3800,0.0882,-1
KHAPRETA_510206,312135.860,2624512.200,131.0700,0.7719,1.3500,0.0863,-1
KHAPRETA_510206,312136.860,2624512.200,131.3200,0.6469,1.1000,0.0703,-1
KHAPRETA_510206,312138.860,2624512.200,131.4000,1.0988,1.0200,0.0652,-1
KHAPRETA_510206,312139.860,2624512.200,131.3500,0.0200,1.0700,0.0684,-1
KHAPRETA_510206,312140.860,2624512.200,131.3600,0.0673,1.0600,0.0677,-1
KHAPRETA_510206,312141.860,2624512.200,131.2600,0.7920,1.1600,0.0741,-1
KHAPRETA_510206,312155.860,2624512.200,131.5700,0.7418,0.8500,0.0543,-1
KHAPRETA_510206,312156.860,2624512.200,131.2500,0.8969,1.1700,0.0748,-1
KHAPRETA_510206,312163.860,2624512.200,131.3600,0.7969,1.0600,0.0677,-1
KHAPRETA_510206,312164.860,2624512.200,131.3700,0.7919,1.0500,0.0671,-1
KHAPRETA_510206,312169.860,2624512.200,131.5200,0.8469,0.9000,0.0575,-1
KHAPRETA_510206,312171.860,2624512.200,131.5100,0.0000,0.9100,0.0581,-1
KHAPRETA_510206,312173.860,2624512.200,131.5400,0.0000,0.8800,0.0562,-1
KHAPRETA_510206,312177.860,2624512.200,131.5900,0.9019,0.8300,0.0530,-1
KHAPRETA_510206,312179.860,2624512.200,131.6500,0.9369,0.7700,0.0492,-1
KHAPRETA_510206,312182.860,2624512.200,131.6500,0.9369,0.7700,0.0492,-1
KHAPRETA_510206,312183.860,2624512.200,131.6500,1.3215,0.7700,0.0492,-1
KHAPRETA_510206,312188.860,2624512.200,131.6700,0.9569,0.7500,0.0479,-1
KHAPRETA_510206,312189.860,2624512.200,131.6900,0.9539,0.7300,0.0466,-1
KHAPRETA_510206,312199.860,2624512.200,132.2200,1.2319,0.2000,0.0128,-1
KHAPRETA_510206,312200.860,2624512.200,132.2400,1.7459,0.1800,0.0115,-1
KHAPRETA_510206,312204.860,2624512.200,132.3700,0.0000,0.0500,0.0032,-1
KHAPRETA_510206,312206.860,2624512.200,132.3400,1.2419,0.0800,0.0051,-1
KHAPRETA_510206,312213.860,2624512.200,132.2800,1.2319,0.1400,0.0089,-1
KHAPRETA_510206,312214.860,2624512.200,132.2400,1.2552,0.1800,0.0115,-1
KHAPRETA_510206,312219.860,2624512.200,132.3900,1.3119,0.0300,0.0019,-1
KHAPRETA_510206,312236.860,2624512.200,132.3800,0.0000,0.0400,0.0026,-1
KHAPRETA_510206,312252.860,2624512.200,132.1100,0.0500,0.3100,0.0198,-1
KHAPRETA_510206,312254.860,2624512.200,132.0000,1.1119,0.4200,0.0268,-1
KHAPRETA_510206,312255.860,2624512.200,132.0000,1.1119,0.4200,0.0268,-1
KHAPRETA_510206,312258.860,2624512.200,132.2400,0.0000,0.1800,0.0115,-1
KHAPRETA_510206,311973.860,2624513.200,129.5500,0.0986,2.8700,0.1834,-1
KHAPRETA_510206,311974.860,2624513.200,129.6700,0.0100,2.7500,0.1757,-1
KHAPRETA_510206,311975.860,2624513.200,129.5700,0.0567,2.8500,0.1821,-1
KHAPRETA_510206,311980.860,2624513.200,129.8000,0.0269,2.6200,0.1674,-1
KHAPRETA_510206,311982.860,2624513.200,129.8800,0.0564,2.5400,0.1623,-1
KHAPRETA_510206,311983.860,2624513.200,129.8800,0.0585,2.5400,0.1623,-1
KHAPRETA_510206,311985.860,2624513.200,129.8200,0.0000,2.6000,0.1661,-1
KHAPRETA_510206,311987.860,2624513.200,129.9300,0.0970,2.4900,0.1591,-1
KHAPRETA_510206,311988.860,2624513.200,129.8800,0.0769,2.5400,0.1623,-1
KHAPRETA_510206,311993.860,2624513.200,130.0100,0.0000,2.4100,0.1540,-1
KHAPRETA_510206,311995.860,2624513.200,129.9200,0.1119,2.5000,0.1597,-1
KHAPRETA_510206,311998.860,2624513.200,130.0900,0.1269,2.3300,0.1489,-1
KHAPRETA_510206,311999.860,2624513.200,130.0300,0.2255,2.3900,0.1527,-1
KHAPRETA_510206,312001.860,2624513.200,130.0000,0.1514,2.4200,0.1546,-1
KHAPRETA_510206,312002.860,2624513.200,130.0000,0.1119,2.4200,0.1546,-1
KHAPRETA_510206,312004.860,2624513.200,130.0700,0.0000,2.3500,0.1502,-1
KHAPRETA_510206,312008.860,2624513.200,129.9500,0.0000,2.4700,0.1578,-1
KHAPRETA_510206,312010.860,2624513.200,130.0100,0.0000,2.4100,0.1540,-1
KHAPRETA_510206,312013.860,2624513.200,129.9600,0.1719,2.4600,0.1572,-1
KHAPRETA_510206,312018.860,2624513.200,130.0800,0.0000,2.3400,0.1495,-1
KHAPRETA_510206,312021.860,2624513.200,130.0500,0.1269,2.3700,0.1514,-1
KHAPRETA_510206,312022.860,2624513.200,130.0300,0.2237,2.3900,0.1527,-1
KHAPRETA_510206,312024.860,2624513.200,131.1300,0.3719,1.2900,0.0824,-1
KHAPRETA_510206,312025.860,2624513.200,130.5200,1.1927,1.9000,0.1214,-1
KHAPRETA_510206,312027.860,2624513.200,132.1700,1.1719,0.2500,0.0160,-1
KHAPRETA_510206,312039.860,2624513.200,132.2200,1.6967,0.2000,0.0128,-1
KHAPRETA_510206,312040.860,2624513.200,132.3900,1.2219,0.0300,0.0019,-1
KHAPRETA_510206,312049.860,2624513.200,132.2100,0.0000,0.2100,0.0134,-1
KHAPRETA_510206,312054.860,2624513.200,131.3700,0.5469,1.0500,0.0671,-1
KHAPRETA_510206,312060.860,2624513.200,131.1000,0.0000,1.3200,0.0843,-1
KHAPRETA_510206,312073.860,2624513.200,131.1400,0.0000,1.2800,0.0818,-1
KHAPRETA_510206,312077.860,2624513.200,132.1800,0.9919,0.2400,0.0153,-1
KHAPRETA_510206,312088.860,2624513.200,131.4200,0.8269,1.0000,0.0639,-1
KHAPRETA_510206,312089.860,2624513.200,131.4300,1.1659,0.9900,0.0633,-1
KHAPRETA_510206,312092.860,2624513.200,131.4000,0.8219,1.0200,0.0652,-1
KHAPRETA_510206,312103.860,2624513.200,131.3700,0.0000,1.0500,0.0671,-1
KHAPRETA_510206,312109.860,2624513.200,131.4000,0.0050,1.0200,0.0652,-1
KHAPRETA_510206,312113.860,2624513.200,131.9000,1.1419,0.5200,0.0332,-1
KHAPRETA_510206,312116.860,2624513.200,131.0800,0.5669,1.3400,0.0856,-1
KHAPRETA_510206,312117.860,2624513.200,130.9100,0.0100,1.5100,0.0965,-1
KHAPRETA_510206,312118.860,2624513.200,131.0600,0.5669,1.3600,0.0869,-1
KHAPRETA_510206,312120.860,2624513.200,130.9400,0.0000,1.4800,0.0946,-1
KHAPRETA_510206,312124.860,2624513.200,131.1400,0.6069,1.2800,0.0818,-1
KHAPRETA_510206,312127.860,2624513.200,131.1100,0.0000,1.3100,0.0837,-1
KHAPRETA_510206,312131.860,2624513.200,131.0500,0.0000,1.3700,0.0875,-1
KHAPRETA_510206,312140.860,2624513.200,131.4000,1.1059,1.0200,0.0652,-1
KHAPRETA_510206,312141.860,2624513.200,131.3200,1.0999,1.1000,0.0703,-1
KHAPRETA_510206,312147.860,2624513.200,130.3800,0.0000,2.0400,0.1304,-1
KHAPRETA_510206,312155.860,2624513.200,131.3100,0.8969,1.1100,0.0709,-1
KHAPRETA_510206,312166.860,2624513.200,131.4500,0.8319,0.9700,0.0620,-1
KHAPRETA_510206,312170.860,2624513.200,131.5200,0.0000,0.9000,0.0575,-1
KHAPRETA_510206,312175.860,2624513.200,131.5400,0.8869,0.8800,0.0562,-1
KHAPRETA_510206,312176.860,2624513.200,131.5500,0.8819,0.8700,0.0556,-1
KHAPRETA_510206,312178.860,2624513.200,131.6000,0.0000,0.8200,0.0524,-1
KHAPRETA_510206,312189.860,2624513.200,131.7200,0.9569,0.7000,0.0447,-1
KHAPRETA_510206,312198.860,2624513.200,132.2500,0.0000,0.1700,0.0109,-1
KHAPRETA_510206,312200.860,2624513.200,132.2700,1.7493,0.1500,0.0096,-1
KHAPRETA_510206,312201.860,2624513.200,132.2600,0.0200,0.1600,0.0102,-1
KHAPRETA_510206,312202.860,2624513.200,132.2300,1.2419,0.1900,0.0121,-1
KHAPRETA_510206,312205.860,2624513.200,132.4100,0.0000,0.0100,0.0006,-1
KHAPRETA_510206,312210.860,2624513.200,132.2000,1.7779,0.2200,0.0141,-1
KHAPRETA_510206,312211.860,2624513.200,132.2400,1.2119,0.1800,0.0115,-1
KHAPRETA_510206,312214.860,2624513.200,132.4200,1.2319,0.0000,0.0000,-1
KHAPRETA_510206,312220.860,2624513.200,132.4000,1.3069,0.0200,0.0013,-1
KHAPRETA_510206,312221.860,2624513.200,132.3900,1.3119,0.0300,0.0019,-1
KHAPRETA_510206,312237.860,2624513.200,132.3600,0.0000,0.0600,0.0038,-1
KHAPRETA_510206,312243.860,2624513.200,132.3700,1.2769,0.0500,0.0032,-1
KHAPRETA_510206,312248.860,2624513.200,132.3900,0.0000,0.0300,0.0019,-1
KHAPRETA_510206,312250.860,2624513.200,132.2600,0.0000,0.1600,0.0102,-1
KHAPRETA_510206,312252.860,2624513.200,132.2400,1.1669,0.1800,0.0115,-1
KHAPRETA_510206,312264.860,2624513.200,132.1600,0.0000,0.2600,0.0166,-1
KHAPRETA_510206,312272.860,2624513.200,132.3300,0.0000,0.0900,0.0058,-1
KHAPRETA_510206,311968.860,2624514.200,129.5000,0.0981,2.9200,0.1866,-1
KHAPRETA_510206,311970.860,2624514.200,129.5400,0.1131,2.8800,0.1840,-1
KHAPRETA_510206,311972.860,2624514.200,129.5600,0.0000,2.8600,0.1827,-1
KHAPRETA_510206,311975.860,2624514.200,129.6100,0.1031,2.8100,0.1796,-1
KHAPRETA_510206,311977.860,2624514.200,129.8600,0.0000,2.5600,0.1636,-1
KHAPRETA_510206,311981.860,2624514.200,129.8200,0.0669,2.6000,0.1661,-1
KHAPRETA_510206,311983.860,2624514.200,129.8300,0.0200,2.5900,0.1655,-1
KHAPRETA_510206,311987.860,2624514.200,129.9400,0.0100,2.4800,0.1585,-1
KHAPRETA_510206,311989.860,2624514.200,129.8900,0.0000,2.5300,0.1617,-1
KHAPRETA_510206,311992.860,2624514.200,129.9100,0.0000,2.5100,0.1604,-1
KHAPRETA_510206,311996.860,2624514.200,130.0400,0.0000,2.3800,0.1521,-1
KHAPRETA_510206,311999.860,2624514.200,130.1000,0.1726,2.3200,0.1482,-1
KHAPRETA_510206,312000.860,2624514.200,130.0100,0.0600,2.4100,0.1540,-1
KHAPRETA_510206,312001.860,2624514.200,129.9800,0.1619,2.4400,0.1559,-1
KHAPRETA_510206,312003.860,2624514.200,129.9600,0.0000,2.4600,0.1572,-1
KHAPRETA_510206,312006.860,2624514.200,130.0800,0.0000,2.3400,0.1495,-1
KHAPRETA_510206,312012.860,2624514.200,129.9500,0.1719,2.4700,0.1578,-1
KHAPRETA_510206,312013.860,2624514.200,130.1200,0.1265,2.3000,0.1470,-1
KHAPRETA_510206,312016.860,2624514.200,130.0000,0.1904,2.4200,0.1546,-1
KHAPRETA_510206,312017.860,2624514.200,130.0600,0.1847,2.3600,0.1508,-1
KHAPRETA_510206,312022.860,2624514.200,130.1300,0.2428,2.2900,0.1463,-1
KHAPRETA_510206,312023.860,2624514.200,130.1900,0.1769,2.2300,0.1425,-1
KHAPRETA_510206,312025.860,2624514.200,131.7400,0.3719,0.6800,0.0435,-1
KHAPRETA_510206,312039.860,2624514.200,131.9400,0.0850,0.4800,0.0307,-1
KHAPRETA_510206,312050.860,2624514.200,131.9500,0.0000,0.4700,0.0300,-1
KHAPRETA_510206,312054.860,2624514.200,130.8700,0.9839,1.5500,0.0990,-1
KHAPRETA_510206,312055.860,2624514.200,130.9300,0.5469,1.4900,0.0952,-1
KHAPRETA_510206,312061.860,2624514.200,131.1000,0.7019,1.3200,0.0843,-1
KHAPRETA_510206,312062.860,2624514.200,131.1800,0.9504,1.2400,0.0792,-1
KHAPRETA_510206,312066.860,2624514.200,131.1400,0.0000,1.2800,0.0818,-1
KHAPRETA_510206,312069.860,2624514.200,131.1600,0.0000,1.2600,0.0805,-1
KHAPRETA_510206,312080.860,2624514.200,132.1300,0.0000,0.2900,0.0185,-1
KHAPRETA_510206,312089.860,2624514.200,131.4300,0.8269,0.9900,0.0633,-1
KHAPRETA_510206,312092.860,2624514.200,131.4200,0.8119,1.0000,0.0639,-1
KHAPRETA_510206,312096.860,2624514.200,131.4300,0.0000,0.9900,0.0633,-1
KHAPRETA_510206,312098.860,2624514.200,131.4000,0.0000,1.0200,0.0652,-1
KHAPRETA_510206,312100.860,2624514.200,131.3500,0.0000,1.0700,0.0684,-1
KHAPRETA_510206,312105.860,2624514.200,131.3900,0.8469,1.0300,0.0658,-1
KHAPRETA_510206,312109.860,2624514.200,131.4300,0.0150,0.9900,0.0633,-1
KHAPRETA_510206,312111.860,2624514.200,131.4800,0.9869,0.9400,0.0601,-1
KHAPRETA_510206,312112.860,2624514.200,131.7500,0.2900,0.6700,0.0428,-1
KHAPRETA_510206,312113.860,2624514.200,132.0600,1.4497,0.3600,0.0230,-1
KHAPRETA_510206,312119.860,2624514.200,131.1000,0.0000,1.3200,0.0843,-1
KHAPRETA_510206,312123.860,2624514.200,131.1100,0.0000,1.3100,0.0837,-1
KHAPRETA_510206,312128.860,2624514.200,131.2200,0.0000,1.2000,0.0767,-1
KHAPRETA_510206,312130.860,2624514.200,131.1400,0.0000,1.2800,0.0818,-1
KHAPRETA_510206,312134.860,2624514.200,131.2000,1.0281,1.2200,0.0780,-1
KHAPRETA_510206,312135.860,2624514.200,131.2200,0.7119,1.2000,0.0767,-1
KHAPRETA_510206,312142.860,2624514.200,130.9900,1.1719,1.4300,0.0914,-1
KHAPRETA_510206,312143.860,2624514.200,132.1200,0.6069,0.3000,0.0192,-1
KHAPRETA_510206,312145.860,2624514.200,131.1700,0.0000,1.2500,0.0799,-1
KHAPRETA_510206,312154.860,2624514.200,131.3800,0.0000,1.0400,0.0665,-1
KHAPRETA_510206,312158.860,2624514.200,131.2500,0.0000,1.1700,0.0748,-1
KHAPRETA_510206,312161.860,2624514.200,131.3500,0.0000,1.0700,0.0684,-1
KHAPRETA_510206,312165.860,2624514.200,131.4100,1.1695,1.0100,0.0645,-1
KHAPRETA_510206,312166.860,2624514.200,131.4400,0.8171,0.9800,0.0626,-1
KHAPRETA_510206,312181.860,2624514.200,131.6600,0.9269,0.7600,0.0486,-1
KHAPRETA_510206,312192.860,2624514.200,132.1500,1.1219,0.2700,0.0173,-1
KHAPRETA_510206,312194.860,2624514.200,132.2400,0.0000,0.1800,0.0115,-1
KHAPRETA_510206,312203.860,2624514.200,132.2500,0.0000,0.1700,0.0109,-1
KHAPRETA_510206,312206.860,2624514.200,132.3600,1.2969,0.0600,0.0038,-1
KHAPRETA_510206,312210.860,2624514.200,132.3400,1.2119,0.0800,0.0051,-1
KHAPRETA_510206,312243.860,2624514.200,132.3300,1.2969,0.0900,0.0058,-1
KHAPRETA_510206,311968.860,2624515.200,129.5800,0.1381,2.8400,0.1815,-1
KHAPRETA_510206,311970.860,2624515.200,129.5500,0.1181,2.8700,0.1834,-1
KHAPRETA_510206,311979.860,2624515.200,129.8900,0.0000,2.5300,0.1617,-1
KHAPRETA_510206,311981.860,2624515.200,129.9100,0.0219,2.5100,0.1604,-1
KHAPRETA_510206,311983.860,2624515.200,129.9200,0.0350,2.5000,0.1597,-1
KHAPRETA_510206,311987.860,2624515.200,129.9100,0.0000,2.5100,0.1604,-1
KHAPRETA_510206,311991.860,2624515.200,130.0500,0.0000,2.3700,0.1514,-1
KHAPRETA_510206,311998.860,2624515.200,129.9100,0.0000,2.5100,0.1604,-1
KHAPRETA_510206,312011.860,2624515.200,130.0100,0.0000,2.4100,0.1540,-1
KHAPRETA_510206,312016.860,2624515.200,130.0300,0.1847,2.3900,0.1527,-1
KHAPRETA_510206,312017.860,2624515.200,130.0700,0.0180,2.3500,0.1502,-1
KHAPRETA_510206,312018.860,2624515.200,130.0100,0.1469,2.4100,0.1540,-1
KHAPRETA_510206,312038.860,2624515.200,132.3800,1.5851,0.0400,0.0026,-1
KHAPRETA_510206,312039.860,2624515.200,132.3900,1.6928,0.0300,0.0019,-1
KHAPRETA_510206,312046.860,2624515.200,132.1900,1.6893,0.2300,0.0147,-1
KHAPRETA_510206,312047.860,2624515.200,132.1400,0.1150,0.2800,0.0179,-1
KHAPRETA_510206,312048.860,2624515.200,131.9600,0.0900,0.4600,0.0294,-1
KHAPRETA_510206,312049.860,2624515.200,131.9600,1.0919,0.4600,0.0294,-1
KHAPRETA_510206,312052.860,2624515.200,131.7200,0.0000,0.7000,0.0447,-1
KHAPRETA_510206,312062.860,2624515.200,131.1400,0.7019,1.2800,0.0818,-1
KHAPRETA_510206,312076.860,2624515.200,131.9100,0.0000,0.5100,0.0326,-1
KHAPRETA_510206,312079.860,2624515.200,132.1600,0.0000,0.2600,0.0166,-1
KHAPRETA_510206,312081.860,2624515.200,131.7000,0.0000,0.7200,0.0460,-1
KHAPRETA_510206,312084.860,2624515.200,131.4400,0.0000,0.9800,0.0626,-1
KHAPRETA_510206,312090.860,2624515.200,131.4500,0.8519,0.9700,0.0620,-1
KHAPRETA_510206,312097.860,2624515.200,131.4100,0.0000,1.0100,0.0645,-1
KHAPRETA_510206,312103.860,2624515.200,131.3400,0.8219,1.0800,0.0690,-1
KHAPRETA_510206,312104.860,2624515.200,131.4200,0.0650,1.0000,0.0639,-1
KHAPRETA_510206,312105.860,2624515.200,131.4700,1.1518,0.9500,0.0607,-1
KHAPRETA_510206,312109.860,2624515.200,131.4300,0.8269,0.9900,0.0633,-1
KHAPRETA_510206,312124.860,2624515.200,131.1500,0.6719,1.2700,0.0812,-1
KHAPRETA_510206,312127.860,2624515.200,131.0200,0.0000,1.4000,0.0895,-1
KHAPRETA_510206,312131.860,2624515.200,131.1300,0.0000,1.2900,0.0824,-1
KHAPRETA_510206,312134.860,2624515.200,131.2400,0.7119,1.1800,0.0754,-1
KHAPRETA_510206,312137.860,2624515.200,131.3000,0.0000,1.1200,0.0716,-1
KHAPRETA_510206,312146.860,2624515.200,130.4100,0.3119,2.0100,0.1284,-1
KHAPRETA_510206,312147.860,2624515.200,130.4000,0.3473,2.0200,0.1291,-1
KHAPRETA_510206,312148.860,2624515.200,130.4400,0.4666,1.9800,0.1265,-1
KHAPRETA_510206,312155.860,2624515.200,131.1800,1.1884,1.2400,0.0792,-1
KHAPRETA_510206,312156.860,2624515.200,131.3000,0.7019,1.1200,0.0716,-1
KHAPRETA_510206,312164.860,2624515.200,131.4100,0.8219,1.0100,0.0645,-1
KHAPRETA_510206,312165.860,2624515.200,131.4200,0.0071,1.0000,0.0639,-1
KHAPRETA_510206,312166.860,2624515.200,131.4200,1.1695,1.0000,0.0639,-1
KHAPRETA_510206,312168.860,2624515.200,131.4800,0.0000,0.9400,0.0601,-1
KHAPRETA_510206,312173.860,2624515.200,131.5500,0.8819,0.8700,0.0556,-1
KHAPRETA_510206,312181.860,2624515.200,131.6300,0.9419,0.7900,0.0505,-1
KHAPRETA_510206,312185.860,2624515.200,131.7100,1.3569,0.7100,0.0454,-1
KHAPRETA_510206,312186.860,2624515.200,131.7000,1.3639,0.7200,0.0460,-1
KHAPRETA_510206,312190.860,2624515.200,131.7000,0.0000,0.7200,0.0460,-1
KHAPRETA_510206,312192.860,2624515.200,132.0200,1.1869,0.4000,0.0256,-1
KHAPRETA_510206,312199.860,2624515.200,132.2600,0.0000,0.1600,0.0102,-1
KHAPRETA_510206,312206.860,2624515.200,132.3700,1.8413,0.0500,0.0032,-1
KHAPRETA_510206,312207.860,2624515.200,132.4000,1.2969,0.0200,0.0013,-1
KHAPRETA_510206,312213.860,2624515.200,132.2900,1.2769,0.1300,0.0083,-1
KHAPRETA_510206,312214.860,2624515.200,132.3300,0.0350,0.0900,0.0058,-1
KHAPRETA_510206,312215.860,2624515.200,132.3600,1.2769,0.0600,0.0038,-1
KHAPRETA_510206,312245.860,2624515.200,132.4000,0.0000,0.0200,0.0013,-1
KHAPRETA_510206,312267.860,2624515.200,132.3800,0.0000,0.0400,0.0026,-1
KHAPRETA_510206,311972.860,2624516.200,129.5400,0.1081,2.8800,0.1840,-1
KHAPRETA_510206,311980.860,2624516.200,129.8700,0.0000,2.5500,0.1629,-1
KHAPRETA_510206,311983.860,2624516.200,129.9000,0.0719,2.5200,0.1610,-1
KHAPRETA_510206,311986.860,2624516.200,129.9200,0.0819,2.5000,0.1597,-1
KHAPRETA_510206,311987.860,2624516.200,129.9400,0.0983,2.4800,0.1585,-1
KHAPRETA_510206,311992.860,2624516.200,130.0200,0.0919,2.4000,0.1534,-1
KHAPRETA_510206,311993.860,2624516.200,129.9600,0.1527,2.4600,0.1572,-1
KHAPRETA_510206,311995.860,2624516.200,129.9700,0.0000,2.4500,0.1565,-1
KHAPRETA_510206,311999.860,2624516.200,130.0000,0.1719,2.4200,0.1546,-1
KHAPRETA_510206,312000.860,2624516.200,130.1200,0.1119,2.3000,0.1470,-1
KHAPRETA_510206,312006.860,2624516.200,130.0000,0.0000,2.4200,0.1546,-1
KHAPRETA_510206,312017.860,2624516.200,130.0300,0.0200,2.3900,0.1527,-1
KHAPRETA_510206,312020.860,2624516.200,130.0300,0.0000,2.3900,0.1527,-1
KHAPRETA_510206,312037.860,2624516.200,132.1400,1.5239,0.2800,0.0179,-1
KHAPRETA_510206,312038.860,2624516.200,131.5700,1.7584,0.8500,0.0543,-1
KHAPRETA_510206,312044.860,2624516.200,132.3100,0.0000,0.1100,0.0070,-1
KHAPRETA_510206,312046.860,2624516.200,132.1900,1.2069,0.2300,0.0147,-1
KHAPRETA_510206,312051.860,2624516.200,131.7800,0.0000,0.6400,0.0409,-1
KHAPRETA_510206,312059.860,2624516.200,131.1600,0.7119,1.2600,0.0805,-1
KHAPRETA_510206,312063.860,2624516.200,131.0100,0.7119,1.4100,0.0901,-1
KHAPRETA_510206,312066.860,2624516.200,131.0700,0.7169,1.3500,0.0863,-1
KHAPRETA_510206,312067.860,2624516.200,131.2100,0.6469,1.2100,0.0773,-1
KHAPRETA_510206,312069.860,2624516.200,131.4100,0.0000,1.0100,0.0645,-1
KHAPRETA_510206,312071.860,2624516.200,132.1100,1.1319,0.3100,0.0198,-1
KHAPRETA_510206,312072.860,2624516.200,132.0400,1.1669,0.3800,0.0243,-1
KHAPRETA_510206,312075.860,2624516.200,131.9500,1.0769,0.4700,0.0300,-1
KHAPRETA_510206,312085.860,2624516.200,131.4800,0.8519,0.9400,0.0601,-1
KHAPRETA_510206,312086.860,2624516.200,131.4800,1.1908,0.9400,0.0601,-1
KHAPRETA_510206,312089.860,2624516.200,131.4700,0.8519,0.9500,0.0607,-1
KHAPRETA_510206,312090.860,2624516.200,131.4800,1.1907,0.9400,0.0601,-1
KHAPRETA_510206,312101.860,2624516.200,131.3900,0.7919,1.0300,0.0658,-1
KHAPRETA_510206,312102.860,2624516.200,131.3600,1.1483,1.0600,0.0677,-1
KHAPRETA_510206,312110.860,2624516.200,132.2400,0.0000,0.1800,0.0115,-1
KHAPRETA_510206,312118.860,2624516.200,131.8800,1.1216,0.5400,0.0345,-1
KHAPRETA_510206,312119.860,2624516.200,130.8600,1.3412,1.5600,0.0997,-1
KHAPRETA_510206,312121.860,2624516.200,131.1600,0.0000,1.2600,0.0805,-1
KHAPRETA_510206,312124.860,2624516.200,131.1200,0.0200,1.3000,0.0831,-1
KHAPRETA_510206,312128.860,2624516.200,131.2200,0.0000,1.2000,0.0767,-1
KHAPRETA_510206,312135.860,2624516.200,131.3200,0.0000,1.1000,0.0703,-1
KHAPRETA_510206,312139.860,2624516.200,131.3600,0.7369,1.0600,0.0677,-1
KHAPRETA_510206,312140.860,2624516.200,131.2500,0.7919,1.1700,0.0748,-1
KHAPRETA_510206,312147.860,2624516.200,130.4700,0.4666,1.9500,0.1246,-1
KHAPRETA_510206,312148.860,2624516.200,130.4700,0.4802,1.9500,0.1246,-1
KHAPRETA_510206,312155.860,2624516.200,131.6000,0.7019,0.8200,0.0524,-1
KHAPRETA_510206,312165.860,2624516.200,131.4000,0.8219,1.0200,0.0652,-1
KHAPRETA_510206,312173.860,2624516.200,131.5400,0.8869,0.8800,0.0562,-1
KHAPRETA_510206,312178.860,2624516.200,131.6000,0.0000,0.8200,0.0524,-1
KHAPRETA_510206,312183.860,2624516.200,131.6800,0.9519,0.7400,0.0473,-1
KHAPRETA_510206,312184.860,2624516.200,131.6800,0.9369,0.7400,0.0473,-1
KHAPRETA_510206,312185.860,2624516.200,131.6900,0.9670,0.7300,0.0466,-1
KHAPRETA_510206,312186.860,2624516.200,131.7000,0.9619,0.7200,0.0460,-1
KHAPRETA_510206,312187.860,2624516.200,131.7000,0.9619,0.7200,0.0460,-1
KHAPRETA_510206,312195.860,2624516.200,132.1300,1.6365,0.2900,0.0185,-1
KHAPRETA_510206,312196.860,2624516.200,132.1400,1.1769,0.2800,0.0179,-1
KHAPRETA_510206,312198.860,2624516.200,132.2500,0.0000,0.1700,0.0109,-1
KHAPRETA_510206,312200.860,2624516.200,132.2500,0.0000,0.1700,0.0109,-1
KHAPRETA_510206,312204.860,2624516.200,132.2900,0.0000,0.1300,0.0083,-1
KHAPRETA_510206,312212.860,2624516.200,132.2800,0.0000,0.1400,0.0089,-1
KHAPRETA_510206,312266.860,2624516.200,131.8800,0.0000,0.5400,0.0345,-1
KHAPRETA_510206,311972.860,2624517.200,129.5600,0.0200,2.8600,0.1827,-1
KHAPRETA_510206,311975.860,2624517.200,129.4900,0.0000,2.9300,0.1872,-1
KHAPRETA_510206,311981.860,2624517.200,129.8900,0.0000,2.5300,0.1617,-1
KHAPRETA_510206,311984.860,2624517.200,129.8300,0.0000,2.5900,0.1655,-1
KHAPRETA_510206,311990.860,2624517.200,129.9400,0.0669,2.4800,0.1585,-1
KHAPRETA_510206,311991.860,2624517.200,129.9100,0.0819,2.5100,0.1604,-1
KHAPRETA_510206,311993.860,2624517.200,129.9600,0.0919,2.4600,0.1572,-1
KHAPRETA_510206,312002.860,2624517.200,130.0900,0.0000,2.3300,0.1489,-1
KHAPRETA_510206,312005.860,2624517.200,129.9600,0.0000,2.4600,0.1572,-1
KHAPRETA_510206,312015.860,2624517.200,130.0900,0.1669,2.3300,0.1489,-1
KHAPRETA_510206,312016.860,2624517.200,130.1100,0.1353,2.3100,0.1476,-1
KHAPRETA_510206,312017.860,2624517.200,130.0300,0.2097,2.3900,0.1527,-1
KHAPRETA_510206,312023.860,2624517.200,130.5300,0.0000,1.8900,0.1208,-1
KHAPRETA_510206,312027.860,2624517.200,132.2200,0.0000,0.2000,0.0128,-1
KHAPRETA_510206,312036.860,2624517.200,132.0600,1.2319,0.3600,0.0230,-1
KHAPRETA_510206,312037.860,2624517.200,132.2400,1.6435,0.1800,0.0115,-1
KHAPRETA_510206,312040.860,2624517.200,132.3800,1.7635,0.0400,0.0026,-1
KHAPRETA_510206,312041.860,2624517.200,132.2900,1.3019,0.1300,0.0083,-1
KHAPRETA_510206,312045.860,2624517.200,132.2000,1.2369,0.2200,0.0141,-1
KHAPRETA_510206,312047.860,2624517.200,132.3000,1.2819,0.1200,0.0077,-1
KHAPRETA_510206,312050.860,2624517.200,131.9800,0.0000,0.4400,0.0281,-1
KHAPRETA_510206,312052.860,2624517.200,131.6600,0.0000,0.7600,0.0486,-1
KHAPRETA_510206,312054.860,2624517.200,130.9400,0.6769,1.4800,0.0946,-1
KHAPRETA_510206,312056.860,2624517.200,130.9200,0.0000,1.5000,0.0958,-1
KHAPRETA_510206,312058.860,2624517.200,131.2000,0.7119,1.2200,0.0780,-1
KHAPRETA_510206,312059.860,2624517.200,131.2000,0.7120,1.2200,0.0780,-1
KHAPRETA_510206,312061.860,2624517.200,131.1400,0.0000,1.2800,0.0818,-1
KHAPRETA_510206,312063.860,2624517.200,131.2000,0.1550,1.2200,0.0780,-1
KHAPRETA_510206,312068.860,2624517.200,131.9700,0.0000,0.4500,0.0288,-1
KHAPRETA_510206,312075.860,2624517.200,131.9300,1.0869,0.4900,0.0313,-1
KHAPRETA_510206,312081.860,2624517.200,132.1100,0.0000,0.3100,0.0198,-1
KHAPRETA_510206,312086.860,2624517.200,131.4400,0.8519,0.9800,0.0626,-1
KHAPRETA_510206,312098.860,2624517.200,131.4000,0.0000,1.0200,0.0652,-1
KHAPRETA_510206,312102.860,2624517.200,131.4100,0.7919,1.0100,0.0645,-1
KHAPRETA_510206,312118.860,2624517.200,131.7400,1.3412,0.6800,0.0435,-1
KHAPRETA_510206,312119.860,2624517.200,131.4400,1.2386,0.9800,0.0626,-1
KHAPRETA_510206,312122.860,2624517.200,131.0700,0.0000,1.3500,0.0863,-1
KHAPRETA_510206,312124.860,2624517.200,131.1100,0.9538,1.3100,0.0837,-1
KHAPRETA_510206,312125.860,2624517.200,131.1300,0.6669,1.2900,0.0824,-1
KHAPRETA_510206,312132.860,2624517.200,131.2300,0.7119,1.1900,0.0760,-1
KHAPRETA_510206,312157.860,2624517.200,131.2500,0.7319,1.1700,0.0748,-1
KHAPRETA_510206,312158.860,2624517.200,131.2400,0.0150,1.1800,0.0754,-1
KHAPRETA_510206,312159.860,2624517.200,131.2800,0.7319,1.1400,0.0728,-1
KHAPRETA_510206,312172.860,2624517.200,131.5500,0.0000,0.8700,0.0556,-1
KHAPRETA_510206,312177.860,2624517.200,131.5900,0.0000,0.8300,0.0530,-1
KHAPRETA_510206,312182.860,2624517.200,131.6400,0.0000,0.7800,0.0498,-1
KHAPRETA_510206,312184.860,2624517.200,131.6500,0.0100,0.7700,0.0492,-1
KHAPRETA_510206,312188.860,2624517.200,131.7100,0.0000,0.7100,0.0454,-1
KHAPRETA_510206,312191.860,2624517.200,131.7200,0.0000,0.7000,0.0447,-1
KHAPRETA_510206,312195.860,2624517.200,132.0400,1.1769,0.3800,0.0243,-1
KHAPRETA_510206,312199.860,2624517.200,132.2800,1.2969,0.1400,0.0089,-1
KHAPRETA_510206,312202.860,2624517.200,132.2900,0.0000,0.1300,0.0083,-1
KHAPRETA_510206,312208.860,2624517.200,132.4100,0.0000,0.0100,0.0006,-1
KHAPRETA_510206,312218.860,2624517.200,132.3700,0.0000,0.0500,0.0032,-1
KHAPRETA_510206,312265.860,2624517.200,131.9300,1.1119,0.4900,0.0313,-1
KHAPRETA_510206,311972.860,2624518.200,129.5000,0.1998,2.9200,0.1866,-1
KHAPRETA_510206,311973.860,2624518.200,129.4400,0.1381,2.9800,0.1904,-1
KHAPRETA_510206,311987.860,2624518.200,129.9400,0.0769,2.4800,0.1585,-1
KHAPRETA_510206,311988.860,2624518.200,129.9300,0.0819,2.4900,0.1591,-1
KHAPRETA_510206,311996.860,2624518.200,130.0900,0.1069,2.3300,0.1489,-1
KHAPRETA_510206,312012.860,2624518.200,130.0100,0.1669,2.4100,0.1540,-1
KHAPRETA_510206,312013.860,2624518.200,130.1100,0.0300,2.3100,0.1476,-1
KHAPRETA_510206,312014.860,2624518.200,130.0700,0.2396,2.3500,0.1502,-1
KHAPRETA_510206,312016.860,2624518.200,130.0400,0.1669,2.3800,0.1521,-1
KHAPRETA_510206,312025.860,2624518.200,132.2600,1.2919,0.1600,0.0102,-1
KHAPRETA_510206,312038.860,2624518.200,132.1500,1.2819,0.2700,0.0173,-1
KHAPRETA_510206,312039.860,2624518.200,132.3400,0.0500,0.0800,0.0051,-1
KHAPRETA_510206,312040.860,2624518.200,132.2500,1.8271,0.1700,0.0109,-1
KHAPRETA_510206,312045.860,2624518.200,132.2500,1.2119,0.1700,0.0109,-1
KHAPRETA_510206,312047.860,2624518.200,132.3400,0.1150,0.0800,0.0051,-1
KHAPRETA_510206,312054.860,2624518.200,131.1300,0.7718,1.2900,0.0824,-1
KHAPRETA_510206,312055.860,2624518.200,130.7900,0.6769,1.6300,0.1042,-1
KHAPRETA_510206,312057.860,2624518.200,131.0600,0.8519,1.3600,0.0869,-1
KHAPRETA_510206,312059.860,2624518.200,131.1700,0.7119,1.2500,0.0799,-1
KHAPRETA_510206,312063.860,2624518.200,131.3200,0.0550,1.1000,0.0703,-1
KHAPRETA_510206,312072.860,2624518.200,131.9200,0.0000,0.5000,0.0319,-1
KHAPRETA_510206,312077.860,2624518.200,131.9600,0.0000,0.4600,0.0294,-1
KHAPRETA_510206,312079.860,2624518.200,131.9500,0.0000,0.4700,0.0300,-1
KHAPRETA_510206,312082.860,2624518.200,132.1700,0.0000,0.2500,0.0160,-1
KHAPRETA_510206,312089.860,2624518.200,131.4500,0.8669,0.9700,0.0620,-1
KHAPRETA_510206,312091.860,2624518.200,131.5300,0.0000,0.8900,0.0569,-1
KHAPRETA_510206,312116.860,2624518.200,132.3400,0.0000,0.0800,0.0051,-1
KHAPRETA_510206,312119.860,2624518.200,132.3700,1.2088,0.0500,0.0032,-1
KHAPRETA_510206,312120.860,2624518.200,131.5300,1.2969,0.8900,0.0569,-1
KHAPRETA_510206,312130.860,2624518.200,131.2000,0.7519,1.2200,0.0780,-1
KHAPRETA_510206,312132.860,2624518.200,131.2000,0.7269,1.2200,0.0780,-1
KHAPRETA_510206,312147.860,2624518.200,130.8900,0.0000,1.5300,0.0978,-1
KHAPRETA_510206,312162.860,2624518.200,131.3200,0.0000,1.1000,0.0703,-1
KHAPRETA_510206,312164.860,2624518.200,131.3600,0.8169,1.0600,0.0677,-1
KHAPRETA_510206,312165.860,2624518.200,131.4100,0.0300,1.0100,0.0645,-1
KHAPRETA_510206,312166.860,2624518.200,131.4200,0.0200,1.0000,0.0639,-1
KHAPRETA_510206,312167.860,2624518.200,131.4500,1.1624,0.9700,0.0620,-1
KHAPRETA_510206,312174.860,2624518.200,131.5600,0.8819,0.8600,0.0550,-1
KHAPRETA_510206,312179.860,2624518.200,131.6300,0.9169,0.7900,0.0505,-1
KHAPRETA_510206,312184.860,2624518.200,131.6600,0.0100,0.7600,0.0486,-1
KHAPRETA_510206,312198.860,2624518.200,132.2000,1.7922,0.2200,0.0141,-1
KHAPRETA_510206,312199.860,2624518.200,132.3700,1.7425,0.0500,0.0032,-1
KHAPRETA_510206,312201.860,2624518.200,132.2900,0.0000,0.1300,0.0083,-1
KHAPRETA_510206,312213.860,2624518.200,132.3300,0.0000,0.0900,0.0058,-1
KHAPRETA_510206,312265.860,2624518.200,132.0000,1.0769,0.4200,0.0268,-1
KHAPRETA_510206,312269.860,2624518.200,132.2000,0.0000,0.2200,0.0141,-1
KHAPRETA_510206,311971.860,2624519.200,129.5700,0.0000,2.8500,0.1821,-1
KHAPRETA_510206,311977.860,2624519.200,129.6000,0.0000,2.8200,0.1802,-1
KHAPRETA_510206,311983.860,2624519.200,129.8500,0.0000,2.5700,0.1642,-1
KHAPRETA_510206,311989.860,2624519.200,129.9600,0.0000,2.4600,0.1572,-1
KHAPRETA_510206,311995.860,2624519.200,130.0400,0.1212,2.3800,0.1521,-1
KHAPRETA_510206,311996.860,2624519.200,129.9900,0.1569,2.4300,0.1553,-1
KHAPRETA_510206,312003.860,2624519.200,130.1000,0.0000,2.3200,0.1482,-1
KHAPRETA_510206,312005.860,2624519.200,130.0600,0.1019,2.3600,0.1508,-1
KHAPRETA_510206,312006.860,2624519.200,129.9800,0.2191,2.4400,0.1559,-1
KHAPRETA_510206,312008.860,2624519.200,129.9500,0.1069,2.4700,0.1578,-1
KHAPRETA_510206,312009.860,2624519.200,129.9900,0.0869,2.4300,0.1553,-1
KHAPRETA_510206,312014.860,2624519.200,130.1200,0.1469,2.3000,0.1470,-1
KHAPRETA_510206,312022.860,2624519.200,130.6300,0.0000,1.7900,0.1144,-1
KHAPRETA_510206,312025.860,2624519.200,132.3600,1.7493,0.0600,0.0038,-1
KHAPRETA_510206,312026.860,2624519.200,132.2400,1.2919,0.1800,0.0115,-1
KHAPRETA_510206,312042.860,2624519.200,132.2600,1.1769,0.1600,0.0102,-1
KHAPRETA_510206,312043.860,2624519.200,132.1300,1.7885,0.2900,0.0185,-1
KHAPRETA_510206,312047.860,2624519.200,132.0700,1.2819,0.3500,0.0224,-1
KHAPRETA_510206,312051.860,2624519.200,131.7700,0.9719,0.6500,0.0415,-1
KHAPRETA_510206,312052.860,2624519.200,131.7200,1.4712,0.7000,0.0447,-1
KHAPRETA_510206,312057.860,2624519.200,131.4800,0.6419,0.9400,0.0601,-1
KHAPRETA_510206,312063.860,2624519.200,131.3100,0.7719,1.1100,0.0709,-1
KHAPRETA_510206,312069.860,2624519.200,131.8600,0.0000,0.5600,0.0358,-1
KHAPRETA_510206,312081.860,2624519.200,132.0700,0.0000,0.3500,0.0224,-1
KHAPRETA_510206,312089.860,2624519.200,131.5100,0.8369,0.9100,0.0581,-1
KHAPRETA_510206,312101.860,2624519.200,131.4100,0.0000,1.0100,0.0645,-1
KHAPRETA_510206,312103.860,2624519.200,131.4200,0.0000,1.0000,0.0639,-1
KHAPRETA_510206,312130.860,2624519.200,131.2800,0.0400,1.1400,0.0728,-1
KHAPRETA_510206,312136.860,2624519.200,131.2500,0.0000,1.1700,0.0748,-1
KHAPRETA_510206,312143.860,2624519.200,130.6600,0.3819,1.7600,0.1125,-1
KHAPRETA_510206,312144.860,2624519.200,130.5400,0.4419,1.8800,0.1201,-1
KHAPRETA_510206,312156.860,2624519.200,131.2400,0.0000,1.1800,0.0754,-1
KHAPRETA_510206,312159.860,2624519.200,131.2400,0.7619,1.1800,0.0754,-1
KHAPRETA_510206,312161.860,2624519.200,131.3200,0.7619,1.1000,0.0703,-1
KHAPRETA_510206,312167.860,2624519.200,131.4200,0.8369,1.0000,0.0639,-1
KHAPRETA_510206,312174.860,2624519.200,131.5400,0.0150,0.8800,0.0562,-1
KHAPRETA_510206,312176.860,2624519.200,131.5700,0.9169,0.8500,0.0543,-1
KHAPRETA_510206,312177.860,2624519.200,131.6100,1.2720,0.8100,0.0518,-1
KHAPRETA_510206,312179.860,2624519.200,131.6100,0.0200,0.8100,0.0518,-1
KHAPRETA_510206,312181.860,2624519.200,131.6300,0.9369,0.7900,0.0505,-1
KHAPRETA_510206,312183.860,2624519.200,131.6500,0.9469,0.7700,0.0492,-1
KHAPRETA_510206,312184.860,2624519.200,131.6700,1.3286,0.7500,0.0479,-1
KHAPRETA_510206,312192.860,2624519.200,131.7400,0.9819,0.6800,0.0435,-1
KHAPRETA_510206,312193.860,2624519.200,131.7400,0.1000,0.6800,0.0435,-1
KHAPRETA_510206,312194.860,2624519.200,131.9400,0.1850,0.4800,0.0307,-1
KHAPRETA_510206,312195.860,2624519.200,132.1100,0.0750,0.3100,0.0198,-1
KHAPRETA_510206,312196.860,2624519.200,132.0900,1.6397,0.3300,0.0211,-1
KHAPRETA_510206,312198.860,2624519.200,132.2500,1.2119,0.1700,0.0109,-1
KHAPRETA_510206,312203.860,2624519.200,132.2800,0.0000,0.1400,0.0089,-1
KHAPRETA_510206,312268.860,2624519.200,132.0900,0.0000,0.3300,0.0211,-1
KHAPRETA_510206,312271.860,2624519.200,132.2800,0.0000,0.1400,0.0089,-1
KHAPRETA_510206,311975.860,2624520.200,129.5200,0.0000,2.9000,0.1853,-1
KHAPRETA_510206,311979.860,2624520.200,129.6700,0.0000,2.7500,0.1757,-1
KHAPRETA_510206,311986.860,2624520.200,129.8900,0.0719,2.5300,0.1617,-1
KHAPRETA_510206,311987.860,2624520.200,129.9200,0.0200,2.5000,0.1597,-1
KHAPRETA_510206,311988.860,2624520.200,129.9300,0.0719,2.4900,0.1591,-1
KHAPRETA_510206,311992.860,2624520.200,129.9600,0.0000,2.4600,0.1572,-1
KHAPRETA_510206,311995.860,2624520.200,129.8900,0.0762,2.5300,0.1617,-1
KHAPRETA_510206,311996.860,2624520.200,129.9200,0.1212,2.5000,0.1597,-1
KHAPRETA_510206,312000.860,2624520.200,129.9900,0.0000,2.4300,0.1553,-1
KHAPRETA_510206,312002.860,2624520.200,130.1000,0.0000,2.3200,0.1482,-1
KHAPRETA_510206,312006.860,2624520.200,130.1100,0.1589,2.3100,0.1476,-1
KHAPRETA_510206,312007.860,2624520.200,130.0200,0.1669,2.4000,0.1534,-1
KHAPRETA_510206,312015.860,2624520.200,130.1400,0.1169,2.2800,0.1457,-1
KHAPRETA_510206,312020.860,2624520.200,130.3100,0.0000,2.1100,0.1348,-1
KHAPRETA_510206,312043.860,2624520.200,132.3500,1.1769,0.0700,0.0045,-1
KHAPRETA_510206,312045.860,2624520.200,132.4000,1.2019,0.0200,0.0013,-1
KHAPRETA_510206,312046.860,2624520.200,132.1800,1.3119,0.2400,0.0153,-1
KHAPRETA_510206,312049.860,2624520.200,131.5800,0.0000,0.8400,0.0537,-1
KHAPRETA_510206,312052.860,2624520.200,131.9400,0.9719,0.4800,0.0307,-1
KHAPRETA_510206,312061.860,2624520.200,131.1000,1.2902,1.3200,0.0843,-1
KHAPRETA_510206,312062.860,2624520.200,131.5500,0.6619,0.8700,0.0556,-1
KHAPRETA_510206,312065.860,2624520.200,131.9400,1.4842,0.4800,0.0307,-1
KHAPRETA_510206,312066.860,2624520.200,131.9000,1.0819,0.5200,0.0332,-1
KHAPRETA_510206,312079.860,2624520.200,132.0100,0.0000,0.4100,0.0262,-1
KHAPRETA_510206,312083.860,2624520.200,132.2300,1.7115,0.1900,0.0121,-1
KHAPRETA_510206,312084.860,2624520.200,132.2800,1.2269,0.1400,0.0089,-1
KHAPRETA_510206,312091.860,2624520.200,131.5300,0.8619,0.8900,0.0569,-1
KHAPRETA_510206,312093.860,2624520.200,131.4500,0.8619,0.9700,0.0620,-1
KHAPRETA_510206,312096.860,2624520.200,131.4800,0.0000,0.9400,0.0601,-1
KHAPRETA_510206,312100.860,2624520.200,131.4300,0.0000,0.9900,0.0633,-1
KHAPRETA_510206,312104.860,2624520.200,131.4600,0.8469,0.9600,0.0613,-1
KHAPRETA_510206,312105.860,2624520.200,131.4700,0.8419,0.9500,0.0607,-1
KHAPRETA_510206,312108.860,2624520.200,132.2300,0.0000,0.1900,0.0121,-1
KHAPRETA_510206,312114.860,2624520.200,132.3500,1.8589,0.0700,0.0045,-1
KHAPRETA_510206,312115.860,2624520.200,132.4200,1.8130,0.0000,0.0000,-1
KHAPRETA_510206,312124.860,2624520.200,131.1700,0.6269,1.2500,0.0799,-1
KHAPRETA_510206,312128.860,2624520.200,131.2300,0.0000,1.1900,0.0760,-1
KHAPRETA_510206,312130.860,2624520.200,131.2800,0.7519,1.1400,0.0728,-1
KHAPRETA_510206,312133.860,2624520.200,131.2800,0.7769,1.1400,0.0728,-1
KHAPRETA_510206,312134.860,2624520.200,131.3300,0.7519,1.0900,0.0696,-1
KHAPRETA_510206,312137.860,2624520.200,130.9600,0.0000,1.4600,0.0933,-1
KHAPRETA_510206,312159.860,2624520.200,131.3000,0.7319,1.1200,0.0716,-1
KHAPRETA_510206,312161.860,2624520.200,131.3000,0.7719,1.1200,0.0716,-1
KHAPRETA_510206,312168.860,2624520.200,131.4400,0.0000,0.9800,0.0626,-1
KHAPRETA_510206,312171.860,2624520.200,131.4900,0.8669,0.9300,0.0594,-1
KHAPRETA_510206,312172.860,2624520.200,131.5100,0.0250,0.9100,0.0581,-1
KHAPRETA_510206,312173.860,2624520.200,131.5400,0.8670,0.8800,0.0562,-1
KHAPRETA_510206,312174.860,2624520.200,131.5300,1.2472,0.8900,0.0569,-1
KHAPRETA_510206,312177.860,2624520.200,131.5800,0.9169,0.8400,0.0537,-1
KHAPRETA_510206,312179.860,2624520.200,131.5900,1.3003,0.8300,0.0530,-1
KHAPRETA_510206,312180.860,2624520.200,131.6200,0.0300,0.8000,0.0511,-1
KHAPRETA_510206,312181.860,2624520.200,131.6500,0.9219,0.7700,0.0492,-1
KHAPRETA_510206,312196.860,2624520.200,132.0800,1.6468,0.3400,0.0217,-1
KHAPRETA_510206,312197.860,2624520.200,132.1200,1.1519,0.3000,0.0192,-1
KHAPRETA_510206,312200.860,2624520.200,132.3000,1.2919,0.1200,0.0077,-1
KHAPRETA_510206,312206.860,2624520.200,132.3400,1.2969,0.0800,0.0051,-1
KHAPRETA_510206,312207.860,2624520.200,132.3700,1.2819,0.0500,0.0032,-1
KHAPRETA_510206,312214.860,2624520.200,132.3400,0.0000,0.0800,0.0051,-1
KHAPRETA_510206,312267.860,2624520.200,131.9300,0.0000,0.4900,0.0313,-1
KHAPRETA_510206,312270.860,2624520.200,132.1200,1.1619,0.3000,0.0192,-1
KHAPRETA_510206,311967.860,2624521.200,129.5000,0.0000,2.9200,0.1866,-1
KHAPRETA_510206,311969.860,2624521.200,129.3100,0.0000,3.1100,0.1987,-1
KHAPRETA_510206,311971.860,2624521.200,129.5400,0.0831,2.8800,0.1840,-1
KHAPRETA_510206,311972.860,2624521.200,129.6100,0.1947,2.8100,0.1796,-1
KHAPRETA_510206,311973.860,2624521.200,129.5900,0.1700,2.8300,0.1808,-1
KHAPRETA_510206,311974.860,2624521.200,129.2700,0.0931,3.1500,0.2013,-1
KHAPRETA_510206,311983.860,2624521.200,129.9900,0.0000,2.4300,0.1553,-1
KHAPRETA_510206,311989.860,2624521.200,129.9500,0.0000,2.4700,0.1578,-1
KHAPRETA_510206,311995.860,2624521.200,129.9900,0.0569,2.4300,0.1553,-1
KHAPRETA_510206,311997.860,2624521.200,130.0600,0.0000,2.3600,0.1508,-1
KHAPRETA_510206,312004.860,2624521.200,130.1500,0.1369,2.2700,0.1450,-1
KHAPRETA_510206,312005.860,2624521.200,130.0500,0.1869,2.3700,0.1514,-1
KHAPRETA_510206,312015.860,2624521.200,130.0100,0.0700,2.4100,0.1540,-1
KHAPRETA_510206,312018.860,2624521.200,130.0200,0.0000,2.4000,0.1534,-1
KHAPRETA_510206,312026.860,2624521.200,131.6000,0.0000,0.8200,0.0524,-1
KHAPRETA_510206,312048.860,2624521.200,131.6200,0.0000,0.8000,0.0511,-1
KHAPRETA_510206,312050.860,2624521.200,131.6100,1.3608,0.8100,0.0518,-1
KHAPRETA_510206,312051.860,2624521.200,131.6500,0.9169,0.7700,0.0492,-1
KHAPRETA_510206,312056.860,2624521.200,131.4900,0.8219,0.9300,0.0594,-1
KHAPRETA_510206,312057.860,2624521.200,131.4200,0.8569,1.0000,0.0639,-1
KHAPRETA_510206,312061.860,2624521.200,131.6500,0.6619,0.7700,0.0492,-1
KHAPRETA_510206,312064.860,2624521.200,131.9100,1.0369,0.5100,0.0326,-1
KHAPRETA_510206,312065.860,2624521.200,131.8500,1.5195,0.5700,0.0364,-1
KHAPRETA_510206,312070.860,2624521.200,131.8900,1.0869,0.5300,0.0339,-1
KHAPRETA_510206,312071.860,2624521.200,131.9500,1.0569,0.4700,0.0300,-1
KHAPRETA_510206,312075.860,2624521.200,132.0100,0.0000,0.4100,0.0262,-1
KHAPRETA_510206,312077.860,2624521.200,132.0100,0.0000,0.4100,0.0262,-1
KHAPRETA_510206,312080.860,2624521.200,132.1100,1.6397,0.3100,0.0198,-1
KHAPRETA_510206,312081.860,2624521.200,132.0800,1.6716,0.3400,0.0217,-1
KHAPRETA_510206,312083.860,2624521.200,132.1100,1.2269,0.3100,0.0198,-1
KHAPRETA_510206,312086.860,2624521.200,131.5500,0.0000,0.8700,0.0556,-1
KHAPRETA_510206,312091.860,2624521.200,131.5000,0.0050,0.9200,0.0588,-1
KHAPRETA_510206,312093.860,2624521.200,131.5000,0.8369,0.9200,0.0588,-1
KHAPRETA_510206,312101.860,2624521.200,131.4400,0.0000,0.9800,0.0626,-1
KHAPRETA_510206,312107.860,2624521.200,132.3000,1.2619,0.1200,0.0077,-1
KHAPRETA_510206,312114.860,2624521.200,132.3900,1.8130,0.0300,0.0019,-1
KHAPRETA_510206,312115.860,2624521.200,132.3300,1.3070,0.0900,0.0058,-1
KHAPRETA_510206,312124.860,2624521.200,131.0300,0.2100,1.3900,0.0888,-1
KHAPRETA_510206,312127.860,2624521.200,131.2300,0.7669,1.1900,0.0760,-1
KHAPRETA_510206,312141.860,2624521.200,131.0400,0.4269,1.3800,0.0882,-1
KHAPRETA_510206,312142.860,2624521.200,130.6300,0.2150,1.7900,0.1144,-1
KHAPRETA_510206,312143.860,2624521.200,130.6100,0.4269,1.8100,0.1157,-1
KHAPRETA_510206,312162.860,2624521.200,131.3600,0.8019,1.0600,0.0677,-1
KHAPRETA_510206,312163.860,2624521.200,131.3800,0.7919,1.0400,0.0665,-1
KHAPRETA_510206,312173.860,2624521.200,131.5100,0.0200,0.9100,0.0581,-1
KHAPRETA_510206,312181.860,2624521.200,131.6200,0.9369,0.8000,0.0511,-1
KHAPRETA_510206,312183.860,2624521.200,131.6600,0.0000,0.7600,0.0486,-1
KHAPRETA_510206,312187.860,2624521.200,131.7000,0.9719,0.7200,0.0460,-1
KHAPRETA_510206,312188.860,2624521.200,131.7200,0.9619,0.7000,0.0447,-1
KHAPRETA_510206,312192.860,2624521.200,131.7400,0.0000,0.6800,0.0435,-1
KHAPRETA_510206,312194.860,2624521.200,131.7500,0.9769,0.6700,0.0428,-1
KHAPRETA_510206,312198.860,2624521.200,132.1200,0.0000,0.3000,0.0192,-1
KHAPRETA_510206,312200.860,2624521.200,132.3600,1.7359,0.0600,0.0038,-1
KHAPRETA_510206,312201.860,2624521.200,132.1600,1.2919,0.2600,0.0166,-1
KHAPRETA_510206,312205.860,2624521.200,132.2900,0.0000,0.1300,0.0083,-1
KHAPRETA_510206,312215.860,2624521.200,132.3300,0.0000,0.0900,0.0058,-1
KHAPRETA_510206,312217.860,2624521.200,132.3600,1.3119,0.0600,0.0038,-1
KHAPRETA_510206,312265.860,2624521.200,132.2300,0.0000,0.1900,0.0121,-1
KHAPRETA_510206,312270.860,2624521.200,132.1000,1.1719,0.3200,0.0204,-1
KHAPRETA_510206,312273.860,2624521.200,132.3400,1.2669,0.0800,0.0051,-1
KHAPRETA_510206,311972.860,2624522.200,129.3900,0.0831,3.0300,0.1936,-1
KHAPRETA_510206,311978.860,2624522.200,129.5900,0.0000,2.8300,0.1808,-1
KHAPRETA_510206,311981.860,2624522.200,129.8400,0.0000,2.5800,0.1649,-1
KHAPRETA_510206,311999.860,2624522.200,129.9500,0.0000,2.4700,0.1578,-1
KHAPRETA_510206,312001.860,2624522.200,129.9700,0.0000,2.4500,0.1565,-1
KHAPRETA_510206,312008.860,2624522.200,130.0100,0.1548,2.4100,0.1540,-1
KHAPRETA_510206,312009.860,2624522.200,129.9900,0.1169,2.4300,0.1553,-1
KHAPRETA_510206,312011.860,2624522.200,130.0900,0.0000,2.3300,0.1489,-1
KHAPRETA_510206,312013.860,2624522.200,130.1500,0.0000,2.2700,0.1450,-1
KHAPRETA_510206,312015.860,2624522.200,130.0000,0.0050,2.4200,0.1546,-1
KHAPRETA_510206,312019.860,2624522.200,129.9300,0.0000,2.4900,0.1591,-1
KHAPRETA_510206,312025.860,2624522.200,130.6400,0.0000,1.7800,0.1137,-1
KHAPRETA_510206,312027.860,2624522.200,130.7100,0.0000,1.7100,0.1093,-1
KHAPRETA_510206,312029.860,2624522.200,130.8100,1.2019,1.6100,0.1029,-1
KHAPRETA_510206,312030.860,2624522.200,132.1800,0.6900,0.2400,0.0153,-1
KHAPRETA_510206,312031.860,2624522.200,132.1900,1.2019,0.2300,0.0147,-1
KHAPRETA_510206,312036.860,2624522.200,132.4100,0.0000,0.0100,0.0006,-1
KHAPRETA_510206,312040.860,2624522.200,132.3500,0.0000,0.0700,0.0045,-1
KHAPRETA_510206,312047.860,2624522.200,131.4900,0.0000,0.9300,0.0594,-1
KHAPRETA_510206,312050.860,2624522.200,131.7500,0.1400,0.6700,0.0428,-1
KHAPRETA_510206,312053.860,2624522.200,131.8400,1.1219,0.5800,0.0371,-1
KHAPRETA_510206,312054.860,2624522.200,132.0200,1.4383,0.4000,0.0256,-1
KHAPRETA_510206,312058.860,2624522.200,131.1300,0.8319,1.2900,0.0824,-1
KHAPRETA_510206,312059.860,2624522.200,131.4400,0.6769,0.9800,0.0626,-1
KHAPRETA_510206,312062.860,2624522.200,131.8900,1.0019,0.5300,0.0339,-1
KHAPRETA_510206,312063.860,2624522.200,131.7800,1.0569,0.6400,0.0409,-1
KHAPRETA_510206,312080.860,2624522.200,132.1100,1.1969,0.3100,0.0198,-1
KHAPRETA_510206,312081.860,2624522.200,132.1700,1.6397,0.2500,0.0160,-1
KHAPRETA_510206,312084.860,2624522.200,132.3500,1.6512,0.0700,0.0045,-1
KHAPRETA_510206,312085.860,2624522.200,131.8200,1.2869,0.6000,0.0383,-1
KHAPRETA_510206,312088.860,2624522.200,131.4800,0.0000,0.9400,0.0601,-1
KHAPRETA_510206,312091.860,2624522.200,131.5200,0.8619,0.9000,0.0575,-1
KHAPRETA_510206,312095.860,2624522.200,131.4900,0.8569,0.9300,0.0594,-1
KHAPRETA_510206,312096.860,2624522.200,131.4900,0.0200,0.9300,0.0594,-1
KHAPRETA_510206,312097.860,2624522.200,131.4500,0.8569,0.9700,0.0620,-1
KHAPRETA_510206,312100.860,2624522.200,131.4500,0.8319,0.9700,0.0620,-1
KHAPRETA_510206,312102.860,2624522.200,131.7000,1.6678,0.7200,0.0460,-1
KHAPRETA_510206,312103.860,2624522.200,131.8100,0.9619,0.6100,0.0390,-1
KHAPRETA_510206,312107.860,2624522.200,132.3000,1.8024,0.1200,0.0077,-1
KHAPRETA_510206,312108.860,2624522.200,132.3500,1.2619,0.0700,0.0045,-1
KHAPRETA_510206,312115.860,2624522.200,132.4000,1.2769,0.0200,0.0013,-1
KHAPRETA_510206,312123.860,2624522.200,132.0500,0.9069,0.3700,0.0236,-1
KHAPRETA_510206,312124.860,2624522.200,131.5900,1.2502,0.8300,0.0530,-1
KHAPRETA_510206,312126.860,2624522.200,131.0600,0.7669,1.3600,0.0869,-1
KHAPRETA_510206,312127.860,2624522.200,131.3100,0.9698,1.1100,0.0709,-1
KHAPRETA_510206,312130.860,2624522.200,131.2200,0.0000,1.2000,0.0767,-1
KHAPRETA_510206,312133.860,2624522.200,131.2000,0.0000,1.2200,0.0780,-1
KHAPRETA_510206,312161.860,2624522.200,131.3500,0.0000,1.0700,0.0684,-1
KHAPRETA_510206,312167.860,2624522.200,131.4200,0.0000,1.0000,0.0639,-1
KHAPRETA_510206,312173.860,2624522.200,131.5000,0.0100,0.9200,0.0588,-1
KHAPRETA_510206,312176.860,2624522.200,131.5600,0.0000,0.8600,0.0550,-1
KHAPRETA_510206,312189.860,2624522.200,131.7300,0.9669,0.6900,0.0441,-1
KHAPRETA_510206,312191.860,2624522.200,131.7300,0.0000,0.6900,0.0441,-1
KHAPRETA_510206,312194.860,2624522.200,131.7300,1.4793,0.6900,0.0441,-1
KHAPRETA_510206,312195.860,2624522.200,131.9800,0.9769,0.4400,0.0281,-1
KHAPRETA_510206,312217.860,2624522.200,132.4000,1.2919,0.0200,0.0013,-1
KHAPRETA_510206,312266.860,2624522.200,132.0100,1.5408,0.4100,0.0262,-1
KHAPRETA_510206,312267.860,2624522.200,131.9300,1.1169,0.4900,0.0313,-1
KHAPRETA_510206,312269.860,2624522.200,131.9000,0.0000,0.5200,0.0332,-1
KHAPRETA_510206,312273.860,2624522.200,132.3100,1.2819,0.1100,0.0070,-1
KHAPRETA_510206,311968.860,2624523.200,129.6000,0.0000,2.8200,0.1802,-1
KHAPRETA_510206,311975.860,2624523.200,129.5600,0.0000,2.8600,0.1827,-1
KHAPRETA_510206,311979.860,2624523.200,129.6000,0.0881,2.8200,0.1802,-1
KHAPRETA_510206,311982.860,2624523.200,129.9900,0.0000,2.4300,0.1553,-1
KHAPRETA_510206,311984.860,2624523.200,129.9800,0.0000,2.4400,0.1559,-1
KHAPRETA_510206,311988.860,2624523.200,130.0200,0.0000,2.4000,0.1534,-1
KHAPRETA_510206,311996.860,2624523.200,129.9700,0.1019,2.4500,0.1565,-1
KHAPRETA_510206,312005.860,2624523.200,130.0800,0.0000,2.3400,0.1495,-1
KHAPRETA_510206,312008.860,2624523.200,130.0000,0.0000,2.4200,0.1546,-1
KHAPRETA_510206,312010.860,2624523.200,130.0000,0.0000,2.4200,0.1546,-1
KHAPRETA_510206,312015.860,2624523.200,130.0200,0.1119,2.4000,0.1534,-1
KHAPRETA_510206,312017.860,2624523.200,130.1300,0.0000,2.2900,0.1463,-1
KHAPRETA_510206,312026.860,2624523.200,130.6400,0.0000,1.7800,0.1137,-1
KHAPRETA_510206,312032.860,2624523.200,132.4000,1.0619,0.0200,0.0013,-1
KHAPRETA_510206,312046.860,2624523.200,132.3300,0.0000,0.0900,0.0058,-1
KHAPRETA_510206,312048.860,2624523.200,131.4300,0.0000,0.9900,0.0633,-1
KHAPRETA_510206,312050.860,2624523.200,131.8900,0.9869,0.5300,0.0339,-1
KHAPRETA_510206,312054.860,2624523.200,131.7800,1.1219,0.6400,0.0409,-1
KHAPRETA_510206,312065.860,2624523.200,131.8500,1.0619,0.5700,0.0364,-1
KHAPRETA_510206,312068.860,2624523.200,131.9500,0.0000,0.4700,0.0300,-1
KHAPRETA_510206,312080.860,2624523.200,132.1100,1.1669,0.3100,0.0198,-1
KHAPRETA_510206,312084.860,2624523.200,132.3700,1.2869,0.0500,0.0032,-1
KHAPRETA_510206,312086.860,2624523.200,131.6300,0.8769,0.7900,0.0505,-1
KHAPRETA_510206,312087.860,2624523.200,131.5300,0.9269,0.8900,0.0569,-1
KHAPRETA_510206,312100.860,2624523.200,131.4400,0.8369,0.9800,0.0626,-1
KHAPRETA_510206,312102.860,2624523.200,132.4200,0.9619,0.0000,0.0000,-1
KHAPRETA_510206,312124.860,2624523.200,132.0700,0.9069,0.3500,0.0224,-1
KHAPRETA_510206,312128.860,2624523.200,131.1000,0.9471,1.3200,0.0843,-1
KHAPRETA_510206,312129.860,2624523.200,131.1500,0.9943,1.2700,0.0812,-1
KHAPRETA_510206,312140.860,2624523.200,130.7300,0.5069,1.6900,0.1080,-1
KHAPRETA_510206,312145.860,2624523.200,131.3600,0.9119,1.0600,0.0677,-1
KHAPRETA_510206,312146.860,2624523.200,131.6000,0.7919,0.8200,0.0524,-1
KHAPRETA_510206,312159.860,2624523.200,131.3100,0.7769,1.1100,0.0709,-1
KHAPRETA_510206,312160.860,2624523.200,131.3300,0.7669,1.0900,0.0696,-1
KHAPRETA_510206,312172.860,2624523.200,131.5000,0.8569,0.9200,0.0588,-1
KHAPRETA_510206,312173.860,2624523.200,131.4900,0.8620,0.9300,0.0594,-1
KHAPRETA_510206,312174.860,2624523.200,131.5100,0.0150,0.9100,0.0581,-1
KHAPRETA_510206,312175.860,2624523.200,131.5200,1.2331,0.9000,0.0575,-1
KHAPRETA_510206,312187.860,2624523.200,131.6900,1.3498,0.7300,0.0466,-1
KHAPRETA_510206,312188.860,2624523.200,131.6900,0.9620,0.7300,0.0466,-1
KHAPRETA_510206,312189.860,2624523.200,131.7100,1.3675,0.7100,0.0454,-1
KHAPRETA_510206,312197.860,2624523.200,132.1500,0.0000,0.2700,0.0173,-1
KHAPRETA_510206,312199.860,2624523.200,132.1600,0.0000,0.2600,0.0166,-1
KHAPRETA_510206,312204.860,2624523.200,132.2000,0.0000,0.2200,0.0141,-1
KHAPRETA_510206,312216.860,2624523.200,132.3700,1.3119,0.0500,0.0032,-1
KHAPRETA_510206,312266.860,2624523.200,131.9800,0.0700,0.4400,0.0281,-1
KHAPRETA_510206,312268.860,2624523.200,131.8900,0.0000,0.5300,0.0339,-1
KHAPRETA_510206,311971.860,2624524.200,129.4200,0.1131,3.0000,0.1917,-1
KHAPRETA_510206,311972.860,2624524.200,129.5500,0.1781,2.8700,0.1834,-1
KHAPRETA_510206,311974.860,2624524.200,129.6000,0.0000,2.8200,0.1802,-1
KHAPRETA_510206,311979.860,2624524.200,129.6000,0.0662,2.8200,0.1802,-1
KHAPRETA_510206,311980.860,2624524.200,129.6500,0.0881,2.7700,0.1770,-1
KHAPRETA_510206,311987.860,2624524.200,129.9100,0.0869,2.5100,0.1604,-1
KHAPRETA_510206,311989.860,2624524.200,129.9400,0.0869,2.4800,0.1585,-1
KHAPRETA_510206,311990.860,2624524.200,129.9500,0.0819,2.4700,0.1578,-1
KHAPRETA_510206,311995.860,2624524.200,129.9400,0.1019,2.4800,0.1585,-1
KHAPRETA_510206,311996.860,2624524.200,129.9800,0.1269,2.4400,0.1559,-1
KHAPRETA_510206,312003.860,2624524.200,130.0100,0.0000,2.4100,0.1540,-1
KHAPRETA_510206,312008.860,2624524.200,130.0100,0.1887,2.4100,0.1540,-1
KHAPRETA_510206,312009.860,2624524.200,130.0800,0.1169,2.3400,0.1495,-1
KHAPRETA_510206,312013.860,2624524.200,130.0100,0.0000,2.4100,0.1540,-1
KHAPRETA_510206,312016.860,2624524.200,130.0200,0.0000,2.4000,0.1534,-1
KHAPRETA_510206,312021.860,2624524.200,130.6600,0.6145,1.7600,0.1125,-1
KHAPRETA_510206,312022.860,2624524.200,130.6300,0.4419,1.7900,0.1144,-1
KHAPRETA_510206,312025.860,2624524.200,130.7300,0.4469,1.6900,0.1080,-1
KHAPRETA_510206,312028.860,2624524.200,130.6500,0.0000,1.7700,0.1131,-1
KHAPRETA_510206,312032.860,2624524.200,131.9000,1.3119,0.5200,0.0332,-1
KHAPRETA_510206,312039.860,2624524.200,132.2900,0.0000,0.1300,0.0083,-1
KHAPRETA_510206,312052.860,2624524.200,131.6600,1.0819,0.7600,0.0486,-1
KHAPRETA_510206,312057.860,2624524.200,131.5800,0.0000,0.8400,0.0537,-1
KHAPRETA_510206,312060.860,2624524.200,131.4500,0.0000,0.9700,0.0620,-1
KHAPRETA_510206,312065.860,2624524.200,131.9000,1.4878,0.5200,0.0332,-1
KHAPRETA_510206,312066.860,2624524.200,131.9100,0.0150,0.5100,0.0326,-1
KHAPRETA_510206,312067.860,2624524.200,131.9300,1.0669,0.4900,0.0313,-1
KHAPRETA_510206,312071.860,2624524.200,132.0400,1.1119,0.3800,0.0243,-1
KHAPRETA_510206,312082.860,2624524.200,132.1600,1.1919,0.2600,0.0166,-1
KHAPRETA_510206,312088.860,2624524.200,131.4500,0.8769,0.9700,0.0620,-1
KHAPRETA_510206,312092.860,2624524.200,131.4900,0.8569,0.9300,0.0594,-1
KHAPRETA_510206,312093.860,2624524.200,131.4900,0.8569,0.9300,0.0594,-1
KHAPRETA_510206,312099.860,2624524.200,131.4400,0.0000,0.9800,0.0626,-1
KHAPRETA_510206,312101.860,2624524.200,132.3600,0.0000,0.0600,0.0038,-1
KHAPRETA_510206,312109.860,2624524.200,132.3500,0.0000,0.0700,0.0045,-1
KHAPRETA_510206,312128.860,2624524.200,131.0800,0.9943,1.3400,0.0856,-1
KHAPRETA_510206,312129.860,2624524.200,131.2600,0.9471,1.1600,0.0741,-1
KHAPRETA_510206,312132.860,2624524.200,131.1800,0.0000,1.2400,0.0792,-1
KHAPRETA_510206,312134.860,2624524.200,130.9000,0.0000,1.5200,0.0971,-1
KHAPRETA_510206,312137.860,2624524.200,131.2800,0.6519,1.1400,0.0728,-1
KHAPRETA_510206,312140.860,2624524.200,130.7900,0.6675,1.6300,0.1042,-1
KHAPRETA_510206,312141.860,2624524.200,130.7100,0.5069,1.7100,0.1093,-1
KHAPRETA_510206,312148.860,2624524.200,131.6700,0.0000,0.7500,0.0479,-1
KHAPRETA_510206,312157.860,2624524.200,131.6000,0.0000,0.8200,0.0524,-1
KHAPRETA_510206,312169.860,2624524.200,131.4200,0.8319,1.0000,0.0639,-1
KHAPRETA_510206,312175.860,2624524.200,131.5300,0.8719,0.8900,0.0569,-1
KHAPRETA_510206,312178.860,2624524.200,131.5500,0.8869,0.8700,0.0556,-1
KHAPRETA_510206,312187.860,2624524.200,131.6800,1.3569,0.7400,0.0473,-1
KHAPRETA_510206,312188.860,2624524.200,131.7000,1.3498,0.7200,0.0460,-1
KHAPRETA_510206,312192.860,2624524.200,131.7400,0.9719,0.6800,0.0435,-1
KHAPRETA_510206,312193.860,2624524.200,131.7200,0.9819,0.7000,0.0447,-1
KHAPRETA_510206,312196.860,2624524.200,131.8200,1.0019,0.6000,0.0383,-1
KHAPRETA_510206,312200.860,2624524.200,132.2600,0.0000,0.1600,0.0102,-1
KHAPRETA_510206,312216.860,2624524.200,132.4000,1.2969,0.0200,0.0013,-1
KHAPRETA_510206,312266.860,2624524.200,132.1500,1.6491,0.2700,0.0173,-1
KHAPRETA_510206,312267.860,2624524.200,132.2300,1.1869,0.1900,0.0121,-1
KHAPRETA_510206,312269.860,2624524.200,131.9300,0.0000,0.4900,0.0313,-1
KHAPRETA_510206,312271.860,2624524.200,131.9900,0.0000,0.4300,0.0275,-1
KHAPRETA_510206,311977.860,2624525.200,129.5300,0.0000,2.8900,0.1847,-1
KHAPRETA_510206,311979.860,2624525.200,129.5600,0.0881,2.8600,0.1827,-1
KHAPRETA_510206,311986.860,2624525.200,129.9600,0.0869,2.4600,0.1572,-1
KHAPRETA_510206,311987.860,2624525.200,129.9500,0.1047,2.4700,0.1578,-1
KHAPRETA_510206,311991.860,2624525.200,130.0100,0.0000,2.4100,0.1540,-1
KHAPRETA_510206,312004.860,2624525.200,130.0300,0.1169,2.3900,0.1527,-1
KHAPRETA_510206,312012.860,2624525.200,130.0600,0.0000,2.3600,0.1508,-1
KHAPRETA_510206,312014.860,2624525.200,130.0200,0.1469,2.4000,0.1534,-1
KHAPRETA_510206,312015.860,2624525.200,130.0700,0.1948,2.3500,0.1502,-1
KHAPRETA_510206,312019.860,2624525.200,130.2600,0.0000,2.1600,0.1380,-1
KHAPRETA_510206,312021.860,2624525.200,130.6600,0.4419,1.7600,0.1125,-1
KHAPRETA_510206,312025.860,2624525.200,130.6700,0.4769,1.7500,0.1118,-1
KHAPRETA_510206,312051.860,2624525.200,132.1200,1.0819,0.3000,0.0192,-1
KHAPRETA_510206,312052.860,2624525.200,131.9400,0.4512,0.4800,0.0307,-1
KHAPRETA_510206,312053.860,2624525.200,131.2500,1.0819,1.1700,0.0748,-1
KHAPRETA_510206,312063.860,2624525.200,131.8500,1.0719,0.5700,0.0364,-1
KHAPRETA_510206,312064.860,2624525.200,131.9200,1.0369,0.5000,0.0319,-1
KHAPRETA_510206,312071.860,2624525.200,132.0000,0.0000,0.4200,0.0268,-1
KHAPRETA_510206,312082.860,2624525.200,132.1600,1.7214,0.2600,0.0166,-1
KHAPRETA_510206,312083.860,2624525.200,132.2600,1.1919,0.1600,0.0102,-1
KHAPRETA_510206,312088.860,2624525.200,131.5300,0.8369,0.8900,0.0569,-1
KHAPRETA_510206,312096.860,2624525.200,131.5500,0.0000,0.8700,0.0556,-1
KHAPRETA_510206,312098.860,2624525.200,131.9500,0.0000,0.4700,0.0300,-1
KHAPRETA_510206,312110.860,2624525.200,132.4000,0.0000,0.0200,0.0013,-1
KHAPRETA_510206,312130.860,2624525.200,130.9400,0.0000,1.4800,0.0946,-1
KHAPRETA_510206,312137.860,2624525.200,131.0800,0.7519,1.3400,0.0856,-1
KHAPRETA_510206,312143.860,2624525.200,131.1800,0.0000,1.2400,0.0792,-1
KHAPRETA_510206,312147.860,2624525.200,131.6600,0.0000,0.7600,0.0486,-1
KHAPRETA_510206,312149.860,2624525.200,131.6400,0.0000,0.7800,0.0498,-1
KHAPRETA_510206,312151.860,2624525.200,131.6600,0.0000,0.7600,0.0486,-1
KHAPRETA_510206,312158.860,2624525.200,131.8800,0.0000,0.5400,0.0345,-1
KHAPRETA_510206,312165.860,2624525.200,131.4100,0.0000,1.0100,0.0645,-1
KHAPRETA_510206,312167.860,2624525.200,131.4200,0.8169,1.0000,0.0639,-1
KHAPRETA_510206,312169.860,2624525.200,131.4400,0.8219,0.9800,0.0626,-1
KHAPRETA_510206,312172.860,2624525.200,131.4800,0.8519,0.9400,0.0601,-1
KHAPRETA_510206,312178.860,2624525.200,131.5500,0.8869,0.8700,0.0556,-1
KHAPRETA_510206,312181.860,2624525.200,131.6000,0.0000,0.8200,0.0524,-1
KHAPRETA_510206,312195.860,2624525.200,131.7700,1.4419,0.6500,0.0415,-1
KHAPRETA_510206,312196.860,2624525.200,131.7800,0.9973,0.6400,0.0409,-1
KHAPRETA_510206,312268.860,2624525.200,132.1100,0.0000,0.3100,0.0198,-1
KHAPRETA_510206,311971.860,2624526.200,129.5400,0.0000,2.8800,0.1840,-1
KHAPRETA_510206,311974.860,2624526.200,129.5300,0.0000,2.8900,0.1847,-1
KHAPRETA_510206,311976.860,2624526.200,129.6000,0.0831,2.8200,0.1802,-1
KHAPRETA_510206,311978.860,2624526.200,129.6000,0.0000,2.8200,0.1802,-1
KHAPRETA_510206,311981.860,2624526.200,129.6600,0.0000,2.7600,0.1764,-1
KHAPRETA_510206,311983.860,2624526.200,129.7300,0.0181,2.6900,0.1719,-1
KHAPRETA_510206,311987.860,2624526.200,130.0100,0.0650,2.4100,0.1540,-1
KHAPRETA_510206,311992.860,2624526.200,130.0200,0.0000,2.4000,0.1534,-1
KHAPRETA_510206,311996.860,2624526.200,129.9300,0.1558,2.4900,0.1591,-1
KHAPRETA_510206,311997.860,2624526.200,129.9700,0.0769,2.4500,0.1565,-1
KHAPRETA_510206,312002.860,2624526.200,130.0000,0.0000,2.4200,0.1546,-1
KHAPRETA_510206,312004.860,2624526.200,130.0100,0.1269,2.4100,0.1540,-1
KHAPRETA_510206,312009.860,2624526.200,130.1500,0.0000,2.2700,0.1450,-1
KHAPRETA_510206,312015.860,2624526.200,130.0800,0.1469,2.3400,0.1495,-1
KHAPRETA_510206,312020.860,2624526.200,130.5900,0.0000,1.8300,0.1169,-1
KHAPRETA_510206,312026.860,2624526.200,130.7200,0.4469,1.7000,0.1086,-1
KHAPRETA_510206,312027.860,2624526.200,130.6700,0.4719,1.7500,0.1118,-1
KHAPRETA_510206,312029.860,2624526.200,130.6900,0.4819,1.7300,0.1105,-1
KHAPRETA_510206,312040.860,2624526.200,131.2400,1.1419,1.1800,0.0754,-1
KHAPRETA_510206,312041.860,2624526.200,132.0600,1.3270,0.3600,0.0230,-1
KHAPRETA_510206,312048.860,2624526.200,131.7000,1.1019,0.7200,0.0460,-1
KHAPRETA_510206,312049.860,2624526.200,131.9800,0.5647,0.4400,0.0281,-1
KHAPRETA_510206,312050.860,2624526.200,131.3500,1.3092,1.0700,0.0684,-1
KHAPRETA_510206,312052.860,2624526.200,131.4200,1.0819,1.0000,0.0639,-1
KHAPRETA_510206,312055.860,2624526.200,131.5600,0.8869,0.8600,0.0550,-1
KHAPRETA_510206,312059.860,2624526.200,131.5000,0.0000,0.9200,0.0588,-1
KHAPRETA_510206,312066.860,2624526.200,131.9100,1.0869,0.5100,0.0326,-1
KHAPRETA_510206,312068.860,2624526.200,131.9500,0.0000,0.4700,0.0300,-1
KHAPRETA_510206,312071.860,2624526.200,132.0400,1.1119,0.3800,0.0243,-1
KHAPRETA_510206,312075.860,2624526.200,132.1000,0.0000,0.3200,0.0204,-1
KHAPRETA_510206,312079.860,2624526.200,132.0900,1.1619,0.3300,0.0211,-1
KHAPRETA_510206,312080.860,2624526.200,132.1000,0.0600,0.3200,0.0204,-1
KHAPRETA_510206,312081.860,2624526.200,132.2100,1.1619,0.2100,0.0134,-1
KHAPRETA_510206,312084.860,2624526.200,132.3700,1.3019,0.0500,0.0032,-1
KHAPRETA_510206,312085.860,2624526.200,132.3800,1.8026,0.0400,0.0026,-1
KHAPRETA_510206,312089.860,2624526.200,131.5300,0.8519,0.8900,0.0569,-1
KHAPRETA_510206,312090.860,2624526.200,131.4800,1.2331,0.9400,0.0601,-1
KHAPRETA_510206,312120.860,2624526.200,132.3700,0.0000,0.0500,0.0032,-1
KHAPRETA_510206,312127.860,2624526.200,132.1200,0.0000,0.3000,0.0192,-1
KHAPRETA_510206,312129.860,2624526.200,131.3200,1.0969,1.1000,0.0703,-1
KHAPRETA_510206,312131.860,2624526.200,130.9600,0.0000,1.4600,0.0933,-1
KHAPRETA_510206,312139.860,2624526.200,130.8300,0.0000,1.5900,0.1016,-1
KHAPRETA_510206,312141.860,2624526.200,130.7800,0.8274,1.6400,0.1048,-1
KHAPRETA_510206,312142.860,2624526.200,131.0000,0.5019,1.4200,0.0907,-1
KHAPRETA_510206,312162.860,2624526.200,131.4600,0.0000,0.9600,0.0613,-1
KHAPRETA_510206,312166.860,2624526.200,131.4100,0.8169,1.0100,0.0645,-1
KHAPRETA_510206,312167.860,2624526.200,131.4100,0.8170,1.0100,0.0645,-1
KHAPRETA_510206,312172.860,2624526.200,131.4800,0.0150,0.9400,0.0601,-1
KHAPRETA_510206,312174.860,2624526.200,131.4900,0.0000,0.9300,0.0594,-1
KHAPRETA_510206,312183.860,2624526.200,131.6400,0.9269,0.7800,0.0498,-1
KHAPRETA_510206,312189.860,2624526.200,131.7100,0.9619,0.7100,0.0454,-1
KHAPRETA_510206,312190.860,2624526.200,131.7000,0.9669,0.7200,0.0460,-1
KHAPRETA_510206,312193.860,2624526.200,131.8200,0.0000,0.6000,0.0383,-1
KHAPRETA_510206,312195.860,2624526.200,131.8500,1.4457,0.5700,0.0364,-1
KHAPRETA_510206,312196.860,2624526.200,131.8700,1.4419,0.5500,0.0351,-1
KHAPRETA_510206,312200.860,2624526.200,132.2300,1.2419,0.1900,0.0121,-1
KHAPRETA_510206,312201.860,2624526.200,132.2600,1.2269,0.1600,0.0102,-1
KHAPRETA_510206,312203.860,2624526.200,132.2500,1.2469,0.1700,0.0109,-1
KHAPRETA_510206,312204.860,2624526.200,132.2700,0.0000,0.1500,0.0096,-1
KHAPRETA_510206,312205.860,2624526.200,132.2500,1.2469,0.1700,0.0109,-1
KHAPRETA_510206,312269.860,2624526.200,131.9500,0.0000,0.4700,0.0300,-1
KHAPRETA_510206,312274.860,2624526.200,132.3000,1.1919,0.1200,0.0077,-1
KHAPRETA_510206,311970.860,2624527.200,129.3800,0.0000,3.0400,0.1942,-1
KHAPRETA_510206,311973.860,2624527.200,129.7600,0.0000,2.6600,0.1700,-1
KHAPRETA_510206,311976.860,2624527.200,129.6100,0.1003,2.8100,0.1796,-1
KHAPRETA_510206,311977.860,2624527.200,129.6800,0.0831,2.7400,0.1751,-1
KHAPRETA_510206,311980.860,2624527.200,129.6100,0.0000,2.8100,0.1796,-1
KHAPRETA_510206,311983.860,2624527.200,129.7400,0.0231,2.6800,0.1712,-1
KHAPRETA_510206,311987.860,2624527.200,130.0800,0.1169,2.3400,0.1495,-1
KHAPRETA_510206,311996.860,2624527.200,130.0200,0.0769,2.4000,0.1534,-1
KHAPRETA_510206,311998.860,2624527.200,130.0100,0.0000,2.4100,0.1540,-1
KHAPRETA_510206,312003.860,2624527.200,130.0200,0.0000,2.4000,0.1534,-1
KHAPRETA_510206,312010.860,2624527.200,130.0000,0.0000,2.4200,0.1546,-1
KHAPRETA_510206,312018.860,2624527.200,130.0000,0.0000,2.4200,0.1546,-1
KHAPRETA_510206,312024.860,2624527.200,130.6800,0.4819,1.7400,0.1112,-1
KHAPRETA_510206,312029.860,2624527.200,130.7400,0.0450,1.6800,0.1073,-1
KHAPRETA_510206,312039.860,2624527.200,131.2400,0.9169,1.1800,0.0754,-1
KHAPRETA_510206,312041.860,2624527.200,131.9900,1.1419,0.4300,0.0275,-1
KHAPRETA_510206,312044.860,2624527.200,132.0500,1.2369,0.3700,0.0236,-1
KHAPRETA_510206,312045.860,2624527.200,132.2500,1.2935,0.1700,0.0109,-1
KHAPRETA_510206,312047.860,2624527.200,131.8700,0.0000,0.5500,0.0351,-1
KHAPRETA_510206,312049.860,2624527.200,130.8500,1.3092,1.5700,0.1003,-1
KHAPRETA_510206,312050.860,2624527.200,131.1900,0.9527,1.2300,0.0786,-1
KHAPRETA_510206,312055.860,2624527.200,131.5500,0.0200,0.8700,0.0556,-1
KHAPRETA_510206,312061.860,2624527.200,131.5800,0.9169,0.8400,0.0537,-1
KHAPRETA_510206,312063.860,2624527.200,131.9500,0.0000,0.4700,0.0300,-1
KHAPRETA_510206,312066.860,2624527.200,131.9500,0.0000,0.4700,0.0300,-1
KHAPRETA_510206,312072.860,2624527.200,132.0400,1.1219,0.3800,0.0243,-1
KHAPRETA_510206,312073.860,2624527.200,132.0200,1.1319,0.4000,0.0256,-1
KHAPRETA_510206,312085.860,2624527.200,132.2800,1.8342,0.1400,0.0089,-1
KHAPRETA_510206,312086.860,2624527.200,132.3600,1.2519,0.0600,0.0038,-1
KHAPRETA_510206,312090.860,2624527.200,131.5100,0.0350,0.9100,0.0581,-1
KHAPRETA_510206,312094.860,2624527.200,131.4400,1.2297,0.9800,0.0626,-1
KHAPRETA_510206,312095.860,2624527.200,131.4900,0.8319,0.9300,0.0594,-1
KHAPRETA_510206,312106.860,2624527.200,132.3800,0.0000,0.0400,0.0026,-1
KHAPRETA_510206,312124.860,2624527.200,132.3600,0.0000,0.0600,0.0038,-1
KHAPRETA_510206,312129.860,2624527.200,131.9700,0.7719,0.4500,0.0288,-1
KHAPRETA_510206,312141.860,2624527.200,130.8900,0.5019,1.5300,0.0978,-1
KHAPRETA_510206,312147.860,2624527.200,132.3000,0.0000,0.1200,0.0077,-1
KHAPRETA_510206,312150.860,2624527.200,131.8200,0.0000,0.6000,0.0383,-1
KHAPRETA_510206,312152.860,2624527.200,131.8800,0.0000,0.5400,0.0345,-1
KHAPRETA_510206,312167.860,2624527.200,131.4300,0.8169,0.9900,0.0633,-1
KHAPRETA_510206,312172.860,2624527.200,131.4500,0.0100,0.9700,0.0620,-1
KHAPRETA_510206,312177.860,2624527.200,131.5500,0.0000,0.8700,0.0556,-1
KHAPRETA_510206,312183.860,2624527.200,131.6300,0.9319,0.7900,0.0505,-1
KHAPRETA_510206,312199.860,2624527.200,132.3500,0.0000,0.0700,0.0045,-1
KHAPRETA_510206,312202.860,2624527.200,132.4000,0.0000,0.0200,0.0013,-1
KHAPRETA_510206,312274.860,2624527.200,132.1600,1.2619,0.2600,0.0166,-1
KHAPRETA_510206,311972.860,2624528.200,129.6000,0.0000,2.8200,0.1802,-1
KHAPRETA_510206,311974.860,2624528.200,129.5900,0.0000,2.8300,0.1808,-1
KHAPRETA_510206,311981.860,2624528.200,129.5600,0.0631,2.8600,0.1827,-1
KHAPRETA_510206,311984.860,2624528.200,129.9100,0.0000,2.5100,0.1604,-1
KHAPRETA_510206,311991.860,2624528.200,129.9400,0.0000,2.4800,0.1585,-1
KHAPRETA_510206,311993.860,2624528.200,130.0100,0.0000,2.4100,0.1540,-1
KHAPRETA_510206,311997.860,2624528.200,130.0100,0.0000,2.4100,0.1540,-1
KHAPRETA_510206,312000.860,2624528.200,130.0500,0.1987,2.3700,0.1514,-1
KHAPRETA_510206,312001.860,2624528.200,130.0900,0.1369,2.3300,0.1489,-1
KHAPRETA_510206,312009.860,2624528.200,130.1300,0.0000,2.2900,0.1463,-1
KHAPRETA_510206,312021.860,2624528.200,130.6100,0.4569,1.8100,0.1157,-1
KHAPRETA_510206,312022.860,2624528.200,130.6900,0.6112,1.7300,0.1105,-1
KHAPRETA_510206,312024.860,2624528.200,130.7400,0.0100,1.6800,0.1073,-1
KHAPRETA_510206,312026.860,2624528.200,130.7100,0.4419,1.7100,0.1093,-1
KHAPRETA_510206,312027.860,2624528.200,130.6600,0.4669,1.7600,0.1125,-1
KHAPRETA_510206,312029.860,2624528.200,130.7800,0.6710,1.6400,0.1048,-1
KHAPRETA_510206,312030.860,2624528.200,130.7100,0.5019,1.7100,0.1093,-1
KHAPRETA_510206,312032.860,2624528.200,130.7700,0.0000,1.6500,0.1054,-1
KHAPRETA_510206,312039.860,2624528.200,131.6100,0.4650,0.8100,0.0518,-1
KHAPRETA_510206,312045.860,2624528.200,131.0100,1.3525,1.4100,0.0901,-1
KHAPRETA_510206,312046.860,2624528.200,130.8700,0.6169,1.5500,0.0990,-1
KHAPRETA_510206,312052.860,2624528.200,131.5000,1.2156,0.9200,0.0588,-1
KHAPRETA_510206,312053.860,2624528.200,131.5200,0.0150,0.9000,0.0575,-1
KHAPRETA_510206,312054.860,2624528.200,131.5300,0.0000,0.8900,0.0569,-1
KHAPRETA_510206,312055.860,2624528.200,131.5200,0.8770,0.9000,0.0575,-1
KHAPRETA_510206,312058.860,2624528.200,131.5600,0.0000,0.8600,0.0550,-1
KHAPRETA_510206,312061.860,2624528.200,131.6100,0.9019,0.8100,0.0518,-1
KHAPRETA_510206,312064.860,2624528.200,131.9400,1.0869,0.4800,0.0307,-1
KHAPRETA_510206,312066.860,2624528.200,131.9100,1.0770,0.5100,0.0326,-1
KHAPRETA_510206,312067.860,2624528.200,131.9300,1.5374,0.4900,0.0313,-1
KHAPRETA_510206,312075.860,2624528.200,132.1200,0.0000,0.3000,0.0192,-1
KHAPRETA_510206,312077.860,2624528.200,132.1000,0.0000,0.3200,0.0204,-1
KHAPRETA_510206,312084.860,2624528.200,132.2500,0.0000,0.1700,0.0109,-1
KHAPRETA_510206,312087.860,2624528.200,132.3400,0.0000,0.0800,0.0051,-1
KHAPRETA_510206,312090.860,2624528.200,131.5500,0.0850,0.8700,0.0556,-1
KHAPRETA_510206,312092.860,2624528.200,131.4500,0.9069,0.9700,0.0620,-1
KHAPRETA_510206,312094.860,2624528.200,131.5400,0.8319,0.8800,0.0562,-1
KHAPRETA_510206,312121.860,2624528.200,132.4200,1.8023,0.0000,0.0000,-1
KHAPRETA_510206,312122.860,2624528.200,132.3300,1.3219,0.0900,0.0058,-1
KHAPRETA_510206,312132.860,2624528.200,131.7100,0.0000,0.7100,0.0454,-1
KHAPRETA_510206,312145.860,2624528.200,131.9800,0.0000,0.4400,0.0281,-1
KHAPRETA_510206,312149.860,2624528.200,132.4200,0.0000,0.0000,0.0000,-1
KHAPRETA_510206,312172.860,2624528.200,131.5000,0.8369,0.9200,0.0588,-1
KHAPRETA_510206,312175.860,2624528.200,131.5600,1.2543,0.8600,0.0550,-1
KHAPRETA_510206,312176.860,2624528.200,131.5500,1.2685,0.8700,0.0556,-1
KHAPRETA_510206,312178.860,2624528.200,131.5800,0.9119,0.8400,0.0537,-1
KHAPRETA_510206,312188.860,2624528.200,131.6900,0.9919,0.7300,0.0466,-1
KHAPRETA_510206,312189.860,2624528.200,131.7600,0.9569,0.6600,0.0422,-1
KHAPRETA_510206,312272.860,2624528.200,132.0500,0.0000,0.3700,0.0236,-1
KHAPRETA_510206,311981.860,2624529.200,129.6500,0.1081,2.7700,0.1770,-1
KHAPRETA_510206,311983.860,2624529.200,129.6800,0.0000,2.7400,0.1751,-1
KHAPRETA_510206,311985.860,2624529.200,130.0300,0.0000,2.3900,0.1527,-1
KHAPRETA_510206,311987.860,2624529.200,129.9400,0.0919,2.4800,0.1585,-1
KHAPRETA_510206,312000.860,2624529.200,130.0200,0.1369,2.4000,0.1534,-1
KHAPRETA_510206,312005.860,2624529.200,130.0900,0.0000,2.3300,0.1489,-1
KHAPRETA_510206,312007.860,2624529.200,130.0100,0.0000,2.4100,0.1540,-1
KHAPRETA_510206,312013.860,2624529.200,130.0300,0.0000,2.3900,0.1527,-1
KHAPRETA_510206,312015.860,2624529.200,130.0300,0.0000,2.3900,0.1527,-1
KHAPRETA_510206,312022.860,2624529.200,130.6700,0.6288,1.7500,0.1118,-1
KHAPRETA_510206,312023.860,2624529.200,130.6400,0.4722,1.7800,0.1137,-1
KHAPRETA_510206,312024.860,2624529.200,130.7000,0.6472,1.7200,0.1099,-1
KHAPRETA_510206,312039.860,2624529.200,132.1700,0.9169,0.2500,0.0160,-1
KHAPRETA_510206,312043.860,2624529.200,131.6700,0.5469,0.7500,0.0479,-1
KHAPRETA_510206,312044.860,2624529.200,130.8700,0.9469,1.5500,0.0990,-1
KHAPRETA_510206,312052.860,2624529.200,131.4700,0.8619,0.9500,0.0607,-1
KHAPRETA_510206,312055.860,2624529.200,131.5400,1.2331,0.8800,0.0562,-1
KHAPRETA_510206,312056.860,2624529.200,131.5200,1.2543,0.9000,0.0575,-1
KHAPRETA_510206,312060.860,2624529.200,131.6000,0.9069,0.8200,0.0524,-1
KHAPRETA_510206,312062.860,2624529.200,131.6400,0.9969,0.7800,0.0498,-1
KHAPRETA_510206,312063.860,2624529.200,131.7700,0.1550,0.6500,0.0415,-1
KHAPRETA_510206,312064.860,2624529.200,131.9500,1.0870,0.4700,0.0300,-1
KHAPRETA_510206,312065.860,2624529.200,131.9800,0.0100,0.4400,0.0281,-1
KHAPRETA_510206,312066.860,2624529.200,131.9700,1.0670,0.4500,0.0288,-1
KHAPRETA_510206,312067.860,2624529.200,131.9900,1.5372,0.4300,0.0275,-1
KHAPRETA_510206,312074.860,2624529.200,132.0800,0.0000,0.3400,0.0217,-1
KHAPRETA_510206,312080.860,2624529.200,132.1700,1.1819,0.2500,0.0160,-1
KHAPRETA_510206,312082.860,2624529.200,132.2600,1.2369,0.1600,0.0102,-1
KHAPRETA_510206,312083.860,2624529.200,132.2500,1.2419,0.1700,0.0109,-1
KHAPRETA_510206,312090.860,2624529.200,131.6800,0.4200,0.7400,0.0473,-1
KHAPRETA_510206,312092.860,2624529.200,131.5900,0.8369,0.8300,0.0530,-1
KHAPRETA_510206,312119.860,2624529.200,132.2700,1.2369,0.1500,0.0096,-1
KHAPRETA_510206,312121.860,2624529.200,132.3200,1.3219,0.1000,0.0064,-1
KHAPRETA_510206,312127.860,2624529.200,132.3500,0.0000,0.0700,0.0045,-1
KHAPRETA_510206,312139.860,2624529.200,131.3700,0.0000,1.0500,0.0671,-1
KHAPRETA_510206,312150.860,2624529.200,132.4000,1.2669,0.0200,0.0013,-1
KHAPRETA_510206,312151.860,2624529.200,132.3100,0.0650,0.1100,0.0070,-1
KHAPRETA_510206,312152.860,2624529.200,132.2700,1.2669,0.1500,0.0096,-1
KHAPRETA_510206,312164.860,2624529.200,131.8200,0.0000,0.6000,0.0383,-1
KHAPRETA_510206,312175.860,2624529.200,131.5500,0.9020,0.8700,0.0556,-1
KHAPRETA_510206,312176.860,2624529.200,131.5800,0.8869,0.8400,0.0537,-1
KHAPRETA_510206,312178.860,2624529.200,131.6000,0.9019,0.8200,0.0524,-1
KHAPRETA_510206,312180.860,2624529.200,131.6200,0.9319,0.8000,0.0511,-1
KHAPRETA_510206,312181.860,2624529.200,131.6400,0.9219,0.7800,0.0498,-1
KHAPRETA_510206,312183.860,2624529.200,131.6100,0.0000,0.8100,0.0518,-1
KHAPRETA_510206,312187.860,2624529.200,131.6800,0.0000,0.7400,0.0473,-1
KHAPRETA_510206,312192.860,2624529.200,132.0300,0.0000,0.3900,0.0249,-1
KHAPRETA_510206,312275.860,2624529.200,132.2100,0.0000,0.2100,0.0134,-1
KHAPRETA_510206,311970.860,2624530.200,129.5800,0.0000,2.8400,0.1815,-1
KHAPRETA_510206,311984.860,2624530.200,129.7300,0.0000,2.6900,0.1719,-1
KHAPRETA_510206,311987.860,2624530.200,129.9600,0.0200,2.4600,0.1572,-1
KHAPRETA_510206,311992.860,2624530.200,130.0200,0.1726,2.4000,0.1534,-1
KHAPRETA_510206,311993.860,2624530.200,130.0100,0.0000,2.4100,0.1540,-1
KHAPRETA_510206,311994.860,2624530.200,130.0200,0.1619,2.4000,0.1534,-1
KHAPRETA_510206,311997.860,2624530.200,129.9800,0.1169,2.4400,0.1559,-1
KHAPRETA_510206,311999.860,2624530.200,130.0200,0.0000,2.4000,0.1534,-1
KHAPRETA_510206,312004.860,2624530.200,129.9800,0.0000,2.4400,0.1559,-1
KHAPRETA_510206,312008.860,2624530.200,130.0300,0.1819,2.3900,0.1527,-1
KHAPRETA_510206,312016.860,2624530.200,129.9600,0.5069,2.4600,0.1572,-1
KHAPRETA_510206,312017.860,2624530.200,130.7900,0.4500,1.6300,0.1042,-1
KHAPRETA_510206,312018.860,2624530.200,130.8600,0.6960,1.5600,0.0997,-1
KHAPRETA_510206,312020.860,2624530.200,130.6500,0.0000,1.7700,0.1131,-1
KHAPRETA_510206,312023.860,2624530.200,130.7200,0.4319,1.7000,0.1086,-1
KHAPRETA_510206,312025.860,2624530.200,130.7600,0.4619,1.6600,0.1061,-1
KHAPRETA_510206,312026.860,2624530.200,130.7000,0.6817,1.7200,0.1099,-1
KHAPRETA_510206,312028.860,2624530.200,130.7100,0.4919,1.7100,0.1093,-1
KHAPRETA_510206,312031.860,2624530.200,130.7800,0.0000,1.6400,0.1048,-1
KHAPRETA_510206,312034.860,2624530.200,132.1200,0.0000,0.3000,0.0192,-1
KHAPRETA_510206,312045.860,2624530.200,131.1300,0.0000,1.2900,0.0824,-1
KHAPRETA_510206,312047.860,2624530.200,131.5000,0.0000,0.9200,0.0588,-1
KHAPRETA_510206,312056.860,2624530.200,131.5600,0.0250,0.8600,0.0550,-1
KHAPRETA_510206,312058.860,2624530.200,131.6000,0.9019,0.8200,0.0524,-1
KHAPRETA_510206,312060.860,2624530.200,131.5900,0.9119,0.8300,0.0530,-1
KHAPRETA_510206,312071.860,2624530.200,132.0200,0.0000,0.4000,0.0256,-1
KHAPRETA_510206,312073.860,2624530.200,132.0800,0.0000,0.3400,0.0217,-1
KHAPRETA_510206,312077.860,2624530.200,132.1600,1.1869,0.2600,0.0166,-1
KHAPRETA_510206,312078.860,2624530.200,132.1500,1.1919,0.2700,0.0173,-1
KHAPRETA_510206,312080.860,2624530.200,132.1400,1.1969,0.2800,0.0179,-1
KHAPRETA_510206,312084.860,2624530.200,132.2400,1.2969,0.1800,0.0115,-1
KHAPRETA_510206,312090.860,2624530.200,132.3900,0.9519,0.0300,0.0019,-1
KHAPRETA_510206,312119.860,2624530.200,132.2500,0.0050,0.1700,0.0109,-1
KHAPRETA_510206,312130.860,2624530.200,132.3800,0.0000,0.0400,0.0026,-1
KHAPRETA_510206,312134.860,2624530.200,132.1800,0.0000,0.2400,0.0153,-1
KHAPRETA_510206,312144.860,2624530.200,131.5900,0.9419,0.8300,0.0530,-1
KHAPRETA_510206,312165.860,2624530.200,131.5700,0.0000,0.8500,0.0543,-1
KHAPRETA_510206,312171.860,2624530.200,131.6500,0.0000,0.7700,0.0492,-1
KHAPRETA_510206,312175.860,2624530.200,131.5400,1.2543,0.8800,0.0562,-1
KHAPRETA_510206,312176.860,2624530.200,131.5500,0.9023,0.8700,0.0556,-1
KHAPRETA_510206,312177.860,2624530.200,131.5900,0.8869,0.8300,0.0530,-1
KHAPRETA_510206,312186.860,2624530.200,131.6900,1.1419,0.7300,0.0466,-1
KHAPRETA_510206,312189.860,2624530.200,131.8300,0.0000,0.5900,0.0377,-1
KHAPRETA_510206,311971.860,2624531.200,129.7700,0.0000,2.6500,0.1693,-1
KHAPRETA_510206,311979.860,2624531.200,129.5600,0.0331,2.8600,0.1827,-1
KHAPRETA_510206,311981.860,2624531.200,129.7200,0.0000,2.7000,0.1725,-1
KHAPRETA_510206,311987.860,2624531.200,129.9800,0.0200,2.4400,0.1559,-1
KHAPRETA_510206,311989.860,2624531.200,130.0100,0.0000,2.4100,0.1540,-1
KHAPRETA_510206,311992.860,2624531.200,130.0300,0.1219,2.3900,0.1527,-1
KHAPRETA_510206,311994.860,2624531.200,130.0000,0.1219,2.4200,0.1546,-1
KHAPRETA_510206,311996.860,2624531.200,129.9700,0.1689,2.4500,0.1565,-1
KHAPRETA_510206,311997.860,2624531.200,130.0100,0.1407,2.4100,0.1540,-1
KHAPRETA_510206,312002.860,2624531.200,130.0000,0.0000,2.4200,0.1546,-1
KHAPRETA_510206,312005.860,2624531.200,130.0200,0.0000,2.4000,0.1534,-1
KHAPRETA_510206,312008.860,2624531.200,130.1400,0.1269,2.2800,0.1457,-1
KHAPRETA_510206,312014.860,2624531.200,129.9500,0.0000,2.4700,0.1578,-1
KHAPRETA_510206,312018.860,2624531.200,130.7300,0.5419,1.6900,0.1080,-1
KHAPRETA_510206,312021.860,2624531.200,130.6700,0.0000,1.7500,0.1118,-1
KHAPRETA_510206,312026.860,2624531.200,130.7200,0.0050,1.7000,0.1086,-1
KHAPRETA_510206,312028.860,2624531.200,130.7600,0.0150,1.6600,0.1061,-1
KHAPRETA_510206,312030.860,2624531.200,130.7900,0.4969,1.6300,0.1042,-1
KHAPRETA_510206,312040.860,2624531.200,131.2500,0.4769,1.1700,0.0748,-1
KHAPRETA_510206,312041.860,2624531.200,130.7300,1.0745,1.6900,0.1080,-1
KHAPRETA_510206,312054.860,2624531.200,131.5400,0.0000,0.8800,0.0562,-1
KHAPRETA_510206,312056.860,2624531.200,131.5700,1.2685,0.8500,0.0543,-1
KHAPRETA_510206,312057.860,2624531.200,131.5800,0.0050,0.8400,0.0537,-1
KHAPRETA_510206,312058.860,2624531.200,131.5800,1.2826,0.8400,0.0537,-1
KHAPRETA_510206,312063.860,2624531.200,131.6000,0.9169,0.8200,0.0524,-1
KHAPRETA_510206,312081.860,2624531.200,132.2800,0.0000,0.1400,0.0089,-1
KHAPRETA_510206,312083.860,2624531.200,132.3000,1.7922,0.1200,0.0077,-1
KHAPRETA_510206,312084.860,2624531.200,132.3700,1.7636,0.0500,0.0032,-1
KHAPRETA_510206,312086.860,2624531.200,132.3000,0.0000,0.1200,0.0077,-1
KHAPRETA_510206,312117.860,2624531.200,132.1800,0.0000,0.2400,0.0153,-1
KHAPRETA_510206,312119.860,2624531.200,132.2600,1.7742,0.1600,0.0102,-1
KHAPRETA_510206,312120.860,2624531.200,132.3200,1.2621,0.1000,0.0064,-1
KHAPRETA_510206,312121.860,2624531.200,132.3000,1.2719,0.1200,0.0077,-1
KHAPRETA_510206,312124.860,2624531.200,132.2600,0.0000,0.1600,0.0102,-1
KHAPRETA_510206,312126.860,2624531.200,131.9200,0.0000,0.5000,0.0319,-1
KHAPRETA_510206,312132.860,2624531.200,131.7000,0.8419,0.7200,0.0460,-1
KHAPRETA_510206,312144.860,2624531.200,131.6600,0.0350,0.7600,0.0486,-1
KHAPRETA_510206,312147.860,2624531.200,132.1900,0.0000,0.2300,0.0147,-1
KHAPRETA_510206,312180.860,2624531.200,131.6600,0.0000,0.7600,0.0486,-1
KHAPRETA_510206,312184.860,2624531.200,131.7800,0.0000,0.6400,0.0409,-1
KHAPRETA_510206,312186.860,2624531.200,132.0600,1.4295,0.3600,0.0230,-1
KHAPRETA_510206,312187.860,2624531.200,131.9000,1.1419,0.5200,0.0332,-1
KHAPRETA_510206,312267.860,2624531.200,132.3600,0.0000,0.0600,0.0038,-1
KHAPRETA_510206,311973.860,2624532.200,129.7500,0.0000,2.6700,0.1706,-1
KHAPRETA_510206,311979.860,2624532.200,129.7100,0.1183,2.7100,0.1732,-1
KHAPRETA_510206,311980.860,2624532.200,129.6800,0.0848,2.7400,0.1751,-1
KHAPRETA_510206,311983.860,2624532.200,129.6800,0.0331,2.7400,0.1751,-1
KHAPRETA_510206,311984.860,2624532.200,129.7100,0.0645,2.7100,0.1732,-1
KHAPRETA_510206,311986.860,2624532.200,129.8600,0.1119,2.5600,0.1636,-1
KHAPRETA_510206,311987.860,2624532.200,130.0000,0.1102,2.4200,0.1546,-1
KHAPRETA_510206,311990.860,2624532.200,130.0800,0.1519,2.3400,0.1495,-1
KHAPRETA_510206,311996.860,2624532.200,130.0200,0.0969,2.4000,0.1534,-1
KHAPRETA_510206,311998.860,2624532.200,129.9800,0.0000,2.4400,0.1559,-1
KHAPRETA_510206,312001.860,2624532.200,130.0700,0.1219,2.3500,0.1502,-1
KHAPRETA_510206,312003.860,2624532.200,129.9700,0.0000,2.4500,0.1565,-1
KHAPRETA_510206,312010.860,2624532.200,130.0700,0.0000,2.3500,0.1502,-1
KHAPRETA_510206,312012.860,2624532.200,130.0400,0.0000,2.3800,0.1521,-1
KHAPRETA_510206,312022.860,2624532.200,130.7300,0.4469,1.6900,0.1080,-1
KHAPRETA_510206,312026.860,2624532.200,130.6900,0.4774,1.7300,0.1105,-1
KHAPRETA_510206,312027.860,2624532.200,130.7300,0.4776,1.6900,0.1080,-1
KHAPRETA_510206,312028.860,2624532.200,130.7400,0.4770,1.6800,0.1073,-1
KHAPRETA_510206,312030.860,2624532.200,130.7700,0.5069,1.6500,0.1054,-1
KHAPRETA_510206,312036.860,2624532.200,132.4100,0.0000,0.0100,0.0006,-1
KHAPRETA_510206,312041.860,2624532.200,131.3400,0.4769,1.0800,0.0690,-1
KHAPRETA_510206,312046.860,2624532.200,131.3800,0.8219,1.0400,0.0665,-1
KHAPRETA_510206,312047.860,2624532.200,131.4200,0.8019,1.0000,0.0639,-1
KHAPRETA_510206,312055.860,2624532.200,131.6100,0.9119,0.8100,0.0518,-1
KHAPRETA_510206,312059.860,2624532.200,131.6100,0.0000,0.8100,0.0518,-1
KHAPRETA_510206,312061.860,2624532.200,131.6200,0.0000,0.8000,0.0511,-1
KHAPRETA_510206,312063.860,2624532.200,131.6100,0.9119,0.8100,0.0518,-1
KHAPRETA_510206,312069.860,2624532.200,132.0400,0.0000,0.3800,0.0243,-1
KHAPRETA_510206,312075.860,2624532.200,132.1600,1.2019,0.2600,0.0166,-1
KHAPRETA_510206,312076.860,2624532.200,132.1800,1.1919,0.2400,0.0153,-1
KHAPRETA_510206,312080.860,2624532.200,132.2200,0.0000,0.2000,0.0128,-1
KHAPRETA_510206,312083.860,2624532.200,132.2500,1.2619,0.1700,0.0109,-1
KHAPRETA_510206,312090.860,2624532.200,132.3000,1.2669,0.1200,0.0077,-1
KHAPRETA_510206,312120.860,2624532.200,132.3000,1.2719,0.1200,0.0077,-1
KHAPRETA_510206,312128.860,2624532.200,131.7600,0.9269,0.6600,0.0422,-1
KHAPRETA_510206,312130.860,2624532.200,131.4300,0.0000,0.9900,0.0633,-1
KHAPRETA_510206,312132.860,2624532.200,131.4600,0.2850,0.9600,0.0613,-1
KHAPRETA_510206,312135.860,2624532.200,131.1400,0.0000,1.2800,0.0818,-1
KHAPRETA_510206,312144.860,2624532.200,131.6600,0.9419,0.7600,0.0486,-1
KHAPRETA_510206,312168.860,2624532.200,131.6400,0.0000,0.7800,0.0498,-1
KHAPRETA_510206,312175.860,2624532.200,131.5700,0.9019,0.8500,0.0543,-1
KHAPRETA_510206,312176.860,2624532.200,131.5800,0.0200,0.8400,0.0537,-1
KHAPRETA_510206,312177.860,2624532.200,131.6100,0.9019,0.8100,0.0518,-1
KHAPRETA_510206,312182.860,2624532.200,131.8200,0.0000,0.6000,0.0383,-1
KHAPRETA_510206,312279.860,2624532.200,132.4200,0.0000,0.0000,0.0000,-1
KHAPRETA_510206,311978.860,2624533.200,129.6400,0.0000,2.7800,0.1776,-1
KHAPRETA_510206,311980.860,2624533.200,129.6200,0.0100,2.8000,0.1789,-1
KHAPRETA_510206,311984.860,2624533.200,129.6900,0.0331,2.7300,0.1744,-1
KHAPRETA_510206,311988.860,2624533.200,129.9400,0.0000,2.4800,0.1585,-1
KHAPRETA_510206,311990.860,2624533.200,130.0800,0.1519,2.3400,0.1495,-1
KHAPRETA_510206,311995.860,2624533.200,129.9800,0.0969,2.4400,0.1559,-1
KHAPRETA_510206,312001.860,2624533.200,130.0200,0.1469,2.4000,0.1534,-1
KHAPRETA_510206,312004.860,2624533.200,130.0800,0.0000,2.3400,0.1495,-1
KHAPRETA_510206,312009.860,2624533.200,130.0900,0.0000,2.3300,0.1489,-1
KHAPRETA_510206,312019.860,2624533.200,130.6500,0.4569,1.7700,0.1131,-1
KHAPRETA_510206,312020.860,2624533.200,130.6900,0.4369,1.7300,0.1105,-1
KHAPRETA_510206,312022.860,2624533.200,130.6700,0.0250,1.7500,0.1118,-1
KHAPRETA_510206,312026.860,2624533.200,130.7600,0.6605,1.6600,0.1061,-1
KHAPRETA_510206,312027.860,2624533.200,130.7300,0.4770,1.6900,0.1080,-1
KHAPRETA_510206,312028.860,2624533.200,130.7400,0.6780,1.6800,0.1073,-1
KHAPRETA_510206,312031.860,2624533.200,130.8000,0.0000,1.6200,0.1035,-1
KHAPRETA_510206,312035.860,2624533.200,130.8300,0.0000,1.5900,0.1016,-1
KHAPRETA_510206,312042.860,2624533.200,131.4400,0.8019,0.9800,0.0626,-1
KHAPRETA_510206,312044.860,2624533.200,131.3700,0.0000,1.0500,0.0671,-1
KHAPRETA_510206,312049.860,2624533.200,131.4600,1.1801,0.9600,0.0613,-1
KHAPRETA_510206,312050.860,2624533.200,131.4300,1.1942,0.9900,0.0633,-1
KHAPRETA_510206,312052.860,2624533.200,131.5300,0.8869,0.8900,0.0569,-1
KHAPRETA_510206,312055.860,2624533.200,131.6000,0.9169,0.8200,0.0524,-1
KHAPRETA_510206,312071.860,2624533.200,132.0700,1.1519,0.3500,0.0224,-1
KHAPRETA_510206,312072.860,2624533.200,132.0800,1.6291,0.3400,0.0217,-1
KHAPRETA_510206,312074.860,2624533.200,132.1700,0.0000,0.2500,0.0160,-1
KHAPRETA_510206,312079.860,2624533.200,132.2000,0.0000,0.2200,0.0141,-1
KHAPRETA_510206,312085.860,2624533.200,132.2500,1.2469,0.1700,0.0109,-1
KHAPRETA_510206,312086.860,2624533.200,132.2700,1.2369,0.1500,0.0096,-1
KHAPRETA_510206,312090.860,2624533.200,132.3100,1.2619,0.1100,0.0070,-1
KHAPRETA_510206,312125.860,2624533.200,132.1700,0.0000,0.2500,0.0160,-1
KHAPRETA_510206,312127.860,2624533.200,131.9500,0.9269,0.4700,0.0300,-1
KHAPRETA_510206,312128.860,2624533.200,131.6300,1.4715,0.7900,0.0505,-1
KHAPRETA_510206,312132.860,2624533.200,131.1300,0.8419,1.2900,0.0824,-1
KHAPRETA_510206,312134.860,2624533.200,131.1000,0.0000,1.3200,0.0843,-1
KHAPRETA_510206,312136.860,2624533.200,131.1000,0.0000,1.3200,0.0843,-1
KHAPRETA_510206,311979.860,2624534.200,129.6700,0.1097,2.7500,0.1757,-1
KHAPRETA_510206,311980.860,2624534.200,129.6600,0.0531,2.7600,0.1764,-1
KHAPRETA_510206,311992.860,2624534.200,130.0200,0.1119,2.4000,0.1534,-1
KHAPRETA_510206,311993.860,2624534.200,130.0000,0.0650,2.4200,0.1546,-1
KHAPRETA_510206,311994.860,2624534.200,129.8900,0.0150,2.5300,0.1617,-1
KHAPRETA_510206,311995.860,2624534.200,129.9700,0.1168,2.4500,0.1565,-1
KHAPRETA_510206,312005.860,2624534.200,129.9600,0.1219,2.4600,0.1572,-1
KHAPRETA_510206,312012.860,2624534.200,130.0500,0.0000,2.3700,0.1514,-1
KHAPRETA_510206,312021.860,2624534.200,130.6400,0.4519,1.7800,0.1137,-1
KHAPRETA_510206,312022.860,2624534.200,130.6800,0.6215,1.7400,0.1112,-1
KHAPRETA_510206,312024.860,2624534.200,130.7500,0.4719,1.6700,0.1067,-1
KHAPRETA_510206,312025.860,2624534.200,130.7200,0.4869,1.7000,0.1086,-1
KHAPRETA_510206,312032.860,2624534.200,130.8000,0.5219,1.6200,0.1035,-1
KHAPRETA_510206,312039.860,2624534.200,131.5600,1.0069,0.8600,0.0550,-1
KHAPRETA_510206,312040.860,2624534.200,131.7900,0.9376,0.6300,0.0403,-1
KHAPRETA_510206,312041.860,2624534.200,131.4900,0.2050,0.9300,0.0594,-1
KHAPRETA_510206,312042.860,2624534.200,131.3800,1.1944,1.0400,0.0665,-1
KHAPRETA_510206,312046.860,2624534.200,131.4100,0.0000,1.0100,0.0645,-1
KHAPRETA_510206,312048.860,2624534.200,131.4400,0.8419,0.9800,0.0626,-1
KHAPRETA_510206,312049.860,2624534.200,131.4600,0.8421,0.9600,0.0613,-1
KHAPRETA_510206,312050.860,2624534.200,131.4700,1.1801,0.9500,0.0607,-1
KHAPRETA_510206,312052.860,2624534.200,131.5500,0.0050,0.8700,0.0556,-1
KHAPRETA_510206,312054.860,2624534.200,131.5500,0.0000,0.8700,0.0556,-1
KHAPRETA_510206,312056.860,2624534.200,131.6100,0.0000,0.8100,0.0518,-1
KHAPRETA_510206,312065.860,2624534.200,131.6600,0.9569,0.7600,0.0486,-1
KHAPRETA_510206,312067.860,2624534.200,132.1800,1.1869,0.2400,0.0153,-1
KHAPRETA_510206,312068.860,2624534.200,132.1500,0.0450,0.2700,0.0173,-1
KHAPRETA_510206,312069.860,2624534.200,132.0900,1.6715,0.3300,0.0211,-1
KHAPRETA_510206,312072.860,2624534.200,132.0900,1.1519,0.3300,0.0211,-1
KHAPRETA_510206,312075.860,2624534.200,132.1900,1.1919,0.2300,0.0147,-1
KHAPRETA_510206,312122.860,2624534.200,132.3000,1.2319,0.1200,0.0077,-1
KHAPRETA_510206,312130.860,2624534.200,131.2600,0.0000,1.1600,0.0741,-1
KHAPRETA_510206,312177.860,2624534.200,131.8900,0.0000,0.5300,0.0339,-1
KHAPRETA_510206,312179.860,2624534.200,131.8000,0.0000,0.6200,0.0396,-1
KHAPRETA_510206,312181.860,2624534.200,132.2800,0.0000,0.1400,0.0089,-1
KHAPRETA_510206,312277.860,2624534.200,132.4100,0.0000,0.0100,0.0006,-1
KHAPRETA_510206,311972.860,2624535.200,129.5500,0.0381,2.8700,0.1834,-1
KHAPRETA_510206,311973.860,2624535.200,129.7000,0.1131,2.7200,0.1738,-1
KHAPRETA_510206,311977.860,2624535.200,129.3300,0.0000,3.0900,0.1974,-1
KHAPRETA_510206,311979.860,2624535.200,129.5900,0.0944,2.8300,0.1808,-1
KHAPRETA_510206,311980.860,2624535.200,129.6200,0.1097,2.8000,0.1789,-1
KHAPRETA_510206,311990.860,2624535.200,129.9400,0.0919,2.4800,0.1585,-1
KHAPRETA_510206,311996.860,2624535.200,130.0700,0.0000,2.3500,0.1502,-1
KHAPRETA_510206,311998.860,2624535.200,130.0000,0.0000,2.4200,0.1546,-1
KHAPRETA_510206,312005.860,2624535.200,130.0200,0.0150,2.4000,0.1534,-1
KHAPRETA_510206,312007.860,2624535.200,130.1100,0.0000,2.3100,0.1476,-1
KHAPRETA_510206,312018.860,2624535.200,130.6900,0.4319,1.7300,0.1105,-1
KHAPRETA_510206,312026.860,2624535.200,130.7400,0.4969,1.6800,0.1073,-1
KHAPRETA_510206,312027.860,2624535.200,130.7700,0.4819,1.6500,0.1054,-1
KHAPRETA_510206,312032.860,2624535.200,130.8200,0.5119,1.6000,0.1022,-1
KHAPRETA_510206,312040.860,2624535.200,131.6500,1.0069,0.7700,0.0492,-1
KHAPRETA_510206,312044.860,2624535.200,131.3100,0.0000,1.1100,0.0709,-1
KHAPRETA_510206,312052.860,2624535.200,131.5200,0.0050,0.9000,0.0575,-1
KHAPRETA_510206,312058.860,2624535.200,131.5600,0.0000,0.8600,0.0550,-1
KHAPRETA_510206,312060.860,2624535.200,131.6300,1.3180,0.7900,0.0505,-1
KHAPRETA_510206,312061.860,2624535.200,131.6400,0.9269,0.7800,0.0498,-1
KHAPRETA_510206,312063.860,2624535.200,131.6700,0.9619,0.7500,0.0479,-1
KHAPRETA_510206,312065.860,2624535.200,131.6900,0.0150,0.7300,0.0466,-1
KHAPRETA_510206,312069.860,2624535.200,132.1300,1.1569,0.2900,0.0185,-1
KHAPRETA_510206,312071.860,2624535.200,132.0900,0.0000,0.3300,0.0211,-1
KHAPRETA_510206,312075.860,2624535.200,132.1600,1.2069,0.2600,0.0166,-1
KHAPRETA_510206,312083.860,2624535.200,132.2400,1.2269,0.1800,0.0115,-1
KHAPRETA_510206,312091.860,2624535.200,132.3300,0.0000,0.0900,0.0058,-1
KHAPRETA_510206,312122.860,2624535.200,132.2400,0.0300,0.1800,0.0115,-1
KHAPRETA_510206,312125.860,2624535.200,132.2900,1.2719,0.1300,0.0083,-1
KHAPRETA_510206,312131.860,2624535.200,131.1100,0.6969,1.3100,0.0837,-1
KHAPRETA_510206,312274.860,2624535.200,132.2100,1.1919,0.2100,0.0134,-1
KHAPRETA_510206,312278.860,2624535.200,132.2000,1.3219,0.2200,0.0141,-1
KHAPRETA_510206,312279.860,2624535.200,132.4200,1.2119,0.0000,0.0000,-1
KHAPRETA_510206,311975.860,2624536.200,129.6500,0.0131,2.7700,0.1770,-1
KHAPRETA_510206,311985.860,2624536.200,129.7300,0.0000,2.6900,0.1719,-1
KHAPRETA_510206,311987.860,2624536.200,129.7400,0.0000,2.6800,0.1712,-1
KHAPRETA_510206,311990.860,2624536.200,129.9600,0.0819,2.4600,0.1572,-1
KHAPRETA_510206,312002.860,2624536.200,130.0600,0.0919,2.3600,0.1508,-1
KHAPRETA_510206,312003.860,2624536.200,129.9600,0.1270,2.4600,0.1572,-1
KHAPRETA_510206,312004.860,2624536.200,129.9400,0.0150,2.4800,0.1585,-1
KHAPRETA_510206,312005.860,2624536.200,129.9900,0.1300,2.4300,0.1553,-1
KHAPRETA_510206,312006.860,2624536.200,130.0300,0.1069,2.3900,0.1527,-1
KHAPRETA_510206,312008.860,2624536.200,130.1300,0.1619,2.2900,0.1463,-1
KHAPRETA_510206,312009.860,2624536.200,130.1000,0.1681,2.3200,0.1482,-1
KHAPRETA_510206,312010.860,2624536.200,130.0900,0.1619,2.3300,0.1489,-1
KHAPRETA_510206,312015.860,2624536.200,130.7400,0.4269,1.6800,0.1073,-1
KHAPRETA_510206,312016.860,2624536.200,130.6300,0.6573,1.7900,0.1144,-1
KHAPRETA_510206,312018.860,2624536.200,130.6400,0.6288,1.7800,0.1137,-1
KHAPRETA_510206,312019.860,2624536.200,130.6400,0.0150,1.7800,0.1137,-1
KHAPRETA_510206,312020.860,2624536.200,130.6700,0.6215,1.7500,0.1118,-1
KHAPRETA_510206,312023.860,2624536.200,130.6900,0.0000,1.7300,0.1105,-1
KHAPRETA_510206,312029.860,2624536.200,130.7800,0.0000,1.6400,0.1048,-1
KHAPRETA_510206,312033.860,2624536.200,130.8000,0.0000,1.6200,0.1035,-1
KHAPRETA_510206,312043.860,2624536.200,131.2500,0.0000,1.1700,0.0748,-1
KHAPRETA_510206,312050.860,2624536.200,131.4700,0.0000,0.9500,0.0607,-1
KHAPRETA_510206,312052.860,2624536.200,131.5400,1.2473,0.8800,0.0562,-1
KHAPRETA_510206,312053.860,2624536.200,131.5600,0.8819,0.8600,0.0550,-1
KHAPRETA_510206,312056.860,2624536.200,131.6400,0.9119,0.7800,0.0498,-1
KHAPRETA_510206,312057.860,2624536.200,131.6000,0.9319,0.8200,0.0524,-1
KHAPRETA_510206,312060.860,2624536.200,131.6400,0.9269,0.7800,0.0498,-1
KHAPRETA_510206,312062.860,2624536.200,131.7100,0.9619,0.7100,0.0454,-1
KHAPRETA_510206,312063.860,2624536.200,131.7000,0.9471,0.7200,0.0460,-1
KHAPRETA_510206,312064.860,2624536.200,131.6700,0.9519,0.7500,0.0479,-1
KHAPRETA_510206,312065.860,2624536.200,131.6900,0.9469,0.7300,0.0466,-1
KHAPRETA_510206,312072.860,2624536.200,132.1800,0.0000,0.2400,0.0153,-1
KHAPRETA_510206,312074.860,2624536.200,132.1700,1.2269,0.2500,0.0160,-1
KHAPRETA_510206,312077.860,2624536.200,132.2000,1.2119,0.2200,0.0141,-1
KHAPRETA_510206,312078.860,2624536.200,132.2000,1.7139,0.2200,0.0141,-1
KHAPRETA_510206,312083.860,2624536.200,132.2300,1.2319,0.1900,0.0121,-1
KHAPRETA_510206,312086.860,2624536.200,132.3400,0.0000,0.0800,0.0051,-1
KHAPRETA_510206,312122.860,2624536.200,132.2400,0.0250,0.1800,0.0115,-1
KHAPRETA_510206,312124.860,2624536.200,132.2100,1.2719,0.2100,0.0134,-1
KHAPRETA_510206,312125.860,2624536.200,132.3200,1.7495,0.1000,0.0064,-1
KHAPRETA_510206,312130.860,2624536.200,131.1900,0.6969,1.2300,0.0786,-1
KHAPRETA_510206,312131.860,2624536.200,131.1700,0.9719,1.2500,0.0799,-1
KHAPRETA_510206,312274.860,2624536.200,132.1600,1.2169,0.2600,0.0166,-1
KHAPRETA_510206,312276.860,2624536.200,132.0600,1.2819,0.3600,0.0230,-1
KHAPRETA_510206,311975.860,2624537.200,129.7500,0.0631,2.6700,0.1706,-1
KHAPRETA_510206,311978.860,2624537.200,129.6400,0.0681,2.7800,0.1776,-1
KHAPRETA_510206,311979.860,2624537.200,129.6400,0.1113,2.7800,0.1776,-1
KHAPRETA_510206,311988.860,2624537.200,129.8900,0.0000,2.5300,0.1617,-1
KHAPRETA_510206,311991.860,2624537.200,129.9400,0.0000,2.4800,0.1585,-1
KHAPRETA_510206,311995.860,2624537.200,130.0100,0.0000,2.4100,0.1540,-1
KHAPRETA_510206,312000.860,2624537.200,130.0600,0.0000,2.3600,0.1508,-1
KHAPRETA_510206,312003.860,2624537.200,130.0000,0.0919,2.4200,0.1546,-1
KHAPRETA_510206,312007.860,2624537.200,130.1300,0.0000,2.2900,0.1463,-1
KHAPRETA_510206,312009.860,2624537.200,130.1100,0.0150,2.3100,0.1476,-1
KHAPRETA_510206,312016.860,2624537.200,130.6700,0.6003,1.7500,0.1118,-1
KHAPRETA_510206,312017.860,2624537.200,130.6200,0.6428,1.8000,0.1150,-1
KHAPRETA_510206,312020.860,2624537.200,130.6700,0.4469,1.7500,0.1118,-1
KHAPRETA_510206,312030.860,2624537.200,130.7800,0.0000,1.6400,0.1048,-1
KHAPRETA_510206,312040.860,2624537.200,130.9900,0.0000,1.4300,0.0914,-1
KHAPRETA_510206,312064.860,2624537.200,131.6800,1.3463,0.7400,0.0473,-1
KHAPRETA_510206,312065.860,2624537.200,131.6900,0.9570,0.7300,0.0466,-1
KHAPRETA_510206,312066.860,2624537.200,131.7000,1.3711,0.7200,0.0460,-1
KHAPRETA_510206,312070.860,2624537.200,132.1600,0.0000,0.2600,0.0166,-1
KHAPRETA_510206,312073.860,2624537.200,132.1000,1.2269,0.3200,0.0204,-1
KHAPRETA_510206,312074.860,2624537.200,132.2300,1.1625,0.1900,0.0121,-1
KHAPRETA_510206,312076.860,2624537.200,132.2300,0.0000,0.1900,0.0121,-1
KHAPRETA_510206,312078.860,2624537.200,132.2000,1.7069,0.2200,0.0141,-1
KHAPRETA_510206,312079.860,2624537.200,132.1800,1.2119,0.2400,0.0153,-1
KHAPRETA_510206,312081.860,2624537.200,132.2000,0.0000,0.2200,0.0141,-1
KHAPRETA_510206,312085.860,2624537.200,132.3300,0.0000,0.0900,0.0058,-1
KHAPRETA_510206,312090.860,2624537.200,132.4000,1.3169,0.0200,0.0013,-1
KHAPRETA_510206,312122.860,2624537.200,132.2900,1.2319,0.1300,0.0083,-1
KHAPRETA_510206,312132.860,2624537.200,131.2200,0.7419,1.2000,0.0767,-1
KHAPRETA_510206,312133.860,2624537.200,131.2600,0.7219,1.1600,0.0741,-1
KHAPRETA_510206,312276.860,2624537.200,132.3400,1.1419,0.0800,0.0051,-1
KHAPRETA_510206,312278.860,2624537.200,132.2100,1.1419,0.2100,0.0134,-1
KHAPRETA_510206,311979.860,2624538.200,129.6000,0.0681,2.8200,0.1802,-1
KHAPRETA_510206,311983.860,2624538.200,129.7200,0.0000,2.7000,0.1725,-1
KHAPRETA_510206,311997.860,2624538.200,129.9300,0.1119,2.4900,0.1591,-1
KHAPRETA_510206,311998.860,2624538.200,130.0000,0.1507,2.4200,0.1546,-1
KHAPRETA_510206,311999.860,2624538.200,130.1200,0.1119,2.3000,0.1470,-1
KHAPRETA_510206,312006.860,2624538.200,130.0900,0.0000,2.3300,0.1489,-1
KHAPRETA_510206,312008.860,2624538.200,130.0600,0.1469,2.3600,0.1508,-1
KHAPRETA_510206,312009.860,2624538.200,130.0700,0.2191,2.3500,0.1502,-1
KHAPRETA_510206,312011.860,2624538.200,130.0600,0.1769,2.3600,0.1508,-1
KHAPRETA_510206,312017.860,2624538.200,130.7000,0.4219,1.7200,0.1099,-1
KHAPRETA_510206,312022.860,2624538.200,130.7300,0.0000,1.6900,0.1080,-1
KHAPRETA_510206,312025.860,2624538.200,130.7700,0.0000,1.6500,0.1054,-1
KHAPRETA_510206,312039.860,2624538.200,130.9000,0.5369,1.5200,0.0971,-1
KHAPRETA_510206,312042.860,2624538.200,131.3400,0.0000,1.0800,0.0690,-1
KHAPRETA_510206,312046.860,2624538.200,131.4500,0.8519,0.9700,0.0620,-1
KHAPRETA_510206,312048.860,2624538.200,131.4500,0.0000,0.9700,0.0620,-1
KHAPRETA_510206,312052.860,2624538.200,131.5400,0.0000,0.8800,0.0562,-1
KHAPRETA_510206,312066.860,2624538.200,131.7400,0.0400,0.6800,0.0435,-1
KHAPRETA_510206,312069.860,2624538.200,132.0700,0.0000,0.3500,0.0224,-1
KHAPRETA_510206,312074.860,2624538.200,132.2400,1.2269,0.1800,0.0115,-1
KHAPRETA_510206,312088.860,2624538.200,132.3700,1.8554,0.0500,0.0032,-1
KHAPRETA_510206,312089.860,2624538.200,132.4100,1.3071,0.0100,0.0006,-1
KHAPRETA_510206,312090.860,2624538.200,132.4100,1.8589,0.0100,0.0006,-1
KHAPRETA_510206,312120.860,2624538.200,132.3700,0.0000,0.0500,0.0032,-1
KHAPRETA_510206,312123.860,2624538.200,132.3800,0.0000,0.0400,0.0026,-1
KHAPRETA_510206,312127.860,2624538.200,132.0100,0.0000,0.4100,0.0262,-1
KHAPRETA_510206,312129.860,2624538.200,131.3100,0.7419,1.1100,0.0709,-1
KHAPRETA_510206,312130.860,2624538.200,131.2600,0.7669,1.1600,0.0741,-1
KHAPRETA_510206,312278.860,2624538.200,132.0600,1.2169,0.3600,0.0230,-1
KHAPRETA_510206,311978.860,2624539.200,129.7600,0.0000,2.6600,0.1700,-1
KHAPRETA_510206,311982.860,2624539.200,129.6000,0.0000,2.8200,0.1802,-1
KHAPRETA_510206,311984.860,2624539.200,129.7200,0.0000,2.7000,0.1725,-1
KHAPRETA_510206,311988.860,2624539.200,129.7400,0.0031,2.6800,0.1712,-1
KHAPRETA_510206,311989.860,2624539.200,129.7700,0.0181,2.6500,0.1693,-1
KHAPRETA_510206,311991.860,2624539.200,130.1900,0.1469,2.2300,0.1425,-1
KHAPRETA_510206,311992.860,2624539.200,130.0700,0.2069,2.3500,0.1502,-1
KHAPRETA_510206,311998.860,2624539.200,130.0100,0.1119,2.4100,0.1540,-1
KHAPRETA_510206,312007.860,2624539.200,130.1200,0.0000,2.3000,0.1470,-1
KHAPRETA_510206,312011.860,2624539.200,130.1300,0.1419,2.2900,0.1463,-1
KHAPRETA_510206,312016.860,2624539.200,130.7000,0.0000,1.7200,0.1099,-1
KHAPRETA_510206,312020.860,2624539.200,130.6700,0.0000,1.7500,0.1118,-1
KHAPRETA_510206,312023.860,2624539.200,130.7300,0.4519,1.6900,0.1080,-1
KHAPRETA_510206,312029.860,2624539.200,130.7400,0.0000,1.6800,0.1073,-1
KHAPRETA_510206,312039.860,2624539.200,130.8500,0.5619,1.5700,0.1003,-1
KHAPRETA_510206,312041.860,2624539.200,131.1900,0.0000,1.2300,0.0786,-1
KHAPRETA_510206,312046.860,2624539.200,131.4800,0.0050,0.9400,0.0601,-1
KHAPRETA_510206,312060.860,2624539.200,131.7000,1.3569,0.7200,0.0460,-1
KHAPRETA_510206,312061.860,2624539.200,131.6900,0.0000,0.7300,0.0466,-1
KHAPRETA_510206,312062.860,2624539.200,131.7000,0.0200,0.7200,0.0460,-1
KHAPRETA_510206,312063.860,2624539.200,131.7300,0.9619,0.6900,0.0441,-1
KHAPRETA_510206,312066.860,2624539.200,131.7800,0.9819,0.6400,0.0409,-1
KHAPRETA_510206,312072.860,2624539.200,132.1900,0.0000,0.2300,0.0147,-1
KHAPRETA_510206,312082.860,2624539.200,132.2500,0.0000,0.1700,0.0109,-1
KHAPRETA_510206,312085.860,2624539.200,132.2300,1.2619,0.1900,0.0121,-1
KHAPRETA_510206,312088.860,2624539.200,132.3900,1.8412,0.0300,0.0019,-1
KHAPRETA_510206,312089.860,2624539.200,132.3900,1.8554,0.0300,0.0019,-1
KHAPRETA_510206,312133.860,2624539.200,131.8900,0.9519,0.5300,0.0339,-1
KHAPRETA_510206,312134.860,2624539.200,131.6800,1.0569,0.7400,0.0473,-1
KHAPRETA_510206,312136.860,2624539.200,132.1700,1.0569,0.2500,0.0160,-1
KHAPRETA_510206,312279.860,2624539.200,132.1800,0.0000,0.2400,0.0153,-1
KHAPRETA_510206,311977.860,2624540.200,129.9100,0.0369,2.5100,0.1604,-1
KHAPRETA_510206,311979.860,2624540.200,129.7400,0.0231,2.6800,0.1712,-1
KHAPRETA_510206,311987.860,2624540.200,129.7100,0.0000,2.7100,0.1732,-1
KHAPRETA_510206,311996.860,2624540.200,129.9500,0.1219,2.4700,0.1578,-1
KHAPRETA_510206,311997.860,2624540.200,130.0200,0.0869,2.4000,0.1534,-1
KHAPRETA_510206,312001.860,2624540.200,129.9800,0.0619,2.4400,0.1559,-1
KHAPRETA_510206,312004.860,2624540.200,130.0600,0.1319,2.3600,0.1508,-1
KHAPRETA_510206,312005.860,2624540.200,130.0400,0.1419,2.3800,0.1521,-1
KHAPRETA_510206,312009.860,2624540.200,130.0800,0.0000,2.3400,0.1495,-1
KHAPRETA_510206,312023.860,2624540.200,130.6800,0.4769,1.7400,0.1112,-1
KHAPRETA_510206,312027.860,2624540.200,130.8000,0.0000,1.6200,0.1035,-1
KHAPRETA_510206,312033.860,2624540.200,130.8400,0.0000,1.5800,0.1010,-1
KHAPRETA_510206,312046.860,2624540.200,131.4600,0.0200,0.9600,0.0613,-1
KHAPRETA_510206,312049.860,2624540.200,131.4800,0.0000,0.9400,0.0601,-1
KHAPRETA_510206,312051.860,2624540.200,131.4900,0.0000,0.9300,0.0594,-1
KHAPRETA_510206,312060.860,2624540.200,131.7000,0.9619,0.7200,0.0460,-1
KHAPRETA_510206,312069.860,2624540.200,131.8000,0.0000,0.6200,0.0396,-1
KHAPRETA_510206,312076.860,2624540.200,132.2400,0.0000,0.1800,0.0115,-1
KHAPRETA_510206,312078.860,2624540.200,132.2700,1.2519,0.1500,0.0096,-1
KHAPRETA_510206,312079.860,2624540.200,132.2800,1.2469,0.1400,0.0089,-1
KHAPRETA_510206,312085.860,2624540.200,132.3000,1.7565,0.1200,0.0077,-1
KHAPRETA_510206,312086.860,2624540.200,132.2900,1.7847,0.1300,0.0083,-1
KHAPRETA_510206,312124.860,2624540.200,132.1600,1.3887,0.2600,0.0166,-1
KHAPRETA_510206,312125.860,2624540.200,131.7300,1.1919,0.6900,0.0441,-1
KHAPRETA_510206,312131.860,2624540.200,131.8600,1.0669,0.5600,0.0358,-1
KHAPRETA_510206,312135.860,2624540.200,131.7200,1.0569,0.7000,0.0447,-1
KHAPRETA_510206,312136.860,2624540.200,131.8900,1.2377,0.5300,0.0339,-1
KHAPRETA_510206,312137.860,2624540.200,132.3500,1.0569,0.0700,0.0045,-1
KHAPRETA_510206,311977.860,2624541.200,129.8500,0.0693,2.5700,0.1642,-1
KHAPRETA_510206,311978.860,2624541.200,129.7400,0.0600,2.6800,0.1712,-1
KHAPRETA_510206,311979.860,2624541.200,129.7300,0.0255,2.6900,0.1719,-1
KHAPRETA_510206,311981.860,2624541.200,129.7600,0.1340,2.6600,0.1700,-1
KHAPRETA_510206,311982.860,2624541.200,129.6700,0.0081,2.7500,0.1757,-1
KHAPRETA_510206,311985.860,2624541.200,129.6900,0.0019,2.7300,0.1744,-1
KHAPRETA_510206,311992.860,2624541.200,130.0200,0.1119,2.4000,0.1534,-1
KHAPRETA_510206,311993.860,2624541.200,130.0000,0.0550,2.4200,0.1546,-1
KHAPRETA_510206,311994.860,2624541.200,129.9100,0.0150,2.5100,0.1604,-1
KHAPRETA_510206,311995.860,2624541.200,129.9700,0.0669,2.4500,0.1565,-1
KHAPRETA_510206,311999.860,2624541.200,130.0000,0.1369,2.4200,0.1546,-1
KHAPRETA_510206,312000.860,2624541.200,130.0500,0.0500,2.3700,0.1514,-1
KHAPRETA_510206,312001.860,2624541.200,129.9000,0.1369,2.5200,0.1610,-1
KHAPRETA_510206,312010.860,2624541.200,130.1100,0.0000,2.3100,0.1476,-1
KHAPRETA_510206,312013.860,2624541.200,130.8500,0.0000,1.5700,0.1003,-1
KHAPRETA_510206,312016.860,2624541.200,130.7000,0.0000,1.7200,0.1099,-1
KHAPRETA_510206,312019.860,2624541.200,130.6900,0.4319,1.7300,0.1105,-1
KHAPRETA_510206,312034.860,2624541.200,130.8700,0.0000,1.5500,0.0990,-1
KHAPRETA_510206,312038.860,2624541.200,130.8600,0.5669,1.5600,0.0997,-1
KHAPRETA_510206,312039.860,2624541.200,130.9100,0.7989,1.5100,0.0965,-1
KHAPRETA_510206,312042.860,2624541.200,130.9600,0.0000,1.4600,0.0933,-1
KHAPRETA_510206,312044.860,2624541.200,131.4900,0.8369,0.9300,0.0594,-1
KHAPRETA_510206,312045.860,2624541.200,131.4500,0.0250,0.9700,0.0620,-1
KHAPRETA_510206,312046.860,2624541.200,131.4400,0.0224,0.9800,0.0626,-1
KHAPRETA_510206,312047.860,2624541.200,131.4900,0.8319,0.9300,0.0594,-1
KHAPRETA_510206,312053.860,2624541.200,131.5600,0.9019,0.8600,0.0550,-1
KHAPRETA_510206,312061.860,2624541.200,131.7200,0.0000,0.7000,0.0447,-1
KHAPRETA_510206,312067.860,2624541.200,131.7700,0.0000,0.6500,0.0415,-1
KHAPRETA_510206,312074.860,2624541.200,132.2000,1.2219,0.2200,0.0141,-1
KHAPRETA_510206,312075.860,2624541.200,132.2200,1.2119,0.2000,0.0128,-1
KHAPRETA_510206,312077.860,2624541.200,132.3200,1.2469,0.1000,0.0064,-1
KHAPRETA_510206,312083.860,2624541.200,132.3500,1.2619,0.0700,0.0045,-1
KHAPRETA_510206,312084.860,2624541.200,132.3000,1.2869,0.1200,0.0077,-1
KHAPRETA_510206,312086.860,2624541.200,132.3000,1.2569,0.1200,0.0077,-1
KHAPRETA_510206,312124.860,2624541.200,131.7500,0.0050,0.6700,0.0428,-1
KHAPRETA_510206,312130.860,2624541.200,131.5600,1.0669,0.8600,0.0550,-1
KHAPRETA_510206,312131.860,2624541.200,131.9100,1.0542,0.5100,0.0326,-1
KHAPRETA_510206,312132.860,2624541.200,131.8800,1.0669,0.5400,0.0345,-1
KHAPRETA_510206,311981.860,2624542.200,129.5300,0.0081,2.8900,0.1847,-1
KHAPRETA_510206,311983.860,2624542.200,129.7200,0.0000,2.7000,0.1725,-1
KHAPRETA_510206,311985.860,2624542.200,129.7800,0.0431,2.6400,0.1687,-1
KHAPRETA_510206,311987.860,2624542.200,129.7300,0.0481,2.6900,0.1719,-1
KHAPRETA_510206,312001.860,2624542.200,129.9800,0.0619,2.4400,0.1559,-1
KHAPRETA_510206,312005.860,2624542.200,129.9900,0.1719,2.4300,0.1553,-1
KHAPRETA_510206,312014.860,2624542.200,130.6600,0.6428,1.7600,0.1125,-1
KHAPRETA_510206,312015.860,2624542.200,130.7000,0.4419,1.7200,0.1099,-1
KHAPRETA_510206,312019.860,2624542.200,130.6400,0.4569,1.7800,0.1137,-1
KHAPRETA_510206,312022.860,2624542.200,130.6600,0.0000,1.7600,0.1125,-1
KHAPRETA_510206,312024.860,2624542.200,130.7800,0.4619,1.6400,0.1048,-1
KHAPRETA_510206,312026.860,2624542.200,130.7900,0.4769,1.6300,0.1042,-1
KHAPRETA_510206,312036.860,2624542.200,130.9200,0.0000,1.5000,0.0958,-1
KHAPRETA_510206,312039.860,2624542.200,130.9500,0.5669,1.4700,0.0939,-1
KHAPRETA_510206,312041.860,2624542.200,130.9000,0.5869,1.5200,0.0971,-1
KHAPRETA_510206,312046.860,2624542.200,131.4800,0.8319,0.9400,0.0601,-1
KHAPRETA_510206,312048.860,2624542.200,131.4800,0.8569,0.9400,0.0601,-1
KHAPRETA_510206,312049.860,2624542.200,131.4900,0.8519,0.9300,0.0594,-1
KHAPRETA_510206,312053.860,2624542.200,131.5800,1.2792,0.8400,0.0537,-1
KHAPRETA_510206,312054.860,2624542.200,131.6100,0.9019,0.8100,0.0518,-1
KHAPRETA_510206,312069.860,2624542.200,131.8400,0.0000,0.5800,0.0371,-1
KHAPRETA_510206,312071.860,2624542.200,132.2500,1.6493,0.1700,0.0109,-1
KHAPRETA_510206,312072.860,2624542.200,132.3000,0.0050,0.1200,0.0077,-1
KHAPRETA_510206,312073.860,2624542.200,132.2400,1.2619,0.1800,0.0115,-1
KHAPRETA_510206,312077.860,2624542.200,132.2700,1.2719,0.1500,0.0096,-1
KHAPRETA_510206,312124.860,2624542.200,132.1700,0.9869,0.2500,0.0160,-1
KHAPRETA_510206,312126.860,2624542.200,131.5500,0.0000,0.8700,0.0556,-1
KHAPRETA_510206,311982.860,2624543.200,129.7000,0.0569,2.7200,0.1738,-1
KHAPRETA_510206,311984.860,2624543.200,129.7700,0.0000,2.6500,0.1693,-1
KHAPRETA_510206,311986.860,2624543.200,129.7600,0.0680,2.6600,0.1700,-1
KHAPRETA_510206,311987.860,2624543.200,129.6800,0.0244,2.7400,0.1751,-1
KHAPRETA_510206,312000.860,2624543.200,129.9400,0.0000,2.4800,0.1585,-1
KHAPRETA_510206,312005.860,2624543.200,130.1200,0.1817,2.3000,0.1470,-1
KHAPRETA_510206,312006.860,2624543.200,130.0700,0.1719,2.3500,0.1502,-1
KHAPRETA_510206,312009.860,2624543.200,130.1200,0.0000,2.3000,0.1470,-1
KHAPRETA_510206,312012.860,2624543.200,130.6300,0.0000,1.7900,0.1144,-1
KHAPRETA_510206,312014.860,2624543.200,130.6700,0.4419,1.7500,0.1118,-1
KHAPRETA_510206,312017.860,2624543.200,130.7100,0.0000,1.7100,0.1093,-1
KHAPRETA_510206,312020.860,2624543.200,130.7100,0.0000,1.7100,0.1093,-1
KHAPRETA_510206,312024.860,2624543.200,130.7000,0.0300,1.7200,0.1099,-1
KHAPRETA_510206,312026.860,2624543.200,130.7300,0.7276,1.6900,0.1080,-1
KHAPRETA_510206,312027.860,2624543.200,130.8200,0.0300,1.6000,0.1022,-1
KHAPRETA_510206,312028.860,2624543.200,130.7900,0.0050,1.6300,0.1042,-1
KHAPRETA_510206,312029.860,2624543.200,130.8100,0.7169,1.6100,0.1029,-1
KHAPRETA_510206,312031.860,2624543.200,130.8900,0.5569,1.5300,0.0978,-1
KHAPRETA_510206,312032.860,2624543.200,130.8900,0.0200,1.5300,0.0978,-1
KHAPRETA_510206,312033.860,2624543.200,130.8500,0.0150,1.5700,0.1003,-1
KHAPRETA_510206,312034.860,2624543.200,130.8600,0.5369,1.5600,0.0997,-1
KHAPRETA_510206,312038.860,2624543.200,130.9100,0.0000,1.5100,0.0965,-1
KHAPRETA_510206,312041.860,2624543.200,130.9500,0.0250,1.4700,0.0939,-1
KHAPRETA_510206,312045.860,2624543.200,131.5300,0.0000,0.8900,0.0569,-1
KHAPRETA_510206,312052.860,2624543.200,131.6100,0.0000,0.8100,0.0518,-1
KHAPRETA_510206,312071.860,2624543.200,131.9000,1.2369,0.5200,0.0332,-1
KHAPRETA_510206,312074.860,2624543.200,132.2400,0.0000,0.1800,0.0115,-1
KHAPRETA_510206,312078.860,2624543.200,132.3000,0.0000,0.1200,0.0077,-1
KHAPRETA_510206,312081.860,2624543.200,132.3100,0.0000,0.1100,0.0070,-1
KHAPRETA_510206,312084.860,2624543.200,132.3600,0.0000,0.0600,0.0038,-1
KHAPRETA_510206,312121.860,2624543.200,132.2300,0.0000,0.1900,0.0121,-1
KHAPRETA_510206,312125.860,2624543.200,131.7100,0.0000,0.7100,0.0454,-1
KHAPRETA_510206,311982.860,2624544.200,129.8900,0.0200,2.5300,0.1617,-1
KHAPRETA_510206,311986.860,2624544.200,129.6800,0.0081,2.7400,0.1751,-1
KHAPRETA_510206,311988.860,2624544.200,129.6900,0.0331,2.7300,0.1744,-1
KHAPRETA_510206,311989.860,2624544.200,129.7100,0.0431,2.7100,0.1732,-1
KHAPRETA_510206,311992.860,2624544.200,129.7300,0.0000,2.6900,0.1719,-1
KHAPRETA_510206,311996.860,2624544.200,130.0100,0.1069,2.4100,0.1540,-1
KHAPRETA_510206,312001.860,2624544.200,129.9600,0.0000,2.4600,0.1572,-1
KHAPRETA_510206,312003.860,2624544.200,129.9500,0.0000,2.4700,0.1578,-1
KHAPRETA_510206,312010.860,2624544.200,130.6900,0.0000,1.7300,0.1105,-1
KHAPRETA_510206,312018.860,2624544.200,130.7000,0.4669,1.7200,0.1099,-1
KHAPRETA_510206,312021.860,2624544.200,130.7100,0.6997,1.7100,0.1093,-1
KHAPRETA_510206,312022.860,2624544.200,130.8000,0.4669,1.6200,0.1035,-1
KHAPRETA_510206,312024.860,2624544.200,130.7200,0.4619,1.7000,0.1086,-1
KHAPRETA_510206,312029.860,2624544.200,130.7900,0.5169,1.6300,0.1042,-1
KHAPRETA_510206,312035.860,2624544.200,130.8900,0.5819,1.5300,0.0978,-1
KHAPRETA_510206,312040.860,2624544.200,130.9400,0.8160,1.4800,0.0946,-1
KHAPRETA_510206,312041.860,2624544.200,130.9500,0.8265,1.4700,0.0939,-1
KHAPRETA_510206,312048.860,2624544.200,131.4900,0.8719,0.9300,0.0594,-1
KHAPRETA_510206,312051.860,2624544.200,131.5600,0.0000,0.8600,0.0550,-1
KHAPRETA_510206,312058.860,2624544.200,131.7000,0.0000,0.7200,0.0460,-1
KHAPRETA_510206,312062.860,2624544.200,131.7600,0.9969,0.6600,0.0422,-1
KHAPRETA_510206,312065.860,2624544.200,131.8200,0.0000,0.6000,0.0383,-1
KHAPRETA_510206,312070.860,2624544.200,131.8400,0.0000,0.5800,0.0371,-1
KHAPRETA_510206,312076.860,2624544.200,132.2900,1.2469,0.1300,0.0083,-1
KHAPRETA_510206,312079.860,2624544.200,132.2900,0.0000,0.1300,0.0083,-1
KHAPRETA_510206,312122.860,2624544.200,132.1000,0.0000,0.3200,0.0204,-1
KHAPRETA_510206,312128.860,2624544.200,131.8100,1.0769,0.6100,0.0390,-1
KHAPRETA_510206,312132.860,2624544.200,131.8900,1.0769,0.5300,0.0339,-1
KHAPRETA_510206,311981.860,2624545.200,129.7900,0.0181,2.6300,0.1681,-1
KHAPRETA_510206,311982.860,2624545.200,129.7400,0.0803,2.6800,0.1712,-1
KHAPRETA_510206,311985.860,2624545.200,129.7800,0.0000,2.6400,0.1687,-1
KHAPRETA_510206,311996.860,2624545.200,129.9900,0.1169,2.4300,0.1553,-1
KHAPRETA_510206,312002.860,2624545.200,130.0000,0.0000,2.4200,0.1546,-1
KHAPRETA_510206,312015.860,2624545.200,130.5900,0.4369,1.8300,0.1169,-1
KHAPRETA_510206,312017.860,2624545.200,130.6600,0.4669,1.7600,0.1125,-1
KHAPRETA_510206,312018.860,2624545.200,130.7100,0.0158,1.7100,0.1093,-1
KHAPRETA_510206,312019.860,2624545.200,130.6900,0.0000,1.7300,0.1105,-1
KHAPRETA_510206,312020.860,2624545.200,130.7100,0.0200,1.7100,0.1093,-1
KHAPRETA_510206,312021.860,2624545.200,130.7300,0.6604,1.6900,0.1080,-1
KHAPRETA_510206,312033.860,2624545.200,130.9000,0.5669,1.5200,0.0971,-1
KHAPRETA_510206,312035.860,2624545.200,130.9400,0.5569,1.4800,0.0946,-1
KHAPRETA_510206,312039.860,2624545.200,130.8800,0.5669,1.5400,0.0984,-1
KHAPRETA_510206,312040.860,2624545.200,130.9100,0.8021,1.5100,0.0965,-1
KHAPRETA_510206,312044.860,2624545.200,130.9900,0.0000,1.4300,0.0914,-1
KHAPRETA_510206,312046.860,2624545.200,131.4400,0.0000,0.9800,0.0626,-1
KHAPRETA_510206,312048.860,2624545.200,131.5200,0.8569,0.9000,0.0575,-1
KHAPRETA_510206,312052.860,2624545.200,131.6000,0.0000,0.8200,0.0524,-1
KHAPRETA_510206,312054.860,2624545.200,131.6300,0.0000,0.7900,0.0505,-1
KHAPRETA_510206,312062.860,2624545.200,131.7700,0.9919,0.6500,0.0415,-1
KHAPRETA_510206,312071.860,2624545.200,131.9800,0.0000,0.4400,0.0281,-1
KHAPRETA_510206,312073.860,2624545.200,132.2200,0.0000,0.2000,0.0128,-1
KHAPRETA_510206,312076.860,2624545.200,132.2700,1.8025,0.1500,0.0096,-1
KHAPRETA_510206,312077.860,2624545.200,132.3600,1.2469,0.0600,0.0038,-1
KHAPRETA_510206,312080.860,2624545.200,132.3000,1.2719,0.1200,0.0077,-1
KHAPRETA_510206,312081.860,2624545.200,132.3200,1.2619,0.1000,0.0064,-1
KHAPRETA_510206,312123.860,2624545.200,131.9200,0.0000,0.5000,0.0319,-1
KHAPRETA_510206,312125.860,2624545.200,131.8000,0.0000,0.6200,0.0396,-1
KHAPRETA_510206,312128.860,2624545.200,131.9300,0.1850,0.4900,0.0313,-1
KHAPRETA_510206,312130.860,2624545.200,131.8900,0.0000,0.5300,0.0339,-1
KHAPRETA_510206,312132.860,2624545.200,131.9300,0.0600,0.4900,0.0313,-1
KHAPRETA_510206,311982.860,2624546.200,129.7300,0.0400,2.6900,0.1719,-1
KHAPRETA_510206,311986.860,2624546.200,129.7000,0.0469,2.7200,0.1738,-1
KHAPRETA_510206,311987.860,2624546.200,129.8700,0.0381,2.5500,0.1629,-1
KHAPRETA_510206,311990.860,2624546.200,129.6800,0.0181,2.7400,0.1751,-1
KHAPRETA_510206,311994.860,2624546.200,130.0300,0.0000,2.3900,0.1527,-1
KHAPRETA_510206,311999.860,2624546.200,130.0600,0.0000,2.3600,0.1508,-1
KHAPRETA_510206,312001.860,2624546.200,130.0300,0.0000,2.3900,0.1527,-1
KHAPRETA_510206,312009.860,2624546.200,130.6500,0.4369,1.7700,0.1131,-1
KHAPRETA_510206,312012.860,2624546.200,130.7600,0.4269,1.6600,0.1061,-1
KHAPRETA_510206,312014.860,2624546.200,130.6400,0.4369,1.7800,0.1137,-1
KHAPRETA_510206,312015.860,2624546.200,130.6500,0.5934,1.7700,0.1131,-1
KHAPRETA_510206,312018.860,2624546.200,130.7100,0.4669,1.7100,0.1093,-1
KHAPRETA_510206,312033.860,2624546.200,130.9100,0.5619,1.5100,0.0965,-1
KHAPRETA_510206,312043.860,2624546.200,130.9500,0.6069,1.4700,0.0939,-1
KHAPRETA_510206,312045.860,2624546.200,130.9900,0.0000,1.4300,0.0914,-1
KHAPRETA_510206,312055.860,2624546.200,131.6300,0.0000,0.7900,0.0505,-1
KHAPRETA_510206,312064.860,2624546.200,131.8400,0.0000,0.5800,0.0371,-1
KHAPRETA_510206,312066.860,2624546.200,131.8900,1.0269,0.5300,0.0339,-1
KHAPRETA_510206,312067.860,2624546.200,131.8300,1.0569,0.5900,0.0377,-1
KHAPRETA_510206,312075.860,2624546.200,132.2900,1.2769,0.1300,0.0083,-1
KHAPRETA_510206,312120.860,2624546.200,132.2500,0.0000,0.1700,0.0109,-1
KHAPRETA_510206,312122.860,2624546.200,131.9500,0.0000,0.4700,0.0300,-1
KHAPRETA_510206,312127.860,2624546.200,132.2500,1.2019,0.1700,0.0109,-1
KHAPRETA_510206,312128.860,2624546.200,132.1800,1.2373,0.2400,0.0153,-1
KHAPRETA_510206,312131.860,2624546.200,131.9600,1.1169,0.4600,0.0294,-1
KHAPRETA_510206,312132.860,2624546.200,132.0100,1.5337,0.4100,0.0262,-1
KHAPRETA_510206,311979.860,2624547.200,129.5900,0.0331,2.8300,0.1808,-1
KHAPRETA_510206,311980.860,2624547.200,129.7100,0.0931,2.7100,0.1732,-1
KHAPRETA_510206,311982.860,2624547.200,129.8200,0.0233,2.6000,0.1661,-1
KHAPRETA_510206,311983.860,2624547.200,129.7700,0.0219,2.6500,0.1693,-1
KHAPRETA_510206,311990.860,2624547.200,129.7400,0.0481,2.6800,0.1712,-1
KHAPRETA_510206,311992.860,2624547.200,129.8100,0.0000,2.6100,0.1668,-1
KHAPRETA_510206,312000.860,2624547.200,130.0200,0.1169,2.4000,0.1534,-1
KHAPRETA_510206,312005.860,2624547.200,130.0700,0.1419,2.3500,0.1502,-1
KHAPRETA_510206,312009.860,2624547.200,130.6500,0.4369,1.7700,0.1131,-1
KHAPRETA_510206,312012.860,2624547.200,130.6300,0.7028,1.7900,0.1144,-1
KHAPRETA_510206,312013.860,2624547.200,130.7800,0.4269,1.6400,0.1048,-1
KHAPRETA_510206,312023.860,2624547.200,130.7700,0.5119,1.6500,0.1054,-1
KHAPRETA_510206,312024.860,2624547.200,130.8000,0.4969,1.6200,0.1035,-1
KHAPRETA_510206,312026.860,2624547.200,130.8400,0.4969,1.5800,0.1010,-1
KHAPRETA_510206,312027.860,2624547.200,130.7700,0.5220,1.6500,0.1054,-1
KHAPRETA_510206,312028.860,2624547.200,130.8200,0.4969,1.6000,0.1022,-1
KHAPRETA_510206,312034.860,2624547.200,130.9100,0.0000,1.5100,0.0965,-1
KHAPRETA_510206,312043.860,2624547.200,130.9900,0.5869,1.4300,0.0914,-1
KHAPRETA_510206,312048.860,2624547.200,131.5300,0.8819,0.8900,0.0569,-1
KHAPRETA_510206,312049.860,2624547.200,131.5400,0.8769,0.8800,0.0562,-1
KHAPRETA_510206,312052.860,2624547.200,131.5800,0.0000,0.8400,0.0537,-1
KHAPRETA_510206,312057.860,2624547.200,131.7000,0.0000,0.7200,0.0460,-1
KHAPRETA_510206,312063.860,2624547.200,131.8600,1.0469,0.5600,0.0358,-1
KHAPRETA_510206,312069.860,2624547.200,131.8800,0.0000,0.5400,0.0345,-1
KHAPRETA_510206,312074.860,2624547.200,132.0200,1.2769,0.4000,0.0256,-1
KHAPRETA_510206,312075.860,2624547.200,132.3300,1.6848,0.0900,0.0058,-1
KHAPRETA_510206,312124.860,2624547.200,131.9600,0.0000,0.4600,0.0294,-1
KHAPRETA_510206,312126.860,2624547.200,132.1000,0.0000,0.3200,0.0204,-1
KHAPRETA_510206,312128.860,2624547.200,131.9900,1.2019,0.4300,0.0275,-1
KHAPRETA_510206,311981.860,2624548.200,129.8400,0.0000,2.5800,0.1649,-1
KHAPRETA_510206,311985.860,2624548.200,129.7200,0.0000,2.7000,0.1725,-1
KHAPRETA_510206,311989.860,2624548.200,129.7700,0.0069,2.6500,0.1693,-1
KHAPRETA_510206,311994.860,2624548.200,129.8600,0.0000,2.5600,0.1636,-1
KHAPRETA_510206,312000.860,2624548.200,130.0100,0.1219,2.4100,0.1540,-1
KHAPRETA_510206,312004.860,2624548.200,130.0100,0.1419,2.4100,0.1540,-1
KHAPRETA_510206,312005.860,2624548.200,130.0600,0.1878,2.3600,0.1508,-1
KHAPRETA_510206,312007.860,2624548.200,130.0300,0.1269,2.3900,0.1527,-1
KHAPRETA_510206,312011.860,2624548.200,130.8600,0.0000,1.5600,0.0997,-1
KHAPRETA_510206,312016.860,2624548.200,130.7300,0.4819,1.6900,0.1080,-1
KHAPRETA_510206,312017.860,2624548.200,130.7400,0.5026,1.6800,0.1073,-1
KHAPRETA_510206,312018.860,2624548.200,130.6800,0.4819,1.7400,0.1112,-1
KHAPRETA_510206,312020.860,2624548.200,130.7300,0.4919,1.6900,0.1080,-1
KHAPRETA_510206,312027.860,2624548.200,130.8200,0.4969,1.6000,0.1022,-1
KHAPRETA_510206,312033.860,2624548.200,130.9000,0.0000,1.5200,0.0971,-1
KHAPRETA_510206,312036.860,2624548.200,130.9000,0.0000,1.5200,0.0971,-1
KHAPRETA_510206,312044.860,2624548.200,130.9700,0.6219,1.4500,0.0927,-1
KHAPRETA_510206,312063.860,2624548.200,131.8700,1.0419,0.5500,0.0351,-1
KHAPRETA_510206,312072.860,2624548.200,132.2100,0.0000,0.2100,0.0134,-1
KHAPRETA_510206,312123.860,2624548.200,132.1500,0.0000,0.2700,0.0173,-1
KHAPRETA_510206,312131.860,2624548.200,132.1100,0.0000,0.3100,0.0198,-1
KHAPRETA_510206,311980.860,2624549.200,129.9000,0.0000,2.5200,0.1610,-1
KHAPRETA_510206,311984.860,2624549.200,129.8000,0.0000,2.6200,0.1674,-1
KHAPRETA_510206,311989.860,2624549.200,129.7900,0.0031,2.6300,0.1681,-1
KHAPRETA_510206,311997.860,2624549.200,130.0500,0.0000,2.3700,0.1514,-1
KHAPRETA_510206,311999.860,2624549.200,130.0300,0.0000,2.3900,0.1527,-1
KHAPRETA_510206,312007.860,2624549.200,130.0300,0.5053,2.3900,0.1527,-1
KHAPRETA_510206,312008.860,2624549.200,130.6600,0.1269,1.7600,0.1125,-1
KHAPRETA_510206,312017.860,2624549.200,130.7800,0.4819,1.6400,0.1048,-1
KHAPRETA_510206,312020.860,2624549.200,130.7600,0.4769,1.6600,0.1061,-1
KHAPRETA_510206,312022.860,2624549.200,130.7200,0.5319,1.7000,0.1086,-1
KHAPRETA_510206,312023.860,2624549.200,130.8400,0.4719,1.5800,0.1010,-1
KHAPRETA_510206,312030.860,2624549.200,130.9300,0.5219,1.4900,0.0952,-1
KHAPRETA_510206,312031.860,2624549.200,130.8200,0.5769,1.6000,0.1022,-1
KHAPRETA_510206,312037.860,2624549.200,130.9300,0.0000,1.4900,0.0952,-1
KHAPRETA_510206,312042.860,2624549.200,130.9600,0.5919,1.4600,0.0933,-1
KHAPRETA_510206,312043.860,2624549.200,130.9600,0.0300,1.4600,0.0933,-1
KHAPRETA_510206,312044.860,2624549.200,131.0200,0.8407,1.4000,0.0895,-1
KHAPRETA_510206,312050.860,2624549.200,131.5300,0.0000,0.8900,0.0569,-1
KHAPRETA_510206,312054.860,2624549.200,131.6900,0.9469,0.7300,0.0466,-1
KHAPRETA_510206,312065.860,2624549.200,131.9000,1.0519,0.5200,0.0332,-1
KHAPRETA_510206,312067.860,2624549.200,131.8700,1.0569,0.5500,0.0351,-1
KHAPRETA_510206,312078.860,2624549.200,132.4200,0.0000,0.0000,0.0000,-1
KHAPRETA_510206,312120.860,2624549.200,132.1800,0.0000,0.2400,0.0153,-1
KHAPRETA_510206,312126.860,2624549.200,132.2600,0.0000,0.1600,0.0102,-1
KHAPRETA_510206,312129.860,2624549.200,132.3600,1.3019,0.0600,0.0038,-1
KHAPRETA_510206,311990.860,2624550.200,129.7600,0.0019,2.6600,0.1700,-1
KHAPRETA_510206,311991.860,2624550.200,129.7800,0.0122,2.6400,0.1687,-1
KHAPRETA_510206,311992.860,2624550.200,129.7800,0.0019,2.6400,0.1687,-1
KHAPRETA_510206,311996.860,2624550.200,129.8500,0.0000,2.5700,0.1642,-1
KHAPRETA_510206,312003.860,2624550.200,129.9700,0.0000,2.4500,0.1565,-1
KHAPRETA_510206,312005.860,2624550.200,130.0000,0.2009,2.4200,0.1546,-1
KHAPRETA_510206,312006.860,2624550.200,130.0500,0.2600,2.3700,0.1514,-1
KHAPRETA_510206,312007.860,2624550.200,130.5200,0.1867,1.9000,0.1214,-1
KHAPRETA_510206,312014.860,2624550.200,130.9200,0.0000,1.5000,0.0958,-1
KHAPRETA_510206,312016.860,2624550.200,130.9000,0.0000,1.5200,0.0971,-1
KHAPRETA_510206,312018.860,2624550.200,130.7000,0.6852,1.7200,0.1099,-1
KHAPRETA_510206,312019.860,2624550.200,130.7300,0.6676,1.6900,0.1080,-1
KHAPRETA_510206,312024.860,2624550.200,130.8000,0.4969,1.6200,0.1035,-1
KHAPRETA_510206,312028.860,2624550.200,130.8700,0.5419,1.5500,0.0990,-1
KHAPRETA_510206,312029.860,2624550.200,130.8600,0.5469,1.5600,0.0997,-1
KHAPRETA_510206,312034.860,2624550.200,130.9100,0.0000,1.5100,0.0965,-1
KHAPRETA_510206,312036.860,2624550.200,130.9100,0.0000,1.5100,0.0965,-1
KHAPRETA_510206,312045.860,2624550.200,130.9600,0.0000,1.4600,0.0933,-1
KHAPRETA_510206,312053.860,2624550.200,131.6100,0.9469,0.8100,0.0518,-1
KHAPRETA_510206,312054.860,2624550.200,131.6700,0.9571,0.7500,0.0479,-1
KHAPRETA_510206,312055.860,2624550.200,131.6400,0.9469,0.7800,0.0498,-1
KHAPRETA_510206,312060.860,2624550.200,131.8200,0.0000,0.6000,0.0383,-1
KHAPRETA_510206,312065.860,2624550.200,131.8800,1.0619,0.5400,0.0345,-1
KHAPRETA_510206,312067.860,2624550.200,131.8900,1.4912,0.5300,0.0339,-1
KHAPRETA_510206,312068.860,2624550.200,131.9000,1.0569,0.5200,0.0332,-1
KHAPRETA_510206,312070.860,2624550.200,131.9100,0.0000,0.5100,0.0326,-1
KHAPRETA_510206,312072.860,2624550.200,131.9300,0.0000,0.4900,0.0313,-1
KHAPRETA_510206,312075.860,2624550.200,132.0100,0.0000,0.4100,0.0262,-1
KHAPRETA_510206,312077.860,2624550.200,132.3800,0.0000,0.0400,0.0026,-1
KHAPRETA_510206,312116.860,2624550.200,132.3500,1.2669,0.0700,0.0045,-1
KHAPRETA_510206,312117.860,2624550.200,132.3100,1.8271,0.1100,0.0070,-1
KHAPRETA_510206,312122.860,2624550.200,132.2400,0.0000,0.1800,0.0115,-1
KHAPRETA_510206,312129.860,2624550.200,132.3800,1.2919,0.0400,0.0026,-1
KHAPRETA_510206,311986.860,2624551.200,129.6900,0.0131,2.7300,0.1744,-1
KHAPRETA_510206,311991.860,2624551.200,129.7900,0.0019,2.6300,0.1681,-1
KHAPRETA_510206,311997.860,2624551.200,130.0400,0.0000,2.3800,0.1521,-1
KHAPRETA_510206,312000.860,2624551.200,130.0100,0.0969,2.4100,0.1540,-1
KHAPRETA_510206,312005.860,2624551.200,130.0700,0.1119,2.3500,0.1502,-1
KHAPRETA_510206,312009.860,2624551.200,130.9800,0.5819,1.4400,0.0920,-1
KHAPRETA_510206,312010.860,2624551.200,130.9400,0.6019,1.4800,0.0946,-1
KHAPRETA_510206,312012.860,2624551.200,131.0400,0.0000,1.3800,0.0882,-1
KHAPRETA_510206,312015.860,2624551.200,130.9300,0.0000,1.4900,0.0952,-1
KHAPRETA_510206,312018.860,2624551.200,130.7600,0.6676,1.6600,0.1061,-1
KHAPRETA_510206,312019.860,2624551.200,130.7400,0.6852,1.6800,0.1073,-1
KHAPRETA_510206,312022.860,2624551.200,130.7900,0.0000,1.6300,0.1042,-1
KHAPRETA_510206,312024.860,2624551.200,130.7700,0.0000,1.6500,0.1054,-1
KHAPRETA_510206,312051.860,2624551.200,131.5900,0.9069,0.8300,0.0530,-1
KHAPRETA_510206,312052.860,2624551.200,131.5900,0.9069,0.8300,0.0530,-1
KHAPRETA_510206,312066.860,2624551.200,131.9200,0.0000,0.5000,0.0319,-1
KHAPRETA_510206,312115.860,2624551.200,132.3700,0.0000,0.0500,0.0032,-1
KHAPRETA_510206,312117.860,2624551.200,132.3700,0.0300,0.0500,0.0032,-1
KHAPRETA_510206,311984.860,2624552.200,129.8200,0.0000,2.6000,0.1661,-1
KHAPRETA_510206,311986.860,2624552.200,129.7500,0.0431,2.6700,0.1706,-1
KHAPRETA_510206,311988.860,2624552.200,129.7600,0.0000,2.6600,0.1700,-1
KHAPRETA_510206,311998.860,2624552.200,129.9700,0.1219,2.4500,0.1565,-1
KHAPRETA_510206,312000.860,2624552.200,129.9700,0.1488,2.4500,0.1565,-1
KHAPRETA_510206,312001.860,2624552.200,129.9600,0.0969,2.4600,0.1572,-1
KHAPRETA_510206,312004.860,2624552.200,130.1400,0.1669,2.2800,0.1457,-1
KHAPRETA_510206,312006.860,2624552.200,130.7800,0.6923,1.6400,0.1048,-1
KHAPRETA_510206,312007.860,2624552.200,130.7700,0.5019,1.6500,0.1054,-1
KHAPRETA_510206,312017.860,2624552.200,130.7300,0.0000,1.6900,0.1080,-1
KHAPRETA_510206,312024.860,2624552.200,130.8000,0.7316,1.6200,0.1035,-1
KHAPRETA_510206,312025.860,2624552.200,130.8500,0.7347,1.5700,0.1003,-1
KHAPRETA_510206,312034.860,2624552.200,130.9200,0.0000,1.5000,0.0958,-1
KHAPRETA_510206,312036.860,2624552.200,130.9200,0.5719,1.5000,0.0958,-1
KHAPRETA_510206,312037.860,2624552.200,130.9200,0.8124,1.5000,0.0958,-1
KHAPRETA_510206,312057.860,2624552.200,131.7600,0.0000,0.6600,0.0422,-1
KHAPRETA_510206,312060.860,2624552.200,131.8000,1.0469,0.6200,0.0396,-1
KHAPRETA_510206,312061.860,2624552.200,131.8700,1.0119,0.5500,0.0351,-1
KHAPRETA_510206,312063.860,2624552.200,131.8700,1.0369,0.5500,0.0351,-1
KHAPRETA_510206,312064.860,2624552.200,131.8500,0.0150,0.5700,0.0364,-1
KHAPRETA_510206,312065.860,2624552.200,131.9000,1.0369,0.5200,0.0332,-1
KHAPRETA_510206,312069.860,2624552.200,131.9600,1.0969,0.4600,0.0294,-1
KHAPRETA_510206,312073.860,2624552.200,131.9800,0.0000,0.4400,0.0281,-1
KHAPRETA_510206,312077.860,2624552.200,132.3600,0.0000,0.0600,0.0038,-1
KHAPRETA_510206,312117.860,2624552.200,132.3700,1.2969,0.0500,0.0032,-1
KHAPRETA_510206,311990.860,2624553.200,129.8300,0.0000,2.5900,0.1655,-1
KHAPRETA_510206,311992.860,2624553.200,129.7300,0.0119,2.6900,0.1719,-1
KHAPRETA_510206,311993.860,2624553.200,129.8000,0.0231,2.6200,0.1674,-1
KHAPRETA_510206,311998.860,2624553.200,130.0200,0.1637,2.4000,0.1534,-1
KHAPRETA_510206,311999.860,2624553.200,130.0400,0.1219,2.3800,0.1521,-1
KHAPRETA_510206,312004.860,2624553.200,130.1100,0.4687,2.3100,0.1476,-1
KHAPRETA_510206,312005.860,2624553.200,130.6400,0.5468,1.7800,0.1137,-1
KHAPRETA_510206,312006.860,2624553.200,130.7400,0.6622,1.6800,0.1073,-1
KHAPRETA_510206,312009.860,2624553.200,131.0200,0.8619,1.4000,0.0895,-1
KHAPRETA_510206,312010.860,2624553.200,130.9800,0.6021,1.4400,0.0920,-1
KHAPRETA_510206,312011.860,2624553.200,130.9900,0.6019,1.4300,0.0914,-1
KHAPRETA_510206,312013.860,2624553.200,130.9900,0.0000,1.4300,0.0914,-1
KHAPRETA_510206,312025.860,2624553.200,130.8300,0.5369,1.5900,0.1016,-1
KHAPRETA_510206,312035.860,2624553.200,130.9600,0.5819,1.4600,0.0933,-1
KHAPRETA_510206,312037.860,2624553.200,130.9300,0.5719,1.4900,0.0952,-1
KHAPRETA_510206,312045.860,2624553.200,131.0000,0.6269,1.4200,0.0907,-1
KHAPRETA_510206,312050.860,2624553.200,131.2200,0.0000,1.2000,0.0767,-1
KHAPRETA_510206,312054.860,2624553.200,131.6800,0.0000,0.7400,0.0473,-1
KHAPRETA_510206,312069.860,2624553.200,131.9700,1.0919,0.4500,0.0288,-1
KHAPRETA_510206,312071.860,2624553.200,132.0400,1.5513,0.3800,0.0243,-1
KHAPRETA_510206,312072.860,2624553.200,131.9700,1.1319,0.4500,0.0288,-1
KHAPRETA_510206,311996.860,2624554.200,129.8200,0.0069,2.6000,0.1661,-1
KHAPRETA_510206,311997.860,2624554.200,129.7900,0.0219,2.6300,0.1681,-1
KHAPRETA_510206,312005.860,2624554.200,130.6700,0.4319,1.7500,0.1118,-1
KHAPRETA_510206,312009.860,2624554.200,131.0100,0.6025,1.4100,0.0901,-1
KHAPRETA_510206,312010.860,2624554.200,130.9800,0.8619,1.4400,0.0920,-1
KHAPRETA_510206,312014.860,2624554.200,130.8600,0.6419,1.5600,0.0997,-1
KHAPRETA_510206,312015.860,2624554.200,131.0600,0.5990,1.3600,0.0869,-1
KHAPRETA_510206,312016.860,2624554.200,130.9600,0.6419,1.4600,0.0933,-1
KHAPRETA_510206,312028.860,2624554.200,130.8700,0.0000,1.5500,0.0990,-1
KHAPRETA_510206,312035.860,2624554.200,130.9400,0.5919,1.4800,0.0946,-1
KHAPRETA_510206,312039.860,2624554.200,130.9700,0.0000,1.4500,0.0927,-1
KHAPRETA_510206,312044.860,2624554.200,131.0100,0.6269,1.4100,0.0901,-1
KHAPRETA_510206,312045.860,2624554.200,131.0300,0.6120,1.3900,0.0888,-1
KHAPRETA_510206,312046.860,2624554.200,131.0200,0.6269,1.4000,0.0895,-1
KHAPRETA_510206,312055.860,2624554.200,131.7100,0.0000,0.7100,0.0454,-1
KHAPRETA_510206,312059.860,2624554.200,131.8000,0.9919,0.6200,0.0396,-1
KHAPRETA_510206,312060.860,2624554.200,131.7600,0.0250,0.6600,0.0422,-1
KHAPRETA_510206,312061.860,2624554.200,131.8500,0.9919,0.5700,0.0364,-1
KHAPRETA_510206,312068.860,2624554.200,131.9600,0.0000,0.4600,0.0294,-1
KHAPRETA_510206,312070.860,2624554.200,131.9800,1.5871,0.4400,0.0281,-1
KHAPRETA_510206,312071.860,2624554.200,131.9700,1.5797,0.4500,0.0288,-1
KHAPRETA_510206,312073.860,2624554.200,131.9800,0.0000,0.4400,0.0281,-1
KHAPRETA_510206,312076.860,2624554.200,132.1100,0.0000,0.3100,0.0198,-1
KHAPRETA_510206,311987.860,2624555.200,129.9800,0.0000,2.4400,0.1559,-1
KHAPRETA_510206,311993.860,2624555.200,129.7900,0.0319,2.6300,0.1681,-1
KHAPRETA_510206,311994.860,2624555.200,129.8400,0.0069,2.5800,0.1649,-1
KHAPRETA_510206,312000.860,2624555.200,129.9800,0.0000,2.4400,0.1559,-1
KHAPRETA_510206,312003.860,2624555.200,130.1500,0.0000,2.2700,0.1450,-1
KHAPRETA_510206,312007.860,2624555.200,131.0300,0.0000,1.3900,0.0888,-1
KHAPRETA_510206,312009.860,2624555.200,131.0700,0.6169,1.3500,0.0863,-1
KHAPRETA_510206,312015.860,2624555.200,130.9700,0.6419,1.4500,0.0927,-1
KHAPRETA_510206,312017.860,2624555.200,130.9800,0.5569,1.4400,0.0920,-1
KHAPRETA_510206,312018.860,2624555.200,130.8900,0.6019,1.5300,0.0978,-1
KHAPRETA_510206,312020.860,2624555.200,130.8300,0.7205,1.5900,0.1016,-1
KHAPRETA_510206,312021.860,2624555.200,130.8000,0.5269,1.6200,0.1035,-1
KHAPRETA_510206,312025.860,2624555.200,130.8200,0.5069,1.6000,0.1022,-1
KHAPRETA_510206,312026.860,2624555.200,130.7900,0.7669,1.6300,0.1042,-1
KHAPRETA_510206,312032.860,2624555.200,131.0100,0.0000,1.4100,0.0901,-1
KHAPRETA_510206,312048.860,2624555.200,131.0300,0.6369,1.3900,0.0888,-1
KHAPRETA_510206,312050.860,2624555.200,131.0600,0.8019,1.3600,0.0869,-1
KHAPRETA_510206,312051.860,2624555.200,131.3800,0.6419,1.0400,0.0665,-1
KHAPRETA_510206,312056.860,2624555.200,131.7100,1.3745,0.7100,0.0454,-1
KHAPRETA_510206,312057.860,2624555.200,131.7300,1.3852,0.6900,0.0441,-1
KHAPRETA_510206,312062.860,2624555.200,131.8500,0.0000,0.5700,0.0364,-1
KHAPRETA_510206,312069.860,2624555.200,132.0000,1.5975,0.4200,0.0268,-1
KHAPRETA_510206,312070.860,2624555.200,132.0700,1.1120,0.3500,0.0224,-1
KHAPRETA_510206,311984.860,2624556.200,129.6800,0.0869,2.7400,0.1751,-1
KHAPRETA_510206,311985.860,2624556.200,129.9500,0.0481,2.4700,0.1578,-1
KHAPRETA_510206,311990.860,2624556.200,129.7300,0.0000,2.6900,0.1719,-1
KHAPRETA_510206,311995.860,2624556.200,129.8300,0.0000,2.5900,0.1655,-1
KHAPRETA_510206,311997.860,2624556.200,129.6700,0.0531,2.7500,0.1757,-1
KHAPRETA_510206,312006.860,2624556.200,131.0500,0.0000,1.3700,0.0875,-1
KHAPRETA_510206,312013.860,2624556.200,130.9300,0.0000,1.4900,0.0952,-1
KHAPRETA_510206,312020.860,2624556.200,130.7900,0.5269,1.6300,0.1042,-1
KHAPRETA_510206,312026.860,2624556.200,130.9000,0.7605,1.5200,0.0971,-1
KHAPRETA_510206,312027.860,2624556.200,130.9100,0.0250,1.5100,0.0965,-1
KHAPRETA_510206,312028.860,2624556.200,130.8500,0.5669,1.5700,0.1003,-1
KHAPRETA_510206,312038.860,2624556.200,130.9300,0.0000,1.4900,0.0952,-1
KHAPRETA_510206,312040.860,2624556.200,130.9700,0.0000,1.4500,0.0927,-1
KHAPRETA_510206,312046.860,2624556.200,131.0500,0.9081,1.3700,0.0875,-1
KHAPRETA_510206,312047.860,2624556.200,131.0900,0.6219,1.3300,0.0850,-1
KHAPRETA_510206,312048.860,2624556.200,131.0500,0.9081,1.3700,0.0875,-1
KHAPRETA_510206,312053.860,2624556.200,131.6700,0.0000,0.7500,0.0479,-1
KHAPRETA_510206,312056.860,2624556.200,131.7100,1.3852,0.7100,0.0454,-1
KHAPRETA_510206,312057.860,2624556.200,131.7600,1.3745,0.6600,0.0422,-1
KHAPRETA_510206,312059.860,2624556.200,131.7500,0.0000,0.6700,0.0428,-1
KHAPRETA_510206,312061.860,2624556.200,131.8200,0.0000,0.6000,0.0383,-1
KHAPRETA_510206,312064.860,2624556.200,131.9100,0.0000,0.5100,0.0326,-1
KHAPRETA_510206,312069.860,2624556.200,132.0000,1.5761,0.4200,0.0268,-1
KHAPRETA_510206,312070.860,2624556.200,132.0100,1.1122,0.4100,0.0262,-1
KHAPRETA_510206,312072.860,2624556.200,132.0100,1.1219,0.4100,0.0262,-1
KHAPRETA_510206,312073.860,2624556.200,132.0200,1.1319,0.4000,0.0256,-1
KHAPRETA_510206,312074.860,2624556.200,132.0100,1.5902,0.4100,0.0262,-1
KHAPRETA_510206,312076.860,2624556.200,132.3300,0.0000,0.0900,0.0058,-1
KHAPRETA_510206,311987.860,2624557.200,130.0100,0.0000,2.4100,0.1540,-1
KHAPRETA_510206,311997.860,2624557.200,129.6700,0.0550,2.7500,0.1757,-1
KHAPRETA_510206,312002.860,2624557.200,130.2800,0.3119,2.1400,0.1367,-1
KHAPRETA_510206,312003.860,2624557.200,130.4000,0.2519,2.0200,0.1291,-1
KHAPRETA_510206,312008.860,2624557.200,131.0500,0.6219,1.3700,0.0875,-1
KHAPRETA_510206,312016.860,2624557.200,131.0200,0.8725,1.4000,0.0895,-1
KHAPRETA_510206,312017.860,2624557.200,131.0100,0.6219,1.4100,0.0901,-1
KHAPRETA_510206,312019.860,2624557.200,130.9000,0.5569,1.5200,0.0971,-1
KHAPRETA_510206,312025.860,2624557.200,130.8500,0.0000,1.5700,0.1003,-1
KHAPRETA_510206,312030.860,2624557.200,130.8900,0.0000,1.5300,0.0978,-1
KHAPRETA_510206,312035.860,2624557.200,130.9200,0.6169,1.5000,0.0958,-1
KHAPRETA_510206,312036.860,2624557.200,131.0100,0.5719,1.4100,0.0901,-1
KHAPRETA_510206,312044.860,2624557.200,131.0200,0.6419,1.4000,0.0895,-1
KHAPRETA_510206,312046.860,2624557.200,131.0300,0.8902,1.3900,0.0888,-1
KHAPRETA_510206,312047.860,2624557.200,131.0200,0.9081,1.4000,0.0895,-1
KHAPRETA_510206,312060.860,2624557.200,131.8300,0.0000,0.5900,0.0377,-1
KHAPRETA_510206,312062.860,2624557.200,131.9300,1.0469,0.4900,0.0313,-1
KHAPRETA_510206,312066.860,2624557.200,131.9200,1.0769,0.5000,0.0319,-1
KHAPRETA_510206,312068.860,2624557.200,132.0100,0.0000,0.4100,0.0262,-1
KHAPRETA_510206,312070.860,2624557.200,132.0200,0.0050,0.4000,0.0256,-1
KHAPRETA_510206,312073.860,2624557.200,132.0400,1.5902,0.3800,0.0243,-1
KHAPRETA_510206,312074.860,2624557.200,132.0300,1.5902,0.3900,0.0249,-1
KHAPRETA_510206,311986.860,2624558.200,129.9700,0.0431,2.4500,0.1565,-1
KHAPRETA_510206,311990.860,2624558.200,129.7500,0.0081,2.6700,0.1706,-1
KHAPRETA_510206,311991.860,2624558.200,129.7600,0.0131,2.6600,0.1700,-1
KHAPRETA_510206,311996.860,2624558.200,129.8600,0.0170,2.5600,0.1636,-1
KHAPRETA_510206,311997.860,2624558.200,129.7800,0.0676,2.6400,0.1687,-1
KHAPRETA_510206,312000.860,2624558.200,130.8800,0.6219,1.5400,0.0984,-1
KHAPRETA_510206,312001.860,2624558.200,131.0200,0.5519,1.4000,0.0895,-1
KHAPRETA_510206,312004.860,2624558.200,130.7900,0.0000,1.6300,0.1042,-1
KHAPRETA_510206,312008.860,2624558.200,131.0200,0.6369,1.4000,0.0895,-1
KHAPRETA_510206,312013.860,2624558.200,131.0200,0.0000,1.4000,0.0895,-1
KHAPRETA_510206,312016.860,2624558.200,131.0100,0.6219,1.4100,0.0901,-1
KHAPRETA_510206,312019.860,2624558.200,130.8900,0.5845,1.5300,0.0978,-1
KHAPRETA_510206,312020.860,2624558.200,130.9400,0.5569,1.4800,0.0946,-1
KHAPRETA_510206,312023.860,2624558.200,130.8800,0.0000,1.5400,0.0984,-1
KHAPRETA_510206,312033.860,2624558.200,130.9100,0.0000,1.5100,0.0965,-1
KHAPRETA_510206,312040.860,2624558.200,130.9300,0.0000,1.4900,0.0952,-1
KHAPRETA_510206,312042.860,2624558.200,130.9700,0.0000,1.4500,0.0927,-1
KHAPRETA_510206,312044.860,2624558.200,131.0600,0.0250,1.3600,0.0869,-1
KHAPRETA_510206,312054.860,2624558.200,131.7200,0.0000,0.7000,0.0447,-1
KHAPRETA_510206,312062.860,2624558.200,131.8700,1.0769,0.5500,0.0351,-1
KHAPRETA_510206,312065.860,2624558.200,131.9600,1.0769,0.4600,0.0294,-1
KHAPRETA_510206,312066.860,2624558.200,131.9300,1.5302,0.4900,0.0313,-1
KHAPRETA_510206,312070.860,2624558.200,132.0200,1.1219,0.4000,0.0256,-1
KHAPRETA_510206,311986.860,2624559.200,129.6900,0.0969,2.7300,0.1744,-1
KHAPRETA_510206,311993.860,2624559.200,129.7500,0.0216,2.6700,0.1706,-1
KHAPRETA_510206,311994.860,2624559.200,129.8000,0.0150,2.6200,0.1674,-1
KHAPRETA_510206,311995.860,2624559.200,129.7800,0.0050,2.6400,0.1687,-1
KHAPRETA_510206,311996.860,2624559.200,129.8100,0.0420,2.6100,0.1668,-1
KHAPRETA_510206,312003.860,2624559.200,130.9200,0.0000,1.5000,0.0958,-1
KHAPRETA_510206,312005.860,2624559.200,131.0300,0.0000,1.3900,0.0888,-1
KHAPRETA_510206,312012.860,2624559.200,130.9800,0.0000,1.4400,0.0920,-1
KHAPRETA_510206,312015.860,2624559.200,131.0300,0.0000,1.3900,0.0888,-1
KHAPRETA_510206,312018.860,2624559.200,131.1200,0.6169,1.3000,0.0831,-1
KHAPRETA_510206,312019.860,2624559.200,131.0100,0.6767,1.4100,0.0901,-1
KHAPRETA_510206,312026.860,2624559.200,130.8500,0.5269,1.5700,0.1003,-1
KHAPRETA_510206,312030.860,2624559.200,130.9800,0.0000,1.4400,0.0920,-1
KHAPRETA_510206,312036.860,2624559.200,130.9300,0.5919,1.4900,0.0952,-1
KHAPRETA_510206,312037.860,2624559.200,130.9600,0.5769,1.4600,0.0933,-1
KHAPRETA_510206,312039.860,2624559.200,130.9800,0.0000,1.4400,0.0920,-1
KHAPRETA_510206,312044.860,2624559.200,131.0700,0.6419,1.3500,0.0863,-1
KHAPRETA_510206,312050.860,2624559.200,131.0900,0.0000,1.3300,0.0850,-1
KHAPRETA_510206,312056.860,2624559.200,131.7700,0.0000,0.6500,0.0415,-1
KHAPRETA_510206,312058.860,2624559.200,131.7700,1.0219,0.6500,0.0415,-1
KHAPRETA_510206,312059.860,2624559.200,131.8200,0.0250,0.6000,0.0383,-1
KHAPRETA_510206,312060.860,2624559.200,131.8200,1.0219,0.6000,0.0383,-1
KHAPRETA_510206,312077.860,2624559.200,132.3500,0.0000,0.0700,0.0045,-1
KHAPRETA_510206,311989.860,2624560.200,129.7500,0.0481,2.6700,0.1706,-1
KHAPRETA_510206,311990.860,2624560.200,129.6800,0.0131,2.7400,0.1751,-1
KHAPRETA_510206,311992.860,2624560.200,129.7700,0.0181,2.6500,0.1693,-1
KHAPRETA_510206,311993.860,2624560.200,129.7400,0.0134,2.6800,0.1712,-1
KHAPRETA_510206,312001.860,2624560.200,130.2700,0.0000,2.1500,0.1374,-1
KHAPRETA_510206,312004.860,2624560.200,130.9700,0.0000,1.4500,0.0927,-1
KHAPRETA_510206,312006.860,2624560.200,131.0100,0.6219,1.4100,0.0901,-1
KHAPRETA_510206,312009.860,2624560.200,130.9800,0.0000,1.4400,0.0920,-1
KHAPRETA_510206,312014.860,2624560.200,131.0000,0.6269,1.4200,0.0907,-1
KHAPRETA_510206,312019.860,2624560.200,131.0500,0.6169,1.3700,0.0875,-1
KHAPRETA_510206,312022.860,2624560.200,130.8900,0.0000,1.5300,0.0978,-1
KHAPRETA_510206,312024.860,2624560.200,130.8400,0.5019,1.5800,0.1010,-1
KHAPRETA_510206,312025.860,2624560.200,130.7800,0.0050,1.6400,0.1048,-1
KHAPRETA_510206,312026.860,2624560.200,130.8300,0.7350,1.5900,0.1016,-1
KHAPRETA_510206,312034.860,2624560.200,130.9300,0.0000,1.4900,0.0952,-1
KHAPRETA_510206,312040.860,2624560.200,131.0000,0.8725,1.4200,0.0907,-1
KHAPRETA_510206,312041.860,2624560.200,131.0100,0.6070,1.4100,0.0901,-1
KHAPRETA_510206,312042.860,2624560.200,130.9800,0.6169,1.4400,0.0920,-1
KHAPRETA_510206,312047.860,2624560.200,131.0400,0.6269,1.3800,0.0882,-1
KHAPRETA_510206,312048.860,2624560.200,131.0300,0.6319,1.3900,0.0888,-1
KHAPRETA_510206,312052.860,2624560.200,131.1000,0.6569,1.3200,0.0843,-1
KHAPRETA_510206,312053.860,2624560.200,131.0900,0.3050,1.3300,0.0850,-1
KHAPRETA_510206,312054.860,2624560.200,131.7100,0.8876,0.7100,0.0454,-1
KHAPRETA_510206,312055.860,2624560.200,131.7600,1.4069,0.6600,0.0422,-1
KHAPRETA_510206,312067.860,2624560.200,131.9600,0.0000,0.4600,0.0294,-1
KHAPRETA_510206,312079.860,2624560.200,132.3000,0.0000,0.1200,0.0077,-1
KHAPRETA_510206,311994.860,2624561.200,129.7600,0.0000,2.6600,0.1700,-1
KHAPRETA_510206,311997.860,2624561.200,129.9700,0.0000,2.4500,0.1565,-1
KHAPRETA_510206,312003.860,2624561.200,130.7900,0.0000,1.6300,0.1042,-1
KHAPRETA_510206,312006.860,2624561.200,131.0200,0.6169,1.4000,0.0895,-1
KHAPRETA_510206,312012.860,2624561.200,131.0100,0.6269,1.4100,0.0901,-1
KHAPRETA_510206,312014.860,2624561.200,131.0300,0.6119,1.3900,0.0888,-1
KHAPRETA_510206,312017.860,2624561.200,131.0600,0.0000,1.3600,0.0869,-1
KHAPRETA_510206,312023.860,2624561.200,130.9000,0.0000,1.5200,0.0971,-1
KHAPRETA_510206,312030.860,2624561.200,130.8900,0.0000,1.5300,0.0978,-1
KHAPRETA_510206,312035.860,2624561.200,130.9600,0.0000,1.4600,0.0933,-1
KHAPRETA_510206,312038.860,2624561.200,131.0100,0.6219,1.4100,0.0901,-1
KHAPRETA_510206,312039.860,2624561.200,131.0200,0.0000,1.4000,0.0895,-1
KHAPRETA_510206,312040.860,2624561.200,131.0100,0.6121,1.4100,0.0901,-1
KHAPRETA_510206,312041.860,2624561.200,130.9900,0.8725,1.4300,0.0914,-1
KHAPRETA_510206,312044.860,2624561.200,131.0100,0.0000,1.4100,0.0901,-1
KHAPRETA_510206,312054.860,2624561.200,131.4200,1.4069,1.0000,0.0639,-1
KHAPRETA_510206,312055.860,2624561.200,131.8200,1.0081,0.6000,0.0383,-1
KHAPRETA_510206,312056.860,2624561.200,131.7800,0.0150,0.6400,0.0409,-1
KHAPRETA_510206,312057.860,2624561.200,131.7900,1.0019,0.6300,0.0403,-1
KHAPRETA_510206,312061.860,2624561.200,131.8400,1.0519,0.5800,0.0371,-1
KHAPRETA_510206,312062.860,2624561.200,131.8800,0.0250,0.5400,0.0345,-1
KHAPRETA_510206,312063.860,2624561.200,131.8900,1.0519,0.5300,0.0339,-1
KHAPRETA_510206,312071.860,2624561.200,132.0500,0.0000,0.3700,0.0236,-1
KHAPRETA_510206,312076.860,2624561.200,132.1000,1.2769,0.3200,0.0204,-1
KHAPRETA_510206,312077.860,2624561.200,132.3300,1.1619,0.0900,0.0058,-1
KHAPRETA_510206,312080.860,2624561.200,132.2300,0.0000,0.1900,0.0121,-1
KHAPRETA_510206,311985.860,2624562.200,129.5100,0.0000,2.9100,0.1859,-1
KHAPRETA_510206,311991.860,2624562.200,129.8800,0.0000,2.5400,0.1623,-1
KHAPRETA_510206,311999.860,2624562.200,130.0500,0.0000,2.3700,0.1514,-1
KHAPRETA_510206,312007.860,2624562.200,130.9700,0.0000,1.4500,0.0927,-1
KHAPRETA_510206,312012.860,2624562.200,131.0300,0.6169,1.3900,0.0888,-1
KHAPRETA_510206,312016.860,2624562.200,131.0100,0.0000,1.4100,0.0901,-1
KHAPRETA_510206,312018.860,2624562.200,131.0200,0.9362,1.4000,0.0895,-1
KHAPRETA_510206,312019.860,2624562.200,131.1200,0.6219,1.3000,0.0831,-1
KHAPRETA_510206,312048.860,2624562.200,131.0600,0.0000,1.3600,0.0869,-1
KHAPRETA_510206,312051.860,2624562.200,131.1000,0.6469,1.3200,0.0843,-1
KHAPRETA_510206,312052.860,2624562.200,131.0700,0.6619,1.3500,0.0863,-1
KHAPRETA_510206,312064.860,2624562.200,131.9300,0.0000,0.4900,0.0313,-1
KHAPRETA_510206,312073.860,2624562.200,132.0800,0.0000,0.3400,0.0217,-1
KHAPRETA_510206,312075.860,2624562.200,132.1200,0.0000,0.3000,0.0192,-1
KHAPRETA_510206,311984.860,2624563.200,129.5600,0.1231,2.8600,0.1827,-1
KHAPRETA_510206,311989.860,2624563.200,129.8300,0.0000,2.5900,0.1655,-1
KHAPRETA_510206,311995.860,2624563.200,130.3100,0.3019,2.1100,0.1348,-1
KHAPRETA_510206,312004.860,2624563.200,130.9000,0.5569,1.5200,0.0971,-1
KHAPRETA_510206,312006.860,2624563.200,130.9600,0.6019,1.4600,0.0933,-1
KHAPRETA_510206,312008.860,2624563.200,131.0200,0.0000,1.4000,0.0895,-1
KHAPRETA_510206,312010.860,2624563.200,131.0100,0.0000,1.4100,0.0901,-1
KHAPRETA_510206,312017.860,2624563.200,131.0300,0.6519,1.3900,0.0888,-1
KHAPRETA_510206,312018.860,2624563.200,131.0800,0.6273,1.3400,0.0856,-1
KHAPRETA_510206,312023.860,2624563.200,131.1300,0.6719,1.2900,0.0824,-1
KHAPRETA_510206,312029.860,2624563.200,130.9000,0.7888,1.5200,0.0971,-1
KHAPRETA_510206,312030.860,2624563.200,130.9500,0.5619,1.4700,0.0939,-1
KHAPRETA_510206,312033.860,2624563.200,130.9300,0.0000,1.4900,0.0952,-1
KHAPRETA_510206,312038.860,2624563.200,131.0300,0.0000,1.3900,0.0888,-1
KHAPRETA_510206,312042.860,2624563.200,131.0300,0.0000,1.3900,0.0888,-1
KHAPRETA_510206,312045.860,2624563.200,131.0500,0.6219,1.3700,0.0875,-1
KHAPRETA_510206,312046.860,2624563.200,131.0200,0.6369,1.4000,0.0895,-1
KHAPRETA_510206,312050.860,2624563.200,131.0800,0.0000,1.3400,0.0856,-1
KHAPRETA_510206,312053.860,2624563.200,131.1000,0.9397,1.3200,0.0843,-1
KHAPRETA_510206,312054.860,2624563.200,131.1200,0.6619,1.3000,0.0831,-1
KHAPRETA_510206,312059.860,2624563.200,131.8000,0.0000,0.6200,0.0396,-1
KHAPRETA_510206,312062.860,2624563.200,131.9000,1.5018,0.5200,0.0332,-1
KHAPRETA_510206,312063.860,2624563.200,131.9100,1.0619,0.5100,0.0326,-1
KHAPRETA_510206,312066.860,2624563.200,131.9900,0.0000,0.4300,0.0275,-1
KHAPRETA_510206,312079.860,2624563.200,132.2900,1.2969,0.1300,0.0083,-1
KHAPRETA_510206,312080.860,2624563.200,132.3700,1.2569,0.0500,0.0032,-1
KHAPRETA_510206,311984.860,2624564.200,129.5300,0.1081,2.8900,0.1847,-1
KHAPRETA_510206,311988.860,2624564.200,129.6000,0.1031,2.8200,0.1802,-1
KHAPRETA_510206,311990.860,2624564.200,129.7000,0.0000,2.7200,0.1738,-1
KHAPRETA_510206,311992.860,2624564.200,129.7600,0.1726,2.6600,0.1700,-1
KHAPRETA_510206,311993.860,2624564.200,129.9200,0.0081,2.5000,0.1597,-1
KHAPRETA_510206,311995.860,2624564.200,130.3800,0.2669,2.0400,0.1304,-1
KHAPRETA_510206,311997.860,2624564.200,131.6100,1.0819,0.8100,0.0518,-1
KHAPRETA_510206,311998.860,2624564.200,131.9400,0.6500,0.4800,0.0307,-1
KHAPRETA_510206,311999.860,2624564.200,130.3100,1.0819,2.1100,0.1348,-1
KHAPRETA_510206,312004.860,2624564.200,130.8900,0.5619,1.5300,0.0978,-1
KHAPRETA_510206,312006.860,2624564.200,130.9800,0.5919,1.4400,0.0920,-1
KHAPRETA_510206,312012.860,2624564.200,130.9800,0.0000,1.4400,0.0920,-1
KHAPRETA_510206,312018.860,2624564.200,131.0600,0.6519,1.3600,0.0869,-1
KHAPRETA_510206,312020.860,2624564.200,130.9300,0.6469,1.4900,0.0952,-1
KHAPRETA_510206,312021.860,2624564.200,131.0700,0.5769,1.3500,0.0863,-1
KHAPRETA_510206,312023.860,2624564.200,131.1200,0.6769,1.3000,0.0831,-1
KHAPRETA_510206,312027.860,2624564.200,131.0100,0.0000,1.4100,0.0901,-1
KHAPRETA_510206,312029.860,2624564.200,130.8300,0.5619,1.5900,0.1016,-1
KHAPRETA_510206,312036.860,2624564.200,130.9700,0.5969,1.4500,0.0927,-1
KHAPRETA_510206,312040.860,2624564.200,131.0100,0.0000,1.4100,0.0901,-1
KHAPRETA_510206,312049.860,2624564.200,131.0900,0.0000,1.3300,0.0850,-1
KHAPRETA_510206,312053.860,2624564.200,131.0900,0.6619,1.3300,0.0850,-1
KHAPRETA_510206,312056.860,2624564.200,131.8200,1.0469,0.6000,0.0383,-1
KHAPRETA_510206,312057.860,2624564.200,131.8700,1.4523,0.5500,0.0351,-1
KHAPRETA_510206,312062.860,2624564.200,131.8900,0.0050,0.5300,0.0339,-1
KHAPRETA_510206,312064.860,2624564.200,131.9200,0.0000,0.5000,0.0319,-1
KHAPRETA_510206,312076.860,2624564.200,132.1100,0.0000,0.3100,0.0198,-1
KHAPRETA_510206,312078.860,2624564.200,132.1100,0.0000,0.3100,0.0198,-1
KHAPRETA_510206,311988.860,2624565.200,129.5700,0.0881,2.8500,0.1821,-1
KHAPRETA_510206,311992.860,2624565.200,130.0900,0.0081,2.3300,0.1489,-1
KHAPRETA_510206,311994.860,2624565.200,132.3400,0.0000,0.0800,0.0051,-1
KHAPRETA_510206,311996.860,2624565.200,131.7100,1.0769,0.7100,0.0454,-1
KHAPRETA_510206,312002.860,2624565.200,130.7900,0.0000,1.6300,0.1042,-1
KHAPRETA_510206,312005.860,2624565.200,130.9600,0.0000,1.4600,0.0933,-1
KHAPRETA_510206,312016.860,2624565.200,131.0300,0.0000,1.3900,0.0888,-1
KHAPRETA_510206,312024.860,2624565.200,131.1400,0.0000,1.2800,0.0818,-1
KHAPRETA_510206,312026.860,2624565.200,130.9000,0.5919,1.5200,0.0971,-1
KHAPRETA_510206,312030.860,2624565.200,130.8300,0.5669,1.5900,0.1016,-1
KHAPRETA_510206,312031.860,2624565.200,130.9100,0.0900,1.5100,0.0965,-1
KHAPRETA_510206,312032.860,2624565.200,131.0100,0.5669,1.4100,0.0901,-1
KHAPRETA_510206,312034.860,2624565.200,131.0100,0.6069,1.4100,0.0901,-1
KHAPRETA_510206,312035.860,2624565.200,130.9900,0.0200,1.4300,0.0914,-1
KHAPRETA_510206,312036.860,2624565.200,130.9700,0.6070,1.4500,0.0927,-1
KHAPRETA_510206,312039.860,2624565.200,131.0600,0.0000,1.3600,0.0869,-1
KHAPRETA_510206,312047.860,2624565.200,131.0400,0.6519,1.3800,0.0882,-1
KHAPRETA_510206,312048.860,2624565.200,131.0800,0.6319,1.3400,0.0856,-1
KHAPRETA_510206,312057.860,2624565.200,131.8400,1.0469,0.5800,0.0371,-1
KHAPRETA_510206,312059.860,2624565.200,131.8600,1.0319,0.5600,0.0358,-1
KHAPRETA_510206,312060.860,2624565.200,131.8400,1.0419,0.5800,0.0371,-1
KHAPRETA_510206,312062.860,2624565.200,131.9100,1.0569,0.5100,0.0326,-1
KHAPRETA_510206,312067.860,2624565.200,131.9800,0.0000,0.4400,0.0281,-1
KHAPRETA_510206,312079.860,2624565.200,132.1700,1.2019,0.2500,0.0160,-1
KHAPRETA_510206,311983.860,2624566.200,129.3300,0.0000,3.0900,0.1974,-1
KHAPRETA_510206,311986.860,2624566.200,129.4700,0.0000,2.9500,0.1885,-1
KHAPRETA_510206,311995.860,2624566.200,132.2400,1.0769,0.1800,0.0115,-1
KHAPRETA_510206,311996.860,2624566.200,131.9300,0.9716,0.4900,0.0313,-1
KHAPRETA_510206,311997.860,2624566.200,132.0500,1.0769,0.3700,0.0236,-1
KHAPRETA_510206,312000.860,2624566.200,130.7300,0.0000,1.6900,0.1080,-1
KHAPRETA_510206,312006.860,2624566.200,130.9300,0.0000,1.4900,0.0952,-1
KHAPRETA_510206,312009.860,2624566.200,131.0300,0.6169,1.3900,0.0888,-1
KHAPRETA_510206,312011.860,2624566.200,131.0600,0.8974,1.3600,0.0869,-1
KHAPRETA_510206,312012.860,2624566.200,131.0200,0.6419,1.4000,0.0895,-1
KHAPRETA_510206,312015.860,2624566.200,131.0700,0.0000,1.3500,0.0863,-1
KHAPRETA_510206,312018.860,2624566.200,131.1000,0.0000,1.3200,0.0843,-1
KHAPRETA_510206,312025.860,2624566.200,130.9900,0.5919,1.4300,0.0914,-1
KHAPRETA_510206,312026.860,2624566.200,130.9600,0.6177,1.4600,0.0933,-1
KHAPRETA_510206,312036.860,2624566.200,130.9500,0.8442,1.4700,0.0939,-1
KHAPRETA_510206,312037.860,2624566.200,130.9700,0.8661,1.4500,0.0927,-1
KHAPRETA_510206,312051.860,2624566.200,131.1300,0.9468,1.2900,0.0824,-1
KHAPRETA_510206,312052.860,2624566.200,131.1000,0.6769,1.3200,0.0843,-1
KHAPRETA_510206,312056.860,2624566.200,131.4400,0.0000,0.9800,0.0626,-1
KHAPRETA_510206,312064.860,2624566.200,131.9900,0.0000,0.4300,0.0275,-1
KHAPRETA_510206,312076.860,2624566.200,132.1300,0.0000,0.2900,0.0185,-1
KHAPRETA_510206,312079.860,2624566.200,132.1800,1.1969,0.2400,0.0153,-1
KHAPRETA_510206,311980.860,2624567.200,129.5100,0.1431,2.9100,0.1859,-1
KHAPRETA_510206,311982.860,2624567.200,129.4400,0.1681,2.9800,0.1904,-1
KHAPRETA_510206,311985.860,2624567.200,129.5300,0.0000,2.8900,0.1847,-1
KHAPRETA_510206,311998.860,2624567.200,130.3200,1.2019,2.1000,0.1342,-1
KHAPRETA_510206,312002.860,2624567.200,130.9700,0.5769,1.4500,0.0927,-1
KHAPRETA_510206,312007.860,2624567.200,131.0000,0.0000,1.4200,0.0907,-1
KHAPRETA_510206,312009.860,2624567.200,131.0100,0.6269,1.4100,0.0901,-1
KHAPRETA_510206,312011.860,2624567.200,131.0700,0.0000,1.3500,0.0863,-1
KHAPRETA_510206,312020.860,2624567.200,131.0800,0.6419,1.3400,0.0856,-1
KHAPRETA_510206,312026.860,2624567.200,131.1300,0.5919,1.2900,0.0824,-1
KHAPRETA_510206,312032.860,2624567.200,130.9400,0.0000,1.4800,0.0946,-1
KHAPRETA_510206,312034.860,2624567.200,131.0000,0.0000,1.4200,0.0907,-1
KHAPRETA_510206,312037.860,2624567.200,131.0500,0.8442,1.3700,0.0875,-1
KHAPRETA_510206,312038.860,2624567.200,130.9700,0.0250,1.4500,0.0927,-1
KHAPRETA_510206,312039.860,2624567.200,131.0000,0.0150,1.4200,0.0907,-1
KHAPRETA_510206,312040.860,2624567.200,131.0000,0.0000,1.4200,0.0907,-1
KHAPRETA_510206,312041.860,2624567.200,131.0000,0.6119,1.4200,0.0907,-1
KHAPRETA_510206,312051.860,2624567.200,131.1300,0.6769,1.2900,0.0824,-1
KHAPRETA_510206,312055.860,2624567.200,131.1800,0.0000,1.2400,0.0792,-1
KHAPRETA_510206,312058.860,2624567.200,131.9100,0.9819,0.5100,0.0326,-1
KHAPRETA_510206,312066.860,2624567.200,131.9900,0.0000,0.4300,0.0275,-1
KHAPRETA_510206,312068.860,2624567.200,132.0400,0.0000,0.3800,0.0243,-1
KHAPRETA_510206,312070.860,2624567.200,132.0400,1.6220,0.3800,0.0243,-1
KHAPRETA_510206,312071.860,2624567.200,132.0600,1.6222,0.3600,0.0230,-1
KHAPRETA_510206,312081.860,2624567.200,132.1700,1.2369,0.2500,0.0160,-1
KHAPRETA_510206,312082.860,2624567.200,132.2500,1.2057,0.1700,0.0109,-1
KHAPRETA_510206,312083.860,2624567.200,132.3600,1.2369,0.0600,0.0038,-1
KHAPRETA_510206,311979.860,2624568.200,129.4400,0.1431,2.9800,0.1904,-1
KHAPRETA_510206,311980.860,2624568.200,129.4900,0.2144,2.9300,0.1872,-1
KHAPRETA_510206,311982.860,2624568.200,129.4400,0.0000,2.9800,0.1904,-1
KHAPRETA_510206,311998.860,2624568.200,132.1800,0.4031,0.2400,0.0153,-1
KHAPRETA_510206,311999.860,2624568.200,130.5800,1.2019,1.8400,0.1176,-1
KHAPRETA_510206,312001.860,2624568.200,130.9600,0.8159,1.4600,0.0933,-1
KHAPRETA_510206,312002.860,2624568.200,130.9300,0.5921,1.4900,0.0952,-1
KHAPRETA_510206,312006.860,2624568.200,130.9500,0.0000,1.4700,0.0939,-1
KHAPRETA_510206,312011.860,2624568.200,131.0600,0.6469,1.3600,0.0869,-1
KHAPRETA_510206,312018.860,2624568.200,131.0600,0.6719,1.3600,0.0869,-1
KHAPRETA_510206,312019.860,2624568.200,131.1200,0.0000,1.3000,0.0831,-1
KHAPRETA_510206,312020.860,2624568.200,131.0600,0.9362,1.3600,0.0869,-1
KHAPRETA_510206,312023.860,2624568.200,131.1300,0.0000,1.2900,0.0824,-1
KHAPRETA_510206,312028.860,2624568.200,131.0300,0.0000,1.3900,0.0888,-1
KHAPRETA_510206,312035.860,2624568.200,131.0000,0.6219,1.4200,0.0907,-1
KHAPRETA_510206,312036.860,2624568.200,131.0200,0.6119,1.4000,0.0895,-1
KHAPRETA_510206,312044.860,2624568.200,131.0300,0.0000,1.3900,0.0888,-1
KHAPRETA_510206,312050.860,2624568.200,131.0700,0.0000,1.3500,0.0863,-1
KHAPRETA_510206,312052.860,2624568.200,131.1400,0.0000,1.2800,0.0818,-1
KHAPRETA_510206,312056.860,2624568.200,131.4300,0.0000,0.9900,0.0633,-1
KHAPRETA_510206,312058.860,2624568.200,131.7400,1.5053,0.6800,0.0435,-1
KHAPRETA_510206,312059.860,2624568.200,131.9000,0.9819,0.5200,0.0332,-1
KHAPRETA_510206,312070.860,2624568.200,132.0800,1.6222,0.3400,0.0217,-1
KHAPRETA_510206,312071.860,2624568.200,132.1000,1.1520,0.3200,0.0204,-1
KHAPRETA_510206,312076.860,2624568.200,132.1300,1.1919,0.2900,0.0185,-1
KHAPRETA_510206,312078.860,2624568.200,132.1600,0.0000,0.2600,0.0166,-1
KHAPRETA_510206,312082.860,2624568.200,132.1800,1.2369,0.2400,0.0153,-1
KHAPRETA_510206,311977.860,2624569.200,129.5600,0.0000,2.8600,0.1827,-1
KHAPRETA_510206,311981.860,2624569.200,129.5100,0.1681,2.9100,0.1859,-1
KHAPRETA_510206,311982.860,2624569.200,129.4400,0.1681,2.9800,0.1904,-1
KHAPRETA_510206,311983.860,2624569.200,129.5000,0.1681,2.9200,0.1866,-1
KHAPRETA_510206,311987.860,2624569.200,129.8500,0.0231,2.5700,0.1642,-1
KHAPRETA_510206,311996.860,2624569.200,132.1200,0.0000,0.3000,0.0192,-1
KHAPRETA_510206,311998.860,2624569.200,130.3800,1.2019,2.0400,0.1304,-1
KHAPRETA_510206,312001.860,2624569.200,130.9300,0.8301,1.4900,0.0952,-1
KHAPRETA_510206,312002.860,2624569.200,130.9400,0.5773,1.4800,0.0946,-1
KHAPRETA_510206,312008.860,2624569.200,130.9900,0.5919,1.4300,0.0914,-1
KHAPRETA_510206,312013.860,2624569.200,131.0800,0.6119,1.3400,0.0856,-1
KHAPRETA_510206,312014.860,2624569.200,131.0000,0.6519,1.4200,0.0907,-1
KHAPRETA_510206,312016.860,2624569.200,131.0900,0.0000,1.3300,0.0850,-1
KHAPRETA_510206,312029.860,2624569.200,130.9700,0.0000,1.4500,0.0927,-1
KHAPRETA_510206,312033.860,2624569.200,130.9200,0.5769,1.5000,0.0958,-1
KHAPRETA_510206,312041.860,2624569.200,131.0300,0.6269,1.3900,0.0888,-1
KHAPRETA_510206,312042.860,2624569.200,131.0300,0.6520,1.3900,0.0888,-1
KHAPRETA_510206,312043.860,2624569.200,131.0200,0.8937,1.4000,0.0895,-1
KHAPRETA_510206,312047.860,2624569.200,131.0900,0.6469,1.3300,0.0850,-1
KHAPRETA_510206,312057.860,2624569.200,131.6300,0.0000,0.7900,0.0505,-1
KHAPRETA_510206,312061.860,2624569.200,131.8900,0.0000,0.5300,0.0339,-1
KHAPRETA_510206,312066.860,2624569.200,131.9900,0.0000,0.4300,0.0275,-1
KHAPRETA_510206,312071.860,2624569.200,132.0900,1.1619,0.3300,0.0211,-1
KHAPRETA_510206,312073.860,2624569.200,132.1000,1.1619,0.3200,0.0204,-1
KHAPRETA_510206,312076.860,2624569.200,132.1600,1.1769,0.2600,0.0166,-1
KHAPRETA_510206,312081.860,2624569.200,132.2100,0.0000,0.2100,0.0134,-1
KHAPRETA_510206,311984.860,2624570.200,129.4900,0.0931,2.9300,0.1872,-1
KHAPRETA_510206,311987.860,2624570.200,129.7300,0.0369,2.6900,0.1719,-1
KHAPRETA_510206,311994.860,2624570.200,132.3800,0.0000,0.0400,0.0026,-1
KHAPRETA_510206,312002.860,2624570.200,130.9700,0.8195,1.4500,0.0927,-1
KHAPRETA_510206,312003.860,2624570.200,130.9300,0.8442,1.4900,0.0952,-1
KHAPRETA_510206,312008.860,2624570.200,130.9600,0.6069,1.4600,0.0933,-1
KHAPRETA_510206,312010.860,2624570.200,131.0900,0.0000,1.3300,0.0850,-1
KHAPRETA_510206,312021.860,2624570.200,131.1700,0.0000,1.2500,0.0799,-1
KHAPRETA_510206,312024.860,2624570.200,131.1800,0.0000,1.2400,0.0792,-1
KHAPRETA_510206,312026.860,2624570.200,131.1400,0.6769,1.2800,0.0818,-1
KHAPRETA_510206,312027.860,2624570.200,131.1300,0.6819,1.2900,0.0824,-1
KHAPRETA_510206,312031.860,2624570.200,130.9600,0.0000,1.4600,0.0933,-1
KHAPRETA_510206,312033.860,2624570.200,130.9300,0.5719,1.4900,0.0952,-1
KHAPRETA_510206,312042.860,2624570.200,131.0800,0.8937,1.3400,0.0856,-1
KHAPRETA_510206,312043.860,2624570.200,131.0500,0.9010,1.3700,0.0875,-1
KHAPRETA_510206,312046.860,2624570.200,131.1100,0.6469,1.3100,0.0837,-1
KHAPRETA_510206,312047.860,2624570.200,131.0700,0.0180,1.3500,0.0863,-1
KHAPRETA_510206,312048.860,2624570.200,131.0800,0.6722,1.3400,0.0856,-1
KHAPRETA_510206,312049.860,2624570.200,131.1100,0.6519,1.3100,0.0837,-1
KHAPRETA_510206,312054.860,2624570.200,131.3100,0.0000,1.1100,0.0709,-1
KHAPRETA_510206,312056.860,2624570.200,131.2600,0.0000,1.1600,0.0741,-1
KHAPRETA_510206,312058.860,2624570.200,131.7800,0.0000,0.6400,0.0409,-1
KHAPRETA_510206,312068.860,2624570.200,132.0400,1.1319,0.3800,0.0243,-1
KHAPRETA_510206,312073.860,2624570.200,132.1000,1.1619,0.3200,0.0204,-1
KHAPRETA_510206,312077.860,2624570.200,132.1900,1.2169,0.2300,0.0147,-1
KHAPRETA_510206,311980.860,2624571.200,129.4400,0.0000,2.9800,0.1904,-1
KHAPRETA_510206,311982.860,2624571.200,129.4100,0.0000,3.0100,0.1923,-1
KHAPRETA_510206,311984.860,2624571.200,129.5900,0.1200,2.8300,0.1808,-1
KHAPRETA_510206,311988.860,2624571.200,129.9500,0.0000,2.4700,0.1578,-1
KHAPRETA_510206,311990.860,2624571.200,131.3600,0.0000,1.0600,0.0677,-1
KHAPRETA_510206,311997.860,2624571.200,131.9000,0.4669,0.5200,0.0332,-1
KHAPRETA_510206,311998.860,2624571.200,130.7100,1.0619,1.7100,0.1093,-1
KHAPRETA_510206,312003.860,2624571.200,130.9700,0.0050,1.4500,0.0927,-1
KHAPRETA_510206,312007.860,2624571.200,131.0500,0.0000,1.3700,0.0875,-1
KHAPRETA_510206,312012.860,2624571.200,131.0800,0.0000,1.3400,0.0856,-1
KHAPRETA_510206,312016.860,2624571.200,131.0300,0.7019,1.3900,0.0888,-1
KHAPRETA_510206,312017.860,2624571.200,131.1800,0.9374,1.2400,0.0792,-1
KHAPRETA_510206,312020.860,2624571.200,131.1200,0.0000,1.3000,0.0831,-1
KHAPRETA_510206,312022.860,2624571.200,131.2000,0.0000,1.2200,0.0780,-1
KHAPRETA_510206,312025.860,2624571.200,131.1200,0.0000,1.3000,0.0831,-1
KHAPRETA_510206,312030.860,2624571.200,130.9700,0.0000,1.4500,0.0927,-1
KHAPRETA_510206,312035.860,2624571.200,131.0600,0.5919,1.3600,0.0869,-1
KHAPRETA_510206,312047.860,2624571.200,131.1100,0.9328,1.3100,0.0837,-1
KHAPRETA_510206,312048.860,2624571.200,131.1200,0.9326,1.3000,0.0831,-1
KHAPRETA_510206,312064.860,2624571.200,131.9600,1.1219,0.4600,0.0294,-1
KHAPRETA_510206,312068.860,2624571.200,132.0400,1.1319,0.3800,0.0243,-1
KHAPRETA_510206,312070.860,2624571.200,132.0700,0.0000,0.3500,0.0224,-1
KHAPRETA_510206,312077.860,2624571.200,132.2100,0.0050,0.2100,0.0134,-1
KHAPRETA_510206,312079.860,2624571.200,132.1500,0.0000,0.2700,0.0173,-1
KHAPRETA_510206,312081.860,2624571.200,132.1400,0.0000,0.2800,0.0179,-1
KHAPRETA_510206,311984.860,2624572.200,129.7300,0.0350,2.6900,0.1719,-1
KHAPRETA_510206,311995.860,2624572.200,130.8800,0.5019,1.5400,0.0984,-1
KHAPRETA_510206,311996.860,2624572.200,130.7800,0.6519,1.6400,0.1048,-1
KHAPRETA_510206,312002.860,2624572.200,130.9500,0.5819,1.4700,0.0939,-1
KHAPRETA_510206,312003.860,2624572.200,130.9400,0.8372,1.4800,0.0946,-1
KHAPRETA_510206,312017.860,2624572.200,131.1700,0.0500,1.2500,0.0799,-1
KHAPRETA_510206,312031.860,2624572.200,131.0400,0.0000,1.3800,0.0882,-1
KHAPRETA_510206,312035.860,2624572.200,130.9600,0.6419,1.4600,0.0933,-1
KHAPRETA_510206,312043.860,2624572.200,131.0400,0.0000,1.3800,0.0882,-1
KHAPRETA_510206,312054.860,2624572.200,131.4800,0.9619,0.9400,0.0601,-1
KHAPRETA_510206,312055.860,2624572.200,131.7000,0.8519,0.7200,0.0460,-1
KHAPRETA_510206,312059.860,2624572.200,132.2500,0.0000,0.1700,0.0109,-1
KHAPRETA_510206,312061.860,2624572.200,131.9500,1.0919,0.4700,0.0300,-1
KHAPRETA_510206,312064.860,2624572.200,132.0200,1.5620,0.4000,0.0256,-1
KHAPRETA_510206,312065.860,2624572.200,132.0100,1.1219,0.4100,0.0262,-1
KHAPRETA_510206,312077.860,2624572.200,132.1800,1.7246,0.2400,0.0153,-1
KHAPRETA_510206,312078.860,2624572.200,132.2200,1.2019,0.2000,0.0128,-1
KHAPRETA_510206,311981.860,2624573.200,129.6500,0.0719,2.7700,0.1770,-1
KHAPRETA_510206,311984.860,2624573.200,129.6600,0.0050,2.7600,0.1764,-1
KHAPRETA_510206,311996.860,2624573.200,130.4700,0.1200,1.9500,0.1246,-1
KHAPRETA_510206,311999.860,2624573.200,130.5500,0.0000,1.8700,0.1195,-1
KHAPRETA_510206,312001.860,2624573.200,130.9000,0.5669,1.5200,0.0971,-1
KHAPRETA_510206,312004.860,2624573.200,130.9600,0.5919,1.4600,0.0933,-1
KHAPRETA_510206,312006.860,2624573.200,131.0700,0.5419,1.3500,0.0863,-1
KHAPRETA_510206,312007.860,2624573.200,130.8600,0.8735,1.5600,0.0997,-1
KHAPRETA_510206,312010.860,2624573.200,131.0800,0.6369,1.3400,0.0856,-1
KHAPRETA_510206,312011.860,2624573.200,131.0500,0.6519,1.3700,0.0875,-1
KHAPRETA_510206,312017.860,2624573.200,131.0800,0.6969,1.3400,0.0856,-1
KHAPRETA_510206,312030.860,2624573.200,131.1800,0.7219,1.2400,0.0792,-1
KHAPRETA_510206,312034.860,2624573.200,131.0100,0.0000,1.4100,0.0901,-1
KHAPRETA_510206,312037.860,2624573.200,130.9900,0.6069,1.4300,0.0914,-1
KHAPRETA_510206,312039.860,2624573.200,131.0200,0.0000,1.4000,0.0895,-1
KHAPRETA_510206,312044.860,2624573.200,131.0900,0.0000,1.3300,0.0850,-1
KHAPRETA_510206,312048.860,2624573.200,131.0800,0.0000,1.3400,0.0856,-1
KHAPRETA_510206,312052.860,2624573.200,131.1700,0.0000,1.2500,0.0799,-1
KHAPRETA_510206,312061.860,2624573.200,131.9600,0.0550,0.4600,0.0294,-1
KHAPRETA_510206,312063.860,2624573.200,131.9500,0.0000,0.4700,0.0300,-1
KHAPRETA_510206,312068.860,2624573.200,132.0500,0.0000,0.3700,0.0236,-1
KHAPRETA_510206,312071.860,2624573.200,132.1200,0.0000,0.3000,0.0192,-1
KHAPRETA_510206,312074.860,2624573.200,132.1700,0.0000,0.2500,0.0160,-1
KHAPRETA_510206,311981.860,2624574.200,129.9200,0.0631,2.5000,0.1597,-1
KHAPRETA_510206,311984.860,2624574.200,129.7400,0.0581,2.6800,0.1712,-1
KHAPRETA_510206,311985.860,2624574.200,129.7700,0.0181,2.6500,0.1693,-1
KHAPRETA_510206,311988.860,2624574.200,129.9000,0.0000,2.5200,0.1610,-1
KHAPRETA_510206,311990.860,2624574.200,130.3300,0.0000,2.0900,0.1335,-1
KHAPRETA_510206,311996.860,2624574.200,130.5400,0.3469,1.8800,0.1201,-1
KHAPRETA_510206,312000.860,2624574.200,130.5400,0.5669,1.8800,0.1201,-1
KHAPRETA_510206,312001.860,2624574.200,130.9100,0.6794,1.5100,0.0965,-1
KHAPRETA_510206,312004.860,2624574.200,130.9600,0.5919,1.4600,0.0933,-1
KHAPRETA_510206,312007.860,2624574.200,130.9500,0.6463,1.4700,0.0939,-1
KHAPRETA_510206,312008.860,2624574.200,131.0600,0.5869,1.3600,0.0869,-1
KHAPRETA_510206,312013.860,2624574.200,131.1300,0.0000,1.2900,0.0824,-1
KHAPRETA_510206,312016.860,2624574.200,131.1800,0.0000,1.2400,0.0792,-1
KHAPRETA_510206,312021.860,2624574.200,131.1700,0.0000,1.2500,0.0799,-1
KHAPRETA_510206,312024.860,2624574.200,131.1700,0.0000,1.2500,0.0799,-1
KHAPRETA_510206,312026.860,2624574.200,131.2500,0.7019,1.1700,0.0748,-1
KHAPRETA_510206,312027.860,2624574.200,131.1800,0.7369,1.2400,0.0792,-1
KHAPRETA_510206,312030.860,2624574.200,131.2200,0.0550,1.2000,0.0767,-1
KHAPRETA_510206,312037.860,2624574.200,130.9900,0.6069,1.4300,0.0914,-1
KHAPRETA_510206,312041.860,2624574.200,131.0400,0.0000,1.3800,0.0882,-1
KHAPRETA_510206,312047.860,2624574.200,131.0800,0.0000,1.3400,0.0856,-1
KHAPRETA_510206,312050.860,2624574.200,131.1700,0.0000,1.2500,0.0799,-1
KHAPRETA_510206,312060.860,2624574.200,132.0600,1.1419,0.3600,0.0230,-1
KHAPRETA_510206,312061.860,2624574.200,132.0600,1.1511,0.3600,0.0230,-1
KHAPRETA_510206,312067.860,2624574.200,132.0500,0.0000,0.3700,0.0236,-1
KHAPRETA_510206,312070.860,2624574.200,132.1200,0.0000,0.3000,0.0192,-1
KHAPRETA_510206,312075.860,2624574.200,132.1800,0.0000,0.2400,0.0153,-1
KHAPRETA_510206,312077.860,2624574.200,132.1900,0.0000,0.2300,0.0147,-1
KHAPRETA_510206,311982.860,2624575.200,129.8600,0.0000,2.5600,0.1636,-1
KHAPRETA_510206,311989.860,2624575.200,130.1800,0.0000,2.2400,0.1431,-1
KHAPRETA_510206,311991.860,2624575.200,130.2000,0.0000,2.2200,0.1419,-1
KHAPRETA_510206,311994.860,2624575.200,130.4800,0.0000,1.9400,0.1240,-1
KHAPRETA_510206,311997.860,2624575.200,130.9600,0.5569,1.4600,0.0933,-1
KHAPRETA_510206,311999.860,2624575.200,130.6000,0.4969,1.8200,0.1163,-1
KHAPRETA_510206,312002.860,2624575.200,130.9900,0.5269,1.4300,0.0914,-1
KHAPRETA_510206,312007.860,2624575.200,131.0100,0.5869,1.4100,0.0901,-1
KHAPRETA_510206,312010.860,2624575.200,130.9700,0.0000,1.4500,0.0927,-1
KHAPRETA_510206,312012.860,2624575.200,131.0800,0.0000,1.3400,0.0856,-1
KHAPRETA_510206,312019.860,2624575.200,131.2100,0.0000,1.2100,0.0773,-1
KHAPRETA_510206,312030.860,2624575.200,131.2900,1.0316,1.1300,0.0722,-1
KHAPRETA_510206,312031.860,2624575.200,131.2500,1.0599,1.1700,0.0748,-1
KHAPRETA_510206,312034.860,2624575.200,131.0200,0.0000,1.4000,0.0895,-1
KHAPRETA_510206,312036.860,2624575.200,130.9700,0.0000,1.4500,0.0927,-1
KHAPRETA_510206,312038.860,2624575.200,131.0000,0.0000,1.4200,0.0907,-1
KHAPRETA_510206,312043.860,2624575.200,131.1000,0.0000,1.3200,0.0843,-1
KHAPRETA_510206,312045.860,2624575.200,131.1100,0.6669,1.3100,0.0837,-1
KHAPRETA_510206,312048.860,2624575.200,131.1400,0.0000,1.2800,0.0818,-1
KHAPRETA_510206,312055.860,2624575.200,131.4900,0.0000,0.9300,0.0594,-1
KHAPRETA_510206,312059.860,2624575.200,131.6100,0.9319,0.8100,0.0518,-1
KHAPRETA_510206,312061.860,2624575.200,132.2500,1.1419,0.1700,0.0109,-1
KHAPRETA_510206,311983.860,2624576.200,129.7000,0.0000,2.7200,0.1738,-1
KHAPRETA_510206,311985.860,2624576.200,129.8000,0.1170,2.6200,0.1674,-1
KHAPRETA_510206,311986.860,2624576.200,130.0100,0.0121,2.4100,0.1540,-1
KHAPRETA_510206,311990.860,2624576.200,130.3600,0.3019,2.0600,0.1316,-1
KHAPRETA_510206,311997.860,2624576.200,130.8900,0.5919,1.5300,0.0978,-1
KHAPRETA_510206,311999.860,2624576.200,130.7700,0.1500,1.6500,0.1054,-1
KHAPRETA_510206,312002.860,2624576.200,130.8300,0.6069,1.5900,0.1016,-1
KHAPRETA_510206,312004.860,2624576.200,130.9600,0.0000,1.4600,0.0933,-1
KHAPRETA_510206,312006.860,2624576.200,131.0200,0.0000,1.4000,0.0895,-1
KHAPRETA_510206,312011.860,2624576.200,131.1400,0.0000,1.2800,0.0818,-1
KHAPRETA_510206,312014.860,2624576.200,131.1300,0.7019,1.2900,0.0824,-1
KHAPRETA_510206,312015.860,2624576.200,131.1800,0.6970,1.2400,0.0792,-1
KHAPRETA_510206,312016.860,2624576.200,131.1200,0.0250,1.3000,0.0831,-1
KHAPRETA_510206,312017.860,2624576.200,131.1300,0.6719,1.2900,0.0824,-1
KHAPRETA_510206,312022.860,2624576.200,131.1700,0.0000,1.2500,0.0799,-1
KHAPRETA_510206,312025.860,2624576.200,131.2000,0.0000,1.2200,0.0780,-1
KHAPRETA_510206,312029.860,2624576.200,131.2400,0.0000,1.1800,0.0754,-1
KHAPRETA_510206,312031.860,2624576.200,131.2600,0.7369,1.1600,0.0741,-1
KHAPRETA_510206,312033.860,2624576.200,131.0900,0.0000,1.3300,0.0850,-1
KHAPRETA_510206,312035.860,2624576.200,131.0200,0.0000,1.4000,0.0895,-1
KHAPRETA_510206,312039.860,2624576.200,130.9900,0.0000,1.4300,0.0914,-1
KHAPRETA_510206,312045.860,2624576.200,131.1100,0.6669,1.3100,0.0837,-1
KHAPRETA_510206,312047.860,2624576.200,131.1200,0.0000,1.3000,0.0831,-1
KHAPRETA_510206,312050.860,2624576.200,131.3500,0.0000,1.0700,0.0684,-1
KHAPRETA_510206,312053.860,2624576.200,131.5300,0.0000,0.8900,0.0569,-1
KHAPRETA_510206,312059.860,2624576.200,131.6400,0.1650,0.7800,0.0498,-1
KHAPRETA_510206,312062.860,2624576.200,132.2300,0.0000,0.1900,0.0121,-1
KHAPRETA_510206,312070.860,2624576.200,132.1300,0.0000,0.2900,0.0185,-1
KHAPRETA_510206,311985.860,2624577.200,129.7700,0.0121,2.6500,0.1693,-1
KHAPRETA_510206,311986.860,2624577.200,129.7800,0.1170,2.6400,0.1687,-1
KHAPRETA_510206,311990.860,2624577.200,130.3800,0.2919,2.0400,0.1304,-1
KHAPRETA_510206,311992.860,2624577.200,130.4300,0.0000,1.9900,0.1272,-1
KHAPRETA_510206,311999.860,2624577.200,130.9000,0.4969,1.5200,0.0971,-1
KHAPRETA_510206,312001.860,2624577.200,130.7400,0.4719,1.6800,0.1073,-1
KHAPRETA_510206,312007.860,2624577.200,130.9700,0.8937,1.4500,0.0927,-1
KHAPRETA_510206,312008.860,2624577.200,131.0400,0.5969,1.3800,0.0882,-1
KHAPRETA_510206,312010.860,2624577.200,131.0900,0.0000,1.3300,0.0850,-1
KHAPRETA_510206,312012.860,2624577.200,131.0600,0.6719,1.3600,0.0869,-1
KHAPRETA_510206,312015.860,2624577.200,131.1700,0.7019,1.2500,0.0799,-1
KHAPRETA_510206,312018.860,2624577.200,131.2000,0.9857,1.2200,0.0780,-1
KHAPRETA_510206,312019.860,2624577.200,131.1900,0.7119,1.2300,0.0786,-1
KHAPRETA_510206,312024.860,2624577.200,131.1500,0.7169,1.2700,0.0812,-1
KHAPRETA_510206,312032.860,2624577.200,131.2900,0.0000,1.1300,0.0722,-1
KHAPRETA_510206,312036.860,2624577.200,131.0000,0.0000,1.4200,0.0907,-1
KHAPRETA_510206,312038.860,2624577.200,131.0500,0.0000,1.3700,0.0875,-1
KHAPRETA_510206,312042.860,2624577.200,131.0900,0.0000,1.3300,0.0850,-1
KHAPRETA_510206,312044.860,2624577.200,131.1200,0.0000,1.3000,0.0831,-1
KHAPRETA_510206,312052.860,2624577.200,131.5500,0.0000,0.8700,0.0556,-1
KHAPRETA_510206,312056.860,2624577.200,131.8500,0.0000,0.5700,0.0364,-1
KHAPRETA_510206,312059.860,2624577.200,131.2800,0.9319,1.1400,0.0728,-1
KHAPRETA_510206,312061.860,2624577.200,132.2700,0.0000,0.1500,0.0096,-1
KHAPRETA_510206,312068.860,2624577.200,132.0900,1.1619,0.3300,0.0211,-1
KHAPRETA_510206,312069.860,2624577.200,132.1000,1.1569,0.3200,0.0204,-1
KHAPRETA_510206,312073.860,2624577.200,132.1600,0.0000,0.2600,0.0166,-1
KHAPRETA_510206,312077.860,2624577.200,132.3200,0.0000,0.1000,0.0064,-1
KHAPRETA_510206,311983.860,2624578.200,129.8500,0.0000,2.5700,0.1642,-1
KHAPRETA_510206,311997.860,2624578.200,130.8400,0.0000,1.5800,0.1010,-1
KHAPRETA_510206,312001.860,2624578.200,130.7200,0.0450,1.7000,0.1086,-1
KHAPRETA_510206,312004.860,2624578.200,130.9800,0.5219,1.4400,0.0920,-1
KHAPRETA_510206,312005.860,2624578.200,130.8200,0.6121,1.6000,0.1022,-1
KHAPRETA_510206,312006.860,2624578.200,130.9500,0.6661,1.4700,0.0939,-1
KHAPRETA_510206,312007.860,2624578.200,131.0400,0.8372,1.3800,0.0882,-1
KHAPRETA_510206,312012.860,2624578.200,131.1200,0.6419,1.3000,0.0831,-1
KHAPRETA_510206,312016.860,2624578.200,131.1300,0.0000,1.2900,0.0824,-1
KHAPRETA_510206,312018.860,2624578.200,131.1500,0.7119,1.2700,0.0812,-1
KHAPRETA_510206,312022.860,2624578.200,131.1700,0.0000,1.2500,0.0799,-1
KHAPRETA_510206,312024.860,2624578.200,131.2100,1.0002,1.2100,0.0773,-1
KHAPRETA_510206,312025.860,2624578.200,131.2300,0.7078,1.1900,0.0760,-1
KHAPRETA_510206,312026.860,2624578.200,131.2800,0.7269,1.1400,0.0728,-1
KHAPRETA_510206,312034.860,2624578.200,131.1900,0.0000,1.2300,0.0786,-1
KHAPRETA_510206,312043.860,2624578.200,131.1000,0.0000,1.3200,0.0843,-1
KHAPRETA_510206,312051.860,2624578.200,131.5800,0.9519,0.8400,0.0537,-1
KHAPRETA_510206,312062.860,2624578.200,132.0200,0.0000,0.4000,0.0256,-1
KHAPRETA_510206,312072.860,2624578.200,132.2000,1.1919,0.2200,0.0141,-1
KHAPRETA_510206,311988.860,2624579.200,130.2000,0.0000,2.2200,0.1419,-1
KHAPRETA_510206,311996.860,2624579.200,130.6000,0.0000,1.8200,0.1163,-1
KHAPRETA_510206,311999.860,2624579.200,131.0000,0.5569,1.4200,0.0907,-1
KHAPRETA_510206,312000.860,2624579.200,130.8900,0.1750,1.5300,0.0978,-1
KHAPRETA_510206,312001.860,2624579.200,130.6500,0.1209,1.7700,0.1131,-1
KHAPRETA_510206,312002.860,2624579.200,130.8600,0.4369,1.5600,0.0997,-1
KHAPRETA_510206,312005.860,2624579.200,131.0000,0.8390,1.4200,0.0907,-1
KHAPRETA_510206,312006.860,2624579.200,131.0900,0.6120,1.3300,0.0850,-1
KHAPRETA_510206,312008.860,2624579.200,131.0300,0.6269,1.3900,0.0888,-1
KHAPRETA_510206,312020.860,2624579.200,131.2200,0.0000,1.2000,0.0767,-1
KHAPRETA_510206,312023.860,2624579.200,131.2700,0.7369,1.1500,0.0735,-1
KHAPRETA_510206,312025.860,2624579.200,131.1900,0.7269,1.2300,0.0786,-1
KHAPRETA_510206,312032.860,2624579.200,131.2400,0.0000,1.1800,0.0754,-1
KHAPRETA_510206,312037.860,2624579.200,131.0400,0.6569,1.3800,0.0882,-1
KHAPRETA_510206,312038.860,2624579.200,131.0900,0.6319,1.3300,0.0850,-1
KHAPRETA_510206,312044.860,2624579.200,131.0800,0.0000,1.3400,0.0856,-1
KHAPRETA_510206,312047.860,2624579.200,131.3600,0.7569,1.0600,0.0677,-1
KHAPRETA_510206,312048.860,2624579.200,131.2900,1.1414,1.1300,0.0722,-1
KHAPRETA_510206,312051.860,2624579.200,131.6800,1.3407,0.7400,0.0473,-1
KHAPRETA_510206,312052.860,2624579.200,131.7600,0.0500,0.6600,0.0422,-1
KHAPRETA_510206,312053.860,2624579.200,131.7800,0.9919,0.6400,0.0409,-1
KHAPRETA_510206,312055.860,2624579.200,131.6700,1.0119,0.7500,0.0479,-1
KHAPRETA_510206,312064.860,2624579.200,132.2000,1.2469,0.2200,0.0141,-1
KHAPRETA_510206,312065.860,2624579.200,132.2700,1.2677,0.1500,0.0096,-1
KHAPRETA_510206,312066.860,2624579.200,132.1100,1.2469,0.3100,0.0198,-1
KHAPRETA_510206,312072.860,2624579.200,132.1600,1.2124,0.2600,0.0166,-1
KHAPRETA_510206,312073.860,2624579.200,132.2000,1.1919,0.2200,0.0141,-1
KHAPRETA_510206,311984.860,2624580.200,130.2800,0.0000,2.1400,0.1367,-1
KHAPRETA_510206,312001.860,2624580.200,130.9600,0.4369,1.4600,0.0933,-1
KHAPRETA_510206,312006.860,2624580.200,130.9700,0.6569,1.4500,0.0927,-1
KHAPRETA_510206,312008.860,2624580.200,131.0300,0.6221,1.3900,0.0888,-1
KHAPRETA_510206,312009.860,2624580.200,131.0200,0.9081,1.4000,0.0895,-1
KHAPRETA_510206,312011.860,2624580.200,131.0700,0.0000,1.3500,0.0863,-1
KHAPRETA_510206,312021.860,2624580.200,131.2700,1.0248,1.1500,0.0735,-1
KHAPRETA_510206,312022.860,2624580.200,131.2600,0.0100,1.1600,0.0741,-1
KHAPRETA_510206,312023.860,2624580.200,131.2500,0.7420,1.1700,0.0748,-1
KHAPRETA_510206,312027.860,2624580.200,131.2700,0.7569,1.1500,0.0735,-1
KHAPRETA_510206,312028.860,2624580.200,131.2900,0.7469,1.1300,0.0722,-1
KHAPRETA_510206,312033.860,2624580.200,131.3000,0.7569,1.1200,0.0716,-1
KHAPRETA_510206,312034.860,2624580.200,131.2900,0.0350,1.1300,0.0722,-1
KHAPRETA_510206,312035.860,2624580.200,131.2300,0.7569,1.1900,0.0760,-1
KHAPRETA_510206,312039.860,2624580.200,131.0800,0.0000,1.3400,0.0856,-1
KHAPRETA_510206,312041.860,2624580.200,131.0600,0.0000,1.3600,0.0869,-1
KHAPRETA_510206,312048.860,2624580.200,131.4200,0.7569,1.0000,0.0639,-1
KHAPRETA_510206,312050.860,2624580.200,131.7200,0.9419,0.7000,0.0447,-1
KHAPRETA_510206,312054.860,2624580.200,131.7900,1.0119,0.6300,0.0403,-1
KHAPRETA_510206,312055.860,2624580.200,131.8000,1.3822,0.6200,0.0396,-1
KHAPRETA_510206,312058.860,2624580.200,131.8300,0.0000,0.5900,0.0377,-1
KHAPRETA_510206,312065.860,2624580.200,132.3100,1.2469,0.1100,0.0070,-1
KHAPRETA_510206,312068.860,2624580.200,132.1500,1.1919,0.2700,0.0173,-1
KHAPRETA_510206,312072.860,2624580.200,132.1300,1.1919,0.2900,0.0185,-1
KHAPRETA_510206,311993.860,2624581.200,130.1700,0.0000,2.2500,0.1438,-1
KHAPRETA_510206,311995.860,2624581.200,131.0400,0.0000,1.3800,0.0882,-1
KHAPRETA_510206,311997.860,2624581.200,130.7600,0.0000,1.6600,0.1061,-1
KHAPRETA_510206,312004.860,2624581.200,130.8100,0.0000,1.6100,0.1029,-1
KHAPRETA_510206,312008.860,2624581.200,131.0600,0.9081,1.3600,0.0869,-1
KHAPRETA_510206,312009.860,2624581.200,131.0900,0.6435,1.3300,0.0850,-1
KHAPRETA_510206,312013.860,2624581.200,131.0900,0.0000,1.3300,0.0850,-1
KHAPRETA_510206,312016.860,2624581.200,131.1300,0.6819,1.2900,0.0824,-1
KHAPRETA_510206,312019.860,2624581.200,131.1700,0.0000,1.2500,0.0799,-1
KHAPRETA_510206,312021.860,2624581.200,131.1900,0.7469,1.2300,0.0786,-1
KHAPRETA_510206,312023.860,2624581.200,131.2900,0.0150,1.1300,0.0722,-1
KHAPRETA_510206,312036.860,2624581.200,131.2800,0.0000,1.1400,0.0728,-1
KHAPRETA_510206,312040.860,2624581.200,131.0700,0.0000,1.3500,0.0863,-1
KHAPRETA_510206,312045.860,2624581.200,131.1400,0.0000,1.2800,0.0818,-1
KHAPRETA_510206,312047.860,2624581.200,131.4400,0.9619,0.9800,0.0626,-1
KHAPRETA_510206,312050.860,2624581.200,131.6600,0.9719,0.7600,0.0486,-1
KHAPRETA_510206,312053.860,2624581.200,131.7200,0.0000,0.7000,0.0447,-1
KHAPRETA_510206,312056.860,2624581.200,131.7700,0.0000,0.6500,0.0415,-1
KHAPRETA_510206,312060.860,2624581.200,131.8100,0.0000,0.6100,0.0390,-1
KHAPRETA_510206,312068.860,2624581.200,132.1600,0.0250,0.2600,0.0166,-1
KHAPRETA_510206,312070.860,2624581.200,132.1300,1.1769,0.2900,0.0185,-1
KHAPRETA_510206,311996.860,2624582.200,130.5800,0.0000,1.8400,0.1176,-1
KHAPRETA_510206,311998.860,2624582.200,130.8700,0.5219,1.5500,0.0990,-1
KHAPRETA_510206,311999.860,2624582.200,130.8200,0.7700,1.6000,0.1022,-1
KHAPRETA_510206,312007.860,2624582.200,131.0900,0.0000,1.3300,0.0850,-1
KHAPRETA_510206,312009.860,2624582.200,131.1100,0.6569,1.3100,0.0837,-1
KHAPRETA_510206,312011.860,2624582.200,131.1500,0.0000,1.2700,0.0812,-1
KHAPRETA_510206,312015.860,2624582.200,131.1200,0.6819,1.3000,0.0831,-1
KHAPRETA_510206,312016.860,2624582.200,131.1400,0.6788,1.2800,0.0818,-1
KHAPRETA_510206,312017.860,2624582.200,131.2200,0.9609,1.2000,0.0767,-1
KHAPRETA_510206,312023.860,2624582.200,131.2200,0.0500,1.2000,0.0767,-1
KHAPRETA_510206,312027.860,2624582.200,131.2900,0.7619,1.1300,0.0722,-1
KHAPRETA_510206,312028.860,2624582.200,131.3000,0.0300,1.1200,0.0716,-1
KHAPRETA_510206,312029.860,2624582.200,131.2300,0.7619,1.1900,0.0760,-1
KHAPRETA_510206,312033.860,2624582.200,131.2900,0.0000,1.1300,0.0722,-1
KHAPRETA_510206,312035.860,2624582.200,131.3100,0.0000,1.1100,0.0709,-1
KHAPRETA_510206,312041.860,2624582.200,131.1100,0.7419,1.3100,0.0837,-1
KHAPRETA_510206,312047.860,2624582.200,131.7000,0.8319,0.7200,0.0460,-1
KHAPRETA_510206,312049.860,2624582.200,131.7600,0.0000,0.6600,0.0422,-1
KHAPRETA_510206,312064.860,2624582.200,131.5400,0.9419,0.8800,0.0562,-1
KHAPRETA_510206,312068.860,2624582.200,132.2000,1.1919,0.2200,0.0141,-1
KHAPRETA_510206,312070.860,2624582.200,132.1300,0.0000,0.2900,0.0185,-1
KHAPRETA_510206,312072.860,2624582.200,132.1400,0.0000,0.2800,0.0179,-1
KHAPRETA_510206,311999.860,2624583.200,130.8600,0.5219,1.5600,0.0997,-1
KHAPRETA_510206,312003.860,2624583.200,130.8400,0.0000,1.5800,0.1010,-1
KHAPRETA_510206,312017.860,2624583.200,131.1300,0.7219,1.2900,0.0824,-1
KHAPRETA_510206,312023.860,2624583.200,131.1900,0.7219,1.2300,0.0786,-1
KHAPRETA_510206,312030.860,2624583.200,131.3500,0.0000,1.0700,0.0684,-1
KHAPRETA_510206,312032.860,2624583.200,131.2900,0.0000,1.1300,0.0722,-1
KHAPRETA_510206,312034.860,2624583.200,131.3100,0.0000,1.1100,0.0709,-1
KHAPRETA_510206,312041.860,2624583.200,131.2600,1.0898,1.1600,0.0741,-1
KHAPRETA_510206,312042.860,2624583.200,131.5000,1.0925,0.9200,0.0588,-1
KHAPRETA_510206,312053.860,2624583.200,131.7600,0.0000,0.6600,0.0422,-1
KHAPRETA_510206,312060.860,2624583.200,131.8600,0.0000,0.5600,0.0358,-1
KHAPRETA_510206,312064.860,2624583.200,131.6600,1.0119,0.7600,0.0486,-1
KHAPRETA_510206,312065.860,2624583.200,131.7900,0.0900,0.6300,0.0403,-1
KHAPRETA_510206,312066.860,2624583.200,131.8400,1.5038,0.5800,0.0371,-1
KHAPRETA_510206,312070.860,2624583.200,132.1300,1.2020,0.2900,0.0185,-1
KHAPRETA_510206,312071.860,2624583.200,132.1800,1.1769,0.2400,0.0153,-1
KHAPRETA_510206,312001.860,2624584.200,131.0100,0.0000,1.4100,0.0901,-1
KHAPRETA_510206,312004.860,2624584.200,130.9100,0.5769,1.5100,0.0965,-1
KHAPRETA_510206,312007.860,2624584.200,131.0400,0.0000,1.3800,0.0882,-1
KHAPRETA_510206,312010.860,2624584.200,131.1600,0.0000,1.2600,0.0805,-1
KHAPRETA_510206,312012.860,2624584.200,131.1100,0.0000,1.3100,0.0837,-1
KHAPRETA_510206,312024.860,2624584.200,131.2500,1.0394,1.1700,0.0748,-1
KHAPRETA_510206,312025.860,2624584.200,131.3000,0.7269,1.1200,0.0716,-1
KHAPRETA_510206,312026.860,2624584.200,131.2500,0.0250,1.1700,0.0748,-1
KHAPRETA_510206,312027.860,2624584.200,131.2500,0.0050,1.1700,0.0748,-1
KHAPRETA_510206,312028.860,2624584.200,131.2600,1.0493,1.1600,0.0741,-1
KHAPRETA_510206,312033.860,2624584.200,131.2700,0.0000,1.1500,0.0735,-1
KHAPRETA_510206,312037.860,2624584.200,131.3000,0.0000,1.1200,0.0716,-1
KHAPRETA_510206,312040.860,2624584.200,131.3200,0.0000,1.1000,0.0703,-1
KHAPRETA_510206,312042.860,2624584.200,131.3800,0.8619,1.0400,0.0665,-1
KHAPRETA_510206,312045.860,2624584.200,131.7200,0.0000,0.7000,0.0447,-1
KHAPRETA_510206,312051.860,2624584.200,131.7600,0.9969,0.6600,0.0422,-1
KHAPRETA_510206,312052.860,2624584.200,131.7700,0.9919,0.6500,0.0415,-1
KHAPRETA_510206,312056.860,2624584.200,131.8100,1.4240,0.6100,0.0390,-1
KHAPRETA_510206,312057.860,2624584.200,131.7800,1.4241,0.6400,0.0409,-1
KHAPRETA_510206,312059.860,2624584.200,131.7300,0.9869,0.6900,0.0441,-1
KHAPRETA_510206,312061.860,2624584.200,131.8200,0.0000,0.6000,0.0383,-1
KHAPRETA_510206,312064.860,2624584.200,131.7400,0.9419,0.6800,0.0435,-1
KHAPRETA_510206,312066.860,2624584.200,132.0100,1.0319,0.4100,0.0262,-1
KHAPRETA_510206,312068.860,2624584.200,132.3000,1.2169,0.1200,0.0077,-1
KHAPRETA_510206,312070.860,2624584.200,132.1600,0.1100,0.2600,0.0166,-1
KHAPRETA_510206,311996.860,2624585.200,130.3200,0.0000,2.1000,0.1342,-1
KHAPRETA_510206,312004.860,2624585.200,130.9300,0.5669,1.4900,0.0952,-1
KHAPRETA_510206,312016.860,2624585.200,131.0900,0.0000,1.3300,0.0850,-1
KHAPRETA_510206,312024.860,2624585.200,131.1900,1.0351,1.2300,0.0786,-1
KHAPRETA_510206,312025.860,2624585.200,131.2300,1.0394,1.1900,0.0760,-1
KHAPRETA_510206,312028.860,2624585.200,131.2700,0.7419,1.1500,0.0735,-1
KHAPRETA_510206,312030.860,2624585.200,131.2800,0.0000,1.1400,0.0728,-1
KHAPRETA_510206,312038.860,2624585.200,131.2000,0.5969,1.2200,0.0780,-1
KHAPRETA_510206,312048.860,2624585.200,131.7200,0.0000,0.7000,0.0447,-1
KHAPRETA_510206,312050.860,2624585.200,131.7300,0.0000,0.6900,0.0441,-1
KHAPRETA_510206,312055.860,2624585.200,131.7800,1.0119,0.6400,0.0409,-1
KHAPRETA_510206,312056.860,2624585.200,131.8000,0.0158,0.6200,0.0396,-1
KHAPRETA_510206,312057.860,2624585.200,131.7700,1.0020,0.6500,0.0415,-1
KHAPRETA_510206,312058.860,2624585.200,131.7800,0.0100,0.6400,0.0409,-1
KHAPRETA_510206,312059.860,2624585.200,131.7500,0.9770,0.6700,0.0428,-1
KHAPRETA_510206,312060.860,2624585.200,131.7600,1.4028,0.6600,0.0422,-1
KHAPRETA_510206,312062.860,2624585.200,131.7900,1.0569,0.6300,0.0403,-1
KHAPRETA_510206,312063.860,2624585.200,131.8900,1.4347,0.5300,0.0339,-1
KHAPRETA_510206,312068.860,2624585.200,132.2100,0.3550,0.2100,0.0134,-1
KHAPRETA_510206,312070.860,2624585.200,132.3500,1.1919,0.0700,0.0045,-1
KHAPRETA_510206,311997.860,2624586.200,130.2600,0.4069,2.1600,0.1380,-1
KHAPRETA_510206,312003.860,2624586.200,131.3000,0.5319,1.1200,0.0716,-1
KHAPRETA_510206,312008.860,2624586.200,131.0000,0.0000,1.4200,0.0907,-1
KHAPRETA_510206,312010.860,2624586.200,131.1200,0.0000,1.3000,0.0831,-1
KHAPRETA_510206,312018.860,2624586.200,131.1600,0.0000,1.2600,0.0805,-1
KHAPRETA_510206,312023.860,2624586.200,131.1900,0.0000,1.2300,0.0786,-1
KHAPRETA_510206,312033.860,2624586.200,131.2900,0.7669,1.1300,0.0722,-1
KHAPRETA_510206,312034.860,2624586.200,131.3100,0.0000,1.1100,0.0709,-1
KHAPRETA_510206,312035.860,2624586.200,131.2900,0.7669,1.1300,0.0722,-1
KHAPRETA_510206,312038.860,2624586.200,130.9700,0.1000,1.4500,0.0927,-1
KHAPRETA_510206,312046.860,2624586.200,131.6900,0.0000,0.7300,0.0466,-1
KHAPRETA_510206,312054.860,2624586.200,131.8000,0.0000,0.6200,0.0396,-1
KHAPRETA_510206,312056.860,2624586.200,131.7800,1.0119,0.6400,0.0409,-1
KHAPRETA_510206,312060.860,2624586.200,131.7700,1.0229,0.6500,0.0415,-1
KHAPRETA_510206,312061.860,2624586.200,131.8200,1.4028,0.6000,0.0383,-1
KHAPRETA_510206,312063.860,2624586.200,131.8200,1.4702,0.6000,0.0383,-1
KHAPRETA_510206,312064.860,2624586.200,131.8200,1.4452,0.6000,0.0383,-1
KHAPRETA_510206,312068.860,2624586.200,131.5900,1.0549,0.8300,0.0530,-1
KHAPRETA_510206,312069.860,2624586.200,131.7700,0.9069,0.6500,0.0415,-1
KHAPRETA_510206,311993.860,2624587.200,130.2400,0.0000,2.1800,0.1393,-1
KHAPRETA_510206,311997.860,2624587.200,130.5900,0.0500,1.8300,0.1169,-1
KHAPRETA_510206,311999.860,2624587.200,130.3900,0.2919,2.0300,0.1297,-1
KHAPRETA_510206,312000.860,2624587.200,130.3600,0.3069,2.0600,0.1316,-1
KHAPRETA_510206,312002.860,2624587.200,130.8300,0.5319,1.5900,0.1016,-1
KHAPRETA_510206,312003.860,2624587.200,130.8400,0.0962,1.5800,0.1010,-1
KHAPRETA_510206,312004.860,2624587.200,131.0000,0.5319,1.4200,0.0907,-1
KHAPRETA_510206,312006.860,2624587.200,131.0900,0.0000,1.3300,0.0850,-1
KHAPRETA_510206,312012.860,2624587.200,131.1900,0.0000,1.2300,0.0786,-1
KHAPRETA_510206,312014.860,2624587.200,131.0800,0.0000,1.3400,0.0856,-1
KHAPRETA_510206,312017.860,2624587.200,131.1100,0.0000,1.3100,0.0837,-1
KHAPRETA_510206,312019.860,2624587.200,131.2000,0.6469,1.2200,0.0780,-1
KHAPRETA_510206,312020.860,2624587.200,131.0700,0.0050,1.3500,0.0863,-1
KHAPRETA_510206,312021.860,2624587.200,131.2100,0.6469,1.2100,0.0773,-1
KHAPRETA_510206,312024.860,2624587.200,131.2000,0.7119,1.2200,0.0780,-1
KHAPRETA_510206,312031.860,2624587.200,131.3500,0.0000,1.0700,0.0684,-1
KHAPRETA_510206,312036.860,2624587.200,131.1700,0.0000,1.2500,0.0799,-1
KHAPRETA_510206,312038.860,2624587.200,131.0000,0.9025,1.4200,0.0907,-1
KHAPRETA_510206,312039.860,2624587.200,131.1300,0.1550,1.2900,0.0824,-1
KHAPRETA_510206,312040.860,2624587.200,131.3100,1.1438,1.1100,0.0709,-1
KHAPRETA_510206,312043.860,2624587.200,131.6800,0.0000,0.7400,0.0473,-1
KHAPRETA_510206,312047.860,2624587.200,131.7200,1.0019,0.7000,0.0447,-1
KHAPRETA_510206,312048.860,2624587.200,131.7800,0.0100,0.6400,0.0409,-1
KHAPRETA_510206,312049.860,2624587.200,131.7400,0.0550,0.6800,0.0435,-1
KHAPRETA_510206,312050.860,2624587.200,131.6700,0.9819,0.7500,0.0479,-1
KHAPRETA_510206,312059.860,2624587.200,131.8600,1.0369,0.5600,0.0358,-1
KHAPRETA_510206,312060.860,2624587.200,131.8500,0.9985,0.5700,0.0364,-1
KHAPRETA_510206,312061.860,2624587.200,131.7500,1.4559,0.6700,0.0428,-1
KHAPRETA_510206,312064.860,2624587.200,131.8200,1.0219,0.6000,0.0383,-1
KHAPRETA_510206,312068.860,2624587.200,131.5200,0.9069,0.9000,0.0575,-1
KHAPRETA_510206,311997.860,2624588.200,130.3600,0.4069,2.0600,0.1316,-1
KHAPRETA_510206,312003.860,2624588.200,131.2100,0.5319,1.2100,0.0773,-1
KHAPRETA_510206,312005.860,2624588.200,130.9300,0.5869,1.4900,0.0952,-1
KHAPRETA_510206,312007.860,2624588.200,131.0600,0.5619,1.3600,0.0869,-1
KHAPRETA_510206,312008.860,2624588.200,130.9000,0.6419,1.5200,0.0971,-1
KHAPRETA_510206,312010.860,2624588.200,131.3500,0.7469,1.0700,0.0684,-1
KHAPRETA_510206,312011.860,2624588.200,131.2700,0.7869,1.1500,0.0735,-1
KHAPRETA_510206,312016.860,2624588.200,131.2000,0.0000,1.2200,0.0780,-1
KHAPRETA_510206,312024.860,2624588.200,131.2000,0.7119,1.2200,0.0780,-1
KHAPRETA_510206,312026.860,2624588.200,131.3200,0.7369,1.1000,0.0703,-1
KHAPRETA_510206,312027.860,2624588.200,131.2500,0.0250,1.1700,0.0748,-1
KHAPRETA_510206,312028.860,2624588.200,131.2700,0.7369,1.1500,0.0735,-1
KHAPRETA_510206,312030.860,2624588.200,131.3300,0.7419,1.0900,0.0696,-1
KHAPRETA_510206,312035.860,2624588.200,131.1300,0.0000,1.2900,0.0824,-1
KHAPRETA_510206,312037.860,2624588.200,130.9000,0.0000,1.5200,0.0971,-1
KHAPRETA_510206,312040.860,2624588.200,131.6200,0.7669,0.8000,0.0511,-1
KHAPRETA_510206,312051.860,2624588.200,131.7200,1.0019,0.7000,0.0447,-1
KHAPRETA_510206,312052.860,2624588.200,131.7800,0.9719,0.6400,0.0409,-1
KHAPRETA_510206,312057.860,2624588.200,131.7600,0.0000,0.6600,0.0422,-1
KHAPRETA_510206,312069.860,2624588.200,131.6400,0.0000,0.7800,0.0498,-1
KHAPRETA_510206,311992.860,2624589.200,130.7200,0.4319,1.7000,0.1086,-1
KHAPRETA_510206,311994.860,2624589.200,130.0800,0.4346,2.3400,0.1495,-1
KHAPRETA_510206,311995.860,2624589.200,130.1300,0.1519,2.2900,0.1463,-1
KHAPRETA_510206,311998.860,2624589.200,130.2500,0.1919,2.1700,0.1387,-1
KHAPRETA_510206,311999.860,2624589.200,130.1600,0.3799,2.2600,0.1444,-1
KHAPRETA_510206,312004.860,2624589.200,130.7100,0.5869,1.7100,0.1093,-1
KHAPRETA_510206,312005.860,2624589.200,130.9500,0.7422,1.4700,0.0939,-1
KHAPRETA_510206,312012.860,2624589.200,131.0700,0.6669,1.3500,0.0863,-1
KHAPRETA_510206,312013.860,2624589.200,131.1100,0.6469,1.3100,0.0837,-1
KHAPRETA_510206,312017.860,2624589.200,131.2800,0.0000,1.1400,0.0728,-1
KHAPRETA_510206,312023.860,2624589.200,131.2500,0.0000,1.1700,0.0748,-1
KHAPRETA_510206,312030.860,2624589.200,131.2600,0.7769,1.1600,0.0741,-1
KHAPRETA_510206,312033.860,2624589.200,131.2400,0.0000,1.1800,0.0754,-1
KHAPRETA_510206,312036.860,2624589.200,131.0500,0.0000,1.3700,0.0875,-1
KHAPRETA_510206,312038.860,2624589.200,131.4200,0.9169,1.0000,0.0639,-1
KHAPRETA_510206,312039.860,2624589.200,131.6100,0.8219,0.8100,0.0518,-1
KHAPRETA_510206,312041.860,2624589.200,131.6700,0.0000,0.7500,0.0479,-1
KHAPRETA_510206,312045.860,2624589.200,131.6700,0.9619,0.7500,0.0479,-1
KHAPRETA_510206,312046.860,2624589.200,131.7000,0.9721,0.7200,0.0460,-1
KHAPRETA_510206,312047.860,2624589.200,131.7100,0.9619,0.7100,0.0454,-1
KHAPRETA_510206,312054.860,2624589.200,131.7800,0.9719,0.6400,0.0409,-1
KHAPRETA_510206,312055.860,2624589.200,131.7200,1.0170,0.7000,0.0447,-1
KHAPRETA_510206,312056.860,2624589.200,131.7600,0.9719,0.6600,0.0422,-1
KHAPRETA_510206,312064.860,2624589.200,131.7800,0.9669,0.6400,0.0409,-1
KHAPRETA_510206,311992.860,2624590.200,130.6400,0.4719,1.7800,0.1137,-1
KHAPRETA_510206,311994.860,2624590.200,130.5700,0.4500,1.8500,0.1182,-1
KHAPRETA_510206,311997.860,2624590.200,130.1900,0.4219,2.2300,0.1425,-1
KHAPRETA_510206,311999.860,2624590.200,130.3700,0.2470,2.0500,0.1310,-1
KHAPRETA_510206,312000.860,2624590.200,130.2700,0.2861,2.1500,0.1374,-1
KHAPRETA_510206,312001.860,2624590.200,130.1400,0.3110,2.2800,0.1457,-1
KHAPRETA_510206,312002.860,2624590.200,130.3700,0.2718,2.0500,0.1310,-1
KHAPRETA_510206,312019.860,2624590.200,131.1300,0.7769,1.2900,0.0824,-1
KHAPRETA_510206,312020.860,2624590.200,131.3300,0.6769,1.0900,0.0696,-1
KHAPRETA_510206,312026.860,2624590.200,131.2300,0.6919,1.1900,0.0760,-1
KHAPRETA_510206,312028.860,2624590.200,131.2600,0.0000,1.1600,0.0741,-1
KHAPRETA_510206,312046.860,2624590.200,131.7200,0.9619,0.7000,0.0447,-1
KHAPRETA_510206,312055.860,2624590.200,131.8100,0.0350,0.6100,0.0390,-1
KHAPRETA_510206,312064.860,2624590.200,131.7100,1.0019,0.7100,0.0454,-1
KHAPRETA_510206,312069.860,2624590.200,131.6900,1.0119,0.7300,0.0466,-1
KHAPRETA_510206,312070.860,2624590.200,131.8000,0.3150,0.6200,0.0396,-1
KHAPRETA_510206,312071.860,2624590.200,132.3200,1.0119,0.1000,0.0064,-1
KHAPRETA_510206,311993.860,2624591.200,130.9200,0.6019,1.5000,0.0958,-1
KHAPRETA_510206,311994.860,2624591.200,130.9800,0.6962,1.4400,0.0920,-1
KHAPRETA_510206,311997.860,2624591.200,130.6200,0.2383,1.8000,0.1150,-1
KHAPRETA_510206,311998.860,2624591.200,130.1200,0.5050,2.3000,0.1470,-1
KHAPRETA_510206,311999.860,2624591.200,130.1500,0.3103,2.2700,0.1450,-1
KHAPRETA_510206,312000.860,2624591.200,130.3000,0.1265,2.1200,0.1355,-1
KHAPRETA_510206,312001.860,2624591.200,130.3900,0.0814,2.0300,0.1297,-1
KHAPRETA_510206,312002.860,2624591.200,130.1800,0.3160,2.2400,0.1431,-1
KHAPRETA_510206,312005.860,2624591.200,130.7900,0.0000,1.6300,0.1042,-1
KHAPRETA_510206,312012.860,2624591.200,131.0900,0.0000,1.3300,0.0850,-1
KHAPRETA_510206,312016.860,2624591.200,131.1300,0.0000,1.2900,0.0824,-1
KHAPRETA_510206,312022.860,2624591.200,131.2100,1.0832,1.2100,0.0773,-1
KHAPRETA_510206,312023.860,2624591.200,131.4000,1.0353,1.0200,0.0652,-1
KHAPRETA_510206,312026.860,2624591.200,131.1600,1.0316,1.2600,0.0805,-1
KHAPRETA_510206,312027.860,2624591.200,131.2400,0.9821,1.1800,0.0754,-1
KHAPRETA_510206,312032.860,2624591.200,131.1700,0.0000,1.2500,0.0799,-1
KHAPRETA_510206,312038.860,2624591.200,131.5300,0.0000,0.8900,0.0569,-1
KHAPRETA_510206,312040.860,2624591.200,131.6200,0.0000,0.8000,0.0511,-1
KHAPRETA_510206,312042.860,2624591.200,131.6000,0.9369,0.8200,0.0524,-1
KHAPRETA_510206,312043.860,2624591.200,131.6500,0.9119,0.7700,0.0492,-1
KHAPRETA_510206,312047.860,2624591.200,131.6700,0.0000,0.7500,0.0479,-1
KHAPRETA_510206,312049.860,2624591.200,131.7000,0.0000,0.7200,0.0460,-1
KHAPRETA_510206,312054.860,2624591.200,131.7900,1.0069,0.6300,0.0403,-1
KHAPRETA_510206,312055.860,2624591.200,131.7900,1.0170,0.6300,0.0403,-1
KHAPRETA_510206,312056.860,2624591.200,131.7700,0.0150,0.6500,0.0415,-1
KHAPRETA_510206,312057.860,2624591.200,131.8200,0.9969,0.6000,0.0383,-1
KHAPRETA_510206,312061.860,2624591.200,131.8300,0.0000,0.5900,0.0377,-1
KHAPRETA_510206,312063.860,2624591.200,131.7800,0.9719,0.6400,0.0409,-1
KHAPRETA_510206,312065.860,2624591.200,131.8800,1.0469,0.5400,0.0345,-1
KHAPRETA_510206,311997.860,2624592.200,130.5200,0.6146,1.9000,0.1214,-1
KHAPRETA_510206,311998.860,2624592.200,130.6700,0.4482,1.7500,0.1118,-1
KHAPRETA_510206,312000.860,2624592.200,130.3500,0.3532,2.0700,0.1323,-1
KHAPRETA_510206,312001.860,2624592.200,130.2500,0.3137,2.1700,0.1387,-1
KHAPRETA_510206,312002.860,2624592.200,130.2200,0.2412,2.2000,0.1406,-1
KHAPRETA_510206,312004.860,2624592.200,130.6100,0.0000,1.8100,0.1157,-1
KHAPRETA_510206,312008.860,2624592.200,130.9500,0.5919,1.4700,0.0939,-1
KHAPRETA_510206,312011.860,2624592.200,131.0600,0.6419,1.3600,0.0869,-1
KHAPRETA_510206,312013.860,2624592.200,131.0800,0.0000,1.3400,0.0856,-1
KHAPRETA_510206,312015.860,2624592.200,131.0800,0.7069,1.3400,0.0856,-1
KHAPRETA_510206,312017.860,2624592.200,131.1300,0.0000,1.2900,0.0824,-1
KHAPRETA_510206,312019.860,2624592.200,131.1300,0.0000,1.2900,0.0824,-1
KHAPRETA_510206,312022.860,2624592.200,131.2100,0.7469,1.2100,0.0773,-1
KHAPRETA_510206,312023.860,2624592.200,131.2700,0.7232,1.1500,0.0735,-1
KHAPRETA_510206,312025.860,2624592.200,131.2000,0.0000,1.2200,0.0780,-1
KHAPRETA_510206,312027.860,2624592.200,131.1700,0.7319,1.2500,0.0799,-1
KHAPRETA_510206,312033.860,2624592.200,131.5200,0.8019,0.9000,0.0575,-1
KHAPRETA_510206,312034.860,2624592.200,131.3800,0.0400,1.0400,0.0665,-1
KHAPRETA_510206,312035.860,2624592.200,131.6000,0.8019,0.8200,0.0524,-1
KHAPRETA_510206,312039.860,2624592.200,131.6700,0.0000,0.7500,0.0479,-1
KHAPRETA_510206,312041.860,2624592.200,131.6400,0.9119,0.7800,0.0498,-1
KHAPRETA_510206,312046.860,2624592.200,131.6100,0.9519,0.8100,0.0518,-1
KHAPRETA_510206,312051.860,2624592.200,131.7000,0.0000,0.7200,0.0460,-1
KHAPRETA_510206,312063.860,2624592.200,131.7200,1.0019,0.7000,0.0447,-1
KHAPRETA_510206,312065.860,2624592.200,131.8700,1.0519,0.5500,0.0351,-1
KHAPRETA_510206,311998.860,2624593.200,130.6200,0.6356,1.8000,0.1150,-1
KHAPRETA_510206,311999.860,2624593.200,130.6800,0.6368,1.7400,0.1112,-1
KHAPRETA_510206,312002.860,2624593.200,130.2700,0.2000,2.1500,0.1374,-1
KHAPRETA_510206,312005.860,2624593.200,130.3000,0.0000,2.1200,0.1355,-1
KHAPRETA_510206,312008.860,2624593.200,130.9600,0.5869,1.4600,0.0933,-1
KHAPRETA_510206,312010.860,2624593.200,131.0500,0.9185,1.3700,0.0875,-1
KHAPRETA_510206,312011.860,2624593.200,131.0600,0.9043,1.3600,0.0869,-1
KHAPRETA_510206,312015.860,2624593.200,131.1900,0.6519,1.2300,0.0786,-1
KHAPRETA_510206,312018.860,2624593.200,130.9900,0.0000,1.4300,0.0914,-1
KHAPRETA_510206,312020.860,2624593.200,131.2200,0.0000,1.2000,0.0767,-1
KHAPRETA_510206,312022.860,2624593.200,131.2100,0.7181,1.2100,0.0773,-1
KHAPRETA_510206,312023.860,2624593.200,131.2100,1.0353,1.2100,0.0773,-1
KHAPRETA_510206,312026.860,2624593.200,131.2700,0.0000,1.1500,0.0735,-1
KHAPRETA_510206,312041.860,2624593.200,131.6000,0.9319,0.8200,0.0524,-1
KHAPRETA_510206,312046.860,2624593.200,131.6800,0.0000,0.7400,0.0473,-1
KHAPRETA_510206,312048.860,2624593.200,131.5900,0.9569,0.8300,0.0530,-1
KHAPRETA_510206,312054.860,2624593.200,131.7600,0.9919,0.6600,0.0422,-1
KHAPRETA_510206,312055.860,2624593.200,131.7600,0.9919,0.6600,0.0422,-1
KHAPRETA_510206,312064.860,2624593.200,131.8000,0.0000,0.6200,0.0396,-1
KHAPRETA_510206,312066.860,2624593.200,131.8700,1.0269,0.5500,0.0351,-1
KHAPRETA_510206,311999.860,2624594.200,130.7300,0.0450,1.6900,0.1080,-1
KHAPRETA_510206,312001.860,2624594.200,130.6200,0.6405,1.8000,0.1150,-1
KHAPRETA_510206,312002.860,2624594.200,130.6200,0.4889,1.8000,0.1150,-1
KHAPRETA_510206,312009.860,2624594.200,130.9100,0.6569,1.5100,0.0965,-1
KHAPRETA_510206,312010.860,2624594.200,131.0900,0.5766,1.3300,0.0850,-1
KHAPRETA_510206,312013.860,2624594.200,131.0500,0.6369,1.3700,0.0875,-1
KHAPRETA_510206,312014.860,2624594.200,131.0500,0.6369,1.3700,0.0875,-1
KHAPRETA_510206,312016.860,2624594.200,131.1200,0.9400,1.3000,0.0831,-1
KHAPRETA_510206,312017.860,2624594.200,131.1400,0.6719,1.2800,0.0818,-1
KHAPRETA_510206,312022.860,2624594.200,131.1300,0.7169,1.2900,0.0824,-1
KHAPRETA_510206,312025.860,2624594.200,131.1900,0.0000,1.2300,0.0786,-1
KHAPRETA_510206,312027.860,2624594.200,131.2800,0.7069,1.1400,0.0728,-1
KHAPRETA_510206,312033.860,2624594.200,131.5400,0.0000,0.8800,0.0562,-1
KHAPRETA_510206,312040.860,2624594.200,131.6300,0.0000,0.7900,0.0505,-1
KHAPRETA_510206,312042.860,2624594.200,131.6400,0.9469,0.7800,0.0498,-1
KHAPRETA_510206,312043.860,2624594.200,131.6700,0.9319,0.7500,0.0479,-1
KHAPRETA_510206,312046.860,2624594.200,131.6100,0.9519,0.8100,0.0518,-1
KHAPRETA_510206,312048.860,2624594.200,131.6900,0.9069,0.7300,0.0466,-1
KHAPRETA_510206,312050.860,2624594.200,131.6700,0.0000,0.7500,0.0479,-1
KHAPRETA_510206,312053.860,2624594.200,131.7600,0.0000,0.6600,0.0422,-1
KHAPRETA_510206,312056.860,2624594.200,131.7700,0.9769,0.6500,0.0415,-1
KHAPRETA_510206,312058.860,2624594.200,131.8400,0.0000,0.5800,0.0371,-1
KHAPRETA_510206,312060.860,2624594.200,131.8600,1.0219,0.5600,0.0358,-1
KHAPRETA_510206,312061.860,2624594.200,131.8200,1.0305,0.6000,0.0383,-1
KHAPRETA_510206,312062.860,2624594.200,131.6900,1.4452,0.7300,0.0466,-1
KHAPRETA_510206,312065.860,2624594.200,131.8100,1.0269,0.6100,0.0390,-1
KHAPRETA_510206,312066.860,2624594.200,131.8300,1.4595,0.5900,0.0377,-1
KHAPRETA_510206,312069.860,2624594.200,131.9500,0.0000,0.4700,0.0300,-1
KHAPRETA_510206,311997.860,2624595.200,130.7700,0.4369,1.6500,0.1054,-1
KHAPRETA_510206,311998.860,2624595.200,130.6500,0.0900,1.7700,0.1131,-1
KHAPRETA_510206,311999.860,2624595.200,130.5900,0.6468,1.8300,0.1169,-1
KHAPRETA_510206,312001.860,2624595.200,130.7400,0.4219,1.6800,0.1073,-1
KHAPRETA_510206,312003.860,2624595.200,130.6500,0.3219,1.7700,0.1131,-1
KHAPRETA_510206,312004.860,2624595.200,130.4200,0.4627,2.0000,0.1278,-1
KHAPRETA_510206,312005.860,2624595.200,130.2700,0.3513,2.1500,0.1374,-1
KHAPRETA_510206,312006.860,2624595.200,130.5300,0.4249,1.8900,0.1208,-1
KHAPRETA_510206,312007.860,2624595.200,130.3700,0.5226,2.0500,0.1310,-1
KHAPRETA_510206,312010.860,2624595.200,130.8400,0.2200,1.5800,0.1010,-1
KHAPRETA_510206,312015.860,2624595.200,131.0300,0.6469,1.3900,0.0888,-1
KHAPRETA_510206,312016.860,2624595.200,131.0700,0.9190,1.3500,0.0863,-1
KHAPRETA_510206,312023.860,2624595.200,131.2400,0.0000,1.1800,0.0754,-1
KHAPRETA_510206,312027.860,2624595.200,131.1900,1.0321,1.2300,0.0786,-1
KHAPRETA_510206,312028.860,2624595.200,131.1900,0.0550,1.2300,0.0786,-1
KHAPRETA_510206,312029.860,2624595.200,131.0800,0.7069,1.3400,0.0856,-1
KHAPRETA_510206,312034.860,2624595.200,131.4800,0.0000,0.9400,0.0601,-1
KHAPRETA_510206,312056.860,2624595.200,131.7300,1.4277,0.6900,0.0441,-1
KHAPRETA_510206,312057.860,2624595.200,131.8200,0.9769,0.6000,0.0383,-1
KHAPRETA_510206,312059.860,2624595.200,131.8400,0.0000,0.5800,0.0371,-1
KHAPRETA_510206,312061.860,2624595.200,131.8300,1.4452,0.5900,0.0377,-1
KHAPRETA_510206,312062.860,2624595.200,131.8200,1.4037,0.6000,0.0383,-1
KHAPRETA_510206,311995.860,2624596.200,130.4900,0.0000,1.9300,0.1233,-1
KHAPRETA_510206,312002.860,2624596.200,130.7300,0.0000,1.6900,0.1080,-1
KHAPRETA_510206,312004.860,2624596.200,130.6200,0.4733,1.8000,0.1150,-1
KHAPRETA_510206,312005.860,2624596.200,130.4700,0.2469,1.9500,0.1246,-1
KHAPRETA_510206,312006.860,2624596.200,130.6200,0.0212,1.8000,0.1150,-1
KHAPRETA_510206,312007.860,2624596.200,130.5000,0.5159,1.9200,0.1227,-1
KHAPRETA_510206,312009.860,2624596.200,130.4500,0.4369,1.9700,0.1259,-1
KHAPRETA_510206,312010.860,2624596.200,130.6500,0.3797,1.7700,0.1131,-1
KHAPRETA_510206,312012.860,2624596.200,131.0800,0.0000,1.3400,0.0856,-1
KHAPRETA_510206,312014.860,2624596.200,131.0500,0.0000,1.3700,0.0875,-1
KHAPRETA_510206,312038.860,2624596.200,131.5900,0.0000,0.8300,0.0530,-1
KHAPRETA_510206,312044.860,2624596.200,131.6400,0.9219,0.7800,0.0498,-1
KHAPRETA_510206,312048.860,2624596.200,131.5500,0.0000,0.8700,0.0556,-1
KHAPRETA_510206,312055.860,2624596.200,131.8100,0.0000,0.6100,0.0390,-1
KHAPRETA_510206,312058.860,2624596.200,131.8100,0.0000,0.6100,0.0390,-1
KHAPRETA_510206,312063.860,2624596.200,131.8300,1.0469,0.5900,0.0377,-1
KHAPRETA_510206,312064.860,2624596.200,131.8700,1.0269,0.5500,0.0351,-1
KHAPRETA_510206,311997.860,2624597.200,130.8900,0.0000,1.5300,0.0978,-1
KHAPRETA_510206,312000.860,2624597.200,130.6400,0.6604,1.7800,0.1137,-1
KHAPRETA_510206,312001.860,2624597.200,130.7000,0.4319,1.7200,0.1099,-1
KHAPRETA_510206,312003.860,2624597.200,130.6100,0.4219,1.8100,0.1157,-1
KHAPRETA_510206,312006.860,2624597.200,130.5600,0.4219,1.8600,0.1188,-1
KHAPRETA_510206,312010.860,2624597.200,130.4900,0.0850,1.9300,0.1233,-1
KHAPRETA_510206,312013.860,2624597.200,131.0700,0.6019,1.3500,0.0863,-1
KHAPRETA_510206,312021.860,2624597.200,131.1500,0.0000,1.2700,0.0812,-1
KHAPRETA_510206,312025.860,2624597.200,131.2000,0.0000,1.2200,0.0780,-1
KHAPRETA_510206,312028.860,2624597.200,131.2700,0.0000,1.1500,0.0735,-1
KHAPRETA_510206,312033.860,2624597.200,131.5800,0.8969,0.8400,0.0537,-1
KHAPRETA_510206,312039.860,2624597.200,131.6000,0.0000,0.8200,0.0524,-1
KHAPRETA_510206,312041.860,2624597.200,131.5400,0.8669,0.8800,0.0562,-1
KHAPRETA_510206,312042.860,2624597.200,131.5100,1.2722,0.9100,0.0581,-1
KHAPRETA_510206,312044.860,2624597.200,131.6200,0.9319,0.8000,0.0511,-1
KHAPRETA_510206,312053.860,2624597.200,131.7400,0.0000,0.6800,0.0435,-1
KHAPRETA_510206,312059.860,2624597.200,131.7300,1.0019,0.6900,0.0441,-1
KHAPRETA_510206,312060.860,2624597.200,131.7800,0.0350,0.6400,0.0409,-1
KHAPRETA_510206,312061.860,2624597.200,131.8000,1.0019,0.6200,0.0396,-1
KHAPRETA_510206,311998.860,2624598.200,130.6300,0.4219,1.7900,0.1144,-1
KHAPRETA_510206,311999.860,2624598.200,130.6200,0.0450,1.8000,0.1150,-1
KHAPRETA_510206,312000.860,2624598.200,130.7200,0.6038,1.7000,0.1086,-1
KHAPRETA_510206,312003.860,2624598.200,130.6200,0.4169,1.8000,0.1150,-1
KHAPRETA_510206,312010.860,2624598.200,130.4800,0.3569,1.9400,0.1240,-1
KHAPRETA_510206,312013.860,2624598.200,130.9800,0.6469,1.4400,0.0920,-1
KHAPRETA_510206,312018.860,2624598.200,131.0800,0.0000,1.3400,0.0856,-1
KHAPRETA_510206,312020.860,2624598.200,131.1400,0.7019,1.2800,0.0818,-1
KHAPRETA_510206,312023.860,2624598.200,131.1500,0.0000,1.2700,0.0812,-1
KHAPRETA_510206,312027.860,2624598.200,131.2400,0.0000,1.1800,0.0754,-1
KHAPRETA_510206,312033.860,2624598.200,131.5700,0.9019,0.8500,0.0543,-1
KHAPRETA_510206,312036.860,2624598.200,131.5500,1.2402,0.8700,0.0556,-1
KHAPRETA_510206,312037.860,2624598.200,131.5400,0.8869,0.8800,0.0562,-1
KHAPRETA_510206,312040.860,2624598.200,131.5900,0.0000,0.8300,0.0530,-1
KHAPRETA_510206,312042.860,2624598.200,131.6100,0.8669,0.8100,0.0518,-1
KHAPRETA_510206,312048.860,2624598.200,131.6100,0.0000,0.8100,0.0518,-1
KHAPRETA_510206,312051.860,2624598.200,131.6900,0.9719,0.7300,0.0466,-1
KHAPRETA_510206,312062.860,2624598.200,131.8100,0.0000,0.6100,0.0390,-1
KHAPRETA_510206,312064.860,2624598.200,131.7700,0.0000,0.6500,0.0415,-1
KHAPRETA_510206,312067.860,2624598.200,132.1400,0.0000,0.2800,0.0179,-1
KHAPRETA_510206,312004.860,2624599.200,130.5600,0.4119,1.8600,0.1188,-1
KHAPRETA_510206,312005.860,2624599.200,130.6000,0.0100,1.8200,0.1163,-1
KHAPRETA_510206,312006.860,2624599.200,130.5400,0.6264,1.8800,0.1201,-1
KHAPRETA_510206,312020.860,2624599.200,131.1800,0.9751,1.2400,0.0792,-1
KHAPRETA_510206,312021.860,2624599.200,131.1700,0.7019,1.2500,0.0799,-1
KHAPRETA_510206,312031.860,2624599.200,131.5300,0.0000,0.8900,0.0569,-1
KHAPRETA_510206,312034.860,2624599.200,131.5600,0.0000,0.8600,0.0550,-1
KHAPRETA_510206,312036.860,2624599.200,131.5200,0.8869,0.9000,0.0575,-1
KHAPRETA_510206,312047.860,2624599.200,131.6600,0.0000,0.7600,0.0486,-1
KHAPRETA_510206,312050.860,2624599.200,131.6900,1.3781,0.7300,0.0466,-1
KHAPRETA_510206,312051.860,2624599.200,131.7200,1.3533,0.7000,0.0447,-1
KHAPRETA_510206,312055.860,2624599.200,131.7600,0.0000,0.6600,0.0422,-1
KHAPRETA_510206,312065.860,2624599.200,131.6700,0.9669,0.7500,0.0479,-1
KHAPRETA_510206,312002.860,2624600.200,130.6900,0.0000,1.7300,0.1105,-1
KHAPRETA_510206,312006.860,2624600.200,130.7200,0.3819,1.7000,0.1086,-1
KHAPRETA_510206,312012.860,2624600.200,130.5400,0.0000,1.8800,0.1201,-1
KHAPRETA_510206,312014.860,2624600.200,130.6200,0.0000,1.8000,0.1150,-1
KHAPRETA_510206,312016.860,2624600.200,131.1000,0.0000,1.3200,0.0843,-1
KHAPRETA_510206,312023.860,2624600.200,131.1200,0.6419,1.3000,0.0831,-1
KHAPRETA_510206,312025.860,2624600.200,131.1000,0.8569,1.3200,0.0843,-1
KHAPRETA_510206,312026.860,2624600.200,131.4900,0.6619,0.9300,0.0594,-1
KHAPRETA_510206,312033.860,2624600.200,131.5100,0.8319,0.9100,0.0581,-1
KHAPRETA_510206,312041.860,2624600.200,131.6100,0.0000,0.8100,0.0518,-1
KHAPRETA_510206,312045.860,2624600.200,131.6600,0.0000,0.7600,0.0486,-1
KHAPRETA_510206,312048.860,2624600.200,131.7100,0.9269,0.7100,0.0454,-1
KHAPRETA_510206,312049.860,2624600.200,131.6300,0.9070,0.7900,0.0505,-1
KHAPRETA_510206,312050.860,2624600.200,131.7300,1.3323,0.6900,0.0441,-1
KHAPRETA_510206,312056.860,2624600.200,131.7500,0.9919,0.6700,0.0428,-1
KHAPRETA_510206,312059.860,2624600.200,131.7500,1.0219,0.6700,0.0428,-1
KHAPRETA_510206,312060.860,2624600.200,131.8200,0.9869,0.6000,0.0383,-1
KHAPRETA_510206,312062.860,2624600.200,131.6400,0.0000,0.7800,0.0498,-1
KHAPRETA_510206,312065.860,2624600.200,131.7100,0.0500,0.7100,0.0454,-1
KHAPRETA_510206,312067.860,2624600.200,131.7000,0.8719,0.7200,0.0460,-1
KHAPRETA_510206,312004.860,2624601.200,130.5600,0.0000,1.8600,0.1188,-1
KHAPRETA_510206,312011.860,2624601.200,130.5600,0.0000,1.8600,0.1188,-1
KHAPRETA_510206,312023.860,2624601.200,131.0600,0.6719,1.3600,0.0869,-1
KHAPRETA_510206,312030.860,2624601.200,131.5400,0.8569,0.8800,0.0562,-1
KHAPRETA_510206,312033.860,2624601.200,131.4400,0.0150,0.9800,0.0626,-1
KHAPRETA_510206,312038.860,2624601.200,131.5800,0.8919,0.8400,0.0537,-1
KHAPRETA_510206,312039.860,2624601.200,131.5600,1.2862,0.8600,0.0550,-1
KHAPRETA_510206,312046.860,2624601.200,131.6700,0.0000,0.7500,0.0479,-1
KHAPRETA_510206,312049.860,2624601.200,131.5900,0.0150,0.8300,0.0530,-1
KHAPRETA_510206,312056.860,2624601.200,131.7600,0.9869,0.6600,0.0422,-1
KHAPRETA_510206,312065.860,2624601.200,131.5700,0.9638,0.8500,0.0543,-1
KHAPRETA_510206,312066.860,2624601.200,131.7000,0.9173,0.7200,0.0460,-1
KHAPRETA_510206,312067.860,2624601.200,131.5200,1.3604,0.9000,0.0575,-1
KHAPRETA_510206,312005.860,2624602.200,130.6500,0.0000,1.7700,0.1131,-1
KHAPRETA_510206,312007.860,2624602.200,130.5900,0.0000,1.8300,0.1169,-1
KHAPRETA_510206,312010.860,2624602.200,130.7100,0.0000,1.7100,0.1093,-1
KHAPRETA_510206,312012.860,2624602.200,130.4700,0.2869,1.9500,0.1246,-1
KHAPRETA_510206,312013.860,2624602.200,130.3500,0.3469,2.0700,0.1323,-1
KHAPRETA_510206,312015.860,2624602.200,130.5800,0.3469,1.8400,0.1176,-1
KHAPRETA_510206,312017.860,2624602.200,130.8900,0.0000,1.5300,0.0978,-1
KHAPRETA_510206,312020.860,2624602.200,131.0200,0.0000,1.4000,0.0895,-1
KHAPRETA_510206,312027.860,2624602.200,131.5300,0.8819,0.8900,0.0569,-1
KHAPRETA_510206,312030.860,2624602.200,131.4900,0.8819,0.9300,0.0594,-1
KHAPRETA_510206,312033.860,2624602.200,131.5400,0.8319,0.8800,0.0562,-1
KHAPRETA_510206,312035.860,2624602.200,131.5100,0.0000,0.9100,0.0581,-1
KHAPRETA_510206,312039.860,2624602.200,131.6100,0.8919,0.8100,0.0518,-1
KHAPRETA_510206,312049.860,2624602.200,131.6600,1.2933,0.7600,0.0486,-1
KHAPRETA_510206,312050.860,2624602.200,131.6200,0.0350,0.8000,0.0511,-1
KHAPRETA_510206,312051.860,2624602.200,131.7300,0.0700,0.6900,0.0441,-1
KHAPRETA_510206,312052.860,2624602.200,131.7600,0.9769,0.6600,0.0422,-1
KHAPRETA_510206,312054.860,2624602.200,131.7200,0.9969,0.7000,0.0447,-1
KHAPRETA_510206,312063.860,2624602.200,131.5800,0.0000,0.8400,0.0537,-1
KHAPRETA_510206,312065.860,2624602.200,131.5900,1.2827,0.8300,0.0530,-1
KHAPRETA_510206,312066.860,2624602.200,131.6100,1.3221,0.8100,0.0518,-1
KHAPRETA_510206,312069.860,2624602.200,131.9000,0.9069,0.5200,0.0332,-1
KHAPRETA_510206,312011.860,2624603.200,130.6400,0.0000,1.7800,0.1137,-1
KHAPRETA_510206,312015.860,2624603.200,130.4700,0.5409,1.9500,0.1246,-1
KHAPRETA_510206,312016.860,2624603.200,130.5000,0.3469,1.9200,0.1227,-1
KHAPRETA_510206,312025.860,2624603.200,131.4800,0.0000,0.9400,0.0601,-1
KHAPRETA_510206,312027.860,2624603.200,131.5400,1.2191,0.8800,0.0562,-1
KHAPRETA_510206,312028.860,2624603.200,131.4700,0.8819,0.9500,0.0607,-1
KHAPRETA_510206,312032.860,2624603.200,131.4900,0.0000,0.9300,0.0594,-1
KHAPRETA_510206,312034.860,2624603.200,131.5000,0.0000,0.9200,0.0588,-1
KHAPRETA_510206,312044.860,2624603.200,131.6500,0.0000,0.7700,0.0492,-1
KHAPRETA_510206,312054.860,2624603.200,131.7700,0.9719,0.6500,0.0415,-1
KHAPRETA_510206,312056.860,2624603.200,131.7600,0.0000,0.6600,0.0422,-1
KHAPRETA_510206,312059.860,2624603.200,131.7100,0.9419,0.7100,0.0454,-1
KHAPRETA_510206,312068.860,2624603.200,131.5900,0.9069,0.8300,0.0530,-1
KHAPRETA_510206,312069.860,2624603.200,131.5900,1.0619,0.8300,0.0530,-1
KHAPRETA_510206,312070.860,2624603.200,131.5900,0.9069,0.8300,0.0530,-1
KHAPRETA_510206,312009.860,2624604.200,130.5900,0.0000,1.8300,0.1169,-1
KHAPRETA_510206,312019.860,2624604.200,130.9800,0.0000,1.4400,0.0920,-1
KHAPRETA_510206,312022.860,2624604.200,131.2400,0.0000,1.1800,0.0754,-1
KHAPRETA_510206,312031.860,2624604.200,131.5200,0.0000,0.9000,0.0575,-1
KHAPRETA_510206,312050.860,2624604.200,131.5300,0.0000,0.8900,0.0569,-1
KHAPRETA_510206,312052.860,2624604.200,131.6700,0.9719,0.7500,0.0479,-1
KHAPRETA_510206,312053.860,2624604.200,131.7200,0.9469,0.7000,0.0447,-1
KHAPRETA_510206,312059.860,2624604.200,131.6600,1.3291,0.7600,0.0486,-1
KHAPRETA_510206,312060.860,2624604.200,131.6000,0.9419,0.8200,0.0524,-1
KHAPRETA_510206,312064.860,2624604.200,131.6600,0.8869,0.7600,0.0486,-1
KHAPRETA_510206,312014.860,2624605.200,130.5400,0.3769,1.8800,0.1201,-1
KHAPRETA_510206,312016.860,2624605.200,130.5100,0.0000,1.9100,0.1220,-1
KHAPRETA_510206,312024.860,2624605.200,131.4300,0.0000,0.9900,0.0633,-1
KHAPRETA_510206,312027.860,2624605.200,131.4600,0.0000,0.9600,0.0613,-1
KHAPRETA_510206,312033.860,2624605.200,131.5200,0.0000,0.9000,0.0575,-1
KHAPRETA_510206,312035.860,2624605.200,131.5000,0.0000,0.9200,0.0588,-1
KHAPRETA_510206,312039.860,2624605.200,131.5500,0.0000,0.8700,0.0556,-1
KHAPRETA_510206,312043.860,2624605.200,131.5600,0.0000,0.8600,0.0550,-1
KHAPRETA_510206,312047.860,2624605.200,131.5500,0.0000,0.8700,0.0556,-1
KHAPRETA_510206,312049.860,2624605.200,131.6800,0.0000,0.7400,0.0473,-1
KHAPRETA_510206,312057.860,2624605.200,131.6500,1.3291,0.7700,0.0492,-1
KHAPRETA_510206,312058.860,2624605.200,131.6000,0.9369,0.8200,0.0524,-1
KHAPRETA_510206,312064.860,2624605.200,131.5500,0.9419,0.8700,0.0556,-1
KHAPRETA_510206,312010.860,2624606.200,130.5500,0.0000,1.8700,0.1195,-1
KHAPRETA_510206,312014.860,2624606.200,130.5300,0.5194,1.8900,0.1208,-1
KHAPRETA_510206,312015.860,2624606.200,130.4800,0.3769,1.9400,0.1240,-1
KHAPRETA_510206,312017.860,2624606.200,130.4400,0.0000,1.9800,0.1265,-1
KHAPRETA_510206,312028.860,2624606.200,131.5000,0.0000,0.9200,0.0588,-1
KHAPRETA_510206,312038.860,2624606.200,131.5400,0.0000,0.8800,0.0562,-1
KHAPRETA_510206,312041.860,2624606.200,131.5600,1.2368,0.8600,0.0550,-1
KHAPRETA_510206,312042.860,2624606.200,131.5500,1.2720,0.8700,0.0556,-1
KHAPRETA_510206,312044.860,2624606.200,131.5900,0.0000,0.8300,0.0530,-1
KHAPRETA_510206,312054.860,2624606.200,131.6300,0.0000,0.7900,0.0505,-1
KHAPRETA_510206,312057.860,2624606.200,131.7100,0.9369,0.7100,0.0454,-1
KHAPRETA_510206,312061.860,2624606.200,131.5900,0.0000,0.8300,0.0530,-1
KHAPRETA_510206,312063.860,2624606.200,131.6000,0.0000,0.8200,0.0524,-1
KHAPRETA_510206,312068.860,2624606.200,131.7700,0.9119,0.6500,0.0415,-1
KHAPRETA_510206,312069.860,2624606.200,131.6000,0.0850,0.8200,0.0524,-1
KHAPRETA_510206,312070.860,2624606.200,131.6000,0.9119,0.8200,0.0524,-1
KHAPRETA_510206,312012.860,2624607.200,130.4600,0.3519,1.9600,0.1252,-1
KHAPRETA_510206,312013.860,2624607.200,130.4800,0.5089,1.9400,0.1240,-1
KHAPRETA_510206,312016.860,2624607.200,130.5200,0.0000,1.9000,0.1214,-1
KHAPRETA_510206,312021.860,2624607.200,130.8600,0.3769,1.5600,0.0997,-1
KHAPRETA_510206,312025.860,2624607.200,131.3800,0.8169,1.0400,0.0665,-1
KHAPRETA_510206,312026.860,2624607.200,131.4100,0.8272,1.0100,0.0645,-1
KHAPRETA_510206,312027.860,2624607.200,131.4200,0.8169,1.0000,0.0639,-1
KHAPRETA_510206,312031.860,2624607.200,131.5100,0.0000,0.9100,0.0581,-1
KHAPRETA_510206,312033.860,2624607.200,131.5000,0.0000,0.9200,0.0588,-1
KHAPRETA_510206,312035.860,2624607.200,131.4100,0.8769,1.0100,0.0645,-1
KHAPRETA_510206,312041.860,2624607.200,131.5000,1.2720,0.9200,0.0588,-1
KHAPRETA_510206,312042.860,2624607.200,131.5900,1.2368,0.8300,0.0530,-1
KHAPRETA_510206,312045.860,2624607.200,131.6400,0.0000,0.7800,0.0498,-1
KHAPRETA_510206,312048.860,2624607.200,131.6100,0.0000,0.8100,0.0518,-1
KHAPRETA_510206,312055.860,2624607.200,131.6800,0.0000,0.7400,0.0473,-1
KHAPRETA_510206,312059.860,2624607.200,131.5400,0.9019,0.8800,0.0562,-1
KHAPRETA_510206,312064.860,2624607.200,131.6100,0.9369,0.8100,0.0518,-1
KHAPRETA_510206,312066.860,2624607.200,131.5800,1.2969,0.8400,0.0537,-1
KHAPRETA_510206,312067.860,2624607.200,131.6400,0.9019,0.7800,0.0498,-1
KHAPRETA_510206,312072.860,2624607.200,131.7100,0.0000,0.7100,0.0454,-1
KHAPRETA_510206,312013.860,2624608.200,130.5300,0.5013,1.8900,0.1208,-1
KHAPRETA_510206,312014.860,2624608.200,130.4900,0.5226,1.9300,0.1233,-1
KHAPRETA_510206,312020.860,2624608.200,130.5400,0.3769,1.8800,0.1201,-1
KHAPRETA_510206,312021.860,2624608.200,130.5300,0.6630,1.8900,0.1208,-1
KHAPRETA_510206,312026.860,2624608.200,131.4300,0.8169,0.9900,0.0633,-1
KHAPRETA_510206,312028.860,2624608.200,131.4600,0.0000,0.9600,0.0613,-1
KHAPRETA_510206,312035.860,2624608.200,131.5300,0.8169,0.8900,0.0569,-1
KHAPRETA_510206,312039.860,2624608.200,131.4900,0.0000,0.9300,0.0594,-1
KHAPRETA_510206,312043.860,2624608.200,131.4300,0.0000,0.9900,0.0633,-1
KHAPRETA_510206,312056.860,2624608.200,131.6800,0.0000,0.7400,0.0473,-1
KHAPRETA_510206,312059.860,2624608.200,131.5800,0.8819,0.8400,0.0537,-1
KHAPRETA_510206,312064.860,2624608.200,131.6500,0.9621,0.7700,0.0492,-1
KHAPRETA_510206,312065.860,2624608.200,131.7000,0.0350,0.7200,0.0460,-1
KHAPRETA_510206,312066.860,2624608.200,131.5800,1.3186,0.8400,0.0537,-1
KHAPRETA_510206,312068.860,2624608.200,131.6000,0.0000,0.8200,0.0524,-1
KHAPRETA_510206,312014.860,2624609.200,130.5000,0.3569,1.9200,0.1227,-1
KHAPRETA_510206,312016.860,2624609.200,130.5800,0.3819,1.8400,0.1176,-1
KHAPRETA_510206,312017.860,2624609.200,130.5400,0.3731,1.8800,0.1201,-1
KHAPRETA_510206,312018.860,2624609.200,130.5200,0.3819,1.9000,0.1214,-1
KHAPRETA_510206,312025.860,2624609.200,131.3500,0.0000,1.0700,0.0684,-1
KHAPRETA_510206,312031.860,2624609.200,131.5000,0.0000,0.9200,0.0588,-1
KHAPRETA_510206,312049.860,2624609.200,131.5900,0.9019,0.8300,0.0530,-1
KHAPRETA_510206,312050.860,2624609.200,131.5800,0.9069,0.8400,0.0537,-1
KHAPRETA_510206,312052.860,2624609.200,131.6600,0.9419,0.7600,0.0486,-1
KHAPRETA_510206,312053.860,2624609.200,131.6600,0.8924,0.7600,0.0486,-1
KHAPRETA_510206,312054.860,2624609.200,131.6000,1.3007,0.8200,0.0524,-1
KHAPRETA_510206,312057.860,2624609.200,131.5500,0.0000,0.8700,0.0556,-1
KHAPRETA_510206,312060.860,2624609.200,131.5900,0.0000,0.8300,0.0530,-1
KHAPRETA_510206,312064.860,2624609.200,131.6400,0.0050,0.7800,0.0498,-1
KHAPRETA_510206,312069.860,2624609.200,131.6500,0.9219,0.7700,0.0492,-1
KHAPRETA_510206,312073.860,2624609.200,132.0600,1.2719,0.3600,0.0230,-1
KHAPRETA_510206,312074.860,2624609.200,132.3200,1.1419,0.1000,0.0064,-1
KHAPRETA_510206,312017.860,2624610.200,130.5200,0.3819,1.9000,0.1214,-1
KHAPRETA_510206,312022.860,2624610.200,130.6000,0.3919,1.8200,0.1163,-1
KHAPRETA_510206,312028.860,2624610.200,131.4400,0.8319,0.9800,0.0626,-1
KHAPRETA_510206,312029.860,2624610.200,131.4400,0.8319,0.9800,0.0626,-1
KHAPRETA_510206,312033.860,2624610.200,131.4700,1.1696,0.9500,0.0607,-1
KHAPRETA_510206,312034.860,2624610.200,131.4100,0.8720,1.0100,0.0645,-1
KHAPRETA_510206,312035.860,2624610.200,131.4900,1.1985,0.9300,0.0594,-1
KHAPRETA_510206,312037.860,2624610.200,131.3700,0.0000,1.0500,0.0671,-1
KHAPRETA_510206,312041.860,2624610.200,131.5900,0.0000,0.8300,0.0530,-1
KHAPRETA_510206,312053.860,2624610.200,131.5600,1.3007,0.8600,0.0550,-1
KHAPRETA_510206,312054.860,2624610.200,131.5700,1.2756,0.8500,0.0543,-1
KHAPRETA_510206,312064.860,2624610.200,131.6600,0.9319,0.7600,0.0486,-1
KHAPRETA_510206,312069.860,2624610.200,131.6200,0.9120,0.8000,0.0511,-1
KHAPRETA_510206,312070.860,2624610.200,131.6000,0.9219,0.8200,0.0524,-1
KHAPRETA_510206,312018.860,2624611.200,130.5000,0.0000,1.9200,0.1227,-1
KHAPRETA_510206,312022.860,2624611.200,130.5600,0.5517,1.8600,0.1188,-1
KHAPRETA_510206,312023.860,2624611.200,130.5100,0.5335,1.9100,0.1220,-1
KHAPRETA_510206,312033.860,2624611.200,131.4500,1.2156,0.9700,0.0620,-1
KHAPRETA_510206,312034.860,2624611.200,131.5200,0.8179,0.9000,0.0575,-1
KHAPRETA_510206,312035.860,2624611.200,131.5300,1.2226,0.8900,0.0569,-1
KHAPRETA_510206,312038.860,2624611.200,131.5700,0.8519,0.8500,0.0543,-1
KHAPRETA_510206,312043.860,2624611.200,131.4600,0.8919,0.9600,0.0613,-1
KHAPRETA_510206,312044.860,2624611.200,131.5600,0.8419,0.8600,0.0550,-1
KHAPRETA_510206,312049.860,2624611.200,131.6400,0.8769,0.7800,0.0498,-1
KHAPRETA_510206,312050.860,2624611.200,131.5300,1.3358,0.8900,0.0569,-1
KHAPRETA_510206,312055.860,2624611.200,131.6000,0.0000,0.8200,0.0524,-1
KHAPRETA_510206,312062.860,2624611.200,131.6000,0.0000,0.8200,0.0524,-1
KHAPRETA_510206,312065.860,2624611.200,131.6300,0.0000,0.7900,0.0505,-1
KHAPRETA_510206,312067.860,2624611.200,131.6100,0.9119,0.8100,0.0518,-1
KHAPRETA_510206,312068.860,2624611.200,131.6000,0.0150,0.8200,0.0524,-1
KHAPRETA_510206,312069.860,2624611.200,131.6400,1.2968,0.7800,0.0498,-1
KHAPRETA_510206,312071.860,2624611.200,131.6200,0.0000,0.8000,0.0511,-1
KHAPRETA_510206,312074.860,2624611.200,132.2900,0.0000,0.1300,0.0083,-1
KHAPRETA_510206,312023.860,2624612.200,130.5000,0.5154,1.9200,0.1227,-1
KHAPRETA_510206,312024.860,2624612.200,130.5000,0.3619,1.9200,0.1227,-1
KHAPRETA_510206,312028.860,2624612.200,131.4700,0.0000,0.9500,0.0607,-1
KHAPRETA_510206,312030.860,2624612.200,131.4300,0.8269,0.9900,0.0633,-1
KHAPRETA_510206,312032.860,2624612.200,131.4000,0.0000,1.0200,0.0652,-1
KHAPRETA_510206,312038.860,2624612.200,131.4800,0.8969,0.9400,0.0601,-1
KHAPRETA_510206,312042.860,2624612.200,131.5100,0.0000,0.9100,0.0581,-1
KHAPRETA_510206,312045.860,2624612.200,131.4200,0.0000,1.0000,0.0639,-1
KHAPRETA_510206,312048.860,2624612.200,131.6200,0.0000,0.8000,0.0511,-1
KHAPRETA_510206,312050.860,2624612.200,131.6900,0.0950,0.7300,0.0466,-1
KHAPRETA_510206,312056.860,2624612.200,131.5500,1.2649,0.8700,0.0556,-1
KHAPRETA_510206,312057.860,2624612.200,131.5600,0.8869,0.8600,0.0550,-1
KHAPRETA_510206,312059.860,2624612.200,131.6500,0.8919,0.7700,0.0492,-1
KHAPRETA_510206,312061.860,2624612.200,131.6100,0.0000,0.8100,0.0518,-1
KHAPRETA_510206,312029.860,2624613.200,131.3500,0.8269,1.0700,0.0684,-1
KHAPRETA_510206,312030.860,2624613.200,131.4300,0.8279,0.9900,0.0633,-1
KHAPRETA_510206,312031.860,2624613.200,131.4300,0.8269,0.9900,0.0633,-1
KHAPRETA_510206,312039.860,2624613.200,131.5500,0.0000,0.8700,0.0556,-1
KHAPRETA_510206,312043.860,2624613.200,131.3900,1.2368,1.0300,0.0658,-1
KHAPRETA_510206,312044.860,2624613.200,131.5500,0.8069,0.8700,0.0556,-1
KHAPRETA_510206,312049.860,2624613.200,131.6200,0.9719,0.8000,0.0511,-1
KHAPRETA_510206,312050.860,2624613.200,131.7200,0.9233,0.7000,0.0447,-1
KHAPRETA_510206,312054.860,2624613.200,131.5600,0.8819,0.8600,0.0550,-1
KHAPRETA_510206,312056.860,2624613.200,131.5700,0.8869,0.8500,0.0543,-1
KHAPRETA_510206,312059.860,2624613.200,131.5600,0.9081,0.8600,0.0550,-1
KHAPRETA_510206,312060.860,2624613.200,131.5900,1.2972,0.8300,0.0530,-1
KHAPRETA_510206,312062.860,2624613.200,131.5700,0.8869,0.8500,0.0543,-1
KHAPRETA_510206,312064.860,2624613.200,131.6800,0.9019,0.7400,0.0473,-1
KHAPRETA_510206,312065.860,2624613.200,131.5800,1.3183,0.8400,0.0537,-1
KHAPRETA_510206,312070.860,2624613.200,131.6000,0.9219,0.8200,0.0524,-1
KHAPRETA_510206,312071.860,2624613.200,131.6200,1.2897,0.8000,0.0511,-1
KHAPRETA_510206,312027.860,2624614.200,130.9400,0.4319,1.4800,0.0946,-1
KHAPRETA_510206,312033.860,2624614.200,131.4500,1.2088,0.9700,0.0620,-1
KHAPRETA_510206,312034.860,2624614.200,131.5300,0.8369,0.8900,0.0569,-1
KHAPRETA_510206,312043.860,2624614.200,131.5000,0.8069,0.9200,0.0588,-1
KHAPRETA_510206,312050.860,2624614.200,131.5900,0.9719,0.8300,0.0530,-1
KHAPRETA_510206,312054.860,2624614.200,131.5400,0.8919,0.8800,0.0562,-1
KHAPRETA_510206,312059.860,2624614.200,131.5600,1.2972,0.8600,0.0550,-1
KHAPRETA_510206,312060.860,2624614.200,131.6600,0.0304,0.7600,0.0486,-1
KHAPRETA_510206,312061.860,2624614.200,131.6200,0.0550,0.8000,0.0511,-1
KHAPRETA_510206,312062.860,2624614.200,131.5500,1.2863,0.8700,0.0556,-1
KHAPRETA_510206,312065.860,2624614.200,131.6000,0.9019,0.8200,0.0524,-1
KHAPRETA_510206,312071.860,2624614.200,131.6000,0.9219,0.8200,0.0524,-1
KHAPRETA_510206,312027.860,2624615.200,130.6400,0.1100,1.7800,0.1137,-1
KHAPRETA_510206,312031.860,2624615.200,131.3900,0.8169,1.0300,0.0658,-1
KHAPRETA_510206,312033.860,2624615.200,131.4400,0.8369,0.9800,0.0626,-1
KHAPRETA_510206,312037.860,2624615.200,131.4500,0.8619,0.9700,0.0620,-1
KHAPRETA_510206,312044.860,2624615.200,131.4800,0.0000,0.9400,0.0601,-1
KHAPRETA_510206,312046.860,2624615.200,131.6100,1.2302,0.8100,0.0518,-1
KHAPRETA_510206,312047.860,2624615.200,131.5700,0.0500,0.8500,0.0543,-1
KHAPRETA_510206,312048.860,2624615.200,131.7100,0.8969,0.7100,0.0454,-1
KHAPRETA_510206,312051.860,2624615.200,131.5900,0.0000,0.8300,0.0530,-1
KHAPRETA_510206,312053.860,2624615.200,131.5600,0.0000,0.8600,0.0550,-1
KHAPRETA_510206,312060.860,2624615.200,131.5800,0.9419,0.8400,0.0537,-1
KHAPRETA_510206,312066.860,2624615.200,131.5900,0.9169,0.8300,0.0530,-1
KHAPRETA_510206,312067.860,2624615.200,131.6100,0.9069,0.8100,0.0518,-1
KHAPRETA_510206,312072.860,2624615.200,131.6200,0.0000,0.8000,0.0511,-1
KHAPRETA_510206,312075.860,2624615.200,132.2000,0.0000,0.2200,0.0141,-1
KHAPRETA_510206,312026.860,2624616.200,130.5400,0.4719,1.8800,0.1201,-1
KHAPRETA_510206,312027.860,2624616.200,130.7200,0.4624,1.7000,0.1086,-1
KHAPRETA_510206,312028.860,2624616.200,130.8700,0.2150,1.5500,0.0990,-1
KHAPRETA_510206,312029.860,2624616.200,131.1500,0.8207,1.2700,0.0812,-1
KHAPRETA_510206,312031.860,2624616.200,131.4100,0.8069,1.0100,0.0645,-1
KHAPRETA_510206,312035.860,2624616.200,131.5000,0.7669,0.9200,0.0588,-1
KHAPRETA_510206,312037.860,2624616.200,131.5000,1.2158,0.9200,0.0588,-1
KHAPRETA_510206,312038.860,2624616.200,131.5400,0.0450,0.8800,0.0562,-1
KHAPRETA_510206,312039.860,2624616.200,131.4100,0.0550,1.0100,0.0645,-1
KHAPRETA_510206,312040.860,2624616.200,131.4300,1.1518,0.9900,0.0633,-1
KHAPRETA_510206,312046.860,2624616.200,131.4600,0.9169,0.9600,0.0613,-1
KHAPRETA_510206,312049.860,2624616.200,131.5500,0.0000,0.8700,0.0556,-1
KHAPRETA_510206,312054.860,2624616.200,131.6100,1.2472,0.8100,0.0518,-1
KHAPRETA_510206,312055.860,2624616.200,131.5400,0.8969,0.8800,0.0562,-1
KHAPRETA_510206,312056.860,2624616.200,131.6100,0.0550,0.8100,0.0518,-1
KHAPRETA_510206,312057.860,2624616.200,131.6500,0.9070,0.7700,0.0492,-1
KHAPRETA_510206,312058.860,2624616.200,131.5900,0.9369,0.8300,0.0530,-1
KHAPRETA_510206,312063.860,2624616.200,131.6100,0.0000,0.8100,0.0518,-1
KHAPRETA_510206,312065.860,2624616.200,131.6300,0.0000,0.7900,0.0505,-1
KHAPRETA_510206,312068.860,2624616.200,131.6600,0.9019,0.7600,0.0486,-1
KHAPRETA_510206,312069.860,2624616.200,131.5800,0.9419,0.8400,0.0537,-1
KHAPRETA_510206,312073.860,2624616.200,131.6100,0.9169,0.8100,0.0518,-1
KHAPRETA_510206,312074.860,2624616.200,131.6100,1.3074,0.8100,0.0518,-1
KHAPRETA_510206,312029.860,2624617.200,131.0000,0.6869,1.4200,0.0907,-1
KHAPRETA_510206,312033.860,2624617.200,131.3700,0.0000,1.0500,0.0671,-1
KHAPRETA_510206,312035.860,2624617.200,131.3100,0.8619,1.1100,0.0709,-1
KHAPRETA_510206,312040.860,2624617.200,131.4000,1.1766,1.0200,0.0652,-1
KHAPRETA_510206,312041.860,2624617.200,131.4500,0.8119,0.9700,0.0620,-1
KHAPRETA_510206,312047.860,2624617.200,131.6400,0.9319,0.7800,0.0498,-1
KHAPRETA_510206,312048.860,2624617.200,131.6400,0.9319,0.7800,0.0498,-1
KHAPRETA_510206,312050.860,2624617.200,131.6000,0.9419,0.8200,0.0524,-1
KHAPRETA_510206,312051.860,2624617.200,131.6600,0.9119,0.7600,0.0486,-1
KHAPRETA_510206,312054.860,2624617.200,131.5400,1.2827,0.8800,0.0562,-1
KHAPRETA_510206,312055.860,2624617.200,131.5700,1.2472,0.8500,0.0543,-1
KHAPRETA_510206,312057.860,2624617.200,131.5900,0.9369,0.8300,0.0530,-1
KHAPRETA_510206,312059.860,2624617.200,131.6000,0.9169,0.8200,0.0524,-1
KHAPRETA_510206,312060.860,2624617.200,131.6100,0.9119,0.8100,0.0518,-1
KHAPRETA_510206,312064.860,2624617.200,131.7100,0.0000,0.7100,0.0454,-1
KHAPRETA_510206,312070.860,2624617.200,131.6600,0.0000,0.7600,0.0486,-1
KHAPRETA_510206,312074.860,2624617.200,131.6400,0.9169,0.7800,0.0498,-1
KHAPRETA_510206,312077.860,2624617.200,132.0100,0.9169,0.4100,0.0262,-1
KHAPRETA_510206,312039.860,2624618.200,131.4200,0.0000,1.0000,0.0639,-1
KHAPRETA_510206,312058.860,2624618.200,131.6500,0.0000,0.7700,0.0492,-1
KHAPRETA_510206,312067.860,2624618.200,131.6200,0.9069,0.8000,0.0511,-1
KHAPRETA_510206,312071.860,2624618.200,131.5900,0.0000,0.8300,0.0530,-1
KHAPRETA_510206,312077.860,2624618.200,131.6100,1.1169,0.8100,0.0518,-1
KHAPRETA_510206,312031.860,2624619.200,131.2200,0.0000,1.2000,0.0767,-1
KHAPRETA_510206,312035.860,2624619.200,131.3700,0.0000,1.0500,0.0671,-1
KHAPRETA_510206,312038.860,2624619.200,131.4200,0.0000,1.0000,0.0639,-1
KHAPRETA_510206,312040.860,2624619.200,131.5400,0.0000,0.8800,0.0562,-1
KHAPRETA_510206,312046.860,2624619.200,131.5200,0.0000,0.9000,0.0575,-1
KHAPRETA_510206,312052.860,2624619.200,131.6700,0.9369,0.7500,0.0479,-1
KHAPRETA_510206,312053.860,2624619.200,131.6500,0.9469,0.7700,0.0492,-1
KHAPRETA_510206,312055.860,2624619.200,131.6500,0.9069,0.7700,0.0492,-1
KHAPRETA_510206,312056.860,2624619.200,131.5900,0.9369,0.8300,0.0530,-1
KHAPRETA_510206,312060.860,2624619.200,131.6600,0.8919,0.7600,0.0486,-1
KHAPRETA_510206,312063.860,2624619.200,131.6000,0.0000,0.8200,0.0524,-1
KHAPRETA_510206,312065.860,2624619.200,131.6000,0.9069,0.8200,0.0524,-1
KHAPRETA_510206,312066.860,2624619.200,131.5900,0.0050,0.8300,0.0530,-1
KHAPRETA_510206,312067.860,2624619.200,131.5900,1.2933,0.8300,0.0530,-1
KHAPRETA_510206,312080.860,2624619.200,131.8900,0.0000,0.5300,0.0339,-1
KHAPRETA_510206,312032.860,2624620.200,131.2500,0.0000,1.1700,0.0748,-1
KHAPRETA_510206,312036.860,2624620.200,131.3600,0.0000,1.0600,0.0677,-1
KHAPRETA_510206,312039.860,2624620.200,131.4900,0.0000,0.9300,0.0594,-1
KHAPRETA_510206,312043.860,2624620.200,131.3700,0.8469,1.0500,0.0671,-1
KHAPRETA_510206,312044.860,2624620.200,131.4700,0.7969,0.9500,0.0607,-1
KHAPRETA_510206,312049.860,2624620.200,131.4900,0.0000,0.9300,0.0594,-1
KHAPRETA_510206,312054.860,2624620.200,131.5700,0.9019,0.8500,0.0543,-1
KHAPRETA_510206,312060.860,2624620.200,131.5600,1.3321,0.8600,0.0550,-1
KHAPRETA_510206,312061.860,2624620.200,131.6600,0.8919,0.7600,0.0486,-1
KHAPRETA_510206,312069.860,2624620.200,131.4400,0.9219,0.9800,0.0626,-1
KHAPRETA_510206,312074.860,2624620.200,131.5900,0.9069,0.8300,0.0530,-1
KHAPRETA_510206,312076.860,2624620.200,131.7700,0.0000,0.6500,0.0415,-1
KHAPRETA_510206,312037.860,2624621.200,131.3700,0.0000,1.0500,0.0671,-1
KHAPRETA_510206,312040.860,2624621.200,131.4900,0.0000,0.9300,0.0594,-1
KHAPRETA_510206,312042.860,2624621.200,131.3200,0.0000,1.1000,0.0703,-1
KHAPRETA_510206,312050.860,2624621.200,131.4800,0.0000,0.9400,0.0601,-1
KHAPRETA_510206,312052.860,2624621.200,131.5600,0.9069,0.8600,0.0550,-1
KHAPRETA_510206,312054.860,2624621.200,131.5800,0.0800,0.8400,0.0537,-1
KHAPRETA_510206,312057.860,2624621.200,131.5700,0.0000,0.8500,0.0543,-1
KHAPRETA_510206,312062.860,2624621.200,131.5800,0.9369,0.8400,0.0537,-1
KHAPRETA_510206,312063.860,2624621.200,131.6500,0.9019,0.7700,0.0492,-1
KHAPRETA_510206,312065.860,2624621.200,131.5800,0.0000,0.8400,0.0537,-1
KHAPRETA_510206,312069.860,2624621.200,131.6200,0.8319,0.8000,0.0511,-1
KHAPRETA_510206,312072.860,2624621.200,131.6100,0.0000,0.8100,0.0518,-1
KHAPRETA_510206,312074.860,2624621.200,131.5900,0.1200,0.8300,0.0530,-1
KHAPRETA_510206,312079.860,2624621.200,131.9500,0.0000,0.4700,0.0300,-1
KHAPRETA_510206,312035.860,2624622.200,131.5100,0.0000,0.9100,0.0581,-1
KHAPRETA_510206,312045.860,2624622.200,131.5200,0.8869,0.9000,0.0575,-1
KHAPRETA_510206,312048.860,2624622.200,131.4900,0.0000,0.9300,0.0594,-1
KHAPRETA_510206,312051.860,2624622.200,131.6200,0.9069,0.8000,0.0511,-1
KHAPRETA_510206,312052.860,2624622.200,131.5900,1.2828,0.8300,0.0530,-1
KHAPRETA_510206,312054.860,2624622.200,131.7300,1.2615,0.6900,0.0441,-1
KHAPRETA_510206,312055.860,2624622.200,131.5400,0.9769,0.8800,0.0562,-1
KHAPRETA_510206,312058.860,2624622.200,131.5600,0.0000,0.8600,0.0550,-1
KHAPRETA_510206,312074.860,2624622.200,131.8300,1.4740,0.5900,0.0377,-1
KHAPRETA_510206,312075.860,2624622.200,132.1000,1.0269,0.3200,0.0204,-1
KHAPRETA_510206,312039.860,2624623.200,131.2800,0.8219,1.1400,0.0728,-1
KHAPRETA_510206,312040.860,2624623.200,131.4200,0.7519,1.0000,0.0639,-1
KHAPRETA_510206,312045.860,2624623.200,131.5500,0.9120,0.8700,0.0556,-1
KHAPRETA_510206,312046.860,2624623.200,131.6000,0.8869,0.8200,0.0524,-1
KHAPRETA_510206,312053.860,2624623.200,131.6000,0.0000,0.8200,0.0524,-1
KHAPRETA_510206,312057.860,2624623.200,131.6200,0.0000,0.8000,0.0511,-1
KHAPRETA_510206,312060.860,2624623.200,131.5600,0.9619,0.8600,0.0550,-1
KHAPRETA_510206,312061.860,2624623.200,131.7000,0.8919,0.7200,0.0460,-1
KHAPRETA_510206,312065.860,2624623.200,131.7100,0.0000,0.7100,0.0454,-1
KHAPRETA_510206,312070.860,2624623.200,131.6100,0.7869,0.8100,0.0518,-1
KHAPRETA_510206,312080.860,2624623.200,132.1900,1.1219,0.2300,0.0147,-1
KHAPRETA_510206,312038.860,2624624.200,131.4000,0.0000,1.0200,0.0652,-1
KHAPRETA_510206,312041.860,2624624.200,131.4900,0.8569,0.9300,0.0594,-1
KHAPRETA_510206,312045.860,2624624.200,131.5100,0.8869,0.9100,0.0581,-1
KHAPRETA_510206,312047.860,2624624.200,131.5000,0.0000,0.9200,0.0588,-1
KHAPRETA_510206,312049.860,2624624.200,131.5800,0.0000,0.8400,0.0537,-1
KHAPRETA_510206,312070.860,2624624.200,131.3500,0.9169,1.0700,0.0684,-1
KHAPRETA_510206,312078.860,2624624.200,132.0000,1.1169,0.4200,0.0268,-1
KHAPRETA_510206,312080.860,2624624.200,132.0200,1.6788,0.4000,0.0256,-1
KHAPRETA_510206,312081.860,2624624.200,132.1100,0.0400,0.3100,0.0198,-1
KHAPRETA_510206,312082.860,2624624.200,131.9400,1.1669,0.4800,0.0307,-1
KHAPRETA_510206,312036.860,2624625.200,131.5200,0.0000,0.9000,0.0575,-1
KHAPRETA_510206,312041.860,2624625.200,131.4900,0.8569,0.9300,0.0594,-1
KHAPRETA_510206,312053.860,2624625.200,131.5300,0.8469,0.8900,0.0569,-1
KHAPRETA_510206,312054.860,2624625.200,131.4700,0.0350,0.9500,0.0607,-1
KHAPRETA_510206,312055.860,2624625.200,131.6000,0.8469,0.8200,0.0524,-1
KHAPRETA_510206,312059.860,2624625.200,131.5500,0.0000,0.8700,0.0556,-1
KHAPRETA_510206,312061.860,2624625.200,131.5200,0.0000,0.9000,0.0575,-1
KHAPRETA_510206,312063.860,2624625.200,131.5800,0.0000,0.8400,0.0537,-1
KHAPRETA_510206,312072.860,2624625.200,131.8400,0.0000,0.5800,0.0371,-1
KHAPRETA_510206,312074.860,2624625.200,131.9700,0.0000,0.4500,0.0288,-1
KHAPRETA_510206,312078.860,2624625.200,132.0100,1.1119,0.4100,0.0262,-1
KHAPRETA_510206,312083.860,2624625.200,131.9600,0.0000,0.4600,0.0294,-1
KHAPRETA_510206,312035.860,2624626.200,131.6800,0.0000,0.7400,0.0473,-1
KHAPRETA_510206,312039.860,2624626.200,131.6900,0.0000,0.7300,0.0466,-1
KHAPRETA_510206,312042.860,2624626.200,131.4800,0.0000,0.9400,0.0601,-1
KHAPRETA_510206,312049.860,2624626.200,131.4900,0.0000,0.9300,0.0594,-1
KHAPRETA_510206,312051.860,2624626.200,131.5200,0.9119,0.9000,0.0575,-1
KHAPRETA_510206,312052.860,2624626.200,131.6000,0.8719,0.8200,0.0524,-1
KHAPRETA_510206,312070.860,2624626.200,131.9600,1.0069,0.4600,0.0294,-1
KHAPRETA_510206,312073.860,2624626.200,131.8800,0.8619,0.5400,0.0345,-1
KHAPRETA_510206,312075.860,2624626.200,131.8500,1.0919,0.5700,0.0364,-1
KHAPRETA_510206,312076.860,2624626.200,131.9600,1.1344,0.4600,0.0294,-1
KHAPRETA_510206,312077.860,2624626.200,132.0000,1.0919,0.4200,0.0268,-1
KHAPRETA_510206,312080.860,2624626.200,131.9400,0.0000,0.4800,0.0307,-1
KHAPRETA_510206,312085.860,2624626.200,131.8500,1.2469,0.5700,0.0364,-1
KHAPRETA_510206,312086.860,2624626.200,132.2700,1.0369,0.1500,0.0096,-1
KHAPRETA_510206,312038.860,2624627.200,131.7000,0.0000,0.7200,0.0460,-1
KHAPRETA_510206,312046.860,2624627.200,131.4700,0.8469,0.9500,0.0607,-1
KHAPRETA_510206,312056.860,2624627.200,131.5500,0.0000,0.8700,0.0556,-1
KHAPRETA_510206,312058.860,2624627.200,131.5900,0.0000,0.8300,0.0530,-1
KHAPRETA_510206,312061.860,2624627.200,131.6700,0.0000,0.7500,0.0479,-1
KHAPRETA_510206,312070.860,2624627.200,131.7900,1.0440,0.6300,0.0403,-1
KHAPRETA_510206,312071.860,2624627.200,131.8600,1.4240,0.5600,0.0358,-1
KHAPRETA_510206,312073.860,2624627.200,131.5000,1.0519,0.9200,0.0588,-1
KHAPRETA_510206,312076.860,2624627.200,132.0400,1.0919,0.3800,0.0243,-1
KHAPRETA_510206,312079.860,2624627.200,132.2000,1.0519,0.2200,0.0141,-1
KHAPRETA_510206,312043.860,2624628.200,131.5200,0.0000,0.9000,0.0575,-1
KHAPRETA_510206,312046.860,2624628.200,131.4700,0.9189,0.9500,0.0607,-1
KHAPRETA_510206,312047.860,2624628.200,131.6100,0.8469,0.8100,0.0518,-1
KHAPRETA_510206,312051.860,2624628.200,131.5600,0.0000,0.8600,0.0550,-1
KHAPRETA_510206,312060.860,2624628.200,131.5900,0.8769,0.8300,0.0530,-1
KHAPRETA_510206,312069.860,2624628.200,131.7900,1.0269,0.6300,0.0403,-1
KHAPRETA_510206,312070.860,2624628.200,131.8300,1.0069,0.5900,0.0377,-1
KHAPRETA_510206,312071.860,2624628.200,131.7900,1.4630,0.6300,0.0403,-1
KHAPRETA_510206,312079.860,2624628.200,131.8800,1.2076,0.5400,0.0345,-1
KHAPRETA_510206,312080.860,2624628.200,132.1700,1.0519,0.2500,0.0160,-1
KHAPRETA_510206,312086.860,2624628.200,131.6700,0.0000,0.7500,0.0479,-1
KHAPRETA_510206,312036.860,2624629.200,131.6800,0.0000,0.7400,0.0473,-1
KHAPRETA_510206,312040.860,2624629.200,131.7200,0.0000,0.7000,0.0447,-1
KHAPRETA_510206,312044.860,2624629.200,131.7800,0.0000,0.6400,0.0409,-1
KHAPRETA_510206,312046.860,2624629.200,131.5900,0.8469,0.8300,0.0530,-1
KHAPRETA_510206,312048.860,2624629.200,131.5300,0.0000,0.8900,0.0569,-1
KHAPRETA_510206,312056.860,2624629.200,131.5300,0.0000,0.8900,0.0569,-1
KHAPRETA_510206,312060.860,2624629.200,131.5300,1.2756,0.8900,0.0569,-1
KHAPRETA_510206,312061.860,2624629.200,131.5700,1.2616,0.8500,0.0543,-1
KHAPRETA_510206,312073.860,2624629.200,132.0600,0.0000,0.3600,0.0230,-1
KHAPRETA_510206,312075.860,2624629.200,132.1700,1.1119,0.2500,0.0160,-1
KHAPRETA_510206,312076.860,2624629.200,132.0000,1.1969,0.4200,0.0268,-1
KHAPRETA_510206,312079.860,2624629.200,131.8800,1.0519,0.5400,0.0345,-1
KHAPRETA_510206,312087.860,2624629.200,131.8600,1.4694,0.5600,0.0358,-1
KHAPRETA_510206,312088.860,2624629.200,132.0400,1.4046,0.3800,0.0243,-1
KHAPRETA_510206,312042.860,2624630.200,131.7000,0.9019,0.7200,0.0460,-1
KHAPRETA_510206,312043.860,2624630.200,131.5800,0.9619,0.8400,0.0537,-1
KHAPRETA_510206,312047.860,2624630.200,131.6300,0.0000,0.7900,0.0505,-1
KHAPRETA_510206,312051.860,2624630.200,131.5500,0.0000,0.8700,0.0556,-1
KHAPRETA_510206,312054.860,2624630.200,131.5600,0.8969,0.8600,0.0550,-1
KHAPRETA_510206,312055.860,2624630.200,131.5700,0.8919,0.8500,0.0543,-1
KHAPRETA_510206,312061.860,2624630.200,131.5900,1.2614,0.8300,0.0530,-1
KHAPRETA_510206,312062.860,2624630.200,131.5500,0.9069,0.8700,0.0556,-1
KHAPRETA_510206,312064.860,2624630.200,131.5400,0.9169,0.8800,0.0562,-1
KHAPRETA_510206,312066.860,2624630.200,131.5900,1.4738,0.8300,0.0530,-1
KHAPRETA_510206,312067.860,2624630.200,131.9000,1.0041,0.5200,0.0332,-1
KHAPRETA_510206,312068.860,2624630.200,131.8300,1.0619,0.5900,0.0377,-1
KHAPRETA_510206,312078.860,2624630.200,132.2000,0.0000,0.2200,0.0141,-1
KHAPRETA_510206,312083.860,2624630.200,131.7200,1.0269,0.7000,0.0447,-1
KHAPRETA_510206,312087.860,2624630.200,131.6500,1.4046,0.7700,0.0492,-1
KHAPRETA_510206,312088.860,2624630.200,131.6600,1.4694,0.7600,0.0486,-1
KHAPRETA_510206,312045.860,2624631.200,131.6700,0.8719,0.7500,0.0479,-1
KHAPRETA_510206,312046.860,2624631.200,131.5200,1.3112,0.9000,0.0575,-1
KHAPRETA_510206,312050.860,2624631.200,131.4800,0.9419,0.9400,0.0601,-1
KHAPRETA_510206,312053.860,2624631.200,131.5800,0.9319,0.8400,0.0537,-1
KHAPRETA_510206,312059.860,2624631.200,131.5900,0.0000,0.8300,0.0530,-1
KHAPRETA_510206,312064.860,2624631.200,131.6100,0.8819,0.8100,0.0518,-1
KHAPRETA_510206,312066.860,2624631.200,131.8200,1.0082,0.6000,0.0383,-1
KHAPRETA_510206,312067.860,2624631.200,131.7700,1.4738,0.6500,0.0415,-1
KHAPRETA_510206,312071.860,2624631.200,131.7900,1.1019,0.6300,0.0403,-1
KHAPRETA_510206,312072.860,2624631.200,131.9800,1.0069,0.4400,0.0281,-1
KHAPRETA_510206,312080.860,2624631.200,131.9700,1.0169,0.4500,0.0288,-1
KHAPRETA_510206,312081.860,2624631.200,131.8100,1.5302,0.6100,0.0390,-1
KHAPRETA_510206,312083.860,2624631.200,131.8300,1.4433,0.5900,0.0377,-1
KHAPRETA_510206,312084.860,2624631.200,131.9100,1.5733,0.5100,0.0326,-1
KHAPRETA_510206,312046.860,2624632.200,131.5900,0.8719,0.8300,0.0530,-1
KHAPRETA_510206,312050.860,2624632.200,131.6600,0.0950,0.7600,0.0486,-1
KHAPRETA_510206,312053.860,2624632.200,131.6400,0.9019,0.7800,0.0498,-1
KHAPRETA_510206,312058.860,2624632.200,131.5500,0.0000,0.8700,0.0556,-1
KHAPRETA_510206,312061.860,2624632.200,131.5500,0.0000,0.8700,0.0556,-1
KHAPRETA_510206,312066.860,2624632.200,131.8900,1.0219,0.5300,0.0339,-1
KHAPRETA_510206,312068.860,2624632.200,131.8900,1.1469,0.5300,0.0339,-1
KHAPRETA_510206,312069.860,2624632.200,132.0700,1.0569,0.3500,0.0224,-1
KHAPRETA_510206,312075.860,2624632.200,132.0600,0.0000,0.3600,0.0230,-1
KHAPRETA_510206,312081.860,2624632.200,131.9100,1.0169,0.5100,0.0326,-1
KHAPRETA_510206,312084.860,2624632.200,132.1600,0.0350,0.2600,0.0166,-1
KHAPRETA_510206,312086.860,2624632.200,131.8500,1.5302,0.5700,0.0364,-1
KHAPRETA_510206,312087.860,2624632.200,131.9700,1.5462,0.4500,0.0288,-1
KHAPRETA_510206,312045.860,2624633.200,131.7000,0.9619,0.7200,0.0460,-1
KHAPRETA_510206,312050.860,2624633.200,131.6700,1.3251,0.7500,0.0479,-1
KHAPRETA_510206,312051.860,2624633.200,131.6400,0.9469,0.7800,0.0498,-1
KHAPRETA_510206,312054.860,2624633.200,131.6300,0.0000,0.7900,0.0505,-1
KHAPRETA_510206,312060.860,2624633.200,131.6400,0.0000,0.7800,0.0498,-1
KHAPRETA_510206,312062.860,2624633.200,131.6000,0.0000,0.8200,0.0524,-1
KHAPRETA_510206,312064.860,2624633.200,131.7700,1.5295,0.6500,0.0415,-1
KHAPRETA_510206,312065.860,2624633.200,131.8000,1.5121,0.6200,0.0396,-1
KHAPRETA_510206,312072.860,2624633.200,131.8900,0.0000,0.5300,0.0339,-1
KHAPRETA_510206,312077.860,2624633.200,131.7300,1.0019,0.6900,0.0441,-1
KHAPRETA_510206,312083.860,2624633.200,131.7400,1.0319,0.6800,0.0435,-1
KHAPRETA_510206,312084.860,2624633.200,131.8400,0.1450,0.5800,0.0371,-1
KHAPRETA_510206,312085.860,2624633.200,131.7400,0.0350,0.6800,0.0435,-1
KHAPRETA_510206,312086.860,2624633.200,131.9100,1.0500,0.5100,0.0326,-1
KHAPRETA_510206,312087.860,2624633.200,132.0700,1.5302,0.3500,0.0224,-1
KHAPRETA_510206,312045.860,2624634.200,131.7000,0.9619,0.7200,0.0460,-1
KHAPRETA_510206,312049.860,2624634.200,131.6400,0.9869,0.7800,0.0498,-1
KHAPRETA_510206,312053.860,2624634.200,131.5800,0.0000,0.8400,0.0537,-1
KHAPRETA_510206,312056.860,2624634.200,131.5400,0.0000,0.8800,0.0562,-1
KHAPRETA_510206,312058.860,2624634.200,131.5600,0.0000,0.8600,0.0550,-1
KHAPRETA_510206,312064.860,2624634.200,132.0700,1.5121,0.3500,0.0224,-1
KHAPRETA_510206,312065.860,2624634.200,132.0500,1.5295,0.3700,0.0236,-1
KHAPRETA_510206,312070.860,2624634.200,131.7900,0.0000,0.6300,0.0403,-1
KHAPRETA_510206,312073.860,2624634.200,131.9000,0.9919,0.5200,0.0332,-1
KHAPRETA_510206,312074.860,2624634.200,131.7600,0.9680,0.6600,0.0422,-1
KHAPRETA_510206,312075.860,2624634.200,131.9900,0.9919,0.4300,0.0275,-1
KHAPRETA_510206,312077.860,2624634.200,131.7800,0.9769,0.6400,0.0409,-1
KHAPRETA_510206,312079.860,2624634.200,131.7900,1.4176,0.6300,0.0403,-1
KHAPRETA_510206,312080.860,2624634.200,131.8400,1.0069,0.5800,0.0371,-1
KHAPRETA_510206,312084.860,2624634.200,131.8700,1.0319,0.5500,0.0351,-1
KHAPRETA_510206,312047.860,2624635.200,131.5900,0.0000,0.8300,0.0530,-1
KHAPRETA_510206,312049.860,2624635.200,131.7500,0.9323,0.6700,0.0428,-1
KHAPRETA_510206,312050.860,2624635.200,131.6400,1.3852,0.7800,0.0498,-1
KHAPRETA_510206,312052.860,2624635.200,131.6100,0.9219,0.8100,0.0518,-1
KHAPRETA_510206,312057.860,2624635.200,131.5400,0.0000,0.8800,0.0562,-1
KHAPRETA_510206,312059.860,2624635.200,131.6000,0.0000,0.8200,0.0524,-1
KHAPRETA_510206,312069.860,2624635.200,132.3200,1.0819,0.1000,0.0064,-1
KHAPRETA_510206,312072.860,2624635.200,131.9000,0.9319,0.5200,0.0332,-1
KHAPRETA_510206,312074.860,2624635.200,131.7100,0.9919,0.7100,0.0454,-1
KHAPRETA_510206,312079.860,2624635.200,131.7200,1.0069,0.7000,0.0447,-1
KHAPRETA_510206,312082.860,2624635.200,131.8700,0.9119,0.5500,0.0351,-1
KHAPRETA_510206,312083.860,2624635.200,131.6000,1.0469,0.8200,0.0524,-1
KHAPRETA_510206,312086.860,2624635.200,131.9700,0.9969,0.4500,0.0288,-1
KHAPRETA_510206,312089.860,2624635.200,131.8400,0.0000,0.5800,0.0371,-1
KHAPRETA_510206,312045.860,2624636.200,131.6000,0.0000,0.8200,0.0524,-1
KHAPRETA_510206,312048.860,2624636.200,131.6000,0.9069,0.8200,0.0524,-1
KHAPRETA_510206,312049.860,2624636.200,131.5900,0.9888,0.8300,0.0530,-1
KHAPRETA_510206,312050.860,2624636.200,131.7200,1.3004,0.7000,0.0447,-1
KHAPRETA_510206,312052.860,2624636.200,131.6200,0.9169,0.8000,0.0511,-1
KHAPRETA_510206,312060.860,2624636.200,131.5400,1.4771,0.8800,0.0562,-1
KHAPRETA_510206,312061.860,2624636.200,131.8600,0.8819,0.5600,0.0358,-1
KHAPRETA_510206,312067.860,2624636.200,132.1500,0.0000,0.2700,0.0173,-1
KHAPRETA_510206,312069.860,2624636.200,131.9400,1.6699,0.4800,0.0307,-1
KHAPRETA_510206,312070.860,2624636.200,131.9400,1.5479,0.4800,0.0307,-1
KHAPRETA_510206,312072.860,2624636.200,131.6400,0.0300,0.7800,0.0498,-1
KHAPRETA_510206,312081.860,2624636.200,131.7900,0.9719,0.6300,0.0403,-1
KHAPRETA_510206,312085.860,2624636.200,131.8000,0.9969,0.6200,0.0396,-1
KHAPRETA_510206,312086.860,2624636.200,131.7700,1.4924,0.6500,0.0415,-1
KHAPRETA_510206,312088.860,2624636.200,132.0500,0.0000,0.3700,0.0236,-1
KHAPRETA_510206,312047.860,2624637.200,131.6600,0.0000,0.7600,0.0486,-1
KHAPRETA_510206,312054.860,2624637.200,131.7200,0.0000,0.7000,0.0447,-1
KHAPRETA_510206,312056.860,2624637.200,131.6700,0.0000,0.7500,0.0479,-1
KHAPRETA_510206,312058.860,2624637.200,131.5700,1.3498,0.8500,0.0543,-1
KHAPRETA_510206,312059.860,2624637.200,131.7000,0.1500,0.7200,0.0460,-1
KHAPRETA_510206,312060.860,2624637.200,131.8700,1.3050,0.5500,0.0351,-1
KHAPRETA_510206,312070.860,2624637.200,131.9900,1.0819,0.4300,0.0275,-1
KHAPRETA_510206,312072.860,2624637.200,131.8400,0.9319,0.5800,0.0371,-1
KHAPRETA_510206,312074.860,2624637.200,131.7100,0.9169,0.7100,0.0454,-1
KHAPRETA_510206,312076.860,2624637.200,131.8300,0.0000,0.5900,0.0377,-1
KHAPRETA_510206,312078.860,2624637.200,132.0600,0.9719,0.3600,0.0230,-1
KHAPRETA_510206,312079.860,2624637.200,131.7200,1.1419,0.7000,0.0447,-1
KHAPRETA_510206,312081.860,2624637.200,131.7200,1.0069,0.7000,0.0447,-1
KHAPRETA_510206,312087.860,2624637.200,132.2100,0.0000,0.2100,0.0134,-1
KHAPRETA_510206,312089.860,2624637.200,132.1600,1.0969,0.2600,0.0166,-1
KHAPRETA_510206,312090.860,2624637.200,131.9700,1.1919,0.4500,0.0288,-1
KHAPRETA_510206,312050.860,2624638.200,131.6500,0.8269,0.7700,0.0492,-1
KHAPRETA_510206,312053.860,2624638.200,131.5100,0.9319,0.9100,0.0581,-1
KHAPRETA_510206,312058.860,2624638.200,131.6700,0.8969,0.7500,0.0479,-1
KHAPRETA_510206,312061.860,2624638.200,132.0700,0.0000,0.3500,0.0224,-1
KHAPRETA_510206,312066.860,2624638.200,131.9400,1.1219,0.4800,0.0307,-1
KHAPRETA_510206,312074.860,2624638.200,131.6100,1.3675,0.8100,0.0518,-1
KHAPRETA_510206,312075.860,2624638.200,131.7100,0.9169,0.7100,0.0454,-1
KHAPRETA_510206,312077.860,2624638.200,131.8100,0.0000,0.6100,0.0390,-1
KHAPRETA_510206,312050.860,2624639.200,131.4300,1.3215,0.9900,0.0633,-1
KHAPRETA_510206,312051.860,2624639.200,131.6400,0.1100,0.7800,0.0498,-1
KHAPRETA_510206,312052.860,2624639.200,131.6500,0.0000,0.7700,0.0492,-1
KHAPRETA_510206,312053.860,2624639.200,131.6400,1.2765,0.7800,0.0498,-1
KHAPRETA_510206,312059.860,2624639.200,132.1000,0.0000,0.3200,0.0204,-1
KHAPRETA_510206,312062.860,2624639.200,132.0200,1.1169,0.4000,0.0256,-1
KHAPRETA_510206,312063.860,2624639.200,132.0100,1.1219,0.4100,0.0262,-1
KHAPRETA_510206,312066.860,2624639.200,132.0200,0.0450,0.4000,0.0256,-1
KHAPRETA_510206,312070.860,2624639.200,131.6300,0.0000,0.7900,0.0505,-1
KHAPRETA_510206,312072.860,2624639.200,131.7000,0.0000,0.7200,0.0460,-1
KHAPRETA_510206,312076.860,2624639.200,131.7800,1.0969,0.6400,0.0409,-1
KHAPRETA_510206,312083.860,2624639.200,131.7300,0.0000,0.6900,0.0441,-1
KHAPRETA_510206,312087.860,2624639.200,131.8700,1.0919,0.5500,0.0351,-1
KHAPRETA_510206,312088.860,2624639.200,131.9600,1.0469,0.4600,0.0294,-1
KHAPRETA_510206,312055.860,2624640.200,131.7000,0.0000,0.7200,0.0460,-1
KHAPRETA_510206,312064.860,2624640.200,131.7800,0.0000,0.6400,0.0409,-1
KHAPRETA_510206,312066.860,2624640.200,132.0300,1.1219,0.3900,0.0249,-1
KHAPRETA_510206,312074.860,2624640.200,131.7100,0.0000,0.7100,0.0454,-1
KHAPRETA_510206,312076.860,2624640.200,131.9700,1.0019,0.4500,0.0288,-1
KHAPRETA_510206,312089.860,2624640.200,131.9200,1.2569,0.5000,0.0319,-1
KHAPRETA_510206,312054.860,2624641.200,131.7200,0.0000,0.7000,0.0447,-1
KHAPRETA_510206,312059.860,2624641.200,132.0900,1.1719,0.3300,0.0211,-1
KHAPRETA_510206,312060.860,2624641.200,132.1200,1.1569,0.3000,0.0192,-1
KHAPRETA_510206,312062.860,2624641.200,132.2500,1.5699,0.1700,0.0109,-1
KHAPRETA_510206,312063.860,2624641.200,132.0700,1.2369,0.3500,0.0224,-1
KHAPRETA_510206,312065.860,2624641.200,131.9500,0.0000,0.4700,0.0300,-1
KHAPRETA_510206,312069.860,2624641.200,131.6600,0.9669,0.7600,0.0486,-1
KHAPRETA_510206,312071.860,2624641.200,131.8200,0.0000,0.6000,0.0383,-1
KHAPRETA_510206,312077.860,2624641.200,131.6500,1.5060,0.7700,0.0492,-1
KHAPRETA_510206,312078.860,2624641.200,131.6300,1.3250,0.7900,0.0505,-1
KHAPRETA_510206,312082.860,2624641.200,131.8900,0.0000,0.5300,0.0339,-1
KHAPRETA_510206,312084.860,2624641.200,131.9300,1.1169,0.4900,0.0313,-1
KHAPRETA_510206,312085.860,2624641.200,132.0100,1.4675,0.4100,0.0262,-1
KHAPRETA_510206,312089.860,2624641.200,132.2900,1.0719,0.1300,0.0083,-1
KHAPRETA_510206,312062.860,2624642.200,131.9200,1.2369,0.5000,0.0319,-1
KHAPRETA_510206,312068.860,2624642.200,131.7000,1.4105,0.7200,0.0460,-1
KHAPRETA_510206,312069.860,2624642.200,131.7100,0.9420,0.7100,0.0454,-1
KHAPRETA_510206,312070.860,2624642.200,131.7200,0.9669,0.7000,0.0447,-1
KHAPRETA_510206,312072.860,2624642.200,131.8600,1.0869,0.5600,0.0358,-1
KHAPRETA_510206,312073.860,2624642.200,131.9500,1.0419,0.4700,0.0300,-1
KHAPRETA_510206,312077.860,2624642.200,132.1500,0.9459,0.2700,0.0173,-1
KHAPRETA_510206,312078.860,2624642.200,131.6500,0.9462,0.7700,0.0492,-1
KHAPRETA_510206,312079.860,2624642.200,131.7700,0.9369,0.6500,0.0415,-1
KHAPRETA_510206,312083.860,2624642.200,131.6600,0.9569,0.7600,0.0486,-1
KHAPRETA_510206,312085.860,2624642.200,131.7700,1.4547,0.6500,0.0415,-1
KHAPRETA_510206,312086.860,2624642.200,131.6400,1.3888,0.7800,0.0498,-1
KHAPRETA_510206,312090.860,2624642.200,131.9800,1.6764,0.4400,0.0281,-1
KHAPRETA_510206,312091.860,2624642.200,132.2400,0.0950,0.1800,0.0115,-1
KHAPRETA_510206,312092.860,2624642.200,132.1700,1.2319,0.2500,0.0160,-1
KHAPRETA_510206,312097.860,2624642.200,132.1500,0.0000,0.2700,0.0173,-1
KHAPRETA_510206,312057.860,2624643.200,132.3100,1.1969,0.1100,0.0070,-1
KHAPRETA_510206,312058.860,2624643.200,132.1700,1.1108,0.2500,0.0160,-1
KHAPRETA_510206,312059.860,2624643.200,132.0300,1.6406,0.3900,0.0249,-1
KHAPRETA_510206,312063.860,2624643.200,132.1100,0.0000,0.3100,0.0198,-1
KHAPRETA_510206,312066.860,2624643.200,132.1200,0.0000,0.3000,0.0192,-1
KHAPRETA_510206,312068.860,2624643.200,131.8300,0.9619,0.5900,0.0377,-1
KHAPRETA_510206,312071.860,2624643.200,131.7000,0.0000,0.7200,0.0460,-1
KHAPRETA_510206,312075.860,2624643.200,131.9100,1.0269,0.5100,0.0326,-1
KHAPRETA_510206,312076.860,2624643.200,131.8300,1.0569,0.5900,0.0377,-1
KHAPRETA_510206,312077.860,2624643.200,131.9100,1.5695,0.5100,0.0326,-1
KHAPRETA_510206,312080.860,2624643.200,132.0300,1.0569,0.3900,0.0249,-1
KHAPRETA_510206,312081.860,2624643.200,131.8900,1.1269,0.5300,0.0339,-1
KHAPRETA_510206,312083.860,2624643.200,131.6900,0.9419,0.7300,0.0466,-1
KHAPRETA_510206,312086.860,2624643.200,131.7100,0.9319,0.7100,0.0454,-1
KHAPRETA_510206,312088.860,2624643.200,131.8500,0.0000,0.5700,0.0364,-1
KHAPRETA_510206,312090.860,2624643.200,132.0500,1.1019,0.3700,0.0236,-1
KHAPRETA_510206,312093.860,2624643.200,132.0900,1.1969,0.3300,0.0211,-1
KHAPRETA_510206,312058.860,2624644.200,131.9800,1.6406,0.4400,0.0281,-1
KHAPRETA_510206,312059.860,2624644.200,132.0200,1.5762,0.4000,0.0256,-1
KHAPRETA_510206,312061.860,2624644.200,132.1300,1.1219,0.2900,0.0185,-1
KHAPRETA_510206,312062.860,2624644.200,132.0200,1.1769,0.4000,0.0256,-1
KHAPRETA_510206,312064.860,2624644.200,131.7400,1.0369,0.6800,0.0435,-1
KHAPRETA_510206,312069.860,2624644.200,131.6900,1.0569,0.7300,0.0466,-1
KHAPRETA_510206,312076.860,2624644.200,131.8900,0.0700,0.5300,0.0339,-1
KHAPRETA_510206,312079.860,2624644.200,131.8400,1.0919,0.5800,0.0371,-1
KHAPRETA_510206,312082.860,2624644.200,132.0700,0.0000,0.3500,0.0224,-1
KHAPRETA_510206,312085.860,2624644.200,131.8600,0.0000,0.5600,0.0358,-1
KHAPRETA_510206,312089.860,2624644.200,131.7700,0.9219,0.6500,0.0415,-1
KHAPRETA_510206,312093.860,2624644.200,132.1700,1.1569,0.2500,0.0160,-1
KHAPRETA_510206,312060.860,2624645.200,132.0600,0.0000,0.3600,0.0230,-1
KHAPRETA_510206,312063.860,2624645.200,131.8400,1.3909,0.5800,0.0371,-1
KHAPRETA_510206,312064.860,2624645.200,131.8500,0.9823,0.5700,0.0364,-1
KHAPRETA_510206,312065.860,2624645.200,131.8900,0.0700,0.5300,0.0339,-1
KHAPRETA_510206,312066.860,2624645.200,131.7100,1.0569,0.7100,0.0454,-1
KHAPRETA_510206,312068.860,2624645.200,132.0700,1.5670,0.3500,0.0224,-1
KHAPRETA_510206,312069.860,2624645.200,131.8900,1.4937,0.5300,0.0339,-1
KHAPRETA_510206,312072.860,2624645.200,131.7400,1.0719,0.6800,0.0435,-1
KHAPRETA_510206,312074.860,2624645.200,131.7800,1.1269,0.6400,0.0409,-1
KHAPRETA_510206,312076.860,2624645.200,131.6900,1.0569,0.7300,0.0466,-1
KHAPRETA_510206,312078.860,2624645.200,131.8900,1.0919,0.5300,0.0339,-1
KHAPRETA_510206,312079.860,2624645.200,131.9600,1.4772,0.4600,0.0294,-1
KHAPRETA_510206,312087.860,2624645.200,132.0500,0.0000,0.3700,0.0236,-1
KHAPRETA_510206,312089.860,2624645.200,131.6200,0.9969,0.8000,0.0511,-1
KHAPRETA_510206,312100.860,2624645.200,132.2400,1.1469,0.1800,0.0115,-1
KHAPRETA_510206,312062.860,2624646.200,132.0500,0.9269,0.3700,0.0236,-1
KHAPRETA_510206,312063.860,2624646.200,131.6300,1.5354,0.7900,0.0505,-1
KHAPRETA_510206,312068.860,2624646.200,132.0900,0.1100,0.3300,0.0211,-1
KHAPRETA_510206,312070.860,2624646.200,131.7900,0.0000,0.6300,0.0403,-1
KHAPRETA_510206,312072.860,2624646.200,131.9200,0.0000,0.5000,0.0319,-1
KHAPRETA_510206,312074.860,2624646.200,132.0300,1.0019,0.3900,0.0249,-1
KHAPRETA_510206,312083.860,2624646.200,131.9600,0.0000,0.4600,0.0294,-1
KHAPRETA_510206,312088.860,2624646.200,131.7600,1.0019,0.6600,0.0422,-1
KHAPRETA_510206,312091.860,2624646.200,131.9500,0.0000,0.4700,0.0300,-1
KHAPRETA_510206,312093.860,2624646.200,132.1300,1.1419,0.2900,0.0185,-1
KHAPRETA_510206,312100.860,2624646.200,132.0700,1.2319,0.3500,0.0224,-1
KHAPRETA_510206,312064.860,2624647.200,131.8100,1.1719,0.6100,0.0390,-1
KHAPRETA_510206,312065.860,2624647.200,132.1200,1.0169,0.3000,0.0192,-1
KHAPRETA_510206,312067.860,2624647.200,131.9500,1.0369,0.4700,0.0300,-1
KHAPRETA_510206,312068.860,2624647.200,131.8500,1.0947,0.5700,0.0364,-1
KHAPRETA_510206,312071.860,2624647.200,132.1000,0.9819,0.3200,0.0204,-1
KHAPRETA_510206,312072.860,2624647.200,131.7400,1.5809,0.6800,0.0435,-1
KHAPRETA_510206,312076.860,2624647.200,131.8300,1.3969,0.5900,0.0377,-1
KHAPRETA_510206,312077.860,2624647.200,131.8300,0.1400,0.5900,0.0377,-1
KHAPRETA_510206,312078.860,2624647.200,132.1100,0.1100,0.3100,0.0198,-1
KHAPRETA_510206,312079.860,2624647.200,132.0500,1.5512,0.3700,0.0236,-1
KHAPRETA_510206,312082.860,2624647.200,131.8500,0.0000,0.5700,0.0364,-1
KHAPRETA_510206,312084.860,2624647.200,132.0100,0.9769,0.4100,0.0262,-1
KHAPRETA_510206,312088.860,2624647.200,131.7800,1.1430,0.6400,0.0409,-1
KHAPRETA_510206,312089.860,2624647.200,132.0600,1.0019,0.3600,0.0230,-1
KHAPRETA_510206,312093.860,2624647.200,132.0600,1.6191,0.3600,0.0230,-1
KHAPRETA_510206,312094.860,2624647.200,132.0000,1.4963,0.4200,0.0268,-1
KHAPRETA_510206,312096.860,2624647.200,131.8200,0.0000,0.6000,0.0383,-1
KHAPRETA_510206,312098.860,2624647.200,131.7100,0.0000,0.7100,0.0454,-1
KHAPRETA_510206,312066.860,2624648.200,131.8700,0.0000,0.5500,0.0351,-1
KHAPRETA_510206,312068.860,2624648.200,131.8300,1.0369,0.5900,0.0377,-1
KHAPRETA_510206,312074.860,2624648.200,131.9500,1.1519,0.4700,0.0300,-1
KHAPRETA_510206,312075.860,2624648.200,132.0800,0.1400,0.3400,0.0217,-1
KHAPRETA_510206,312076.860,2624648.200,131.6700,1.1521,0.7500,0.0479,-1
KHAPRETA_510206,312079.860,2624648.200,131.8200,1.1369,0.6000,0.0383,-1
KHAPRETA_510206,312081.860,2624648.200,131.8900,0.0000,0.5300,0.0339,-1
KHAPRETA_510206,312084.860,2624648.200,131.7300,1.1169,0.6900,0.0441,-1
KHAPRETA_510206,312087.860,2624648.200,131.7300,1.0419,0.6900,0.0441,-1
KHAPRETA_510206,312088.860,2624648.200,131.8600,1.3994,0.5600,0.0358,-1
KHAPRETA_510206,312091.860,2624648.200,131.6600,0.0000,0.7600,0.0486,-1
KHAPRETA_510206,312094.860,2624648.200,131.7100,1.4768,0.7100,0.0454,-1
KHAPRETA_510206,312095.860,2624648.200,131.7200,0.9669,0.7000,0.0447,-1
KHAPRETA_510206,312099.860,2624648.200,131.8100,0.9869,0.6100,0.0390,-1
KHAPRETA_510206,312100.860,2624648.200,131.7500,0.0400,0.6700,0.0428,-1
KHAPRETA_510206,312101.860,2624648.200,131.8900,1.4756,0.5300,0.0339,-1
KHAPRETA_510206,312072.860,2624649.200,132.1300,1.1069,0.2900,0.0185,-1
KHAPRETA_510206,312076.860,2624649.200,131.8700,0.9469,0.5500,0.0351,-1
KHAPRETA_510206,312082.860,2624649.200,131.8500,1.0619,0.5700,0.0364,-1
KHAPRETA_510206,312085.860,2624649.200,132.0700,1.0069,0.3500,0.0224,-1
KHAPRETA_510206,312086.860,2624649.200,131.7900,1.5395,0.6300,0.0403,-1
KHAPRETA_510206,312090.860,2624649.200,131.9400,0.0000,0.4800,0.0307,-1
KHAPRETA_510206,312101.860,2624649.200,131.9700,1.0569,0.4500,0.0288,-1
KHAPRETA_510206,312067.860,2624650.200,131.9400,0.0000,0.4800,0.0307,-1
KHAPRETA_510206,312072.860,2624650.200,131.9900,0.0250,0.4300,0.0275,-1
KHAPRETA_510206,312081.860,2624650.200,131.9800,1.5412,0.4400,0.0281,-1
KHAPRETA_510206,312082.860,2624650.200,131.9000,0.1351,0.5200,0.0332,-1
KHAPRETA_510206,312083.860,2624650.200,131.8100,1.5815,0.6100,0.0390,-1
KHAPRETA_510206,312086.860,2624650.200,131.8300,1.0069,0.5900,0.0377,-1
KHAPRETA_510206,312089.860,2624650.200,132.0400,0.0000,0.3800,0.0243,-1
KHAPRETA_510206,312093.860,2624650.200,131.6400,1.0619,0.7800,0.0498,-1
KHAPRETA_510206,312095.860,2624650.200,131.9400,0.0000,0.4800,0.0307,-1
KHAPRETA_510206,312098.860,2624650.200,131.9600,1.1119,0.4600,0.0294,-1
KHAPRETA_510206,312099.860,2624650.200,132.0000,1.1070,0.4200,0.0268,-1
KHAPRETA_510206,312100.860,2624650.200,131.9700,1.1119,0.4500,0.0288,-1
KHAPRETA_510206,312072.860,2624651.200,132.1800,1.1069,0.2400,0.0153,-1
KHAPRETA_510206,312076.860,2624651.200,131.8900,1.3607,0.5300,0.0339,-1
KHAPRETA_510206,312077.860,2624651.200,131.7400,0.0600,0.6800,0.0435,-1
KHAPRETA_510206,312078.860,2624651.200,131.7700,0.2200,0.6500,0.0415,-1
KHAPRETA_510206,312079.860,2624651.200,132.1800,0.0800,0.2400,0.0153,-1
KHAPRETA_510206,312080.860,2624651.200,131.9300,0.0850,0.4900,0.0313,-1
KHAPRETA_510206,312081.860,2624651.200,132.0100,0.0791,0.4100,0.0262,-1
KHAPRETA_510206,312082.860,2624651.200,132.0600,0.0851,0.3600,0.0230,-1
KHAPRETA_510206,312083.860,2624651.200,132.1200,1.5291,0.3000,0.0192,-1
KHAPRETA_510206,312085.860,2624651.200,131.9000,1.0969,0.5200,0.0332,-1
KHAPRETA_510206,312087.860,2624651.200,132.0600,1.1169,0.3600,0.0230,-1
KHAPRETA_510206,312090.860,2624651.200,131.9500,0.0000,0.4700,0.0300,-1
KHAPRETA_510206,312092.860,2624651.200,131.6600,1.5448,0.7600,0.0486,-1
KHAPRETA_510206,312093.860,2624651.200,131.9000,0.9417,0.5200,0.0332,-1
KHAPRETA_510206,312094.860,2624651.200,131.9300,1.4773,0.4900,0.0313,-1
KHAPRETA_510206,312099.860,2624651.200,131.9900,1.1119,0.4300,0.0275,-1
KHAPRETA_510206,312071.860,2624652.200,132.0700,0.9769,0.3500,0.0224,-1
KHAPRETA_510206,312073.860,2624652.200,131.8100,0.0000,0.6100,0.0390,-1
KHAPRETA_510206,312076.860,2624652.200,131.6600,1.0569,0.7600,0.0486,-1
KHAPRETA_510206,312081.860,2624652.200,131.8900,1.4971,0.5300,0.0339,-1
KHAPRETA_510206,312082.860,2624652.200,131.7700,1.5560,0.6500,0.0415,-1
KHAPRETA_510206,312085.860,2624652.200,131.9700,1.0619,0.4500,0.0288,-1
KHAPRETA_510206,312087.860,2624652.200,132.0100,1.1419,0.4100,0.0262,-1
KHAPRETA_510206,312089.860,2624652.200,131.9500,0.0000,0.4700,0.0300,-1
KHAPRETA_510206,312091.860,2624652.200,131.9100,1.1219,0.5100,0.0326,-1
KHAPRETA_510206,312092.860,2624652.200,132.0200,1.4232,0.4000,0.0256,-1
KHAPRETA_510206,312094.860,2624652.200,131.8300,1.0769,0.5900,0.0377,-1
KHAPRETA_510206,312096.860,2624652.200,132.0400,1.1119,0.3800,0.0243,-1
KHAPRETA_510206,312101.860,2624652.200,132.0400,1.1069,0.3800,0.0243,-1
KHAPRETA_510206,312102.860,2624652.200,131.9900,1.1319,0.4300,0.0275,-1
KHAPRETA_510206,312071.860,2624653.200,131.7300,1.1469,0.6900,0.0441,-1
KHAPRETA_510206,312074.860,2624653.200,131.8400,0.0000,0.5800,0.0371,-1
KHAPRETA_510206,312080.860,2624653.200,131.8800,1.0819,0.5400,0.0345,-1
KHAPRETA_510206,312084.860,2624653.200,131.7500,1.1169,0.6700,0.0428,-1
KHAPRETA_510206,312088.860,2624653.200,131.7600,1.0369,0.6600,0.0422,-1
KHAPRETA_510206,312093.860,2624653.200,132.0000,0.0000,0.4200,0.0268,-1
KHAPRETA_510206,312096.860,2624653.200,132.0000,0.0450,0.4200,0.0268,-1
KHAPRETA_510206,312103.860,2624653.200,132.0300,0.0000,0.3900,0.0249,-1
KHAPRETA_510206,312080.860,2624654.200,131.9400,0.2250,0.4800,0.0307,-1
KHAPRETA_510206,312082.860,2624654.200,132.0500,0.0000,0.3700,0.0236,-1
KHAPRETA_510206,312084.860,2624654.200,132.0100,0.9869,0.4100,0.0262,-1
KHAPRETA_510206,312088.860,2624654.200,131.8500,1.5126,0.5700,0.0364,-1
KHAPRETA_510206,312089.860,2624654.200,132.0600,1.0369,0.3600,0.0230,-1
KHAPRETA_510206,312094.860,2624654.200,131.9900,1.1219,0.4300,0.0275,-1
KHAPRETA_510206,312095.860,2624654.200,132.0200,1.1321,0.4000,0.0256,-1
KHAPRETA_510206,312096.860,2624654.200,131.9500,1.5796,0.4700,0.0300,-1
KHAPRETA_510206,312102.860,2624654.200,132.0900,0.0000,0.3300,0.0211,-1
KHAPRETA_510206,312080.860,2624655.200,132.3300,0.2000,0.0900,0.0058,-1
KHAPRETA_510206,312086.860,2624655.200,131.7800,1.5631,0.6400,0.0409,-1
KHAPRETA_510206,312087.860,2624655.200,131.9000,1.0019,0.5200,0.0332,-1
KHAPRETA_510206,312091.860,2624655.200,132.0200,0.0000,0.4000,0.0256,-1
KHAPRETA_510206,312093.860,2624655.200,132.0400,0.0000,0.3800,0.0243,-1
KHAPRETA_510206,312095.860,2624655.200,132.0400,1.1219,0.3800,0.0243,-1
KHAPRETA_510206,312098.860,2624655.200,131.9400,0.0000,0.4800,0.0307,-1
KHAPRETA_510206,312077.860,2624656.200,131.9600,0.0000,0.4600,0.0294,-1
KHAPRETA_510206,312080.860,2624656.200,131.5400,1.1201,0.8800,0.0562,-1
KHAPRETA_510206,312081.860,2624656.200,132.0000,0.3050,0.4200,0.0268,-1
KHAPRETA_510206,312082.860,2624656.200,132.1500,1.1119,0.2700,0.0173,-1
KHAPRETA_510206,312086.860,2624656.200,132.0700,1.0019,0.3500,0.0224,-1
KHAPRETA_510206,312088.860,2624656.200,132.1300,1.1419,0.2900,0.0185,-1
KHAPRETA_510206,312080.860,2624657.200,132.0600,0.8819,0.3600,0.0230,-1
KHAPRETA_510206,312083.860,2624657.200,131.8100,1.4158,0.6100,0.0390,-1
KHAPRETA_510206,312084.860,2624657.200,131.8900,0.9927,0.5300,0.0339,-1
KHAPRETA_510206,312085.860,2624657.200,131.7300,1.0569,0.6900,0.0441,-1
KHAPRETA_510206,312087.860,2624657.200,131.9700,1.1419,0.4500,0.0288,-1
KHAPRETA_510206,312088.860,2624657.200,132.0600,1.6089,0.3600,0.0230,-1
KHAPRETA_510206,312092.860,2624657.200,132.0500,0.0000,0.3700,0.0236,-1
KHAPRETA_510206,312098.860,2624657.200,131.9500,1.5311,0.4700,0.0300,-1
KHAPRETA_510206,312099.860,2624657.200,132.0200,1.0869,0.4000,0.0256,-1
KHAPRETA_510206,312102.860,2624657.200,132.0000,0.0000,0.4200,0.0268,-1
KHAPRETA_510206,312081.860,2624658.200,131.6800,0.0000,0.7400,0.0473,-1
KHAPRETA_510206,312083.860,2624658.200,131.6600,0.9986,0.7600,0.0486,-1
KHAPRETA_510206,312084.860,2624658.200,131.7600,1.4158,0.6600,0.0422,-1
KHAPRETA_510206,312093.860,2624658.200,132.0800,0.0000,0.3400,0.0217,-1
KHAPRETA_510206,312098.860,2624658.200,131.8600,1.0869,0.5600,0.0358,-1
KHAPRETA_510206,312100.860,2624658.200,131.9600,1.0769,0.4600,0.0294,-1
KHAPRETA_510206,312101.860,2624658.200,131.9300,1.5267,0.4900,0.0313,-1
KHAPRETA_510206,312082.860,2624659.200,131.9800,0.9019,0.4400,0.0281,-1
KHAPRETA_510206,312083.860,2624659.200,131.5800,1.4497,0.8400,0.0537,-1
KHAPRETA_510206,312087.860,2624659.200,131.9200,0.0000,0.5000,0.0319,-1
KHAPRETA_510206,312095.860,2624659.200,131.9500,0.0000,0.4700,0.0300,-1
KHAPRETA_510206,312099.860,2624659.200,131.8900,0.0000,0.5300,0.0339,-1
KHAPRETA_510206,312101.860,2624659.200,131.9100,1.5195,0.5100,0.0326,-1
KHAPRETA_510206,312102.860,2624659.200,131.9200,1.1170,0.5000,0.0319,-1
KHAPRETA_510206,312103.860,2624659.200,131.9400,1.0719,0.4800,0.0307,-1
KHAPRETA_510206,312084.860,2624660.200,131.9600,0.9769,0.4600,0.0294,-1
KHAPRETA_510206,312085.860,2624660.200,131.7300,1.5024,0.6900,0.0441,-1
KHAPRETA_510206,312089.860,2624660.200,132.0000,1.0669,0.4200,0.0268,-1
KHAPRETA_510206,312090.860,2624660.200,131.9100,1.1119,0.5100,0.0326,-1
KHAPRETA_510206,312096.860,2624660.200,132.0200,0.0000,0.4000,0.0256,-1
KHAPRETA_510206,312102.860,2624660.200,132.0100,1.0719,0.4100,0.0262,-1
KHAPRETA_510206,312085.860,2624661.200,131.8400,0.9769,0.5800,0.0371,-1
KHAPRETA_510206,312091.860,2624661.200,131.9500,0.0000,0.4700,0.0300,-1
KHAPRETA_510206,312097.860,2624661.200,131.9900,0.0000,0.4300,0.0275,-1
KHAPRETA_510206,312099.860,2624661.200,131.8200,0.0000,0.6000,0.0383,-1
KHAPRETA_510206,312093.860,2624662.200,131.9300,0.0000,0.4900,0.0313,-1
KHAPRETA_510206,312098.860,2624662.200,131.7900,0.0000,0.6300,0.0403,-1
KHAPRETA_510206,312096.860,2624663.200,131.9400,0.0000,0.4800,0.0307,-1
KHAPRETA_510206,312100.860,2624663.200,131.8600,1.1119,0.5600,0.0358,-1
KHAPRETA_510206,312102.860,2624663.200,132.0700,0.0000,0.3500,0.0224,-1
KHAPRETA_510206,312090.860,2624664.200,131.9600,0.0000,0.4600,0.0294,-1
KHAPRETA_510206,312094.860,2624664.200,131.9400,0.0000,0.4800,0.0307,-1
KHAPRETA_510206,312100.860,2624664.200,132.0000,1.0419,0.4200,0.0268,-1
KHAPRETA_510206,312092.860,2624665.200,131.9000,0.0000,0.5200,0.0332,-1
KHAPRETA_510206,312095.860,2624665.200,131.8000,0.0000,0.6200,0.0396,-1
KHAPRETA_510206,312098.860,2624665.200,131.8800,0.0000,0.5400,0.0345,-1
KHAPRETA_510206,312097.860,2624666.200,131.9400,0.0000,0.4800,0.0307,-1
KHAPRETA_510206,312110.860,2624666.200,132.1000,0.0000,0.3200,0.0204,-1
KHAPRETA_510206,312093.860,2624667.200,131.9400,0.0000,0.4800,0.0307,-1
KHAPRETA_510206,312095.860,2624667.200,131.8800,1.0519,0.5400,0.0345,-1
KHAPRETA_510206,312096.860,2624667.200,131.8800,1.5126,0.5400,0.0345,-1
KHAPRETA_510206,312107.860,2624667.200,131.7500,0.0000,0.6700,0.0428,-1
KHAPRETA_510206,312096.860,2624668.200,131.9500,1.0519,0.4700,0.0300,-1
KHAPRETA_510206,312101.860,2624669.200,131.9500,0.0000,0.4700,0.0300,-1
KHAPRETA_510206,312109.860,2624669.200,131.9000,0.0000,0.5200,0.0332,-1
KHAPRETA_510206,312099.860,2624670.200,131.9000,0.0000,0.5200,0.0332,-1
KHAPRETA_510206,312103.860,2624670.200,131.8500,1.0619,0.5700,0.0364,-1
KHAPRETA_510206,312111.860,2624670.200,132.0100,1.1369,0.4100,0.0262,-1
KHAPRETA_510206,312113.860,2624670.200,132.0900,0.0000,0.3300,0.0211,-1
KHAPRETA_510206,312103.860,2624671.200,131.9000,0.0450,0.5200,0.0332,-1
KHAPRETA_510206,312111.860,2624671.200,132.0500,1.1169,0.3700,0.0236,-1
KHAPRETA_510206,312103.860,2624672.200,131.9400,1.4773,0.4800,0.0307,-1
KHAPRETA_510206,312104.860,2624672.200,131.8300,1.0819,0.5900,0.0377,-1
KHAPRETA_510206,312107.860,2624672.200,131.9100,0.0000,0.5100,0.0326,-1
KHAPRETA_510206,312101.860,2624673.200,131.9400,0.0000,0.4800,0.0307,-1
KHAPRETA_510206,312106.860,2624673.200,131.8700,0.0000,0.5500,0.0351,-1
KHAPRETA_510206,312111.860,2624673.200,131.9300,1.0719,0.4900,0.0313,-1
KHAPRETA_510206,312112.860,2624673.200,131.9200,1.5879,0.5000,0.0319,-1
KHAPRETA_510206,312102.860,2624674.200,131.8800,1.1669,0.5400,0.0345,-1
KHAPRETA_510206,312109.860,2624674.200,131.8500,0.0000,0.5700,0.0364,-1
KHAPRETA_510206,312112.860,2624674.200,132.1100,1.0719,0.3100,0.0198,-1
KHAPRETA_510206,312102.860,2624675.200,132.1100,1.0519,0.3100,0.0198,-1
KHAPRETA_510206,312105.860,2624675.200,131.8600,1.0419,0.5600,0.0358,-1
KHAPRETA_510206,312106.860,2624675.200,131.8600,1.0419,0.5600,0.0358,-1
KHAPRETA_510206,312108.860,2624675.200,131.8800,1.0919,0.5400,0.0345,-1
KHAPRETA_510206,312107.860,2624676.200,131.9600,1.5656,0.4600,0.0294,-1
KHAPRETA_510206,312108.860,2624676.200,131.9600,1.0919,0.4600,0.0294,-1
KHAPRETA_510206,312106.860,2624677.200,131.9100,1.6044,0.5100,0.0326,-1
KHAPRETA_510206,312107.860,2624677.200,132.0200,1.0920,0.4000,0.0256,-1
KHAPRETA_510206,312108.860,2624677.200,131.8800,1.5656,0.5400,0.0345,-1
KHAPRETA_510206,312112.860,2624677.200,132.1100,1.1769,0.3100,0.0198,-1
KHAPRETA_510206,312106.860,2624678.200,132.0700,1.0669,0.3500,0.0224,-1
KHAPRETA_510206,312112.860,2624678.200,132.1300,0.0100,0.2900,0.0185,-1
KHAPRETA_510206,312114.860,2624678.200,132.0500,1.2369,0.3700,0.0236,-1
KHAPRETA_510206,312107.860,2624679.200,131.8000,0.0000,0.6200,0.0396,-1
KHAPRETA_510206,312112.860,2624679.200,132.0900,0.0900,0.3300,0.0211,-1
KHAPRETA_510206,312114.860,2624679.200,132.2500,1.1369,0.1700,0.0109,-1
KHAPRETA_510206,312112.860,2624680.200,131.9500,1.1569,0.4700,0.0300,-1
KHAPRETA_510206,312107.860,2624683.200,132.1400,0.0000,0.2800,0.0179,-1
KHAPRETA_510206,312109.860,2624685.200,131.9200,0.0000,0.5000,0.0319,-1
KHAPRETA_510206,312144.860,2624726.200,132.3400,0.0000,0.0800,0.0051,-1
KHAPRETA_510206,312146.860,2624727.200,132.1600,0.0000,0.2600,0.0166,-1
KHAPRETA_510206,312138.860,2624741.200,132.2700,0.0000,0.1500,0.0096,-1
KHAPRETA_510206,312149.860,2624741.200,132.3500,1.2419,0.0700,0.0045,-1
KHAPRETA_510206,312154.860,2624741.200,132.2700,0.0000,0.1500,0.0096,-1
KHAPRETA_510206,312149.860,2624742.200,132.2600,1.2869,0.1600,0.0102,-1
KHAPRETA_510206,312147.860,2624745.200,132.2700,0.0000,0.1500,0.0096,-1
KHAPRETA_510206,312159.860,2624745.200,132.1500,0.0000,0.2700,0.0173,-1
KHAPRETA_510206,312140.860,2624747.200,131.9400,1.2719,0.4800,0.0307,-1
KHAPRETA_510206,312141.860,2624747.200,132.3200,1.0819,0.1000,0.0064,-1
KHAPRETA_510206,312156.860,2624747.200,132.2900,0.0000,0.1300,0.0083,-1
KHAPRETA_510206,312150.860,2624755.200,132.0700,0.0000,0.3500,0.0224,-1
KHAPRETA_510206,312142.860,2624756.200,132.4000,0.0000,0.0200,0.0013,-1
KHAPRETA_510206,312145.860,2624756.200,132.1400,0.0000,0.2800,0.0179,-1
KHAPRETA_510206,312146.860,2624757.200,131.7700,0.0000,0.6500,0.0415,-1
KHAPRETA_510206,312147.860,2624758.200,132.4000,0.0000,0.0200,0.0013,-1
KHAPRETA_510206,312146.860,2624760.200,132.3900,0.0000,0.0300,0.0019,-1
KHAPRETA_510206,312146.860,2624764.200,132.3400,2.5639,0.0800,0.0051,-1
